8.0 52
8.0167 54
8.0333 56
8.05 58
8.0667 60
8.0833 62
8.1 65
8.1167 67
8.1333 69
8.15 72
8.1667 74
8.1833 76
8.2 79
8.2167 81
8.2333 84
8.25 86
8.2667 89
8.2833 91
8.3 94
8.3167 97
8.3333 100
8.35 102
8.3667 105
8.3833 108
8.4 110
8.4167 113
8.4333 116
8.45 119
8.4667 121
8.4833 124
8.5 127
8.5167 130
8.5333 133
8.55 136
8.5667 138
8.5833 141
8.6 144
8.6167 147
8.6333 150
8.65 153
8.6667 156
8.6833 159
8.7 162
8.7167 165
8.7333 168
8.75 171
8.7667 174
8.7833 177
8.8 180
8.8167 183
8.8333 186
8.85 189
8.8667 192
8.8833 195
8.9 198
8.9167 201
8.9333 205
8.95 208
8.9667 211
8.9833 214
9.0 217
9.0167 220
9.0333 224
9.05 227
9.0667 230
9.0833 233
9.1 236
9.1167 239
9.1333 242
9.15 245
9.1667 249
9.1833 252
9.2 255
9.2167 258
9.2333 261
9.25 264
9.2667 267
9.2833 270
9.3 273
9.3167 277
9.3333 280
9.35 283
9.3667 286
9.3833 289
9.4 292
9.4167 295
9.4333 298
9.45 301
9.4667 304
9.4833 308
9.5 311
9.5167 314
9.5333 317
9.55 320
9.5667 323
9.5833 326
9.6 329
9.6167 332
9.6333 335
9.65 338
9.6667 341
9.6833 344
9.7 347
9.7167 350
9.7333 353
9.75 356
9.7667 359
9.7833 362
9.8 365
9.8167 368
9.8333 371
9.85 374
9.8667 377
9.8833 380
9.9 383
9.9167 386
9.9333 388
9.95 391
9.9667 394
9.9833 397
10.0 400
10.0167 403
10.0333 406
10.05 409
10.0667 411
10.0833 414
10.1 417
10.1167 420
10.1333 422
10.15 425
10.1667 428
10.1833 431
10.2 434
10.2167 436
10.2333 439
10.25 442
10.2667 444
10.2833 447
10.3 450
10.3167 452
10.3333 455
10.35 458
10.3667 460
10.3833 463
10.4 465
10.4167 468
10.4333 471
10.45 473
10.4667 476
10.4833 478
10.5 481
10.5167 483
10.5333 486
10.55 488
10.5667 491
10.5833 493
10.6 496
10.6167 498
10.6333 500
10.65 503
10.6667 505
10.6833 507
10.7 510
10.7167 512
10.7333 514
10.75 517
10.7667 519
10.7833 521
10.8 524
10.8167 526
10.8333 528
10.85 530
10.8667 533
10.8833 535
10.9 537
10.9167 539
10.9333 541
10.95 543
10.9667 545
10.9833 548
11.0 550
11.0167 552
11.0333 554
11.05 556
11.0667 558
11.0833 560
11.1 562
11.1167 564
11.1333 566
11.15 568
11.1667 570
11.1833 571
11.2 573
11.2167 575
11.2333 577
11.25 579
11.2667 581
11.2833 583
11.3 584
11.3167 586
11.3333 588
11.35 590
11.3667 591
11.3833 593
11.4 595
11.4167 596
11.4333 598
11.45 600
11.4667 601
11.4833 603
11.5 604
11.5167 606
11.5333 608
11.55 609
11.5667 611
11.5833 612
11.6 614
11.6167 615
11.6333 617
11.65 618
11.6667 619
11.6833 621
11.7 622
11.7167 623
11.7333 625
11.75 626
11.7667 627
11.7833 629
11.8 630
11.8167 631
11.8333 632
11.85 634
11.8667 635
11.8833 636
11.9 637
11.9167 638
11.9333 639
11.95 641
11.9667 642
11.9833 643
12.0 644
12.0167 645
12.0333 646
12.05 647
12.0667 648
12.0833 649
12.1 650
12.1167 650
12.1333 651
12.15 652
12.1667 653
12.1833 654
12.2 655
12.2167 656
12.2333 656
12.25 657
12.2667 658
12.2833 659
12.3 659
12.3167 660
12.3333 661
12.35 661
12.3667 662
12.3833 663
12.4 663
12.4167 664
12.4333 664
12.45 665
12.4667 665
12.4833 666
12.5 666
12.5167 667
12.5333 667
12.55 668
12.5667 668
12.5833 668
12.6 669
12.6167 669
12.6333 669
12.65 670
12.6667 670
12.6833 670
12.7 670
12.7167 671
12.7333 671
12.75 671
12.7667 671
12.7833 671
12.8 672
12.8167 672
12.8333 672
12.85 672
12.8667 672
12.8833 672
12.9 672
12.9167 672
12.9333 672
12.95 672
12.9667 672
12.9833 672
13.0 672
13.0167 671
13.0333 671
13.05 671
13.0667 671
13.0833 671
13.1 670
13.1167 670
13.1333 670
13.15 670
13.1667 669
13.1833 669
13.2 669
13.2167 668
13.2333 668
13.25 668
13.2667 667
13.2833 667
13.3 666
13.3167 666
13.3333 665
13.35 665
13.3667 664
13.3833 664
13.4 663
13.4167 663
13.4333 662
13.45 661
13.4667 661
13.4833 660
13.5 659
13.5167 659
13.5333 658
13.55 657
13.5667 656
13.5833 656
13.6 655
13.6167 654
13.6333 653
13.65 652
13.6667 652
13.6833 651
13.7 650
13.7167 649
13.7333 648
13.75 647
13.7667 646
13.7833 645
13.8 644
13.8167 643
13.8333 642
13.85 641
13.8667 640
13.8833 639
13.9 637
13.9167 636
13.9333 635
13.95 634
13.9667 633
13.9833 631
14.0 630
14.0167 629
14.0333 628
14.05 626
14.0667 625
14.0833 624
14.1 622
14.1167 621
14.1333 620
14.15 618
14.1667 617
14.1833 615
14.2 614
14.2167 612
14.2333 611
14.25 609
14.2667 608
14.2833 606
14.3 605
14.3167 603
14.3333 602
14.35 600
14.3667 598
14.3833 597
14.4 595
14.4167 593
14.4333 592
14.45 590
14.4667 588
14.4833 586
14.5 585
14.5167 583
14.5333 581
14.55 579
14.5667 577
14.5833 576
14.6 574
14.6167 572
14.6333 570
14.65 568
14.6667 566
14.6833 564
14.7 562
14.7167 560
14.7333 558
14.75 556
14.7667 554
14.7833 552
14.8 550
14.8167 548
14.8333 546
14.85 544
14.8667 542
14.8833 539
14.9 537
14.9167 535
14.9333 533
14.95 531
14.9667 529
14.9833 526
15.0 525
15.0167 523
15.0333 520
15.05 518
15.0667 516
15.0833 514
15.1 511
15.1167 509
15.1333 507
15.15 504
15.1667 502
15.1833 499
15.2 497
15.2167 494
15.2333 492
15.25 490
15.2667 487
15.2833 485
15.3 482
15.3167 480
15.3333 477
15.35 475
15.3667 472
15.3833 469
15.4 467
15.4167 464
15.4333 462
15.45 459
15.4667 456
15.4833 454
15.5 451
15.5167 448
15.5333 446
15.55 443
15.5667 440
15.5833 438
15.6 435
15.6167 432
15.6333 429
15.65 427
15.6667 424
15.6833 421
15.7 418
15.7167 416
15.7333 413
15.75 410
15.7667 407
15.7833 404
15.8 401
15.8167 399
15.8333 396
15.85 393
15.8667 390
15.8833 387
15.9 384
15.9167 381
15.9333 378
15.95 375
15.9667 372
15.9833 369
16.0 367
16.0167 364
16.0333 361
16.05 358
16.0667 355
16.0833 352
16.1 349
16.1167 346
16.1333 343
16.15 340
16.1667 337
16.1833 334
16.2 330
16.2167 327
16.2333 324
16.25 321
16.2667 318
16.2833 315
16.3 312
16.3167 309
16.3333 306
16.35 303
16.3667 300
16.3833 297
16.4 294
16.4167 290
16.4333 287
16.45 284
16.4667 281
16.4833 278
16.5 275
16.5167 272
16.5333 269
16.55 266
16.5667 262
16.5833 259
16.6 256
16.6167 253
16.6333 250
16.65 247
16.6667 244
16.6833 241
16.7 237
16.7167 234
16.7333 231
16.75 228
16.7667 225
16.7833 222
16.8 219
16.8167 216
16.8333 213
16.85 209
16.8667 206
16.8833 203
16.9 200
16.9167 197
16.9333 194
16.95 191
16.9667 188
16.9833 185
