8.0 77
8.0167 79
8.0333 82
8.05 84
8.0667 87
8.0833 89
8.1 91
8.1167 94
8.1333 96
8.15 99
8.1667 102
8.1833 104
8.2 107
8.2167 109
8.2333 112
8.25 115
8.2667 117
8.2833 120
8.3 123
8.3167 125
8.3333 128
8.35 131
8.3667 134
8.3833 136
8.4 139
8.4167 142
8.4333 145
8.45 148
8.4667 151
8.4833 154
8.5 156
8.5167 159
8.5333 162
8.55 165
8.5667 168
8.5833 171
8.6 174
8.6167 177
8.6333 180
8.65 183
8.6667 186
8.6833 189
8.7 192
8.7167 195
8.7333 198
8.75 201
8.7667 204
8.7833 207
8.8 210
8.8167 213
8.8333 216
8.85 220
8.8667 223
8.8833 226
8.9 229
8.9167 232
8.9333 235
8.95 238
8.9667 241
8.9833 244
9.0 247
9.0167 251
9.0333 255
9.05 258
9.0667 261
9.0833 264
9.1 267
9.1167 270
9.1333 273
9.15 276
9.1667 280
9.1833 283
9.2 286
9.2167 289
9.2333 292
9.25 295
9.2667 298
9.2833 302
9.3 305
9.3167 308
9.3333 311
9.35 314
9.3667 317
9.3833 320
9.4 323
9.4167 327
9.4333 330
9.45 333
9.4667 336
9.4833 339
9.5 342
9.5167 345
9.5333 348
9.55 351
9.5667 354
9.5833 357
9.6 360
9.6167 363
9.6333 367
9.65 370
9.6667 373
9.6833 376
9.7 379
9.7167 382
9.7333 385
9.75 388
9.7667 391
9.7833 394
9.8 397
9.8167 400
9.8333 403
9.85 406
9.8667 408
9.8833 411
9.9 414
9.9167 417
9.9333 420
9.95 423
9.9667 426
9.9833 429
10.0 432
10.0167 435
10.0333 437
10.05 440
10.0667 443
10.0833 446
10.1 449
10.1167 452
10.1333 454
10.15 457
10.1667 460
10.1833 463
10.2 465
10.2167 468
10.2333 471
10.25 474
10.2667 476
10.2833 479
10.3 482
10.3167 484
10.3333 487
10.35 490
10.3667 492
10.3833 495
10.4 498
10.4167 500
10.4333 503
10.45 505
10.4667 508
10.4833 510
10.5 513
10.5167 515
10.5333 518
10.55 520
10.5667 523
10.5833 525
10.6 528
10.6167 530
10.6333 533
10.65 535
10.6667 538
10.6833 540
10.7 542
10.7167 545
10.7333 547
10.75 549
10.7667 552
10.7833 554
10.8 556
10.8167 558
10.8333 561
10.85 563
10.8667 565
10.8833 567
10.9 570
10.9167 572
10.9333 574
10.95 576
10.9667 578
10.9833 580
11.0 582
11.0167 585
11.0333 587
11.05 589
11.0667 591
11.0833 593
11.1 595
11.1167 597
11.1333 599
11.15 601
11.1667 603
11.1833 604
11.2 606
11.2167 608
11.2333 610
11.25 612
11.2667 614
11.2833 616
11.3 618
11.3167 619
11.3333 621
11.35 623
11.3667 625
11.3833 626
11.4 628
11.4167 630
11.4333 631
11.45 633
11.4667 635
11.4833 636
11.5 638
11.5167 639
11.5333 641
11.55 643
11.5667 644
11.5833 646
11.6 647
11.6167 649
11.6333 650
11.65 652
11.6667 653
11.6833 654
11.7 656
11.7167 657
11.7333 659
11.75 660
11.7667 661
11.7833 662
11.8 664
11.8167 665
11.8333 666
11.85 667
11.8667 669
11.8833 670
11.9 671
11.9167 672
11.9333 673
11.95 674
11.9667 676
11.9833 677
12.0 678
12.0167 679
12.0333 680
12.05 681
12.0667 682
12.0833 683
12.1 684
12.1167 685
12.1333 686
12.15 686
12.1667 687
12.1833 688
12.2 689
12.2167 690
12.2333 691
12.25 691
12.2667 692
12.2833 693
12.3 694
12.3167 694
12.3333 695
12.35 696
12.3667 696
12.3833 697
12.4 698
12.4167 698
12.4333 699
12.45 699
12.4667 700
12.4833 700
12.5 701
12.5167 701
12.5333 702
12.55 702
12.5667 703
12.5833 703
12.6 703
12.6167 704
12.6333 704
12.65 704
12.6667 705
12.6833 705
12.7 705
12.7167 705
12.7333 706
12.75 706
12.7667 706
12.7833 706
12.8 706
12.8167 706
12.8333 707
12.85 707
12.8667 707
12.8833 707
12.9 707
12.9167 707
12.9333 707
12.95 707
12.9667 707
12.9833 707
13.0 706
13.0167 706
13.0333 706
13.05 706
13.0667 706
13.0833 706
13.1 705
13.1167 705
13.1333 705
13.15 705
13.1667 704
13.1833 704
13.2 704
13.2167 703
13.2333 703
13.25 703
13.2667 702
13.2833 702
13.3 701
13.3167 701
13.3333 700
13.35 700
13.3667 699
13.3833 699
13.4 698
13.4167 698
13.4333 697
13.45 697
13.4667 696
13.4833 695
13.5 695
13.5167 694
13.5333 693
13.55 692
13.5667 692
13.5833 691
13.6 690
13.6167 689
13.6333 689
13.65 688
13.6667 687
13.6833 686
13.7 685
13.7167 684
13.7333 683
13.75 682
13.7667 681
13.7833 680
13.8 679
13.8167 678
13.8333 677
13.85 676
13.8667 675
13.8833 674
13.9 673
13.9167 672
13.9333 670
13.95 669
13.9667 668
13.9833 667
14.0 666
14.0167 664
14.0333 663
14.05 662
14.0667 660
14.0833 659
14.1 658
14.1167 656
14.1333 655
14.15 654
14.1667 652
14.1833 651
14.2 649
14.2167 648
14.2333 646
14.25 645
14.2667 643
14.2833 642
14.3 640
14.3167 639
14.3333 637
14.35 635
14.3667 634
14.3833 632
14.4 630
14.4167 629
14.4333 627
14.45 625
14.4667 624
14.4833 622
14.5 620
14.5167 618
14.5333 616
14.55 615
14.5667 613
14.5833 611
14.6 609
14.6167 607
14.6333 605
14.65 603
14.6667 601
14.6833 599
14.7 598
14.7167 596
14.7333 594
14.75 592
14.7667 589
14.7833 587
14.8 585
14.8167 583
14.8333 581
14.85 579
14.8667 577
14.8833 575
14.9 573
14.9167 570
14.9333 568
14.95 566
14.9667 564
14.9833 562
15.0 560
15.0167 558
15.0333 556
15.05 553
15.0667 551
15.0833 549
15.1 546
15.1167 544
15.1333 542
15.15 539
15.1667 537
15.1833 535
15.2 532
15.2167 530
15.2333 527
15.25 525
15.2667 522
15.2833 520
15.3 517
15.3167 515
15.3333 512
15.35 510
15.3667 507
15.3833 505
15.4 502
15.4167 499
15.4333 497
15.45 494
15.4667 492
15.4833 489
15.5 486
15.5167 484
15.5333 481
15.55 478
15.5667 476
15.5833 473
15.6 470
15.6167 467
15.6333 465
15.65 462
15.6667 459
15.6833 456
15.7 454
15.7167 451
15.7333 448
15.75 445
15.7667 442
15.7833 439
15.8 437
15.8167 434
15.8333 431
15.85 428
15.8667 425
15.8833 422
15.9 419
15.9167 416
15.9333 413
15.95 410
15.9667 408
15.9833 405
16.0 402
16.0167 399
16.0333 396
16.05 393
16.0667 390
16.0833 387
16.1 384
16.1167 381
16.1333 378
16.15 375
16.1667 372
16.1833 369
16.2 366
16.2167 362
16.2333 359
16.25 356
16.2667 353
16.2833 350
16.3 347
16.3167 344
16.3333 341
16.35 338
16.3667 335
16.3833 332
16.4 329
16.4167 325
16.4333 322
16.45 319
16.4667 316
16.4833 313
16.5 310
16.5167 307
16.5333 304
16.55 300
16.5667 297
16.5833 294
16.6 291
16.6167 288
16.6333 285
16.65 282
16.6667 278
16.6833 275
16.7 272
16.7167 269
16.7333 266
16.75 263
16.7667 260
16.7833 257
16.8 253
16.8167 250
16.8333 247
16.85 244
16.8667 241
16.8833 238
16.9 235
16.9167 232
16.9333 228
16.95 225
16.9667 222
16.9833 219
