8.0 60
8.0167 62
8.0333 64
8.05 67
8.0667 69
8.0833 72
8.1 74
8.1167 77
8.1333 79
8.15 82
8.1667 84
8.1833 87
8.2 89
8.2167 92
8.2333 95
8.25 98
8.2667 100
8.2833 103
8.3 106
8.3167 109
8.3333 112
8.35 114
8.3667 117
8.3833 120
8.4 123
8.4167 126
8.4333 129
8.45 132
8.4667 135
8.4833 138
8.5 141
8.5167 144
8.5333 147
8.55 150
8.5667 153
8.5833 156
8.6 159
8.6167 162
8.6333 165
8.65 168
8.6667 171
8.6833 174
8.7 178
8.7167 181
8.7333 184
8.75 187
8.7667 190
8.7833 193
8.8 196
8.8167 200
8.8333 203
8.85 206
8.8667 209
8.8833 212
8.9 216
8.9167 219
8.9333 222
8.95 225
8.9667 228
8.9833 232
9.0 235
9.0167 239
9.0333 242
9.05 245
9.0667 249
9.0833 252
9.1 255
9.1167 258
9.1333 261
9.15 265
9.1667 268
9.1833 271
9.2 274
9.2167 278
9.2333 281
9.25 284
9.2667 287
9.2833 291
9.3 294
9.3167 297
9.3333 300
9.35 303
9.3667 307
9.3833 310
9.4 313
9.4167 316
9.4333 319
9.45 323
9.4667 326
9.4833 329
9.5 332
9.5167 335
9.5333 338
9.55 342
9.5667 345
9.5833 348
9.6 351
9.6167 354
9.6333 357
9.65 360
9.6667 364
9.6833 367
9.7 370
9.7167 373
9.7333 376
9.75 379
9.7667 382
9.7833 385
9.8 388
9.8167 391
9.8333 394
9.85 397
9.8667 400
9.8833 403
9.9 406
9.9167 409
9.9333 412
9.95 415
9.9667 418
9.9833 421
10.0 424
10.0167 427
10.0333 430
10.05 433
10.0667 436
10.0833 439
10.1 442
10.1167 444
10.1333 447
10.15 450
10.1667 453
10.1833 456
10.2 459
10.2167 461
10.2333 464
10.25 467
10.2667 470
10.2833 472
10.3 475
10.3167 478
10.3333 481
10.35 483
10.3667 486
10.3833 489
10.4 491
10.4167 494
10.4333 496
10.45 499
10.4667 502
10.4833 504
10.5 507
10.5167 509
10.5333 512
10.55 515
10.5667 517
10.5833 520
10.6 522
10.6167 525
10.6333 527
10.65 529
10.6667 532
10.6833 534
10.7 537
10.7167 539
10.7333 542
10.75 544
10.7667 546
10.7833 549
10.8 551
10.8167 553
10.8333 555
10.85 558
10.8667 560
10.8833 562
10.9 564
10.9167 567
10.9333 569
10.95 571
10.9667 573
10.9833 575
11.0 578
11.0167 580
11.0333 582
11.05 584
11.0667 586
11.0833 588
11.1 590
11.1167 592
11.1333 594
11.15 596
11.1667 598
11.1833 600
11.2 602
11.2167 604
11.2333 606
11.25 608
11.2667 609
11.2833 611
11.3 613
11.3167 615
11.3333 617
11.35 618
11.3667 620
11.3833 622
11.4 624
11.4167 625
11.4333 627
11.45 629
11.4667 630
11.4833 632
11.5 634
11.5167 635
11.5333 637
11.55 639
11.5667 640
11.5833 642
11.6 643
11.6167 645
11.6333 646
11.65 648
11.6667 649
11.6833 650
11.7 652
11.7167 653
11.7333 655
11.75 656
11.7667 657
11.7833 659
11.8 660
11.8167 661
11.8333 662
11.85 664
11.8667 665
11.8833 666
11.9 667
11.9167 668
11.9333 670
11.95 671
11.9667 672
11.9833 673
12.0 674
12.0167 675
12.0333 676
12.05 677
12.0667 678
12.0833 679
12.1 680
12.1167 681
12.1333 682
12.15 683
12.1667 684
12.1833 685
12.2 685
12.2167 686
12.2333 687
12.25 688
12.2667 689
12.2833 689
12.3 690
12.3167 691
12.3333 692
12.35 692
12.3667 693
12.3833 694
12.4 694
12.4167 695
12.4333 695
12.45 696
12.4667 696
12.4833 697
12.5 697
12.5167 698
12.5333 698
12.55 699
12.5667 699
12.5833 700
12.6 700
12.6167 700
12.6333 701
12.65 701
12.6667 701
12.6833 702
12.7 702
12.7167 702
12.7333 702
12.75 703
12.7667 703
12.7833 703
12.8 703
12.8167 703
12.8333 703
12.85 703
12.8667 703
12.8833 703
12.9 703
12.9167 703
12.9333 703
12.95 703
12.9667 703
12.9833 703
13.0 703
13.0167 703
13.0333 703
13.05 703
13.0667 703
13.0833 702
13.1 702
13.1167 702
13.1333 702
13.15 702
13.1667 701
13.1833 701
13.2 701
13.2167 700
13.2333 700
13.25 700
13.2667 699
13.2833 699
13.3 698
13.3167 698
13.3333 697
13.35 697
13.3667 696
13.3833 696
13.4 695
13.4167 695
13.4333 694
13.45 693
13.4667 693
13.4833 692
13.5 691
13.5167 691
13.5333 690
13.55 689
13.5667 689
13.5833 688
13.6 687
13.6167 686
13.6333 685
13.65 684
13.6667 684
13.6833 683
13.7 682
13.7167 681
13.7333 680
13.75 679
13.7667 678
13.7833 677
13.8 676
13.8167 675
13.8333 674
13.85 673
13.8667 672
13.8833 671
13.9 669
13.9167 668
13.9333 667
13.95 666
13.9667 665
13.9833 663
14.0 662
14.0167 661
14.0333 660
14.05 658
14.0667 657
14.0833 656
14.1 654
14.1167 653
14.1333 652
14.15 650
14.1667 649
14.1833 647
14.2 646
14.2167 644
14.2333 643
14.25 641
14.2667 640
14.2833 638
14.3 637
14.3167 635
14.3333 633
14.35 632
14.3667 630
14.3833 628
14.4 627
14.4167 625
14.4333 623
14.45 622
14.4667 620
14.4833 618
14.5 616
14.5167 614
14.5333 613
14.55 611
14.5667 609
14.5833 607
14.6 605
14.6167 603
14.6333 601
14.65 599
14.6667 597
14.6833 596
14.7 594
14.7167 592
14.7333 590
14.75 587
14.7667 585
14.7833 583
14.8 581
14.8167 579
14.8333 577
14.85 575
14.8667 573
14.8833 571
14.9 568
14.9167 566
14.9333 564
14.95 562
14.9667 560
14.9833 557
15.0 556
15.0167 554
15.0333 551
15.05 549
15.0667 547
15.0833 544
15.1 542
15.1167 540
15.1333 537
15.15 535
15.1667 532
15.1833 530
15.2 527
15.2167 525
15.2333 522
15.25 520
15.2667 517
15.2833 515
15.3 512
15.3167 510
15.3333 507
15.35 505
15.3667 502
15.3833 500
15.4 497
15.4167 494
15.4333 492
15.45 489
15.4667 486
15.4833 484
15.5 481
15.5167 478
15.5333 475
15.55 473
15.5667 470
15.5833 467
15.6 464
15.6167 462
15.6333 459
15.65 456
15.6667 453
15.6833 450
15.7 448
15.7167 445
15.7333 442
15.75 439
15.7667 436
15.7833 433
15.8 430
15.8167 427
15.8333 424
15.85 421
15.8667 418
15.8833 416
15.9 413
15.9167 410
15.9333 407
15.95 404
15.9667 401
15.9833 398
16.0 395
16.0167 391
16.0333 388
16.05 385
16.0667 382
16.0833 379
16.1 376
16.1167 373
16.1333 370
16.15 367
16.1667 364
16.1833 361
16.2 358
16.2167 354
16.2333 351
16.25 348
16.2667 345
16.2833 342
16.3 339
16.3167 335
16.3333 332
16.35 329
16.3667 326
16.3833 323
16.4 320
16.4167 316
16.4333 313
16.45 310
16.4667 307
16.4833 304
16.5 300
16.5167 297
16.5333 294
16.55 291
16.5667 287
16.5833 284
16.6 281
16.6167 278
16.6333 274
16.65 271
16.6667 268
16.6833 265
16.7 262
16.7167 258
16.7333 255
16.75 252
16.7667 249
16.7833 245
16.8 242
16.8167 239
16.8333 236
16.85 232
16.8667 229
16.8833 226
16.9 223
16.9167 219
16.9333 216
16.95 213
16.9667 210
16.9833 207
