8.0 278
8.0167 282
8.0333 285
8.05 289
8.0667 292
8.0833 296
8.1 299
8.1167 302
8.1333 306
8.15 309
8.1667 313
8.1833 316
8.2 320
8.2167 323
8.2333 327
8.25 330
8.2667 333
8.2833 337
8.3 340
8.3167 344
8.3333 347
8.35 351
8.3667 354
8.3833 358
8.4 361
8.4167 365
8.4333 368
8.45 371
8.4667 375
8.4833 378
8.5 382
8.5167 385
8.5333 389
8.55 392
8.5667 396
8.5833 399
8.6 402
8.6167 406
8.6333 409
8.65 413
8.6667 416
8.6833 420
8.7 423
8.7167 426
8.7333 430
8.75 433
8.7667 437
8.7833 440
8.8 443
8.8167 447
8.8333 450
8.85 454
8.8667 457
8.8833 460
8.9 464
8.9167 467
8.9333 470
8.95 474
8.9667 477
8.9833 480
9.0 484
9.0167 487
9.0333 491
9.05 494
9.0667 497
9.0833 501
9.1 504
9.1167 507
9.1333 510
9.15 514
9.1667 517
9.1833 520
9.2 523
9.2167 527
9.2333 530
9.25 533
9.2667 536
9.2833 539
9.3 543
9.3167 546
9.3333 549
9.35 552
9.3667 555
9.3833 558
9.4 561
9.4167 564
9.4333 568
9.45 571
9.4667 574
9.4833 577
9.5 580
9.5167 583
9.5333 586
9.55 589
9.5667 592
9.5833 595
9.6 598
9.6167 601
9.6333 604
9.65 607
9.6667 610
9.6833 613
9.7 616
9.7167 619
9.7333 622
9.75 625
9.7667 627
9.7833 630
9.8 633
9.8167 636
9.8333 639
9.85 642
9.8667 644
9.8833 647
9.9 650
9.9167 653
9.9333 656
9.95 658
9.9667 661
9.9833 664
10.0 667
10.0167 669
10.0333 672
10.05 675
10.0667 677
10.0833 680
10.1 683
10.1167 685
10.1333 688
10.15 690
10.1667 693
10.1833 695
10.2 698
10.2167 701
10.2333 703
10.25 706
10.2667 708
10.2833 711
10.3 713
10.3167 716
10.3333 718
10.35 720
10.3667 723
10.3833 725
10.4 728
10.4167 730
10.4333 732
10.45 735
10.4667 737
10.4833 739
10.5 742
10.5167 744
10.5333 746
10.55 748
10.5667 751
10.5833 753
10.6 755
10.6167 757
10.6333 759
10.65 761
10.6667 764
10.6833 766
10.7 768
10.7167 770
10.7333 772
10.75 774
10.7667 776
10.7833 778
10.8 780
10.8167 782
10.8333 784
10.85 786
10.8667 788
10.8833 790
10.9 792
10.9167 794
10.9333 796
10.95 797
10.9667 799
10.9833 801
11.0 803
11.0167 805
11.0333 806
11.05 808
11.0667 810
11.0833 812
11.1 813
11.1167 815
11.1333 817
11.15 818
11.1667 820
11.1833 822
11.2 823
11.2167 825
11.2333 826
11.25 828
11.2667 830
11.2833 831
11.3 833
11.3167 834
11.3333 836
11.35 837
11.3667 838
11.3833 840
11.4 841
11.4167 843
11.4333 844
11.45 845
11.4667 847
11.4833 848
11.5 849
11.5167 851
11.5333 852
11.55 853
11.5667 854
11.5833 855
11.6 857
11.6167 858
11.6333 859
11.65 860
11.6667 861
11.6833 862
11.7 863
11.7167 864
11.7333 865
11.75 866
11.7667 867
11.7833 868
11.8 869
11.8167 870
11.8333 871
11.85 872
11.8667 873
11.8833 874
11.9 875
11.9167 876
11.9333 876
11.95 877
11.9667 878
11.9833 879
12.0 879
12.0167 880
12.0333 881
12.05 881
12.0667 882
12.0833 883
12.1 883
12.1167 884
12.1333 885
12.15 885
12.1667 886
12.1833 886
12.2 887
12.2167 887
12.2333 888
12.25 888
12.2667 889
12.2833 889
12.3 889
12.3167 890
12.3333 890
12.35 890
12.3667 891
12.3833 891
12.4 891
12.4167 892
12.4333 892
12.45 892
12.4667 892
12.4833 893
12.5 893
12.5167 893
12.5333 893
12.55 893
12.5667 893
12.5833 893
12.6 893
12.6167 893
12.6333 893
12.65 893
12.6667 893
12.6833 893
12.7 893
12.7167 893
12.7333 893
12.75 893
12.7667 893
12.7833 893
12.8 892
12.8167 892
12.8333 892
12.85 892
12.8667 892
12.8833 891
12.9 891
12.9167 891
12.9333 890
12.95 890
12.9667 890
12.9833 889
13.0 889
13.0167 888
13.0333 888
13.05 887
13.0667 887
13.0833 886
13.1 886
13.1167 885
13.1333 885
13.15 884
13.1667 884
13.1833 883
13.2 882
13.2167 882
13.2333 881
13.25 880
13.2667 880
13.2833 879
13.3 878
13.3167 877
13.3333 877
13.35 876
13.3667 875
13.3833 874
13.4 873
13.4167 872
13.4333 872
13.45 871
13.4667 870
13.4833 869
13.5 868
13.5167 867
13.5333 866
13.55 865
13.5667 864
13.5833 863
13.6 862
13.6167 861
13.6333 859
13.65 858
13.6667 857
13.6833 856
13.7 855
13.7167 854
13.7333 852
13.75 851
13.7667 850
13.7833 849
13.8 847
13.8167 846
13.8333 845
13.85 843
13.8667 842
13.8833 840
13.9 839
13.9167 838
13.9333 836
13.95 835
13.9667 833
13.9833 832
14.0 830
14.0167 829
14.0333 827
14.05 826
14.0667 824
14.0833 822
14.1 821
14.1167 819
14.1333 818
14.15 816
14.1667 814
14.1833 812
14.2 811
14.2167 809
14.2333 807
14.25 805
14.2667 804
14.2833 802
14.3 800
14.3167 798
14.3333 796
14.35 795
14.3667 793
14.3833 791
14.4 789
14.4167 787
14.4333 785
14.45 783
14.4667 781
14.4833 779
14.5 777
14.5167 775
14.5333 773
14.55 771
14.5667 769
14.5833 767
14.6 765
14.6167 762
14.6333 760
14.65 758
14.6667 756
14.6833 754
14.7 752
14.7167 749
14.7333 747
14.75 745
14.7667 743
14.7833 740
14.8 738
14.8167 736
14.8333 733
14.85 731
14.8667 729
14.8833 726
14.9 724
14.9167 721
14.9333 719
14.95 717
14.9667 714
14.9833 712
15.0 709
15.0167 707
15.0333 704
15.05 702
15.0667 699
15.0833 697
15.1 694
15.1167 692
15.1333 689
15.15 687
15.1667 684
15.1833 681
15.2 679
15.2167 676
15.2333 673
15.25 671
15.2667 668
15.2833 665
15.3 663
15.3167 660
15.3333 657
15.35 654
15.3667 651
15.3833 649
15.4 646
15.4167 643
15.4333 640
15.45 637
15.4667 635
15.4833 632
15.5 629
15.5167 626
15.5333 623
15.55 620
15.5667 617
15.5833 614
15.6 611
15.6167 608
15.6333 606
15.65 603
15.6667 600
15.6833 597
15.7 594
15.7167 591
15.7333 588
15.75 585
15.7667 581
15.7833 578
15.8 575
15.8167 572
15.8333 569
15.85 566
15.8667 563
15.8833 560
15.9 557
15.9167 554
15.9333 550
15.95 547
15.9667 544
15.9833 541
16.0 538
16.0167 535
16.0333 531
16.05 528
16.0667 525
16.0833 522
16.1 519
16.1167 515
16.1333 512
16.15 509
16.1667 506
16.1833 502
16.2 499
16.2167 496
16.2333 492
16.25 489
16.2667 486
16.2833 482
16.3 479
16.3167 476
16.3333 473
16.35 469
16.3667 466
16.3833 462
16.4 459
16.4167 456
16.4333 452
16.45 449
16.4667 446
16.4833 442
16.5 439
16.5167 435
16.5333 432
16.55 429
16.5667 425
16.5833 422
16.6 418
16.6167 415
16.6333 412
16.65 408
16.6667 405
16.6833 401
16.7 398
16.7167 394
16.7333 391
16.75 388
16.7667 384
16.7833 381
16.8 377
16.8167 374
16.8333 370
16.85 367
16.8667 363
16.8833 360
16.9 357
16.9167 353
16.9333 350
16.95 346
16.9667 343
16.9833 339
