8.0 227
8.0167 231
8.0333 235
8.05 239
8.0667 243
8.0833 247
8.1 250
8.1167 254
8.1333 258
8.15 262
8.1667 266
8.1833 270
8.2 273
8.2167 277
8.2333 281
8.25 285
8.2667 289
8.2833 293
8.3 296
8.3167 300
8.3333 304
8.35 308
8.3667 312
8.3833 315
8.4 319
8.4167 323
8.4333 327
8.45 331
8.4667 334
8.4833 338
8.5 342
8.5167 346
8.5333 349
8.55 353
8.5667 357
8.5833 361
8.6 364
8.6167 368
8.6333 372
8.65 376
8.6667 379
8.6833 383
8.7 387
8.7167 390
8.7333 394
8.75 398
8.7667 401
8.7833 405
8.8 409
8.8167 412
8.8333 416
8.85 420
8.8667 423
8.8833 427
8.9 430
8.9167 434
8.9333 437
8.95 441
8.9667 445
8.9833 448
9.0 452
9.0167 454
9.0333 458
9.05 461
9.0667 465
9.0833 468
9.1 472
9.1167 475
9.1333 479
9.15 482
9.1667 486
9.1833 489
9.2 492
9.2167 496
9.2333 499
9.25 502
9.2667 506
9.2833 509
9.3 512
9.3167 516
9.3333 519
9.35 522
9.3667 526
9.3833 529
9.4 532
9.4167 535
9.4333 539
9.45 542
9.4667 545
9.4833 548
9.5 551
9.5167 555
9.5333 558
9.55 561
9.5667 564
9.5833 567
9.6 570
9.6167 573
9.6333 576
9.65 579
9.6667 582
9.6833 585
9.7 588
9.7167 591
9.7333 594
9.75 597
9.7667 600
9.7833 603
9.8 606
9.8167 609
9.8333 612
9.85 615
9.8667 618
9.8833 621
9.9 623
9.9167 626
9.9333 629
9.95 632
9.9667 635
9.9833 637
10.0 640
10.0167 643
10.0333 646
10.05 648
10.0667 651
10.0833 654
10.1 656
10.1167 659
10.1333 661
10.15 664
10.1667 667
10.1833 669
10.2 672
10.2167 674
10.2333 677
10.25 679
10.2667 682
10.2833 684
10.3 687
10.3167 689
10.3333 692
10.35 694
10.3667 696
10.3833 699
10.4 701
10.4167 703
10.4333 706
10.45 708
10.4667 710
10.4833 713
10.5 715
10.5167 717
10.5333 719
10.55 721
10.5667 724
10.5833 726
10.6 728
10.6167 730
10.6333 732
10.65 734
10.6667 736
10.6833 738
10.7 740
10.7167 742
10.7333 744
10.75 746
10.7667 748
10.7833 750
10.8 752
10.8167 754
10.8333 756
10.85 758
10.8667 760
10.8833 761
10.9 763
10.9167 765
10.9333 767
10.95 769
10.9667 770
10.9833 772
11.0 774
11.0167 775
11.0333 777
11.05 779
11.0667 780
11.0833 782
11.1 784
11.1167 785
11.1333 787
11.15 788
11.1667 790
11.1833 791
11.2 793
11.2167 794
11.2333 796
11.25 797
11.2667 798
11.2833 800
11.3 801
11.3167 802
11.3333 804
11.35 805
11.3667 806
11.3833 808
11.4 809
11.4167 810
11.4333 811
11.45 812
11.4667 814
11.4833 815
11.5 816
11.5167 817
11.5333 818
11.55 819
11.5667 820
11.5833 821
11.6 822
11.6167 823
11.6333 824
11.65 825
11.6667 826
11.6833 827
11.7 828
11.7167 829
11.7333 829
11.75 830
11.7667 831
11.7833 832
11.8 833
11.8167 833
11.8333 834
11.85 835
11.8667 835
11.8833 836
11.9 837
11.9167 837
11.9333 838
11.95 839
11.9667 839
11.9833 840
12.0 840
12.0167 841
12.0333 841
12.05 842
12.0667 842
12.0833 842
12.1 843
12.1167 843
12.1333 844
12.15 844
12.1667 844
12.1833 845
12.2 845
12.2167 845
12.2333 845
12.25 846
12.2667 846
12.2833 846
12.3 846
12.3167 846
12.3333 846
12.35 846
12.3667 846
12.3833 847
12.4 847
12.4167 847
12.4333 847
12.45 847
12.4667 846
12.4833 846
12.5 846
12.5167 846
12.5333 846
12.55 846
12.5667 846
12.5833 846
12.6 845
12.6167 845
12.6333 845
12.65 845
12.6667 844
12.6833 844
12.7 844
12.7167 843
12.7333 843
12.75 842
12.7667 842
12.7833 842
12.8 841
12.8167 841
12.8333 840
12.85 840
12.8667 839
12.8833 839
12.9 838
12.9167 837
12.9333 837
12.95 836
12.9667 835
12.9833 835
13.0 834
13.0167 833
13.0333 833
13.05 832
13.0667 831
13.0833 830
13.1 829
13.1167 829
13.1333 828
13.15 827
13.1667 826
13.1833 825
13.2 824
13.2167 823
13.2333 822
13.25 821
13.2667 820
13.2833 819
13.3 818
13.3167 817
13.3333 816
13.35 815
13.3667 814
13.3833 812
13.4 811
13.4167 810
13.4333 809
13.45 808
13.4667 806
13.4833 805
13.5 804
13.5167 802
13.5333 801
13.55 800
13.5667 798
13.5833 797
13.6 795
13.6167 794
13.6333 793
13.65 791
13.6667 790
13.6833 788
13.7 787
13.7167 785
13.7333 783
13.75 782
13.7667 780
13.7833 779
13.8 777
13.8167 775
13.8333 774
13.85 772
13.8667 770
13.8833 768
13.9 767
13.9167 765
13.9333 763
13.95 761
13.9667 760
13.9833 758
14.0 756
14.0167 754
14.0333 752
14.05 750
14.0667 748
14.0833 746
14.1 744
14.1167 742
14.1333 740
14.15 738
14.1667 736
14.1833 734
14.2 732
14.2167 730
14.2333 728
14.25 726
14.2667 723
14.2833 721
14.3 719
14.3167 717
14.3333 715
14.35 712
14.3667 710
14.3833 708
14.4 706
14.4167 703
14.4333 701
14.45 699
14.4667 696
14.4833 694
14.5 691
14.5167 689
14.5333 687
14.55 684
14.5667 682
14.5833 679
14.6 677
14.6167 674
14.6333 672
14.65 669
14.6667 666
14.6833 664
14.7 661
14.7167 659
14.7333 656
14.75 653
14.7667 651
14.7833 648
14.8 645
14.8167 643
14.8333 640
14.85 637
14.8667 634
14.8833 632
14.9 629
14.9167 626
14.9333 623
14.95 620
14.9667 618
14.9833 615
15.0 611
15.0167 608
15.0333 605
15.05 602
15.0667 599
15.0833 596
15.1 593
15.1167 590
15.1333 587
15.15 584
15.1667 581
15.1833 578
15.2 575
15.2167 572
15.2333 569
15.25 566
15.2667 563
15.2833 560
15.3 557
15.3167 553
15.3333 550
15.35 547
15.3667 544
15.3833 541
15.4 537
15.4167 534
15.4333 531
15.45 528
15.4667 524
15.4833 521
15.5 518
15.5167 515
15.5333 511
15.55 508
15.5667 505
15.5833 501
15.6 498
15.6167 495
15.6333 491
15.65 488
15.6667 484
15.6833 481
15.7 477
15.7167 474
15.7333 471
15.75 467
15.7667 464
15.7833 460
15.8 457
15.8167 453
15.8333 450
15.85 446
15.8667 443
15.8833 439
15.9 435
15.9167 432
15.9333 428
15.95 425
15.9667 421
15.9833 418
16.0 414
16.0167 410
16.0333 407
16.05 403
16.0667 399
16.0833 396
16.1 392
16.1167 388
16.1333 385
16.15 381
16.1667 377
16.1833 374
16.2 370
16.2167 366
16.2333 362
16.25 359
16.2667 355
16.2833 351
16.3 348
16.3167 344
16.3333 340
16.35 336
16.3667 332
16.3833 329
16.4 325
16.4167 321
16.4333 317
16.45 314
16.4667 310
16.4833 306
16.5 302
16.5167 298
16.5333 295
16.55 291
16.5667 287
16.5833 283
16.6 279
16.6167 275
16.6333 272
16.65 268
16.6667 264
16.6833 260
16.7 256
16.7167 252
16.7333 249
16.75 245
16.7667 241
16.7833 237
16.8 233
16.8167 229
16.8333 226
16.85 222
16.8667 218
16.8833 214
16.9 210
16.9167 206
16.9333 203
16.95 199
16.9667 195
16.9833 191
