8.0 56
8.0167 58
8.0333 60
8.05 63
8.0667 65
8.0833 67
8.1 70
8.1167 72
8.1333 75
8.15 77
8.1667 80
8.1833 82
8.2 85
8.2167 87
8.2333 90
8.25 93
8.2667 95
8.2833 98
8.3 100
8.3167 103
8.3333 106
8.35 109
8.3667 111
8.3833 114
8.4 117
8.4167 120
8.4333 123
8.45 125
8.4667 128
8.4833 131
8.5 134
8.5167 137
8.5333 140
8.55 143
8.5667 146
8.5833 149
8.6 152
8.6167 155
8.6333 157
8.65 160
8.6667 163
8.6833 166
8.7 169
8.7167 172
8.7333 175
8.75 178
8.7667 181
8.7833 184
8.8 187
8.8167 190
8.8333 193
8.85 196
8.8667 199
8.8833 203
8.9 206
8.9167 209
8.9333 212
8.95 215
8.9667 218
8.9833 221
9.0 224
9.0167 227
9.0333 230
9.05 233
9.0667 236
9.0833 239
9.1 242
9.1167 245
9.1333 248
9.15 251
9.1667 254
9.1833 257
9.2 260
9.2167 263
9.2333 266
9.25 269
9.2667 272
9.2833 275
9.3 278
9.3167 281
9.3333 284
9.35 287
9.3667 290
9.3833 293
9.4 296
9.4167 299
9.4333 302
9.45 305
9.4667 308
9.4833 311
9.5 314
9.5167 317
9.5333 319
9.55 322
9.5667 325
9.5833 328
9.6 331
9.6167 334
9.6333 337
9.65 340
9.6667 343
9.6833 345
9.7 348
9.7167 351
9.7333 354
9.75 357
9.7667 360
9.7833 362
9.8 365
9.8167 368
9.8333 371
9.85 373
9.8667 376
9.8833 379
9.9 382
9.9167 384
9.9333 387
9.95 390
9.9667 392
9.9833 395
10.0 398
10.0167 400
10.0333 403
10.05 406
10.0667 408
10.0833 411
10.1 414
10.1167 416
10.1333 419
10.15 421
10.1667 424
10.1833 426
10.2 429
10.2167 431
10.2333 434
10.25 436
10.2667 439
10.2833 441
10.3 444
10.3167 446
10.3333 449
10.35 451
10.3667 453
10.3833 456
10.4 458
10.4167 460
10.4333 463
10.45 465
10.4667 467
10.4833 470
10.5 472
10.5167 474
10.5333 477
10.55 479
10.5667 481
10.5833 483
10.6 485
10.6167 488
10.6333 490
10.65 492
10.6667 494
10.6833 496
10.7 498
10.7167 500
10.7333 502
10.75 504
10.7667 507
10.7833 509
10.8 511
10.8167 513
10.8333 515
10.85 517
10.8667 519
10.8833 520
10.9 522
10.9167 524
10.9333 526
10.95 528
10.9667 530
10.9833 532
11.0 534
11.0167 535
11.0333 537
11.05 539
11.0667 541
11.0833 542
11.1 544
11.1167 546
11.1333 548
11.15 549
11.1667 551
11.1833 553
11.2 554
11.2167 556
11.2333 557
11.25 559
11.2667 561
11.2833 562
11.3 564
11.3167 565
11.3333 567
11.35 568
11.3667 570
11.3833 571
11.4 572
11.4167 574
11.4333 575
11.45 577
11.4667 578
11.4833 579
11.5 581
11.5167 582
11.5333 583
11.55 585
11.5667 586
11.5833 587
11.6 588
11.6167 589
11.6333 591
11.65 592
11.6667 593
11.6833 594
11.7 595
11.7167 596
11.7333 597
11.75 598
11.7667 599
11.7833 600
11.8 601
11.8167 602
11.8333 603
11.85 604
11.8667 605
11.8833 606
11.9 607
11.9167 608
11.9333 609
11.95 610
11.9667 610
11.9833 611
12.0 612
12.0167 613
12.0333 613
12.05 614
12.0667 615
12.0833 616
12.1 616
12.1167 617
12.1333 618
12.15 618
12.1667 619
12.1833 619
12.2 620
12.2167 620
12.2333 621
12.25 621
12.2667 622
12.2833 622
12.3 623
12.3167 623
12.3333 624
12.35 624
12.3667 624
12.3833 625
12.4 625
12.4167 625
12.4333 626
12.45 626
12.4667 626
12.4833 626
12.5 627
12.5167 627
12.5333 627
12.55 627
12.5667 627
12.5833 627
12.6 628
12.6167 628
12.6333 628
12.65 628
12.6667 628
12.6833 628
12.7 628
12.7167 628
12.7333 628
12.75 628
12.7667 628
12.7833 627
12.8 627
12.8167 627
12.8333 627
12.85 627
12.8667 627
12.8833 626
12.9 626
12.9167 626
12.9333 626
12.95 625
12.9667 625
12.9833 625
13.0 624
13.0167 624
13.0333 624
13.05 623
13.0667 623
13.0833 622
13.1 622
13.1167 621
13.1333 621
13.15 620
13.1667 620
13.1833 619
13.2 619
13.2167 618
13.2333 618
13.25 617
13.2667 616
13.2833 616
13.3 615
13.3167 614
13.3333 613
13.35 613
13.3667 612
13.3833 611
13.4 610
13.4167 610
13.4333 609
13.45 608
13.4667 607
13.4833 606
13.5 605
13.5167 604
13.5333 603
13.55 602
13.5667 601
13.5833 600
13.6 599
13.6167 598
13.6333 597
13.65 596
13.6667 595
13.6833 594
13.7 593
13.7167 592
13.7333 591
13.75 589
13.7667 588
13.7833 587
13.8 586
13.8167 585
13.8333 583
13.85 582
13.8667 581
13.8833 579
13.9 578
13.9167 577
13.9333 575
13.95 574
13.9667 573
13.9833 571
14.0 570
14.0167 568
14.0333 567
14.05 565
14.0667 564
14.0833 562
14.1 561
14.1167 559
14.1333 558
14.15 556
14.1667 554
14.1833 553
14.2 551
14.2167 549
14.2333 548
14.25 546
14.2667 544
14.2833 543
14.3 541
14.3167 539
14.3333 537
14.35 535
14.3667 534
14.3833 532
14.4 530
14.4167 528
14.4333 526
14.45 524
14.4667 522
14.4833 521
14.5 519
14.5167 517
14.5333 515
14.55 513
14.5667 511
14.5833 509
14.6 507
14.6167 505
14.6333 503
14.65 500
14.6667 498
14.6833 496
14.7 494
14.7167 492
14.7333 490
14.75 488
14.7667 485
14.7833 483
14.8 481
14.8167 479
14.8333 477
14.85 474
14.8667 472
14.8833 470
14.9 468
14.9167 465
14.9333 463
14.95 461
14.9667 458
14.9833 456
15.0 454
15.0167 451
15.0333 449
15.05 447
15.0667 444
15.0833 442
15.1 439
15.1167 437
15.1333 434
15.15 432
15.1667 429
15.1833 427
15.2 424
15.2167 422
15.2333 419
15.25 417
15.2667 414
15.2833 411
15.3 409
15.3167 406
15.3333 404
15.35 401
15.3667 398
15.3833 396
15.4 393
15.4167 390
15.4333 388
15.45 385
15.4667 382
15.4833 379
15.5 377
15.5167 374
15.5333 371
15.55 368
15.5667 366
15.5833 363
15.6 360
15.6167 357
15.6333 354
15.65 352
15.6667 349
15.6833 346
15.7 343
15.7167 340
15.7333 337
15.75 335
15.7667 332
15.7833 329
15.8 326
15.8167 323
15.8333 320
15.85 317
15.8667 314
15.8833 311
15.9 308
15.9167 305
15.9333 302
15.95 299
15.9667 296
15.9833 294
16.0 291
16.0167 288
16.0333 285
16.05 282
16.0667 279
16.0833 276
16.1 273
16.1167 270
16.1333 267
16.15 264
16.1667 261
16.1833 257
16.2 254
16.2167 251
16.2333 248
16.25 245
16.2667 242
16.2833 239
16.3 236
16.3167 233
16.3333 230
16.35 227
16.3667 224
16.3833 221
16.4 218
16.4167 215
16.4333 212
16.45 209
16.4667 206
16.4833 203
16.5 200
16.5167 197
16.5333 194
16.55 191
16.5667 188
16.5833 185
16.6 182
16.6167 179
16.6333 176
16.65 173
16.6667 170
16.6833 167
16.7 164
16.7167 161
16.7333 158
16.75 155
16.7667 152
16.7833 149
16.8 146
16.8167 143
16.8333 140
16.85 137
16.8667 134
16.8833 131
16.9 129
16.9167 126
16.9333 123
16.95 120
16.9667 117
16.9833 114
