8.0 87
8.0167 90
8.0333 93
8.05 96
8.0667 99
8.0833 102
8.1 105
8.1167 108
8.1333 111
8.15 114
8.1667 117
8.1833 119
8.2 122
8.2167 126
8.2333 129
8.25 132
8.2667 135
8.2833 138
8.3 141
8.3167 144
8.3333 148
8.35 151
8.3667 154
8.3833 157
8.4 160
8.4167 164
8.4333 167
8.45 170
8.4667 173
8.4833 176
8.5 180
8.5167 183
8.5333 186
8.55 189
8.5667 193
8.5833 196
8.6 199
8.6167 203
8.6333 206
8.65 209
8.6667 212
8.6833 216
8.7 219
8.7167 222
8.7333 225
8.75 229
8.7667 232
8.7833 235
8.8 239
8.8167 242
8.8333 245
8.85 248
8.8667 252
8.8833 255
8.9 258
8.9167 261
8.9333 265
8.95 268
8.9667 271
8.9833 274
9.0 278
9.0167 280
9.0333 283
9.05 287
9.0667 290
9.0833 293
9.1 296
9.1167 299
9.1333 303
9.15 306
9.1667 309
9.1833 312
9.2 315
9.2167 318
9.2333 322
9.25 325
9.2667 328
9.2833 331
9.3 334
9.3167 337
9.3333 340
9.35 343
9.3667 347
9.3833 350
9.4 353
9.4167 356
9.4333 359
9.45 362
9.4667 365
9.4833 368
9.5 371
9.5167 374
9.5333 377
9.55 380
9.5667 383
9.5833 386
9.6 389
9.6167 392
9.6333 395
9.65 398
9.6667 400
9.6833 403
9.7 406
9.7167 409
9.7333 412
9.75 415
9.7667 418
9.7833 420
9.8 423
9.8167 426
9.8333 429
9.85 432
9.8667 434
9.8833 437
9.9 440
9.9167 443
9.9333 445
9.95 448
9.9667 451
9.9833 454
10.0 456
10.0167 459
10.0333 461
10.05 464
10.0667 467
10.0833 469
10.1 472
10.1167 475
10.1333 477
10.15 480
10.1667 482
10.1833 485
10.2 487
10.2167 490
10.2333 492
10.25 495
10.2667 497
10.2833 499
10.3 502
10.3167 504
10.3333 507
10.35 509
10.3667 511
10.3833 514
10.4 516
10.4167 518
10.4333 521
10.45 523
10.4667 525
10.4833 528
10.5 530
10.5167 532
10.5333 534
10.55 536
10.5667 539
10.5833 541
10.6 543
10.6167 545
10.6333 547
10.65 549
10.6667 551
10.6833 553
10.7 555
10.7167 557
10.7333 560
10.75 562
10.7667 563
10.7833 565
10.8 567
10.8167 569
10.8333 571
10.85 573
10.8667 575
10.8833 577
10.9 579
10.9167 581
10.9333 582
10.95 584
10.9667 586
10.9833 588
11.0 590
11.0167 591
11.0333 593
11.05 595
11.0667 596
11.0833 598
11.1 600
11.1167 601
11.1333 603
11.15 605
11.1667 606
11.1833 608
11.2 609
11.2167 611
11.2333 612
11.25 614
11.2667 615
11.2833 617
11.3 618
11.3167 619
11.3333 621
11.35 622
11.3667 624
11.3833 625
11.4 626
11.4167 628
11.4333 629
11.45 630
11.4667 631
11.4833 633
11.5 634
11.5167 635
11.5333 636
11.55 637
11.5667 639
11.5833 640
11.6 641
11.6167 642
11.6333 643
11.65 644
11.6667 645
11.6833 646
11.7 647
11.7167 648
11.7333 649
11.75 650
11.7667 651
11.7833 652
11.8 653
11.8167 654
11.8333 654
11.85 655
11.8667 656
11.8833 657
11.9 658
11.9167 658
11.9333 659
11.95 660
11.9667 660
11.9833 661
12.0 662
12.0167 662
12.0333 663
12.05 664
12.0667 664
12.0833 665
12.1 665
12.1167 666
12.1333 666
12.15 667
12.1667 667
12.1833 668
12.2 668
12.2167 669
12.2333 669
12.25 669
12.2667 670
12.2833 670
12.3 670
12.3167 671
12.3333 671
12.35 671
12.3667 671
12.3833 672
12.4 672
12.4167 672
12.4333 672
12.45 672
12.4667 672
12.4833 673
12.5 673
12.5167 673
12.5333 673
12.55 673
12.5667 673
12.5833 673
12.6 673
12.6167 673
12.6333 673
12.65 672
12.6667 672
12.6833 672
12.7 672
12.7167 672
12.7333 672
12.75 672
12.7667 671
12.7833 671
12.8 671
12.8167 670
12.8333 670
12.85 670
12.8667 670
12.8833 669
12.9 669
12.9167 668
12.9333 668
12.95 668
12.9667 667
12.9833 667
13.0 666
13.0167 666
13.0333 665
13.05 665
13.0667 664
13.0833 663
13.1 663
13.1167 662
13.1333 661
13.15 661
13.1667 660
13.1833 659
13.2 659
13.2167 658
13.2333 657
13.25 656
13.2667 656
13.2833 655
13.3 654
13.3167 653
13.3333 652
13.35 651
13.3667 650
13.3833 649
13.4 649
13.4167 648
13.4333 647
13.45 646
13.4667 645
13.4833 643
13.5 642
13.5167 641
13.5333 640
13.55 639
13.5667 638
13.5833 637
13.6 636
13.6167 634
13.6333 633
13.65 632
13.6667 631
13.6833 630
13.7 628
13.7167 627
13.7333 626
13.75 624
13.7667 623
13.7833 622
13.8 620
13.8167 619
13.8333 617
13.85 616
13.8667 614
13.8833 613
13.9 611
13.9167 610
13.9333 608
13.95 607
13.9667 605
13.9833 604
14.0 602
14.0167 600
14.0333 599
14.05 597
14.0667 596
14.0833 594
14.1 592
14.1167 590
14.1333 589
14.15 587
14.1667 585
14.1833 583
14.2 582
14.2167 580
14.2333 578
14.25 576
14.2667 574
14.2833 572
14.3 570
14.3167 568
14.3333 566
14.35 564
14.3667 562
14.3833 560
14.4 558
14.4167 556
14.4333 554
14.45 552
14.4667 550
14.4833 548
14.5 546
14.5167 544
14.5333 542
14.55 540
14.5667 537
14.5833 535
14.6 533
14.6167 531
14.6333 529
14.65 526
14.6667 524
14.6833 522
14.7 520
14.7167 517
14.7333 515
14.75 513
14.7667 510
14.7833 508
14.8 505
14.8167 503
14.8333 501
14.85 498
14.8667 496
14.8833 493
14.9 491
14.9167 488
14.9333 486
14.95 483
14.9667 481
14.9833 478
15.0 476
15.0167 473
15.0333 471
15.05 468
15.0667 465
15.0833 463
15.1 460
15.1167 458
15.1333 455
15.15 452
15.1667 449
15.1833 447
15.2 444
15.2167 441
15.2333 439
15.25 436
15.2667 433
15.2833 430
15.3 428
15.3167 425
15.3333 422
15.35 419
15.3667 416
15.3833 413
15.4 411
15.4167 408
15.4333 405
15.45 402
15.4667 399
15.4833 396
15.5 393
15.5167 390
15.5333 387
15.55 384
15.5667 381
15.5833 378
15.6 375
15.6167 372
15.6333 369
15.65 366
15.6667 363
15.6833 360
15.7 357
15.7167 354
15.7333 351
15.75 348
15.7667 345
15.7833 342
15.8 339
15.8167 336
15.8333 333
15.85 329
15.8667 326
15.8833 323
15.9 320
15.9167 317
15.9333 314
15.95 311
15.9667 307
15.9833 304
16.0 301
16.0167 298
16.0333 295
16.05 291
16.0667 288
16.0833 285
16.1 282
16.1167 279
16.1333 275
16.15 272
16.1667 269
16.1833 266
16.2 262
16.2167 259
16.2333 256
16.25 253
16.2667 249
16.2833 246
16.3 243
16.3167 240
16.3333 236
16.35 233
16.3667 230
16.3833 227
16.4 223
16.4167 220
16.4333 217
16.45 214
16.4667 210
16.4833 207
16.5 204
16.5167 200
16.5333 197
16.55 194
16.5667 191
16.5833 187
16.6 184
16.6167 181
16.6333 178
16.65 174
16.6667 171
16.6833 168
16.7 165
16.7167 162
16.7333 158
16.75 155
16.7667 152
16.7833 149
16.8 146
16.8167 142
16.8333 139
16.85 136
16.8667 133
16.8833 130
16.9 127
16.9167 124
16.9333 121
16.95 118
16.9667 115
16.9833 112
