8.0 55
8.0167 58
8.0333 60
8.05 63
8.0667 66
8.0833 68
8.1 71
8.1167 74
8.1333 76
8.15 79
8.1667 82
8.1833 85
8.2 88
8.2167 91
8.2333 94
8.25 97
8.2667 100
8.2833 103
8.3 106
8.3167 109
8.3333 112
8.35 115
8.3667 118
8.3833 121
8.4 124
8.4167 127
8.4333 130
8.45 134
8.4667 137
8.4833 140
8.5 143
8.5167 146
8.5333 150
8.55 153
8.5667 156
8.5833 160
8.6 163
8.6167 166
8.6333 169
8.65 173
8.6667 176
8.6833 179
8.7 183
8.7167 186
8.7333 189
8.75 193
8.7667 196
8.7833 200
8.8 203
8.8167 206
8.8333 210
8.85 213
8.8667 216
8.8833 220
8.9 223
8.9167 227
8.9333 230
8.95 233
8.9667 237
8.9833 240
9.0 243
9.0167 247
9.0333 250
9.05 254
9.0667 257
9.0833 260
9.1 264
9.1167 267
9.1333 270
9.15 274
9.1667 277
9.1833 281
9.2 284
9.2167 287
9.2333 291
9.25 294
9.2667 297
9.2833 300
9.3 304
9.3167 307
9.3333 310
9.35 314
9.3667 317
9.3833 320
9.4 324
9.4167 327
9.4333 330
9.45 333
9.4667 337
9.4833 340
9.5 343
9.5167 346
9.5333 349
9.55 353
9.5667 356
9.5833 359
9.6 362
9.6167 365
9.6333 369
9.65 372
9.6667 375
9.6833 378
9.7 381
9.7167 384
9.7333 387
9.75 390
9.7667 394
9.7833 397
9.8 400
9.8167 403
9.8333 406
9.85 409
9.8667 412
9.8833 415
9.9 418
9.9167 421
9.9333 424
9.95 427
9.9667 430
9.9833 433
10.0 436
10.0167 439
10.0333 441
10.05 444
10.0667 447
10.0833 450
10.1 453
10.1167 456
10.1333 459
10.15 462
10.1667 464
10.1833 467
10.2 470
10.2167 473
10.2333 475
10.25 478
10.2667 481
10.2833 484
10.3 486
10.3167 489
10.3333 492
10.35 494
10.3667 497
10.3833 500
10.4 502
10.4167 505
10.4333 507
10.45 510
10.4667 513
10.4833 515
10.5 518
10.5167 520
10.5333 523
10.55 525
10.5667 528
10.5833 530
10.6 533
10.6167 535
10.6333 537
10.65 540
10.6667 542
10.6833 545
10.7 547
10.7167 549
10.7333 552
10.75 554
10.7667 556
10.7833 558
10.8 561
10.8167 563
10.8333 565
10.85 567
10.8667 570
10.8833 572
10.9 574
10.9167 576
10.9333 578
10.95 580
10.9667 582
10.9833 585
11.0 587
11.0167 589
11.0333 591
11.05 593
11.0667 595
11.0833 597
11.1 599
11.1167 601
11.1333 603
11.15 604
11.1667 606
11.1833 608
11.2 610
11.2167 612
11.2333 614
11.25 616
11.2667 617
11.2833 619
11.3 621
11.3167 623
11.3333 624
11.35 626
11.3667 628
11.3833 629
11.4 631
11.4167 633
11.4333 634
11.45 636
11.4667 638
11.4833 639
11.5 641
11.5167 642
11.5333 644
11.55 645
11.5667 647
11.5833 648
11.6 649
11.6167 651
11.6333 652
11.65 654
11.6667 655
11.6833 656
11.7 658
11.7167 659
11.7333 660
11.75 662
11.7667 663
11.7833 664
11.8 665
11.8167 666
11.8333 668
11.85 669
11.8667 670
11.8833 671
11.9 672
11.9167 673
11.9333 674
11.95 675
11.9667 676
11.9833 677
12.0 678
12.0167 679
12.0333 680
12.05 681
12.0667 682
12.0833 683
12.1 684
12.1167 685
12.1333 686
12.15 686
12.1667 687
12.1833 688
12.2 689
12.2167 689
12.2333 690
12.25 691
12.2667 692
12.2833 692
12.3 693
12.3167 693
12.3333 694
12.35 695
12.3667 695
12.3833 696
12.4 696
12.4167 697
12.4333 697
12.45 698
12.4667 698
12.4833 699
12.5 699
12.5167 699
12.5333 700
12.55 700
12.5667 700
12.5833 701
12.6 701
12.6167 701
12.6333 702
12.65 702
12.6667 702
12.6833 702
12.7 702
12.7167 703
12.7333 703
12.75 703
12.7667 703
12.7833 703
12.8 703
12.8167 703
12.8333 703
12.85 703
12.8667 703
12.8833 703
12.9 703
12.9167 703
12.9333 703
12.95 703
12.9667 703
12.9833 702
13.0 702
13.0167 702
13.0333 702
13.05 701
13.0667 701
13.0833 701
13.1 701
13.1167 700
13.1333 700
13.15 700
13.1667 699
13.1833 699
13.2 698
13.2167 698
13.2333 698
13.25 697
13.2667 697
13.2833 696
13.3 696
13.3167 695
13.3333 694
13.35 694
13.3667 693
13.3833 693
13.4 692
13.4167 691
13.4333 691
13.45 690
13.4667 689
13.4833 688
13.5 688
13.5167 687
13.5333 686
13.55 685
13.5667 684
13.5833 684
13.6 683
13.6167 682
13.6333 681
13.65 680
13.6667 679
13.6833 678
13.7 677
13.7167 676
13.7333 675
13.75 674
13.7667 673
13.7833 672
13.8 671
13.8167 669
13.8333 668
13.85 667
13.8667 666
13.8833 665
13.9 664
13.9167 662
13.9333 661
13.95 660
13.9667 659
13.9833 657
14.0 656
14.0167 655
14.0333 653
14.05 652
14.0667 650
14.0833 649
14.1 647
14.1167 646
14.1333 645
14.15 643
14.1667 642
14.1833 640
14.2 638
14.2167 637
14.2333 635
14.25 634
14.2667 632
14.2833 630
14.3 629
14.3167 627
14.3333 625
14.35 624
14.3667 622
14.3833 620
14.4 618
14.4167 617
14.4333 615
14.45 613
14.4667 611
14.4833 609
14.5 607
14.5167 606
14.5333 604
14.55 602
14.5667 600
14.5833 598
14.6 596
14.6167 594
14.6333 592
14.65 590
14.6667 588
14.6833 586
14.7 584
14.7167 582
14.7333 580
14.75 577
14.7667 575
14.7833 573
14.8 571
14.8167 569
14.8333 567
14.85 564
14.8667 562
14.8833 560
14.9 558
14.9167 555
14.9333 553
14.95 551
14.9667 548
14.9833 546
15.0 545
15.0167 542
15.0333 540
15.05 537
15.0667 535
15.0833 532
15.1 530
15.1167 528
15.1333 525
15.15 523
15.1667 520
15.1833 518
15.2 515
15.2167 512
15.2333 510
15.25 507
15.2667 505
15.2833 502
15.3 499
15.3167 497
15.3333 494
15.35 492
15.3667 489
15.3833 486
15.4 483
15.4167 481
15.4333 478
15.45 475
15.4667 472
15.4833 470
15.5 467
15.5167 464
15.5333 461
15.55 458
15.5667 456
15.5833 453
15.6 450
15.6167 447
15.6333 444
15.65 441
15.6667 438
15.6833 435
15.7 432
15.7167 429
15.7333 427
15.75 424
15.7667 421
15.7833 418
15.8 415
15.8167 412
15.8333 409
15.85 405
15.8667 402
15.8833 399
15.9 396
15.9167 393
15.9333 390
15.95 387
15.9667 384
15.9833 381
16.0 378
16.0167 374
16.0333 371
16.05 368
16.0667 365
16.0833 362
16.1 359
16.1167 355
16.1333 352
16.15 349
16.1667 346
16.1833 343
16.2 339
16.2167 336
16.2333 333
16.25 330
16.2667 326
16.2833 323
16.3 320
16.3167 317
16.3333 313
16.35 310
16.3667 307
16.3833 303
16.4 300
16.4167 297
16.4333 293
16.45 290
16.4667 287
16.4833 283
16.5 280
16.5167 277
16.5333 273
16.55 270
16.5667 267
16.5833 263
16.6 260
16.6167 257
16.6333 253
16.65 250
16.6667 246
16.6833 243
16.7 240
16.7167 236
16.7333 233
16.75 230
16.7667 226
16.7833 223
16.8 219
16.8167 216
16.8333 213
16.85 209
16.8667 206
16.8833 203
16.9 199
16.9167 196
16.9333 192
16.95 189
16.9667 186
16.9833 182
