8.0 81
8.0167 84
8.0333 86
8.05 89
8.0667 92
8.0833 95
8.1 99
8.1167 102
8.1333 105
8.15 108
8.1667 111
8.1833 114
8.2 117
8.2167 120
8.2333 124
8.25 127
8.2667 130
8.2833 133
8.3 137
8.3167 140
8.3333 143
8.35 147
8.3667 150
8.3833 154
8.4 157
8.4167 160
8.4333 164
8.45 167
8.4667 171
8.4833 174
8.5 178
8.5167 181
8.5333 185
8.55 188
8.5667 192
8.5833 195
8.6 199
8.6167 202
8.6333 206
8.65 209
8.6667 213
8.6833 216
8.7 220
8.7167 223
8.7333 227
8.75 230
8.7667 234
8.7833 238
8.8 241
8.8167 245
8.8333 248
8.85 252
8.8667 255
8.8833 259
8.9 263
8.9167 266
8.9333 270
8.95 273
8.9667 277
8.9833 280
9.0 284
9.0167 288
9.0333 292
9.05 295
9.0667 299
9.0833 303
9.1 306
9.1167 310
9.1333 313
9.15 317
9.1667 320
9.1833 324
9.2 327
9.2167 331
9.2333 334
9.25 338
9.2667 341
9.2833 345
9.3 348
9.3167 352
9.3333 355
9.35 359
9.3667 362
9.3833 366
9.4 369
9.4167 373
9.4333 376
9.45 380
9.4667 383
9.4833 387
9.5 390
9.5167 393
9.5333 397
9.55 400
9.5667 404
9.5833 407
9.6 410
9.6167 414
9.6333 417
9.65 420
9.6667 424
9.6833 427
9.7 430
9.7167 434
9.7333 437
9.75 440
9.7667 443
9.7833 447
9.8 450
9.8167 453
9.8333 456
9.85 460
9.8667 463
9.8833 466
9.9 469
9.9167 472
9.9333 475
9.95 479
9.9667 482
9.9833 485
10.0 488
10.0167 491
10.0333 494
10.05 497
10.0667 500
10.0833 503
10.1 506
10.1167 509
10.1333 512
10.15 515
10.1667 518
10.1833 521
10.2 524
10.2167 527
10.2333 530
10.25 533
10.2667 536
10.2833 539
10.3 542
10.3167 545
10.3333 547
10.35 550
10.3667 553
10.3833 556
10.4 559
10.4167 561
10.4333 564
10.45 567
10.4667 570
10.4833 572
10.5 575
10.5167 578
10.5333 580
10.55 583
10.5667 586
10.5833 588
10.6 591
10.6167 594
10.6333 596
10.65 599
10.6667 601
10.6833 604
10.7 606
10.7167 609
10.7333 611
10.75 614
10.7667 616
10.7833 619
10.8 621
10.8167 623
10.8333 626
10.85 628
10.8667 631
10.8833 633
10.9 635
10.9167 638
10.9333 640
10.95 642
10.9667 644
10.9833 647
11.0 649
11.0167 651
11.0333 653
11.05 655
11.0667 658
11.0833 660
11.1 662
11.1167 664
11.1333 666
11.15 668
11.1667 670
11.1833 672
11.2 674
11.2167 676
11.2333 678
11.25 680
11.2667 682
11.2833 684
11.3 686
11.3167 688
11.3333 690
11.35 692
11.3667 693
11.3833 695
11.4 697
11.4167 699
11.4333 701
11.45 702
11.4667 704
11.4833 706
11.5 707
11.5167 709
11.5333 711
11.55 712
11.5667 714
11.5833 716
11.6 717
11.6167 719
11.6333 720
11.65 722
11.6667 723
11.6833 725
11.7 726
11.7167 728
11.7333 729
11.75 730
11.7667 732
11.7833 733
11.8 735
11.8167 736
11.8333 737
11.85 739
11.8667 740
11.8833 741
11.9 742
11.9167 744
11.9333 745
11.95 746
11.9667 747
11.9833 748
12.0 749
12.0167 750
12.0333 751
12.05 753
12.0667 754
12.0833 755
12.1 756
12.1167 757
12.1333 758
12.15 758
12.1667 759
12.1833 760
12.2 761
12.2167 762
12.2333 763
12.25 764
12.2667 764
12.2833 765
12.3 766
12.3167 767
12.3333 767
12.35 768
12.3667 769
12.3833 770
12.4 770
12.4167 771
12.4333 771
12.45 772
12.4667 773
12.4833 773
12.5 774
12.5167 774
12.5333 775
12.55 775
12.5667 775
12.5833 776
12.6 776
12.6167 777
12.6333 777
12.65 777
12.6667 778
12.6833 778
12.7 778
12.7167 779
12.7333 779
12.75 779
12.7667 779
12.7833 779
12.8 780
12.8167 780
12.8333 780
12.85 780
12.8667 780
12.8833 780
12.9 780
12.9167 780
12.9333 780
12.95 780
12.9667 780
12.9833 780
13.0 780
13.0167 780
13.0333 780
13.05 779
13.0667 779
13.0833 779
13.1 779
13.1167 779
13.1333 778
13.15 778
13.1667 778
13.1833 777
13.2 777
13.2167 777
13.2333 776
13.25 776
13.2667 776
13.2833 775
13.3 775
13.3167 774
13.3333 774
13.35 773
13.3667 773
13.3833 772
13.4 772
13.4167 771
13.4333 770
13.45 770
13.4667 769
13.4833 768
13.5 768
13.5167 767
13.5333 766
13.55 766
13.5667 765
13.5833 764
13.6 763
13.6167 762
13.6333 762
13.65 761
13.6667 760
13.6833 759
13.7 758
13.7167 757
13.7333 756
13.75 755
13.7667 754
13.7833 753
13.8 752
13.8167 751
13.8333 750
13.85 749
13.8667 747
13.8833 746
13.9 745
13.9167 744
13.9333 743
13.95 742
13.9667 740
13.9833 739
14.0 738
14.0167 736
14.0333 735
14.05 734
14.0667 732
14.0833 731
14.1 730
14.1167 728
14.1333 727
14.15 725
14.1667 724
14.1833 722
14.2 721
14.2167 719
14.2333 718
14.25 716
14.2667 715
14.2833 713
14.3 711
14.3167 710
14.3333 708
14.35 706
14.3667 705
14.3833 703
14.4 701
14.4167 699
14.4333 698
14.45 696
14.4667 694
14.4833 692
14.5 690
14.5167 689
14.5333 687
14.55 685
14.5667 683
14.5833 681
14.6 679
14.6167 677
14.6333 675
14.65 673
14.6667 671
14.6833 669
14.7 667
14.7167 665
14.7333 663
14.75 661
14.7667 658
14.7833 656
14.8 654
14.8167 652
14.8333 650
14.85 648
14.8667 645
14.8833 643
14.9 641
14.9167 638
14.9333 636
14.95 634
14.9667 632
14.9833 629
15.0 628
15.0167 625
15.0333 623
15.05 621
15.0667 618
15.0833 616
15.1 613
15.1167 611
15.1333 608
15.15 606
15.1667 603
15.1833 601
15.2 598
15.2167 596
15.2333 593
15.25 590
15.2667 588
15.2833 585
15.3 582
15.3167 580
15.3333 577
15.35 574
15.3667 572
15.3833 569
15.4 566
15.4167 563
15.4333 561
15.45 558
15.4667 555
15.4833 552
15.5 549
15.5167 547
15.5333 544
15.55 541
15.5667 538
15.5833 535
15.6 532
15.6167 529
15.6333 526
15.65 523
15.6667 520
15.6833 517
15.7 514
15.7167 511
15.7333 508
15.75 505
15.7667 502
15.7833 499
15.8 496
15.8167 493
15.8333 490
15.85 487
15.8667 484
15.8833 481
15.9 478
15.9167 474
15.9333 471
15.95 468
15.9667 465
15.9833 462
16.0 458
16.0167 455
16.0333 452
16.05 449
16.0667 446
16.0833 442
16.1 439
16.1167 436
16.1333 432
16.15 429
16.1667 426
16.1833 422
16.2 419
16.2167 416
16.2333 412
16.25 409
16.2667 406
16.2833 402
16.3 399
16.3167 396
16.3333 392
16.35 389
16.3667 385
16.3833 382
16.4 378
16.4167 375
16.4333 372
16.45 368
16.4667 365
16.4833 361
16.5 358
16.5167 354
16.5333 351
16.55 347
16.5667 344
16.5833 340
16.6 337
16.6167 333
16.6333 330
16.65 326
16.6667 323
16.6833 319
16.7 315
16.7167 312
16.7333 308
16.75 305
16.7667 301
16.7833 298
16.8 294
16.8167 291
16.8333 287
16.85 283
16.8667 280
16.8833 276
16.9 273
16.9167 269
16.9333 266
16.95 262
16.9667 258
16.9833 255
