8.0 311
8.0167 314
8.0333 318
8.05 321
8.0667 325
8.0833 328
8.1 332
8.1167 335
8.1333 338
8.15 342
8.1667 345
8.1833 349
8.2 352
8.2167 356
8.2333 359
8.25 363
8.2667 366
8.2833 370
8.3 373
8.3167 377
8.3333 380
8.35 384
8.3667 387
8.3833 391
8.4 394
8.4167 397
8.4333 401
8.45 404
8.4667 408
8.4833 411
8.5 415
8.5167 418
8.5333 422
8.55 425
8.5667 429
8.5833 432
8.6 435
8.6167 439
8.6333 442
8.65 446
8.6667 449
8.6833 453
8.7 456
8.7167 459
8.7333 463
8.75 466
8.7667 470
8.7833 473
8.8 476
8.8167 480
8.8333 483
8.85 486
8.8667 490
8.8833 493
8.9 496
8.9167 500
8.9333 503
8.95 506
8.9667 510
8.9833 513
9.0 516
9.0167 519
9.0333 523
9.05 526
9.0667 529
9.0833 533
9.1 536
9.1167 539
9.1333 542
9.15 546
9.1667 549
9.1833 552
9.2 555
9.2167 558
9.2333 562
9.25 565
9.2667 568
9.2833 571
9.3 574
9.3167 577
9.3333 581
9.35 584
9.3667 587
9.3833 590
9.4 593
9.4167 596
9.4333 599
9.45 602
9.4667 605
9.4833 609
9.5 612
9.5167 615
9.5333 618
9.55 621
9.5667 624
9.5833 627
9.6 630
9.6167 633
9.6333 636
9.65 639
9.6667 642
9.6833 645
9.7 647
9.7167 650
9.7333 653
9.75 656
9.7667 659
9.7833 662
9.8 665
9.8167 668
9.8333 670
9.85 673
9.8667 676
9.8833 679
9.9 682
9.9167 685
9.9333 687
9.95 690
9.9667 693
9.9833 696
10.0 698
10.0167 701
10.0333 704
10.05 706
10.0667 709
10.0833 712
10.1 714
10.1167 717
10.1333 720
10.15 722
10.1667 725
10.1833 727
10.2 730
10.2167 732
10.2333 735
10.25 737
10.2667 740
10.2833 743
10.3 745
10.3167 747
10.3333 750
10.35 752
10.3667 755
10.3833 757
10.4 760
10.4167 762
10.4333 764
10.45 767
10.4667 769
10.4833 771
10.5 774
10.5167 776
10.5333 778
10.55 781
10.5667 783
10.5833 785
10.6 787
10.6167 790
10.6333 792
10.65 794
10.6667 796
10.6833 798
10.7 800
10.7167 803
10.7333 805
10.75 807
10.7667 809
10.7833 811
10.8 813
10.8167 815
10.8333 817
10.85 819
10.8667 821
10.8833 823
10.9 825
10.9167 827
10.9333 829
10.95 831
10.9667 833
10.9833 835
11.0 836
11.0167 838
11.0333 840
11.05 842
11.0667 844
11.0833 846
11.1 847
11.1167 849
11.1333 851
11.15 853
11.1667 854
11.1833 856
11.2 858
11.2167 859
11.2333 861
11.25 863
11.2667 864
11.2833 866
11.3 867
11.3167 869
11.3333 870
11.35 872
11.3667 873
11.3833 875
11.4 876
11.4167 878
11.4333 879
11.45 881
11.4667 882
11.4833 884
11.5 885
11.5167 886
11.5333 888
11.55 889
11.5667 890
11.5833 892
11.6 893
11.6167 894
11.6333 895
11.65 897
11.6667 898
11.6833 899
11.7 900
11.7167 901
11.7333 902
11.75 903
11.7667 905
11.7833 906
11.8 907
11.8167 908
11.8333 909
11.85 910
11.8667 911
11.8833 912
11.9 913
11.9167 914
11.9333 915
11.95 915
11.9667 916
11.9833 917
12.0 918
12.0167 919
12.0333 920
12.05 921
12.0667 921
12.0833 922
12.1 923
12.1167 924
12.1333 924
12.15 925
12.1667 926
12.1833 926
12.2 927
12.2167 928
12.2333 928
12.25 929
12.2667 929
12.2833 930
12.3 930
12.3167 931
12.3333 931
12.35 932
12.3667 932
12.3833 933
12.4 933
12.4167 934
12.4333 934
12.45 934
12.4667 935
12.4833 935
12.5 935
12.5167 936
12.5333 936
12.55 936
12.5667 936
12.5833 937
12.6 937
12.6167 937
12.6333 937
12.65 937
12.6667 937
12.6833 937
12.7 938
12.7167 938
12.7333 938
12.75 938
12.7667 938
12.7833 938
12.8 938
12.8167 938
12.8333 938
12.85 938
12.8667 937
12.8833 937
12.9 937
12.9167 937
12.9333 937
12.95 937
12.9667 936
12.9833 936
13.0 936
13.0167 936
13.0333 935
13.05 935
13.0667 935
13.0833 935
13.1 934
13.1167 934
13.1333 933
13.15 933
13.1667 933
13.1833 932
13.2 932
13.2167 931
13.2333 931
13.25 930
13.2667 930
13.2833 929
13.3 929
13.3167 928
13.3333 927
13.35 927
13.3667 926
13.3833 925
13.4 925
13.4167 924
13.4333 923
13.45 923
13.4667 922
13.4833 921
13.5 920
13.5167 919
13.5333 919
13.55 918
13.5667 917
13.5833 916
13.6 915
13.6167 914
13.6333 913
13.65 912
13.6667 911
13.6833 910
13.7 909
13.7167 908
13.7333 907
13.75 906
13.7667 905
13.7833 904
13.8 903
13.8167 902
13.8333 901
13.85 900
13.8667 898
13.8833 897
13.9 896
13.9167 895
13.9333 894
13.95 892
13.9667 891
13.9833 890
14.0 889
14.0167 887
14.0333 886
14.05 884
14.0667 883
14.0833 882
14.1 880
14.1167 879
14.1333 877
14.15 876
14.1667 874
14.1833 873
14.2 871
14.2167 870
14.2333 868
14.25 867
14.2667 865
14.2833 864
14.3 862
14.3167 860
14.3333 859
14.35 857
14.3667 855
14.3833 854
14.4 852
14.4167 850
14.4333 849
14.45 847
14.4667 845
14.4833 843
14.5 841
14.5167 840
14.5333 838
14.55 836
14.5667 834
14.5833 832
14.6 830
14.6167 828
14.6333 826
14.65 824
14.6667 822
14.6833 820
14.7 818
14.7167 816
14.7333 814
14.75 812
14.7667 810
14.7833 808
14.8 806
14.8167 804
14.8333 802
14.85 800
14.8667 798
14.8833 795
14.9 793
14.9167 791
14.9333 789
14.95 787
14.9667 784
14.9833 782
15.0 780
15.0167 778
15.0333 775
15.05 773
15.0667 771
15.0833 768
15.1 766
15.1167 764
15.1333 761
15.15 759
15.1667 756
15.1833 754
15.2 752
15.2167 749
15.2333 747
15.25 744
15.2667 742
15.2833 739
15.3 737
15.3167 734
15.3333 732
15.35 729
15.3667 726
15.3833 724
15.4 721
15.4167 719
15.4333 716
15.45 713
15.4667 711
15.4833 708
15.5 705
15.5167 703
15.5333 700
15.55 697
15.5667 695
15.5833 692
15.6 689
15.6167 686
15.6333 684
15.65 681
15.6667 678
15.6833 675
15.7 672
15.7167 670
15.7333 667
15.75 664
15.7667 661
15.7833 658
15.8 655
15.8167 652
15.8333 649
15.85 646
15.8667 644
15.8833 641
15.9 638
15.9167 635
15.9333 632
15.95 629
15.9667 626
15.9833 623
16.0 620
16.0167 617
16.0333 614
16.05 611
16.0667 608
16.0833 604
16.1 601
16.1167 598
16.1333 595
16.15 592
16.1667 589
16.1833 586
16.2 583
16.2167 580
16.2333 576
16.25 573
16.2667 570
16.2833 567
16.3 564
16.3167 561
16.3333 557
16.35 554
16.3667 551
16.3833 548
16.4 544
16.4167 541
16.4333 538
16.45 535
16.4667 531
16.4833 528
16.5 525
16.5167 522
16.5333 518
16.55 515
16.5667 512
16.5833 508
16.6 505
16.6167 502
16.6333 498
16.65 495
16.6667 492
16.6833 488
16.7 485
16.7167 482
16.7333 478
16.75 475
16.7667 471
16.7833 468
16.8 465
16.8167 461
16.8333 458
16.85 455
16.8667 451
16.8833 448
16.9 444
16.9167 441
16.9333 437
16.95 434
16.9667 431
16.9833 427
