8.0 272
8.0167 276
8.0333 280
8.05 284
8.0667 287
8.0833 291
8.1 295
8.1167 298
8.1333 302
8.15 306
8.1667 309
8.1833 313
8.2 317
8.2167 321
8.2333 324
8.25 328
8.2667 332
8.2833 335
8.3 339
8.3167 343
8.3333 346
8.35 350
8.3667 354
8.3833 358
8.4 361
8.4167 365
8.4333 369
8.45 372
8.4667 376
8.4833 380
8.5 383
8.5167 387
8.5333 391
8.55 395
8.5667 398
8.5833 402
8.6 406
8.6167 409
8.6333 413
8.65 417
8.6667 420
8.6833 424
8.7 427
8.7167 431
8.7333 435
8.75 438
8.7667 442
8.7833 446
8.8 449
8.8167 453
8.8333 456
8.85 460
8.8667 464
8.8833 467
8.9 471
8.9167 474
8.9333 478
8.95 482
8.9667 485
8.9833 489
9.0 492
9.0167 495
9.0333 499
9.05 502
9.0667 506
9.0833 509
9.1 513
9.1167 516
9.1333 520
9.15 523
9.1667 527
9.1833 530
9.2 534
9.2167 537
9.2333 541
9.25 544
9.2667 547
9.2833 551
9.3 554
9.3167 558
9.3333 561
9.35 564
9.3667 568
9.3833 571
9.4 574
9.4167 578
9.4333 581
9.45 584
9.4667 587
9.4833 591
9.5 594
9.5167 597
9.5333 600
9.55 604
9.5667 607
9.5833 610
9.6 613
9.6167 617
9.6333 620
9.65 623
9.6667 626
9.6833 629
9.7 632
9.7167 635
9.7333 638
9.75 642
9.7667 645
9.7833 648
9.8 651
9.8167 654
9.8333 657
9.85 660
9.8667 663
9.8833 666
9.9 669
9.9167 672
9.9333 675
9.95 678
9.9667 681
9.9833 683
10.0 686
10.0167 689
10.0333 692
10.05 695
10.0667 698
10.0833 701
10.1 703
10.1167 706
10.1333 709
10.15 712
10.1667 714
10.1833 717
10.2 720
10.2167 723
10.2333 725
10.25 728
10.2667 731
10.2833 733
10.3 736
10.3167 739
10.3333 741
10.35 744
10.3667 746
10.3833 749
10.4 751
10.4167 754
10.4333 757
10.45 759
10.4667 762
10.4833 764
10.5 766
10.5167 769
10.5333 771
10.55 774
10.5667 776
10.5833 778
10.6 781
10.6167 783
10.6333 785
10.65 788
10.6667 790
10.6833 792
10.7 795
10.7167 797
10.7333 799
10.75 801
10.7667 804
10.7833 806
10.8 808
10.8167 810
10.8333 812
10.85 814
10.8667 816
10.8833 818
10.9 820
10.9167 823
10.9333 825
10.95 827
10.9667 829
10.9833 830
11.0 832
11.0167 834
11.0333 836
11.05 838
11.0667 840
11.0833 842
11.1 844
11.1167 846
11.1333 847
11.15 849
11.1667 851
11.1833 853
11.2 855
11.2167 856
11.2333 858
11.25 860
11.2667 861
11.2833 863
11.3 865
11.3167 866
11.3333 868
11.35 870
11.3667 871
11.3833 873
11.4 874
11.4167 876
11.4333 877
11.45 879
11.4667 880
11.4833 882
11.5 883
11.5167 884
11.5333 886
11.55 887
11.5667 888
11.5833 890
11.6 891
11.6167 892
11.6333 894
11.65 895
11.6667 896
11.6833 897
11.7 899
11.7167 900
11.7333 901
11.75 902
11.7667 903
11.7833 904
11.8 905
11.8167 906
11.8333 907
11.85 908
11.8667 909
11.8833 910
11.9 911
11.9167 912
11.9333 913
11.95 914
11.9667 915
11.9833 916
12.0 917
12.0167 918
12.0333 918
12.05 919
12.0667 920
12.0833 921
12.1 922
12.1167 922
12.1333 923
12.15 924
12.1667 924
12.1833 925
12.2 926
12.2167 926
12.2333 927
12.25 927
12.2667 928
12.2833 928
12.3 929
12.3167 929
12.3333 930
12.35 930
12.3667 931
12.3833 931
12.4 931
12.4167 932
12.4333 932
12.45 932
12.4667 933
12.4833 933
12.5 933
12.5167 934
12.5333 934
12.55 934
12.5667 934
12.5833 934
12.6 934
12.6167 935
12.6333 935
12.65 935
12.6667 935
12.6833 935
12.7 935
12.7167 935
12.7333 935
12.75 935
12.7667 935
12.7833 935
12.8 935
12.8167 935
12.8333 934
12.85 934
12.8667 934
12.8833 934
12.9 934
12.9167 933
12.9333 933
12.95 933
12.9667 933
12.9833 932
13.0 932
13.0167 932
13.0333 931
13.05 931
13.0667 931
13.0833 930
13.1 930
13.1167 929
13.1333 929
13.15 928
13.1667 928
13.1833 927
13.2 927
13.2167 926
13.2333 925
13.25 925
13.2667 924
13.2833 923
13.3 923
13.3167 922
13.3333 921
13.35 921
13.3667 920
13.3833 919
13.4 918
13.4167 917
13.4333 917
13.45 916
13.4667 915
13.4833 914
13.5 913
13.5167 912
13.5333 911
13.55 910
13.5667 909
13.5833 908
13.6 907
13.6167 906
13.6333 905
13.65 904
13.6667 903
13.6833 902
13.7 901
13.7167 899
13.7333 898
13.75 897
13.7667 896
13.7833 895
13.8 893
13.8167 892
13.8333 891
13.85 889
13.8667 888
13.8833 887
13.9 885
13.9167 884
13.9333 883
13.95 881
13.9667 880
13.9833 878
14.0 877
14.0167 875
14.0333 874
14.05 872
14.0667 871
14.0833 869
14.1 868
14.1167 866
14.1333 864
14.15 863
14.1667 861
14.1833 859
14.2 858
14.2167 856
14.2333 854
14.25 852
14.2667 851
14.2833 849
14.3 847
14.3167 845
14.3333 843
14.35 842
14.3667 840
14.3833 838
14.4 836
14.4167 834
14.4333 832
14.45 830
14.4667 828
14.4833 826
14.5 824
14.5167 822
14.5333 820
14.55 818
14.5667 816
14.5833 814
14.6 812
14.6167 809
14.6333 807
14.65 805
14.6667 803
14.6833 801
14.7 799
14.7167 796
14.7333 794
14.75 792
14.7667 790
14.7833 787
14.8 785
14.8167 783
14.8333 780
14.85 778
14.8667 776
14.8833 773
14.9 771
14.9167 768
14.9333 766
14.95 763
14.9667 761
14.9833 758
15.0 755
15.0167 753
15.0333 750
15.05 748
15.0667 745
15.0833 743
15.1 740
15.1167 737
15.1333 735
15.15 732
15.1667 729
15.1833 727
15.2 724
15.2167 721
15.2333 719
15.25 716
15.2667 713
15.2833 710
15.3 708
15.3167 705
15.3333 702
15.35 699
15.3667 696
15.3833 694
15.4 691
15.4167 688
15.4333 685
15.45 682
15.4667 679
15.4833 676
15.5 673
15.5167 670
15.5333 667
15.55 664
15.5667 661
15.5833 658
15.6 655
15.6167 652
15.6333 649
15.65 646
15.6667 643
15.6833 640
15.7 637
15.7167 634
15.7333 631
15.75 628
15.7667 625
15.7833 621
15.8 618
15.8167 615
15.8333 612
15.85 609
15.8667 605
15.8833 602
15.9 599
15.9167 596
15.9333 593
15.95 589
15.9667 586
15.9833 583
16.0 579
16.0167 576
16.0333 573
16.05 569
16.0667 566
16.0833 563
16.1 559
16.1167 556
16.1333 553
16.15 549
16.1667 546
16.1833 542
16.2 539
16.2167 536
16.2333 532
16.25 529
16.2667 525
16.2833 522
16.3 518
16.3167 515
16.3333 511
16.35 508
16.3667 504
16.3833 501
16.4 497
16.4167 494
16.4333 490
16.45 487
16.4667 483
16.4833 480
16.5 476
16.5167 473
16.5333 469
16.55 465
16.5667 462
16.5833 458
16.6 455
16.6167 451
16.6333 447
16.65 444
16.6667 440
16.6833 436
16.7 433
16.7167 429
16.7333 426
16.75 422
16.7667 418
16.7833 415
16.8 411
16.8167 407
16.8333 404
16.85 400
16.8667 396
16.8833 393
16.9 389
16.9167 385
16.9333 382
16.95 378
16.9667 374
16.9833 370
