8.0 243
8.0167 247
8.0333 251
8.05 254
8.0667 258
8.0833 262
8.1 265
8.1167 269
8.1333 273
8.15 276
8.1667 280
8.1833 284
8.2 288
8.2167 291
8.2333 295
8.25 299
8.2667 302
8.2833 306
8.3 310
8.3167 314
8.3333 317
8.35 321
8.3667 325
8.3833 328
8.4 332
8.4167 336
8.4333 340
8.45 343
8.4667 347
8.4833 351
8.5 354
8.5167 358
8.5333 362
8.55 366
8.5667 369
8.5833 373
8.6 377
8.6167 380
8.6333 384
8.65 388
8.6667 391
8.6833 395
8.7 399
8.7167 402
8.7333 406
8.75 409
8.7667 413
8.7833 417
8.8 420
8.8167 424
8.8333 428
8.85 431
8.8667 435
8.8833 438
8.9 442
8.9167 445
8.9333 449
8.95 453
8.9667 456
8.9833 460
9.0 463
9.0167 466
9.0333 470
9.05 473
9.0667 477
9.0833 480
9.1 484
9.1167 487
9.1333 491
9.15 494
9.1667 498
9.1833 501
9.2 504
9.2167 508
9.2333 511
9.25 515
9.2667 518
9.2833 521
9.3 525
9.3167 528
9.3333 531
9.35 535
9.3667 538
9.3833 541
9.4 545
9.4167 548
9.4333 551
9.45 555
9.4667 558
9.4833 561
9.5 564
9.5167 568
9.5333 571
9.55 574
9.5667 577
9.5833 580
9.6 583
9.6167 587
9.6333 590
9.65 593
9.6667 596
9.6833 599
9.7 602
9.7167 605
9.7333 608
9.75 611
9.7667 614
9.7833 617
9.8 620
9.8167 623
9.8333 626
9.85 629
9.8667 632
9.8833 635
9.9 638
9.9167 641
9.9333 644
9.95 647
9.9667 650
9.9833 652
10.0 655
10.0167 658
10.0333 661
10.05 664
10.0667 666
10.0833 669
10.1 672
10.1167 675
10.1333 677
10.15 680
10.1667 683
10.1833 685
10.2 688
10.2167 691
10.2333 693
10.25 696
10.2667 699
10.2833 701
10.3 704
10.3167 706
10.3333 709
10.35 711
10.3667 714
10.3833 716
10.4 719
10.4167 721
10.4333 724
10.45 726
10.4667 728
10.4833 731
10.5 733
10.5167 736
10.5333 738
10.55 740
10.5667 743
10.5833 745
10.6 747
10.6167 749
10.6333 752
10.65 754
10.6667 756
10.6833 758
10.7 760
10.7167 762
10.7333 765
10.75 767
10.7667 769
10.7833 771
10.8 773
10.8167 775
10.8333 777
10.85 779
10.8667 781
10.8833 783
10.9 785
10.9167 787
10.9333 789
10.95 791
10.9667 793
10.9833 794
11.0 796
11.0167 798
11.0333 800
11.05 802
11.0667 803
11.0833 805
11.1 807
11.1167 809
11.1333 810
11.15 812
11.1667 814
11.1833 815
11.2 817
11.2167 819
11.2333 820
11.25 822
11.2667 823
11.2833 825
11.3 826
11.3167 828
11.3333 829
11.35 831
11.3667 832
11.3833 834
11.4 835
11.4167 836
11.4333 838
11.45 839
11.4667 840
11.4833 842
11.5 843
11.5167 844
11.5333 845
11.55 847
11.5667 848
11.5833 849
11.6 850
11.6167 851
11.6333 852
11.65 854
11.6667 855
11.6833 856
11.7 857
11.7167 858
11.7333 859
11.75 860
11.7667 861
11.7833 862
11.8 863
11.8167 863
11.8333 864
11.85 865
11.8667 866
11.8833 867
11.9 868
11.9167 869
11.9333 869
11.95 870
11.9667 871
11.9833 871
12.0 872
12.0167 873
12.0333 873
12.05 874
12.0667 875
12.0833 875
12.1 876
12.1167 876
12.1333 877
12.15 877
12.1667 878
12.1833 878
12.2 879
12.2167 879
12.2333 880
12.25 880
12.2667 880
12.2833 881
12.3 881
12.3167 881
12.3333 882
12.35 882
12.3667 882
12.3833 882
12.4 883
12.4167 883
12.4333 883
12.45 883
12.4667 883
12.4833 883
12.5 883
12.5167 883
12.5333 883
12.55 884
12.5667 884
12.5833 883
12.6 883
12.6167 883
12.6333 883
12.65 883
12.6667 883
12.6833 883
12.7 883
12.7167 883
12.7333 882
12.75 882
12.7667 882
12.7833 882
12.8 881
12.8167 881
12.8333 881
12.85 880
12.8667 880
12.8833 880
12.9 879
12.9167 879
12.9333 878
12.95 878
12.9667 877
12.9833 877
13.0 876
13.0167 876
13.0333 875
13.05 875
13.0667 874
13.0833 873
13.1 873
13.1167 872
13.1333 871
13.15 871
13.1667 870
13.1833 869
13.2 868
13.2167 868
13.2333 867
13.25 866
13.2667 865
13.2833 864
13.3 863
13.3167 862
13.3333 862
13.35 861
13.3667 860
13.3833 859
13.4 858
13.4167 857
13.4333 856
13.45 855
13.4667 853
13.4833 852
13.5 851
13.5167 850
13.5333 849
13.55 848
13.5667 846
13.5833 845
13.6 844
13.6167 843
13.6333 841
13.65 840
13.6667 839
13.6833 838
13.7 836
13.7167 835
13.7333 833
13.75 832
13.7667 831
13.7833 829
13.8 828
13.8167 826
13.8333 825
13.85 823
13.8667 822
13.8833 820
13.9 818
13.9167 817
13.9333 815
13.95 814
13.9667 812
13.9833 810
14.0 808
14.0167 807
14.0333 805
14.05 803
14.0667 801
14.0833 800
14.1 798
14.1167 796
14.1333 794
14.15 792
14.1667 790
14.1833 789
14.2 787
14.2167 785
14.2333 783
14.25 781
14.2667 779
14.2833 777
14.3 775
14.3167 773
14.3333 771
14.35 769
14.3667 767
14.3833 764
14.4 762
14.4167 760
14.4333 758
14.45 756
14.4667 754
14.4833 751
14.5 749
14.5167 747
14.5333 745
14.55 742
14.5667 740
14.5833 738
14.6 735
14.6167 733
14.6333 731
14.65 728
14.6667 726
14.6833 723
14.7 721
14.7167 719
14.7333 716
14.75 714
14.7667 711
14.7833 709
14.8 706
14.8167 704
14.8333 701
14.85 698
14.8667 696
14.8833 693
14.9 691
14.9167 688
14.9333 685
14.95 683
14.9667 680
14.9833 677
15.0 673
15.0167 671
15.0333 668
15.05 665
15.0667 662
15.0833 660
15.1 657
15.1167 654
15.1333 651
15.15 648
15.1667 645
15.1833 643
15.2 640
15.2167 637
15.2333 634
15.25 631
15.2667 628
15.2833 625
15.3 622
15.3167 619
15.3333 616
15.35 613
15.3667 610
15.3833 607
15.4 604
15.4167 601
15.4333 598
15.45 595
15.4667 592
15.4833 588
15.5 585
15.5167 582
15.5333 579
15.55 576
15.5667 573
15.5833 569
15.6 566
15.6167 563
15.6333 560
15.65 556
15.6667 553
15.6833 550
15.7 547
15.7167 543
15.7333 540
15.75 537
15.7667 533
15.7833 530
15.8 527
15.8167 523
15.8333 520
15.85 517
15.8667 513
15.8833 510
15.9 506
15.9167 503
15.9333 500
15.95 496
15.9667 493
15.9833 489
16.0 486
16.0167 482
16.0333 479
16.05 475
16.0667 472
16.0833 468
16.1 465
16.1167 461
16.1333 458
16.15 454
16.1667 451
16.1833 447
16.2 444
16.2167 440
16.2333 436
16.25 433
16.2667 429
16.2833 426
16.3 422
16.3167 418
16.3333 415
16.35 411
16.3667 408
16.3833 404
16.4 400
16.4167 397
16.4333 393
16.45 389
16.4667 386
16.4833 382
16.5 378
16.5167 375
16.5333 371
16.55 367
16.5667 364
16.5833 360
16.6 356
16.6167 353
16.6333 349
16.65 345
16.6667 341
16.6833 338
16.7 334
16.7167 330
16.7333 327
16.75 323
16.7667 319
16.7833 316
16.8 312
16.8167 308
16.8333 304
16.85 301
16.8667 297
16.8833 293
16.9 290
16.9167 286
16.9333 282
16.95 278
16.9667 275
16.9833 271
