8.0 63
8.0167 66
8.0333 68
8.05 71
8.0667 74
8.0833 76
8.1 79
8.1167 82
8.1333 85
8.15 88
8.1667 91
8.1833 94
8.2 97
8.2167 99
8.2333 102
8.25 106
8.2667 109
8.2833 111
8.3 114
8.3167 118
8.3333 121
8.35 124
8.3667 127
8.3833 130
8.4 133
8.4167 137
8.4333 140
8.45 143
8.4667 146
8.4833 150
8.5 153
8.5167 156
8.5333 160
8.55 163
8.5667 166
8.5833 170
8.6 173
8.6167 176
8.6333 180
8.65 183
8.6667 186
8.6833 190
8.7 193
8.7167 197
8.7333 200
8.75 203
8.7667 207
8.7833 210
8.8 214
8.8167 217
8.8333 221
8.85 224
8.8667 227
8.8833 231
8.9 234
8.9167 238
8.9333 241
8.95 245
8.9667 248
8.9833 251
9.0 255
9.0167 259
9.0333 262
9.05 266
9.0667 269
9.0833 273
9.1 276
9.1167 280
9.1333 283
9.15 286
9.1667 290
9.1833 293
9.2 297
9.2167 300
9.2333 303
9.25 307
9.2667 310
9.2833 314
9.3 317
9.3167 320
9.3333 324
9.35 327
9.3667 331
9.3833 334
9.4 337
9.4167 341
9.4333 344
9.45 347
9.4667 351
9.4833 354
9.5 357
9.5167 361
9.5333 364
9.55 367
9.5667 371
9.5833 374
9.6 377
9.6167 380
9.6333 384
9.65 387
9.6667 390
9.6833 393
9.7 396
9.7167 400
9.7333 403
9.75 406
9.7667 409
9.7833 412
9.8 416
9.8167 419
9.8333 422
9.85 425
9.8667 428
9.8833 431
9.9 434
9.9167 437
9.9333 441
9.95 444
9.9667 447
9.9833 450
10.0 453
10.0167 456
10.0333 459
10.05 462
10.0667 465
10.0833 468
10.1 471
10.1167 474
10.1333 477
10.15 479
10.1667 482
10.1833 485
10.2 488
10.2167 491
10.2333 494
10.25 497
10.2667 500
10.2833 502
10.3 505
10.3167 508
10.3333 511
10.35 514
10.3667 516
10.3833 519
10.4 522
10.4167 524
10.4333 527
10.45 530
10.4667 532
10.4833 535
10.5 538
10.5167 540
10.5333 543
10.55 546
10.5667 548
10.5833 551
10.6 553
10.6167 556
10.6333 558
10.65 561
10.6667 563
10.6833 566
10.7 568
10.7167 571
10.7333 573
10.75 576
10.7667 578
10.7833 580
10.8 583
10.8167 585
10.8333 587
10.85 590
10.8667 592
10.8833 594
10.9 597
10.9167 599
10.9333 601
10.95 603
10.9667 605
10.9833 608
11.0 610
11.0167 612
11.0333 614
11.05 616
11.0667 618
11.0833 620
11.1 622
11.1167 624
11.1333 627
11.15 629
11.1667 631
11.1833 633
11.2 634
11.2167 636
11.2333 638
11.25 640
11.2667 642
11.2833 644
11.3 646
11.3167 648
11.3333 650
11.35 651
11.3667 653
11.3833 655
11.4 657
11.4167 658
11.4333 660
11.45 662
11.4667 664
11.4833 665
11.5 667
11.5167 668
11.5333 670
11.55 672
11.5667 673
11.5833 675
11.6 676
11.6167 678
11.6333 679
11.65 681
11.6667 682
11.6833 684
11.7 685
11.7167 687
11.7333 688
11.75 689
11.7667 691
11.7833 692
11.8 693
11.8167 695
11.8333 696
11.85 697
11.8667 698
11.8833 700
11.9 701
11.9167 702
11.9333 703
11.95 704
11.9667 705
11.9833 706
12.0 708
12.0167 709
12.0333 710
12.05 711
12.0667 712
12.0833 713
12.1 714
12.1167 715
12.1333 715
12.15 716
12.1667 717
12.1833 718
12.2 719
12.2167 720
12.2333 721
12.25 721
12.2667 722
12.2833 723
12.3 724
12.3167 724
12.3333 725
12.35 726
12.3667 726
12.3833 727
12.4 728
12.4167 728
12.4333 729
12.45 729
12.4667 730
12.4833 730
12.5 731
12.5167 731
12.5333 732
12.55 732
12.5667 733
12.5833 733
12.6 733
12.6167 734
12.6333 734
12.65 734
12.6667 735
12.6833 735
12.7 735
12.7167 736
12.7333 736
12.75 736
12.7667 736
12.7833 736
12.8 736
12.8167 737
12.8333 737
12.85 737
12.8667 737
12.8833 737
12.9 737
12.9167 737
12.9333 737
12.95 737
12.9667 737
12.9833 737
13.0 737
13.0167 736
13.0333 736
13.05 736
13.0667 736
13.0833 736
13.1 735
13.1167 735
13.1333 735
13.15 735
13.1667 734
13.1833 734
13.2 734
13.2167 733
13.2333 733
13.25 733
13.2667 732
13.2833 732
13.3 731
13.3167 731
13.3333 730
13.35 730
13.3667 729
13.3833 729
13.4 728
13.4167 727
13.4333 727
13.45 726
13.4667 726
13.4833 725
13.5 724
13.5167 723
13.5333 723
13.55 722
13.5667 721
13.5833 720
13.6 720
13.6167 719
13.6333 718
13.65 717
13.6667 716
13.6833 715
13.7 714
13.7167 713
13.7333 712
13.75 711
13.7667 710
13.7833 709
13.8 708
13.8167 707
13.8333 706
13.85 705
13.8667 704
13.8833 703
13.9 702
13.9167 700
13.9333 699
13.95 698
13.9667 697
13.9833 695
14.0 694
14.0167 693
14.0333 692
14.05 690
14.0667 689
14.0833 687
14.1 686
14.1167 685
14.1333 683
14.15 682
14.1667 680
14.1833 679
14.2 677
14.2167 676
14.2333 674
14.25 673
14.2667 671
14.2833 670
14.3 668
14.3167 666
14.3333 665
14.35 663
14.3667 661
14.3833 660
14.4 658
14.4167 656
14.4333 654
14.45 653
14.4667 651
14.4833 649
14.5 647
14.5167 645
14.5333 643
14.55 642
14.5667 640
14.5833 638
14.6 636
14.6167 634
14.6333 632
14.65 630
14.6667 628
14.6833 626
14.7 624
14.7167 622
14.7333 620
14.75 618
14.7667 615
14.7833 613
14.8 611
14.8167 609
14.8333 607
14.85 605
14.8667 603
14.8833 600
14.9 598
14.9167 596
14.9333 594
14.95 591
14.9667 589
14.9833 587
15.0 585
15.0167 583
15.0333 581
15.05 578
15.0667 576
15.0833 573
15.1 571
15.1167 568
15.1333 566
15.15 564
15.1667 561
15.1833 559
15.2 556
15.2167 553
15.2333 551
15.25 548
15.2667 546
15.2833 543
15.3 541
15.3167 538
15.3333 535
15.35 533
15.3667 530
15.3833 527
15.4 525
15.4167 522
15.4333 519
15.45 516
15.4667 514
15.4833 511
15.5 508
15.5167 505
15.5333 502
15.55 500
15.5667 497
15.5833 494
15.6 491
15.6167 488
15.6333 485
15.65 482
15.6667 479
15.6833 477
15.7 474
15.7167 471
15.7333 468
15.75 465
15.7667 462
15.7833 459
15.8 456
15.8167 453
15.8333 450
15.85 447
15.8667 444
15.8833 440
15.9 437
15.9167 434
15.9333 431
15.95 428
15.9667 425
15.9833 422
16.0 419
16.0167 416
16.0333 412
16.05 409
16.0667 406
16.0833 403
16.1 400
16.1167 396
16.1333 393
16.15 390
16.1667 387
16.1833 383
16.2 380
16.2167 377
16.2333 374
16.25 370
16.2667 367
16.2833 364
16.3 360
16.3167 357
16.3333 354
16.35 350
16.3667 347
16.3833 344
16.4 340
16.4167 337
16.4333 334
16.45 330
16.4667 327
16.4833 324
16.5 320
16.5167 317
16.5333 313
16.55 310
16.5667 307
16.5833 303
16.6 300
16.6167 296
16.6333 293
16.65 290
16.6667 286
16.6833 283
16.7 279
16.7167 276
16.7333 272
16.75 269
16.7667 266
16.7833 262
16.8 259
16.8167 255
16.8333 252
16.85 248
16.8667 245
16.8833 241
16.9 238
16.9167 235
16.9333 231
16.95 228
16.9667 224
16.9833 221
