8.0 52
8.0167 54
8.0333 57
8.05 59
8.0667 61
8.0833 64
8.1 66
8.1167 69
8.1333 71
8.15 74
8.1667 77
8.1833 79
8.2 82
8.2167 85
8.2333 87
8.25 90
8.2667 93
8.2833 96
8.3 98
8.3167 101
8.3333 104
8.35 107
8.3667 110
8.3833 113
8.4 116
8.4167 119
8.4333 122
8.45 125
8.4667 128
8.4833 131
8.5 134
8.5167 137
8.5333 140
8.55 143
8.5667 146
8.5833 149
8.6 152
8.6167 156
8.6333 159
8.65 162
8.6667 165
8.6833 168
8.7 171
8.7167 175
8.7333 178
8.75 181
8.7667 184
8.7833 187
8.8 191
8.8167 194
8.8333 197
8.85 200
8.8667 204
8.8833 207
8.9 210
8.9167 213
8.9333 217
8.95 220
8.9667 223
8.9833 226
9.0 230
9.0167 233
9.0333 236
9.05 240
9.0667 243
9.0833 246
9.1 250
9.1167 253
9.1333 256
9.15 259
9.1667 263
9.1833 266
9.2 269
9.2167 272
9.2333 276
9.25 279
9.2667 282
9.2833 285
9.3 289
9.3167 292
9.3333 295
9.35 298
9.3667 302
9.3833 305
9.4 308
9.4167 311
9.4333 314
9.45 318
9.4667 321
9.4833 324
9.5 327
9.5167 330
9.5333 333
9.55 337
9.5667 340
9.5833 343
9.6 346
9.6167 349
9.6333 352
9.65 355
9.6667 359
9.6833 362
9.7 365
9.7167 368
9.7333 371
9.75 374
9.7667 377
9.7833 380
9.8 383
9.8167 386
9.8333 389
9.85 392
9.8667 395
9.8833 398
9.9 401
9.9167 404
9.9333 407
9.95 410
9.9667 413
9.9833 416
10.0 419
10.0167 422
10.0333 425
10.05 427
10.0667 430
10.0833 433
10.1 436
10.1167 439
10.1333 442
10.15 445
10.1667 447
10.1833 450
10.2 453
10.2167 456
10.2333 458
10.25 461
10.2667 464
10.2833 467
10.3 469
10.3167 472
10.3333 475
10.35 477
10.3667 480
10.3833 483
10.4 485
10.4167 488
10.4333 491
10.45 493
10.4667 496
10.4833 498
10.5 501
10.5167 503
10.5333 506
10.55 508
10.5667 511
10.5833 513
10.6 516
10.6167 518
10.6333 521
10.65 523
10.6667 525
10.6833 528
10.7 530
10.7167 532
10.7333 535
10.75 537
10.7667 539
10.7833 542
10.8 544
10.8167 546
10.8333 549
10.85 551
10.8667 553
10.8833 555
10.9 557
10.9167 560
10.9333 562
10.95 564
10.9667 566
10.9833 568
11.0 570
11.0167 572
11.0333 574
11.05 576
11.0667 578
11.0833 580
11.1 582
11.1167 584
11.1333 586
11.15 588
11.1667 590
11.1833 592
11.2 594
11.2167 596
11.2333 598
11.25 599
11.2667 601
11.2833 603
11.3 605
11.3167 607
11.3333 608
11.35 610
11.3667 612
11.3833 614
11.4 615
11.4167 617
11.4333 619
11.45 620
11.4667 622
11.4833 623
11.5 625
11.5167 626
11.5333 628
11.55 630
11.5667 631
11.5833 633
11.6 634
11.6167 635
11.6333 637
11.65 638
11.6667 640
11.6833 641
11.7 642
11.7167 644
11.7333 645
11.75 646
11.7667 648
11.7833 649
11.8 650
11.8167 651
11.8333 653
11.85 654
11.8667 655
11.8833 656
11.9 657
11.9167 658
11.9333 659
11.95 661
11.9667 662
11.9833 663
12.0 664
12.0167 665
12.0333 666
12.05 667
12.0667 668
12.0833 669
12.1 669
12.1167 670
12.1333 671
12.15 672
12.1667 673
12.1833 674
12.2 674
12.2167 675
12.2333 676
12.25 677
12.2667 677
12.2833 678
12.3 679
12.3167 680
12.3333 680
12.35 681
12.3667 681
12.3833 682
12.4 683
12.4167 683
12.4333 684
12.45 684
12.4667 685
12.4833 685
12.5 686
12.5167 686
12.5333 686
12.55 687
12.5667 687
12.5833 687
12.6 688
12.6167 688
12.6333 688
12.65 689
12.6667 689
12.6833 689
12.7 689
12.7167 690
12.7333 690
12.75 690
12.7667 690
12.7833 690
12.8 690
12.8167 690
12.8333 690
12.85 690
12.8667 690
12.8833 690
12.9 690
12.9167 690
12.9333 690
12.95 690
12.9667 690
12.9833 690
13.0 690
13.0167 690
13.0333 690
13.05 689
13.0667 689
13.0833 689
13.1 689
13.1167 688
13.1333 688
13.15 688
13.1667 687
13.1833 687
13.2 687
13.2167 686
13.2333 686
13.25 685
13.2667 685
13.2833 685
13.3 684
13.3167 684
13.3333 683
13.35 682
13.3667 682
13.3833 681
13.4 681
13.4167 680
13.4333 679
13.45 679
13.4667 678
13.4833 677
13.5 677
13.5167 676
13.5333 675
13.55 674
13.5667 674
13.5833 673
13.6 672
13.6167 671
13.6333 670
13.65 669
13.6667 668
13.6833 667
13.7 666
13.7167 666
13.7333 665
13.75 664
13.7667 662
13.7833 661
13.8 660
13.8167 659
13.8333 658
13.85 657
13.8667 656
13.8833 655
13.9 654
13.9167 652
13.9333 651
13.95 650
13.9667 649
13.9833 647
14.0 646
14.0167 645
14.0333 644
14.05 642
14.0667 641
14.0833 639
14.1 638
14.1167 637
14.1333 635
14.15 634
14.1667 632
14.1833 631
14.2 629
14.2167 628
14.2333 626
14.25 625
14.2667 623
14.2833 621
14.3 620
14.3167 618
14.3333 617
14.35 615
14.3667 613
14.3833 612
14.4 610
14.4167 608
14.4333 606
14.45 605
14.4667 603
14.4833 601
14.5 599
14.5167 597
14.5333 595
14.55 594
14.5667 592
14.5833 590
14.6 588
14.6167 586
14.6333 584
14.65 582
14.6667 580
14.6833 578
14.7 576
14.7167 574
14.7333 572
14.75 570
14.7667 568
14.7833 566
14.8 563
14.8167 561
14.8333 559
14.85 557
14.8667 555
14.8833 553
14.9 550
14.9167 548
14.9333 546
14.95 544
14.9667 541
14.9833 539
15.0 538
15.0167 535
15.0333 533
15.05 531
15.0667 528
15.0833 526
15.1 524
15.1167 521
15.1333 519
15.15 516
15.1667 514
15.1833 511
15.2 509
15.2167 506
15.2333 504
15.25 501
15.2667 499
15.2833 496
15.3 494
15.3167 491
15.3333 488
15.35 486
15.3667 483
15.3833 481
15.4 478
15.4167 475
15.4333 473
15.45 470
15.4667 467
15.4833 464
15.5 462
15.5167 459
15.5333 456
15.55 453
15.5667 451
15.5833 448
15.6 445
15.6167 442
15.6333 439
15.65 437
15.6667 434
15.6833 431
15.7 428
15.7167 425
15.7333 422
15.75 419
15.7667 416
15.7833 413
15.8 410
15.8167 407
15.8333 405
15.85 402
15.8667 399
15.8833 396
15.9 393
15.9167 390
15.9333 387
15.95 384
15.9667 380
15.9833 377
16.0 374
16.0167 371
16.0333 368
16.05 365
16.0667 362
16.0833 359
16.1 356
16.1167 353
16.1333 350
16.15 346
16.1667 343
16.1833 340
16.2 337
16.2167 334
16.2333 331
16.25 327
16.2667 324
16.2833 321
16.3 318
16.3167 315
16.3333 312
16.35 308
16.3667 305
16.3833 302
16.4 299
16.4167 295
16.4333 292
16.45 289
16.4667 286
16.4833 282
16.5 279
16.5167 276
16.5333 273
16.55 269
16.5667 266
16.5833 263
16.6 260
16.6167 256
16.6333 253
16.65 250
16.6667 247
16.6833 243
16.7 240
16.7167 237
16.7333 234
16.75 230
16.7667 227
16.7833 224
16.8 220
16.8167 217
16.8333 214
16.85 211
16.8667 207
16.8833 204
16.9 201
16.9167 198
16.9333 194
16.95 191
16.9667 188
16.9833 185
