8.0 74
8.0167 77
8.0333 79
8.05 82
8.0667 85
8.0833 88
8.1 91
8.1167 94
8.1333 97
8.15 100
8.1667 103
8.1833 106
8.2 109
8.2167 112
8.2333 115
8.25 118
8.2667 121
8.2833 124
8.3 128
8.3167 131
8.3333 134
8.35 137
8.3667 141
8.3833 144
8.4 147
8.4167 150
8.4333 154
8.45 157
8.4667 160
8.4833 164
8.5 167
8.5167 171
8.5333 174
8.55 177
8.5667 181
8.5833 184
8.6 188
8.6167 191
8.6333 194
8.65 198
8.6667 201
8.6833 205
8.7 208
8.7167 212
8.7333 215
8.75 219
8.7667 222
8.7833 226
8.8 229
8.8167 233
8.8333 236
8.85 240
8.8667 243
8.8833 247
8.9 250
8.9167 254
8.9333 257
8.95 261
8.9667 264
8.9833 268
9.0 271
9.0167 275
9.0333 279
9.05 282
9.0667 286
9.0833 289
9.1 293
9.1167 296
9.1333 300
9.15 303
9.1667 307
9.1833 310
9.2 314
9.2167 317
9.2333 321
9.25 324
9.2667 328
9.2833 331
9.3 334
9.3167 338
9.3333 341
9.35 345
9.3667 348
9.3833 352
9.4 355
9.4167 358
9.4333 362
9.45 365
9.4667 369
9.4833 372
9.5 375
9.5167 379
9.5333 382
9.55 385
9.5667 389
9.5833 392
9.6 395
9.6167 399
9.6333 402
9.65 405
9.6667 408
9.6833 412
9.7 415
9.7167 418
9.7333 422
9.75 425
9.7667 428
9.7833 431
9.8 434
9.8167 438
9.8333 441
9.85 444
9.8667 447
9.8833 450
9.9 453
9.9167 457
9.9333 460
9.95 463
9.9667 466
9.9833 469
10.0 472
10.0167 475
10.0333 478
10.05 481
10.0667 484
10.0833 487
10.1 490
10.1167 493
10.1333 496
10.15 499
10.1667 502
10.1833 505
10.2 508
10.2167 511
10.2333 514
10.25 517
10.2667 520
10.2833 522
10.3 525
10.3167 528
10.3333 531
10.35 534
10.3667 537
10.3833 539
10.4 542
10.4167 545
10.4333 548
10.45 550
10.4667 553
10.4833 556
10.5 558
10.5167 561
10.5333 564
10.55 566
10.5667 569
10.5833 572
10.6 574
10.6167 577
10.6333 579
10.65 582
10.6667 584
10.6833 587
10.7 589
10.7167 592
10.7333 594
10.75 597
10.7667 599
10.7833 602
10.8 604
10.8167 606
10.8333 609
10.85 611
10.8667 613
10.8833 616
10.9 618
10.9167 620
10.9333 623
10.95 625
10.9667 627
10.9833 629
11.0 632
11.0167 634
11.0333 636
11.05 638
11.0667 640
11.0833 642
11.1 644
11.1167 646
11.1333 649
11.15 651
11.1667 653
11.1833 655
11.2 657
11.2167 659
11.2333 661
11.25 663
11.2667 664
11.2833 666
11.3 668
11.3167 670
11.3333 672
11.35 674
11.3667 676
11.3833 677
11.4 679
11.4167 681
11.4333 683
11.45 684
11.4667 686
11.4833 688
11.5 690
11.5167 691
11.5333 693
11.55 694
11.5667 696
11.5833 698
11.6 699
11.6167 701
11.6333 702
11.65 704
11.6667 705
11.6833 707
11.7 708
11.7167 710
11.7333 711
11.75 712
11.7667 714
11.7833 715
11.8 717
11.8167 718
11.8333 719
11.85 720
11.8667 722
11.8833 723
11.9 724
11.9167 725
11.9333 727
11.95 728
11.9667 729
11.9833 730
12.0 731
12.0167 732
12.0333 733
12.05 734
12.0667 735
12.0833 736
12.1 737
12.1167 738
12.1333 739
12.15 740
12.1667 741
12.1833 742
12.2 743
12.2167 744
12.2333 745
12.25 745
12.2667 746
12.2833 747
12.3 748
12.3167 748
12.3333 749
12.35 750
12.3667 751
12.3833 751
12.4 752
12.4167 752
12.4333 753
12.45 754
12.4667 754
12.4833 755
12.5 755
12.5167 756
12.5333 756
12.55 757
12.5667 757
12.5833 758
12.6 758
12.6167 758
12.6333 759
12.65 759
12.6667 759
12.6833 760
12.7 760
12.7167 760
12.7333 760
12.75 761
12.7667 761
12.7833 761
12.8 761
12.8167 761
12.8333 761
12.85 761
12.8667 762
12.8833 762
12.9 762
12.9167 762
12.9333 762
12.95 762
12.9667 762
12.9833 761
13.0 761
13.0167 761
13.0333 761
13.05 761
13.0667 761
13.0833 761
13.1 760
13.1167 760
13.1333 760
13.15 760
13.1667 759
13.1833 759
13.2 759
13.2167 758
13.2333 758
13.25 758
13.2667 757
13.2833 757
13.3 756
13.3167 756
13.3333 755
13.35 755
13.3667 754
13.3833 754
13.4 753
13.4167 753
13.4333 752
13.45 751
13.4667 751
13.4833 750
13.5 749
13.5167 749
13.5333 748
13.55 747
13.5667 746
13.5833 746
13.6 745
13.6167 744
13.6333 743
13.65 742
13.6667 741
13.6833 740
13.7 740
13.7167 739
13.7333 738
13.75 737
13.7667 736
13.7833 735
13.8 734
13.8167 732
13.8333 731
13.85 730
13.8667 729
13.8833 728
13.9 727
13.9167 726
13.9333 724
13.95 723
13.9667 722
13.9833 721
14.0 720
14.0167 718
14.0333 717
14.05 716
14.0667 714
14.0833 713
14.1 711
14.1167 710
14.1333 709
14.15 707
14.1667 706
14.1833 704
14.2 703
14.2167 701
14.2333 700
14.25 698
14.2667 696
14.2833 695
14.3 693
14.3167 692
14.3333 690
14.35 688
14.3667 687
14.3833 685
14.4 683
14.4167 681
14.4333 680
14.45 678
14.4667 676
14.4833 674
14.5 672
14.5167 671
14.5333 669
14.55 667
14.5667 665
14.5833 663
14.6 661
14.6167 659
14.6333 657
14.65 655
14.6667 653
14.6833 651
14.7 649
14.7167 647
14.7333 645
14.75 643
14.7667 641
14.7833 639
14.8 636
14.8167 634
14.8333 632
14.85 630
14.8667 628
14.8833 625
14.9 623
14.9167 621
14.9333 619
14.95 616
14.9667 614
14.9833 612
15.0 610
15.0167 608
15.0333 606
15.05 603
15.0667 601
15.0833 598
15.1 596
15.1167 593
15.1333 591
15.15 588
15.1667 586
15.1833 583
15.2 581
15.2167 578
15.2333 576
15.25 573
15.2667 571
15.2833 568
15.3 565
15.3167 563
15.3333 560
15.35 557
15.3667 555
15.3833 552
15.4 549
15.4167 546
15.4333 544
15.45 541
15.4667 538
15.4833 535
15.5 533
15.5167 530
15.5333 527
15.55 524
15.5667 521
15.5833 518
15.6 516
15.6167 513
15.6333 510
15.65 507
15.6667 504
15.6833 501
15.7 498
15.7167 495
15.7333 492
15.75 489
15.7667 486
15.7833 483
15.8 480
15.8167 477
15.8333 474
15.85 471
15.8667 468
15.8833 465
15.9 461
15.9167 458
15.9333 455
15.95 452
15.9667 449
15.9833 446
16.0 443
16.0167 439
16.0333 436
16.05 433
16.0667 430
16.0833 426
16.1 423
16.1167 420
16.1333 417
16.15 413
16.1667 410
16.1833 407
16.2 404
16.2167 400
16.2333 397
16.25 394
16.2667 390
16.2833 387
16.3 384
16.3167 380
16.3333 377
16.35 374
16.3667 370
16.3833 367
16.4 363
16.4167 360
16.4333 357
16.45 353
16.4667 350
16.4833 346
16.5 343
16.5167 340
16.5333 336
16.55 333
16.5667 329
16.5833 326
16.6 322
16.6167 319
16.6333 315
16.65 312
16.6667 308
16.6833 305
16.7 301
16.7167 298
16.7333 295
16.75 291
16.7667 288
16.7833 284
16.8 281
16.8167 277
16.8333 274
16.85 270
16.8667 267
16.8833 263
16.9 259
16.9167 256
16.9333 252
16.95 249
16.9667 245
16.9833 242
