8.0 302
8.0167 306
8.0333 310
8.05 314
8.0667 318
8.0833 321
8.1 325
8.1167 329
8.1333 333
8.15 337
8.1667 340
8.1833 344
8.2 348
8.2167 352
8.2333 356
8.25 359
8.2667 363
8.2833 367
8.3 371
8.3167 375
8.3333 378
8.35 382
8.3667 386
8.3833 390
8.4 394
8.4167 397
8.4333 401
8.45 405
8.4667 409
8.4833 412
8.5 416
8.5167 420
8.5333 424
8.55 427
8.5667 431
8.5833 435
8.6 439
8.6167 442
8.6333 446
8.65 450
8.6667 453
8.6833 457
8.7 461
8.7167 465
8.7333 468
8.75 472
8.7667 476
8.7833 479
8.8 483
8.8167 487
8.8333 490
8.85 494
8.8667 498
8.8833 501
8.9 505
8.9167 508
8.9333 512
8.95 516
8.9667 519
8.9833 523
9.0 526
9.0167 531
9.0333 534
9.05 538
9.0667 541
9.0833 545
9.1 548
9.1167 552
9.1333 555
9.15 559
9.1667 562
9.1833 566
9.2 569
9.2167 573
9.2333 576
9.25 579
9.2667 583
9.2833 586
9.3 590
9.3167 593
9.3333 596
9.35 600
9.3667 603
9.3833 607
9.4 610
9.4167 613
9.4333 617
9.45 620
9.4667 623
9.4833 626
9.5 630
9.5167 633
9.5333 636
9.55 639
9.5667 643
9.5833 646
9.6 649
9.6167 652
9.6333 655
9.65 659
9.6667 662
9.6833 665
9.7 668
9.7167 671
9.7333 674
9.75 677
9.7667 680
9.7833 684
9.8 687
9.8167 690
9.8333 693
9.85 696
9.8667 699
9.8833 702
9.9 705
9.9167 708
9.9333 710
9.95 713
9.9667 716
9.9833 719
10.0 722
10.0167 725
10.0333 728
10.05 731
10.0667 734
10.0833 736
10.1 739
10.1167 742
10.1333 745
10.15 747
10.1667 750
10.1833 753
10.2 756
10.2167 758
10.2333 761
10.25 764
10.2667 766
10.2833 769
10.3 772
10.3167 774
10.3333 777
10.35 779
10.3667 782
10.3833 784
10.4 787
10.4167 790
10.4333 792
10.45 795
10.4667 797
10.4833 799
10.5 802
10.5167 804
10.5333 807
10.55 809
10.5667 811
10.5833 814
10.6 816
10.6167 818
10.6333 821
10.65 823
10.6667 825
10.6833 828
10.7 830
10.7167 832
10.7333 834
10.75 836
10.7667 839
10.7833 841
10.8 843
10.8167 845
10.8333 847
10.85 849
10.8667 851
10.8833 853
10.9 855
10.9167 857
10.9333 859
10.95 861
10.9667 863
10.9833 865
11.0 867
11.0167 869
11.0333 871
11.05 873
11.0667 875
11.0833 876
11.1 878
11.1167 880
11.1333 882
11.15 884
11.1667 885
11.1833 887
11.2 889
11.2167 891
11.2333 892
11.25 894
11.2667 896
11.2833 897
11.3 899
11.3167 900
11.3333 902
11.35 903
11.3667 905
11.3833 906
11.4 908
11.4167 909
11.4333 911
11.45 912
11.4667 914
11.4833 915
11.5 917
11.5167 918
11.5333 919
11.55 921
11.5667 922
11.5833 923
11.6 924
11.6167 926
11.6333 927
11.65 928
11.6667 929
11.6833 930
11.7 932
11.7167 933
11.7333 934
11.75 935
11.7667 936
11.7833 937
11.8 938
11.8167 939
11.8333 940
11.85 941
11.8667 942
11.8833 943
11.9 944
11.9167 945
11.9333 946
11.95 946
11.9667 947
11.9833 948
12.0 949
12.0167 950
12.0333 951
12.05 951
12.0667 952
12.0833 953
12.1 953
12.1167 954
12.1333 955
12.15 955
12.1667 956
12.1833 956
12.2 957
12.2167 958
12.2333 958
12.25 959
12.2667 959
12.2833 960
12.3 960
12.3167 960
12.3333 961
12.35 961
12.3667 962
12.3833 962
12.4 962
12.4167 963
12.4333 963
12.45 963
12.4667 963
12.4833 964
12.5 964
12.5167 964
12.5333 964
12.55 964
12.5667 964
12.5833 965
12.6 965
12.6167 965
12.6333 965
12.65 965
12.6667 965
12.6833 965
12.7 965
12.7167 965
12.7333 965
12.75 964
12.7667 964
12.7833 964
12.8 964
12.8167 964
12.8333 964
12.85 964
12.8667 963
12.8833 963
12.9 963
12.9167 962
12.9333 962
12.95 962
12.9667 961
12.9833 961
13.0 961
13.0167 960
13.0333 960
13.05 959
13.0667 959
13.0833 958
13.1 958
13.1167 957
13.1333 957
13.15 956
13.1667 956
13.1833 955
13.2 954
13.2167 954
13.2333 953
13.25 952
13.2667 952
13.2833 951
13.3 950
13.3167 949
13.3333 949
13.35 948
13.3667 947
13.3833 946
13.4 945
13.4167 944
13.4333 944
13.45 943
13.4667 942
13.4833 941
13.5 940
13.5167 939
13.5333 938
13.55 937
13.5667 936
13.5833 934
13.6 933
13.6167 932
13.6333 931
13.65 930
13.6667 929
13.6833 928
13.7 926
13.7167 925
13.7333 924
13.75 923
13.7667 921
13.7833 920
13.8 919
13.8167 917
13.8333 916
13.85 915
13.8667 913
13.8833 912
13.9 910
13.9167 909
13.9333 907
13.95 906
13.9667 904
13.9833 903
14.0 901
14.0167 900
14.0333 898
14.05 897
14.0667 895
14.0833 893
14.1 892
14.1167 890
14.1333 888
14.15 886
14.1667 885
14.1833 883
14.2 881
14.2167 879
14.2333 878
14.25 876
14.2667 874
14.2833 872
14.3 870
14.3167 868
14.3333 866
14.35 864
14.3667 863
14.3833 861
14.4 859
14.4167 857
14.4333 855
14.45 852
14.4667 850
14.4833 848
14.5 846
14.5167 844
14.5333 842
14.55 840
14.5667 838
14.5833 836
14.6 833
14.6167 831
14.6333 829
14.65 827
14.6667 824
14.6833 822
14.7 820
14.7167 818
14.7333 815
14.75 813
14.7667 811
14.7833 808
14.8 806
14.8167 803
14.8333 801
14.85 799
14.8667 796
14.8833 794
14.9 791
14.9167 789
14.9333 786
14.95 784
14.9667 781
14.9833 778
15.0 776
15.0167 773
15.0333 771
15.05 768
15.0667 766
15.0833 763
15.1 760
15.1167 758
15.1333 755
15.15 752
15.1667 749
15.1833 747
15.2 744
15.2167 741
15.2333 738
15.25 736
15.2667 733
15.2833 730
15.3 727
15.3167 724
15.3333 721
15.35 718
15.3667 715
15.3833 713
15.4 710
15.4167 707
15.4333 704
15.45 701
15.4667 698
15.4833 695
15.5 692
15.5167 689
15.5333 686
15.55 683
15.5667 680
15.5833 676
15.6 673
15.6167 670
15.6333 667
15.65 664
15.6667 661
15.6833 658
15.7 655
15.7167 651
15.7333 648
15.75 645
15.7667 642
15.7833 639
15.8 635
15.8167 632
15.8333 629
15.85 625
15.8667 622
15.8833 619
15.9 616
15.9167 612
15.9333 609
15.95 606
15.9667 602
15.9833 599
16.0 595
16.0167 592
16.0333 589
16.05 585
16.0667 582
16.0833 578
16.1 575
16.1167 572
16.1333 568
16.15 565
16.1667 561
16.1833 558
16.2 554
16.2167 551
16.2333 547
16.25 544
16.2667 540
16.2833 537
16.3 533
16.3167 529
16.3333 526
16.35 522
16.3667 519
16.3833 515
16.4 512
16.4167 508
16.4333 504
16.45 501
16.4667 497
16.4833 493
16.5 490
16.5167 486
16.5333 483
16.55 479
16.5667 475
16.5833 472
16.6 468
16.6167 464
16.6333 460
16.65 457
16.6667 453
16.6833 449
16.7 446
16.7167 442
16.7333 438
16.75 434
16.7667 431
16.7833 427
16.8 423
16.8167 419
16.8333 416
16.85 412
16.8667 408
16.8833 404
16.9 401
16.9167 397
16.9333 393
16.95 389
16.9667 386
16.9833 382
