8.0 291
8.0167 295
8.0333 299
8.05 303
8.0667 307
8.0833 311
8.1 315
8.1167 319
8.1333 323
8.15 327
8.1667 330
8.1833 334
8.2 338
8.2167 342
8.2333 346
8.25 350
8.2667 354
8.2833 358
8.3 362
8.3167 366
8.3333 370
8.35 374
8.3667 378
8.3833 381
8.4 385
8.4167 389
8.4333 393
8.45 397
8.4667 401
8.4833 405
8.5 409
8.5167 413
8.5333 416
8.55 420
8.5667 424
8.5833 428
8.6 432
8.6167 436
8.6333 440
8.65 443
8.6667 447
8.6833 451
8.7 455
8.7167 459
8.7333 462
8.75 466
8.7667 470
8.7833 474
8.8 477
8.8167 481
8.8333 485
8.85 489
8.8667 492
8.8833 496
8.9 500
8.9167 504
8.9333 507
8.95 511
8.9667 515
8.9833 518
9.0 522
9.0167 525
9.0333 529
9.05 533
9.0667 536
9.0833 540
9.1 543
9.1167 547
9.1333 551
9.15 554
9.1667 558
9.1833 561
9.2 565
9.2167 568
9.2333 572
9.25 575
9.2667 579
9.2833 582
9.3 586
9.3167 589
9.3333 593
9.35 596
9.3667 600
9.3833 603
9.4 607
9.4167 610
9.4333 613
9.45 617
9.4667 620
9.4833 623
9.5 627
9.5167 630
9.5333 633
9.55 637
9.5667 640
9.5833 643
9.6 647
9.6167 650
9.6333 653
9.65 656
9.6667 660
9.6833 663
9.7 666
9.7167 669
9.7333 672
9.75 675
9.7667 679
9.7833 682
9.8 685
9.8167 688
9.8333 691
9.85 694
9.8667 697
9.8833 700
9.9 703
9.9167 706
9.9333 709
9.95 712
9.9667 715
9.9833 718
10.0 721
10.0167 724
10.0333 727
10.05 730
10.0667 733
10.0833 735
10.1 738
10.1167 741
10.1333 744
10.15 747
10.1667 750
10.1833 752
10.2 755
10.2167 758
10.2333 761
10.25 763
10.2667 766
10.2833 769
10.3 771
10.3167 774
10.3333 777
10.35 779
10.3667 782
10.3833 784
10.4 787
10.4167 789
10.4333 792
10.45 794
10.4667 797
10.4833 799
10.5 802
10.5167 804
10.5333 807
10.55 809
10.5667 812
10.5833 814
10.6 816
10.6167 819
10.6333 821
10.65 823
10.6667 826
10.6833 828
10.7 830
10.7167 832
10.7333 835
10.75 837
10.7667 839
10.7833 841
10.8 843
10.8167 846
10.8333 848
10.85 850
10.8667 852
10.8833 854
10.9 856
10.9167 858
10.9333 860
10.95 862
10.9667 864
10.9833 866
11.0 868
11.0167 870
11.0333 872
11.05 874
11.0667 875
11.0833 877
11.1 879
11.1167 881
11.1333 883
11.15 885
11.1667 886
11.1833 888
11.2 890
11.2167 891
11.2333 893
11.25 895
11.2667 896
11.2833 898
11.3 900
11.3167 901
11.3333 903
11.35 904
11.3667 906
11.3833 907
11.4 909
11.4167 910
11.4333 912
11.45 913
11.4667 915
11.4833 916
11.5 918
11.5167 919
11.5333 920
11.55 922
11.5667 923
11.5833 924
11.6 925
11.6167 927
11.6333 928
11.65 929
11.6667 930
11.6833 931
11.7 933
11.7167 934
11.7333 935
11.75 936
11.7667 937
11.7833 938
11.8 939
11.8167 940
11.8333 941
11.85 942
11.8667 943
11.8833 944
11.9 945
11.9167 946
11.9333 947
11.95 947
11.9667 948
11.9833 949
12.0 950
12.0167 951
12.0333 951
12.05 952
12.0667 953
12.0833 953
12.1 954
12.1167 955
12.1333 955
12.15 956
12.1667 957
12.1833 957
12.2 958
12.2167 958
12.2333 959
12.25 959
12.2667 960
12.2833 960
12.3 961
12.3167 961
12.3333 961
12.35 962
12.3667 962
12.3833 962
12.4 963
12.4167 963
12.4333 963
12.45 964
12.4667 964
12.4833 964
12.5 964
12.5167 964
12.5333 964
12.55 965
12.5667 965
12.5833 965
12.6 965
12.6167 965
12.6333 965
12.65 965
12.6667 965
12.6833 965
12.7 965
12.7167 965
12.7333 965
12.75 964
12.7667 964
12.7833 964
12.8 964
12.8167 964
12.8333 964
12.85 963
12.8667 963
12.8833 963
12.9 962
12.9167 962
12.9333 962
12.95 961
12.9667 961
12.9833 961
13.0 960
13.0167 960
13.0333 959
13.05 959
13.0667 958
13.0833 958
13.1 957
13.1167 957
13.1333 956
13.15 955
13.1667 955
13.1833 954
13.2 953
13.2167 953
13.2333 952
13.25 951
13.2667 951
13.2833 950
13.3 949
13.3167 948
13.3333 947
13.35 947
13.3667 946
13.3833 945
13.4 944
13.4167 943
13.4333 942
13.45 941
13.4667 940
13.4833 939
13.5 938
13.5167 937
13.5333 936
13.55 935
13.5667 934
13.5833 933
13.6 931
13.6167 930
13.6333 929
13.65 928
13.6667 927
13.6833 925
13.7 924
13.7167 923
13.7333 922
13.75 920
13.7667 919
13.7833 918
13.8 916
13.8167 915
13.8333 913
13.85 912
13.8667 910
13.8833 909
13.9 907
13.9167 906
13.9333 904
13.95 903
13.9667 901
13.9833 900
14.0 898
14.0167 896
14.0333 895
14.05 893
14.0667 891
14.0833 890
14.1 888
14.1167 886
14.1333 885
14.15 883
14.1667 881
14.1833 879
14.2 877
14.2167 875
14.2333 874
14.25 872
14.2667 870
14.2833 868
14.3 866
14.3167 864
14.3333 862
14.35 860
14.3667 858
14.3833 856
14.4 854
14.4167 852
14.4333 850
14.45 848
14.4667 846
14.4833 843
14.5 841
14.5167 839
14.5333 837
14.55 835
14.5667 832
14.5833 830
14.6 828
14.6167 826
14.6333 823
14.65 821
14.6667 819
14.6833 816
14.7 814
14.7167 812
14.7333 809
14.75 807
14.7667 804
14.7833 802
14.8 799
14.8167 797
14.8333 794
14.85 792
14.8667 789
14.8833 787
14.9 784
14.9167 782
14.9333 779
14.95 777
14.9667 774
14.9833 771
15.0 768
15.0167 765
15.0333 762
15.05 760
15.0667 757
15.0833 754
15.1 751
15.1167 749
15.1333 746
15.15 743
15.1667 740
15.1833 737
15.2 735
15.2167 732
15.2333 729
15.25 726
15.2667 723
15.2833 720
15.3 717
15.3167 714
15.3333 711
15.35 708
15.3667 705
15.3833 702
15.4 699
15.4167 696
15.4333 693
15.45 690
15.4667 687
15.4833 684
15.5 681
15.5167 678
15.5333 675
15.55 671
15.5667 668
15.5833 665
15.6 662
15.6167 659
15.6333 655
15.65 652
15.6667 649
15.6833 646
15.7 642
15.7167 639
15.7333 636
15.75 633
15.7667 629
15.7833 626
15.8 623
15.8167 619
15.8333 616
15.85 612
15.8667 609
15.8833 606
15.9 602
15.9167 599
15.9333 595
15.95 592
15.9667 588
15.9833 585
16.0 582
16.0167 578
16.0333 575
16.05 571
16.0667 567
16.0833 564
16.1 560
16.1167 557
16.1333 553
16.15 550
16.1667 546
16.1833 543
16.2 539
16.2167 535
16.2333 532
16.25 528
16.2667 524
16.2833 521
16.3 517
16.3167 513
16.3333 510
16.35 506
16.3667 502
16.3833 499
16.4 495
16.4167 491
16.4333 487
16.45 484
16.4667 480
16.4833 476
16.5 472
16.5167 469
16.5333 465
16.55 461
16.5667 457
16.5833 453
16.6 450
16.6167 446
16.6333 442
16.65 438
16.6667 434
16.6833 431
16.7 427
16.7167 423
16.7333 419
16.75 415
16.7667 411
16.7833 407
16.8 403
16.8167 400
16.8333 396
16.85 392
16.8667 388
16.8833 384
16.9 380
16.9167 376
16.9333 372
16.95 368
16.9667 364
16.9833 361
