8.0 147
8.0167 151
8.0333 154
8.05 157
8.0667 161
8.0833 164
8.1 168
8.1167 171
8.1333 175
8.15 178
8.1667 182
8.1833 185
8.2 188
8.2167 192
8.2333 195
8.25 199
8.2667 202
8.2833 206
8.3 209
8.3167 213
8.3333 216
8.35 220
8.3667 223
8.3833 227
8.4 230
8.4167 234
8.4333 237
8.45 241
8.4667 244
8.4833 248
8.5 251
8.5167 255
8.5333 258
8.55 262
8.5667 265
8.5833 269
8.6 272
8.6167 276
8.6333 279
8.65 283
8.6667 286
8.6833 290
8.7 293
8.7167 297
8.7333 300
8.75 304
8.7667 307
8.7833 311
8.8 314
8.8167 317
8.8333 321
8.85 324
8.8667 328
8.8833 331
8.9 335
8.9167 338
8.9333 341
8.95 345
8.9667 348
8.9833 351
9.0 355
9.0167 357
9.0333 361
9.05 364
9.0667 367
9.0833 371
9.1 374
9.1167 377
9.1333 380
9.15 384
9.1667 387
9.1833 390
9.2 393
9.2167 397
9.2333 400
9.25 403
9.2667 406
9.2833 410
9.3 413
9.3167 416
9.3333 419
9.35 422
9.3667 425
9.3833 429
9.4 432
9.4167 435
9.4333 438
9.45 441
9.4667 444
9.4833 447
9.5 450
9.5167 453
9.5333 456
9.55 459
9.5667 462
9.5833 465
9.6 468
9.6167 471
9.6333 474
9.65 477
9.6667 480
9.6833 483
9.7 486
9.7167 489
9.7333 492
9.75 494
9.7667 497
9.7833 500
9.8 503
9.8167 506
9.8333 509
9.85 511
9.8667 514
9.8833 517
9.9 520
9.9167 522
9.9333 525
9.95 528
9.9667 530
9.9833 533
10.0 536
10.0167 538
10.0333 541
10.05 544
10.0667 546
10.0833 549
10.1 551
10.1167 554
10.1333 556
10.15 559
10.1667 561
10.1833 564
10.2 566
10.2167 569
10.2333 571
10.25 574
10.2667 576
10.2833 579
10.3 581
10.3167 583
10.3333 586
10.35 588
10.3667 590
10.3833 593
10.4 595
10.4167 597
10.4333 599
10.45 602
10.4667 604
10.4833 606
10.5 608
10.5167 610
10.5333 613
10.55 615
10.5667 617
10.5833 619
10.6 621
10.6167 623
10.6333 625
10.65 627
10.6667 629
10.6833 631
10.7 633
10.7167 635
10.7333 637
10.75 639
10.7667 641
10.7833 643
10.8 645
10.8167 647
10.8333 648
10.85 650
10.8667 652
10.8833 654
10.9 656
10.9167 657
10.9333 659
10.95 661
10.9667 663
10.9833 664
11.0 666
11.0167 668
11.0333 669
11.05 671
11.0667 672
11.0833 674
11.1 676
11.1167 677
11.1333 679
11.15 680
11.1667 682
11.1833 683
11.2 685
11.2167 686
11.2333 687
11.25 689
11.2667 690
11.2833 691
11.3 693
11.3167 694
11.3333 695
11.35 697
11.3667 698
11.3833 699
11.4 700
11.4167 702
11.4333 703
11.45 704
11.4667 705
11.4833 706
11.5 707
11.5167 708
11.5333 710
11.55 711
11.5667 712
11.5833 713
11.6 714
11.6167 715
11.6333 716
11.65 717
11.6667 717
11.6833 718
11.7 719
11.7167 720
11.7333 721
11.75 722
11.7667 723
11.7833 723
11.8 724
11.8167 725
11.8333 726
11.85 726
11.8667 727
11.8833 728
11.9 728
11.9167 729
11.9333 729
11.95 730
11.9667 731
11.9833 731
12.0 732
12.0167 732
12.0333 733
12.05 733
12.0667 734
12.0833 734
12.1 734
12.1167 735
12.1333 735
12.15 736
12.1667 736
12.1833 736
12.2 736
12.2167 737
12.2333 737
12.25 737
12.2667 737
12.2833 738
12.3 738
12.3167 738
12.3333 738
12.35 738
12.3667 738
12.3833 738
12.4 738
12.4167 738
12.4333 738
12.45 738
12.4667 738
12.4833 738
12.5 738
12.5167 738
12.5333 738
12.55 738
12.5667 738
12.5833 738
12.6 738
12.6167 737
12.6333 737
12.65 737
12.6667 737
12.6833 736
12.7 736
12.7167 736
12.7333 735
12.75 735
12.7667 735
12.7833 734
12.8 734
12.8167 733
12.8333 733
12.85 732
12.8667 732
12.8833 731
12.9 731
12.9167 730
12.9333 730
12.95 729
12.9667 729
12.9833 728
13.0 727
13.0167 727
13.0333 726
13.05 725
13.0667 724
13.0833 724
13.1 723
13.1167 722
13.1333 721
13.15 720
13.1667 720
13.1833 719
13.2 718
13.2167 717
13.2333 716
13.25 715
13.2667 714
13.2833 713
13.3 712
13.3167 711
13.3333 710
13.35 709
13.3667 708
13.3833 707
13.4 706
13.4167 705
13.4333 703
13.45 702
13.4667 701
13.4833 700
13.5 699
13.5167 697
13.5333 696
13.55 695
13.5667 693
13.5833 692
13.6 691
13.6167 689
13.6333 688
13.65 687
13.6667 685
13.6833 684
13.7 682
13.7167 681
13.7333 679
13.75 678
13.7667 676
13.7833 675
13.8 673
13.8167 672
13.8333 670
13.85 668
13.8667 667
13.8833 665
13.9 663
13.9167 662
13.9333 660
13.95 658
13.9667 657
13.9833 655
14.0 653
14.0167 651
14.0333 649
14.05 648
14.0667 646
14.0833 644
14.1 642
14.1167 640
14.1333 638
14.15 636
14.1667 634
14.1833 632
14.2 630
14.2167 628
14.2333 626
14.25 624
14.2667 622
14.2833 620
14.3 618
14.3167 616
14.3333 614
14.35 612
14.3667 609
14.3833 607
14.4 605
14.4167 603
14.4333 601
14.45 598
14.4667 596
14.4833 594
14.5 591
14.5167 589
14.5333 587
14.55 585
14.5667 582
14.5833 580
14.6 577
14.6167 575
14.6333 573
14.65 570
14.6667 568
14.6833 565
14.7 563
14.7167 560
14.7333 558
14.75 555
14.7667 553
14.7833 550
14.8 548
14.8167 545
14.8333 542
14.85 540
14.8667 537
14.8833 534
14.9 532
14.9167 529
14.9333 526
14.95 524
14.9667 521
14.9833 518
15.0 515
15.0167 512
15.0333 509
15.05 507
15.0667 504
15.0833 501
15.1 498
15.1167 495
15.1333 492
15.15 490
15.1667 487
15.1833 484
15.2 481
15.2167 478
15.2333 475
15.25 472
15.2667 469
15.2833 466
15.3 463
15.3167 460
15.3333 457
15.35 454
15.3667 451
15.3833 448
15.4 445
15.4167 442
15.4333 439
15.45 436
15.4667 433
15.4833 430
15.5 426
15.5167 423
15.5333 420
15.55 417
15.5667 414
15.5833 411
15.6 407
15.6167 404
15.6333 401
15.65 398
15.6667 395
15.6833 391
15.7 388
15.7167 385
15.7333 382
15.75 378
15.7667 375
15.7833 372
15.8 368
15.8167 365
15.8333 362
15.85 358
15.8667 355
15.8833 352
15.9 348
15.9167 345
15.9333 342
15.95 338
15.9667 335
15.9833 332
16.0 328
16.0167 325
16.0333 321
16.05 318
16.0667 314
16.0833 311
16.1 308
16.1167 304
16.1333 301
16.15 297
16.1667 294
16.1833 290
16.2 287
16.2167 283
16.2333 280
16.25 276
16.2667 273
16.2833 269
16.3 266
16.3167 262
16.3333 259
16.35 255
16.3667 252
16.3833 249
16.4 245
16.4167 241
16.4333 238
16.45 234
16.4667 231
16.4833 227
16.5 224
16.5167 220
16.5333 217
16.55 213
16.5667 210
16.5833 206
16.6 203
16.6167 199
16.6333 196
16.65 193
16.6667 189
16.6833 186
16.7 182
16.7167 179
16.7333 175
16.75 172
16.7667 168
16.7833 165
16.8 161
16.8167 158
16.8333 155
16.85 151
16.8667 148
16.8833 144
16.9 141
16.9167 138
16.9333 134
16.95 131
16.9667 128
16.9833 124
