8.0 142
8.0167 145
8.0333 148
8.05 152
8.0667 155
8.0833 158
8.1 162
8.1167 165
8.1333 169
8.15 172
8.1667 176
8.1833 179
8.2 183
8.2167 186
8.2333 189
8.25 193
8.2667 196
8.2833 200
8.3 203
8.3167 207
8.3333 210
8.35 214
8.3667 217
8.3833 221
8.4 224
8.4167 228
8.4333 231
8.45 235
8.4667 238
8.4833 242
8.5 245
8.5167 249
8.5333 252
8.55 256
8.5667 259
8.5833 263
8.6 266
8.6167 270
8.6333 273
8.65 276
8.6667 280
8.6833 283
8.7 287
8.7167 290
8.7333 294
8.75 297
8.7667 301
8.7833 304
8.8 307
8.8167 311
8.8333 314
8.85 318
8.8667 321
8.8833 324
8.9 328
8.9167 331
8.9333 335
8.95 338
8.9667 341
8.9833 345
9.0 348
9.0167 351
9.0333 354
9.05 357
9.0667 361
9.0833 364
9.1 367
9.1167 370
9.1333 374
9.15 377
9.1667 380
9.1833 383
9.2 387
9.2167 390
9.2333 393
9.25 396
9.2667 400
9.2833 403
9.3 406
9.3167 409
9.3333 412
9.35 415
9.3667 419
9.3833 422
9.4 425
9.4167 428
9.4333 431
9.45 434
9.4667 437
9.4833 440
9.5 443
9.5167 446
9.5333 449
9.55 452
9.5667 455
9.5833 458
9.6 461
9.6167 464
9.6333 467
9.65 470
9.6667 473
9.6833 476
9.7 479
9.7167 482
9.7333 485
9.75 488
9.7667 490
9.7833 493
9.8 496
9.8167 499
9.8333 502
9.85 504
9.8667 507
9.8833 510
9.9 513
9.9167 515
9.9333 518
9.95 521
9.9667 523
9.9833 526
10.0 529
10.0167 531
10.0333 534
10.05 537
10.0667 539
10.0833 542
10.1 544
10.1167 547
10.1333 550
10.15 552
10.1667 555
10.1833 557
10.2 560
10.2167 562
10.2333 564
10.25 567
10.2667 569
10.2833 572
10.3 574
10.3167 576
10.3333 579
10.35 581
10.3667 583
10.3833 586
10.4 588
10.4167 590
10.4333 593
10.45 595
10.4667 597
10.4833 599
10.5 601
10.5167 604
10.5333 606
10.55 608
10.5667 610
10.5833 612
10.6 614
10.6167 616
10.6333 618
10.65 620
10.6667 622
10.6833 624
10.7 626
10.7167 628
10.7333 630
10.75 632
10.7667 634
10.7833 636
10.8 638
10.8167 640
10.8333 642
10.85 643
10.8667 645
10.8833 647
10.9 649
10.9167 651
10.9333 652
10.95 654
10.9667 656
10.9833 657
11.0 659
11.0167 661
11.0333 662
11.05 664
11.0667 666
11.0833 667
11.1 669
11.1167 670
11.1333 672
11.15 673
11.1667 675
11.1833 676
11.2 678
11.2167 679
11.2333 681
11.25 682
11.2667 683
11.2833 685
11.3 686
11.3167 687
11.3333 689
11.35 690
11.3667 691
11.3833 692
11.4 694
11.4167 695
11.4333 696
11.45 697
11.4667 698
11.4833 700
11.5 701
11.5167 702
11.5333 703
11.55 704
11.5667 705
11.5833 706
11.6 707
11.6167 708
11.6333 709
11.65 710
11.6667 711
11.6833 712
11.7 713
11.7167 713
11.7333 714
11.75 715
11.7667 716
11.7833 717
11.8 718
11.8167 718
11.8333 719
11.85 720
11.8667 720
11.8833 721
11.9 722
11.9167 722
11.9333 723
11.95 724
11.9667 724
11.9833 725
12.0 725
12.0167 726
12.0333 726
12.05 727
12.0667 727
12.0833 728
12.1 728
12.1167 728
12.1333 729
12.15 729
12.1667 729
12.1833 730
12.2 730
12.2167 730
12.2333 731
12.25 731
12.2667 731
12.2833 731
12.3 731
12.3167 732
12.3333 732
12.35 732
12.3667 732
12.3833 732
12.4 732
12.4167 732
12.4333 732
12.45 732
12.4667 732
12.4833 732
12.5 732
12.5167 732
12.5333 732
12.55 732
12.5667 732
12.5833 732
12.6 731
12.6167 731
12.6333 731
12.65 731
12.6667 731
12.6833 730
12.7 730
12.7167 730
12.7333 729
12.75 729
12.7667 729
12.7833 728
12.8 728
12.8167 727
12.8333 727
12.85 726
12.8667 726
12.8833 725
12.9 725
12.9167 724
12.9333 724
12.95 723
12.9667 723
12.9833 722
13.0 721
13.0167 721
13.0333 720
13.05 719
13.0667 719
13.0833 718
13.1 717
13.1167 716
13.1333 715
13.15 715
13.1667 714
13.1833 713
13.2 712
13.2167 711
13.2333 710
13.25 709
13.2667 708
13.2833 707
13.3 706
13.3167 705
13.3333 704
13.35 703
13.3667 702
13.3833 701
13.4 700
13.4167 699
13.4333 698
13.45 697
13.4667 695
13.4833 694
13.5 693
13.5167 692
13.5333 691
13.55 689
13.5667 688
13.5833 687
13.6 685
13.6167 684
13.6333 683
13.65 681
13.6667 680
13.6833 678
13.7 677
13.7167 675
13.7333 674
13.75 672
13.7667 671
13.7833 669
13.8 668
13.8167 666
13.8333 665
13.85 663
13.8667 661
13.8833 660
13.9 658
13.9167 656
13.9333 655
13.95 653
13.9667 651
13.9833 650
14.0 648
14.0167 646
14.0333 644
14.05 642
14.0667 641
14.0833 639
14.1 637
14.1167 635
14.1333 633
14.15 631
14.1667 629
14.1833 627
14.2 625
14.2167 623
14.2333 621
14.25 619
14.2667 617
14.2833 615
14.3 613
14.3167 611
14.3333 609
14.35 607
14.3667 604
14.3833 602
14.4 600
14.4167 598
14.4333 596
14.45 593
14.4667 591
14.4833 589
14.5 587
14.5167 584
14.5333 582
14.55 580
14.5667 577
14.5833 575
14.6 573
14.6167 570
14.6333 568
14.65 565
14.6667 563
14.6833 561
14.7 558
14.7167 556
14.7333 553
14.75 551
14.7667 548
14.7833 546
14.8 543
14.8167 540
14.8333 538
14.85 535
14.8667 533
14.8833 530
14.9 527
14.9167 525
14.9333 522
14.95 519
14.9667 517
14.9833 514
15.0 511
15.0167 508
15.0333 505
15.05 502
15.0667 500
15.0833 497
15.1 494
15.1167 491
15.1333 488
15.15 485
15.1667 482
15.1833 480
15.2 477
15.2167 474
15.2333 471
15.25 468
15.2667 465
15.2833 462
15.3 459
15.3167 456
15.3333 453
15.35 450
15.3667 447
15.3833 444
15.4 441
15.4167 438
15.4333 435
15.45 432
15.4667 429
15.4833 426
15.5 423
15.5167 419
15.5333 416
15.55 413
15.5667 410
15.5833 407
15.6 404
15.6167 400
15.6333 397
15.65 394
15.6667 391
15.6833 388
15.7 384
15.7167 381
15.7333 378
15.75 375
15.7667 371
15.7833 368
15.8 365
15.8167 361
15.8333 358
15.85 355
15.8667 352
15.8833 348
15.9 345
15.9167 342
15.9333 338
15.95 335
15.9667 331
15.9833 328
16.0 325
16.0167 321
16.0333 318
16.05 314
16.0667 311
16.0833 308
16.1 304
16.1167 301
16.1333 297
16.15 294
16.1667 291
16.1833 287
16.2 284
16.2167 280
16.2333 277
16.25 273
16.2667 270
16.2833 266
16.3 263
16.3167 259
16.3333 256
16.35 252
16.3667 249
16.3833 245
16.4 242
16.4167 239
16.4333 235
16.45 232
16.4667 228
16.4833 225
16.5 221
16.5167 218
16.5333 214
16.55 211
16.5667 207
16.5833 204
16.6 200
16.6167 197
16.6333 193
16.65 190
16.6667 186
16.6833 183
16.7 179
16.7167 176
16.7333 173
16.75 169
16.7667 166
16.7833 162
16.8 159
16.8167 156
16.8333 152
16.85 149
16.8667 145
16.8833 142
16.9 139
16.9167 135
16.9333 132
16.95 129
16.9667 125
16.9833 122
