8.0 100
8.0167 103
8.0333 106
8.05 109
8.0667 112
8.0833 116
8.1 119
8.1167 122
8.1333 125
8.15 129
8.1667 132
8.1833 135
8.2 139
8.2167 142
8.2333 146
8.25 149
8.2667 152
8.2833 156
8.3 159
8.3167 163
8.3333 166
8.35 169
8.3667 173
8.3833 176
8.4 180
8.4167 183
8.4333 186
8.45 190
8.4667 193
8.4833 197
8.5 200
8.5167 204
8.5333 207
8.55 210
8.5667 214
8.5833 217
8.6 221
8.6167 224
8.6333 228
8.65 231
8.6667 235
8.6833 238
8.7 241
8.7167 245
8.7333 248
8.75 252
8.7667 255
8.7833 259
8.8 262
8.8167 265
8.8333 269
8.85 272
8.8667 276
8.8833 279
8.9 282
8.9167 286
8.9333 289
8.95 292
8.9667 296
8.9833 299
9.0 302
9.0167 305
9.0333 309
9.05 312
9.0667 315
9.0833 318
9.1 322
9.1167 325
9.1333 328
9.15 332
9.1667 335
9.1833 338
9.2 342
9.2167 345
9.2333 348
9.25 351
9.2667 354
9.2833 358
9.3 361
9.3167 364
9.3333 367
9.35 370
9.3667 374
9.3833 377
9.4 380
9.4167 383
9.4333 386
9.45 389
9.4667 392
9.4833 396
9.5 399
9.5167 402
9.5333 405
9.55 408
9.5667 411
9.5833 414
9.6 417
9.6167 420
9.6333 423
9.65 426
9.6667 429
9.6833 432
9.7 435
9.7167 438
9.7333 441
9.75 444
9.7667 447
9.7833 449
9.8 452
9.8167 455
9.8333 458
9.85 461
9.8667 464
9.8833 466
9.9 469
9.9167 472
9.9333 475
9.95 478
9.9667 480
9.9833 483
10.0 486
10.0167 488
10.0333 491
10.05 494
10.0667 497
10.0833 499
10.1 502
10.1167 504
10.1333 507
10.15 510
10.1667 512
10.1833 515
10.2 517
10.2167 520
10.2333 522
10.25 525
10.2667 527
10.2833 530
10.3 532
10.3167 535
10.3333 537
10.35 540
10.3667 542
10.3833 544
10.4 547
10.4167 549
10.4333 551
10.45 554
10.4667 556
10.4833 558
10.5 561
10.5167 563
10.5333 565
10.55 567
10.5667 570
10.5833 572
10.6 574
10.6167 576
10.6333 578
10.65 580
10.6667 582
10.6833 585
10.7 587
10.7167 589
10.7333 591
10.75 593
10.7667 595
10.7833 597
10.8 599
10.8167 601
10.8333 603
10.85 605
10.8667 607
10.8833 608
10.9 610
10.9167 612
10.9333 614
10.95 616
10.9667 618
10.9833 619
11.0 621
11.0167 623
11.0333 625
11.05 626
11.0667 628
11.0833 630
11.1 632
11.1167 633
11.1333 635
11.15 636
11.1667 638
11.1833 640
11.2 641
11.2167 643
11.2333 644
11.25 646
11.2667 647
11.2833 649
11.3 650
11.3167 652
11.3333 653
11.35 654
11.3667 656
11.3833 657
11.4 658
11.4167 660
11.4333 661
11.45 662
11.4667 664
11.4833 665
11.5 666
11.5167 667
11.5333 669
11.55 670
11.5667 671
11.5833 672
11.6 673
11.6167 674
11.6333 675
11.65 676
11.6667 677
11.6833 679
11.7 680
11.7167 681
11.7333 681
11.75 682
11.7667 683
11.7833 684
11.8 685
11.8167 686
11.8333 687
11.85 688
11.8667 689
11.8833 689
11.9 690
11.9167 691
11.9333 692
11.95 692
11.9667 693
11.9833 694
12.0 694
12.0167 695
12.0333 696
12.05 696
12.0667 697
12.0833 698
12.1 698
12.1167 699
12.1333 699
12.15 700
12.1667 700
12.1833 701
12.2 701
12.2167 701
12.2333 702
12.25 702
12.2667 703
12.2833 703
12.3 703
12.3167 703
12.3333 704
12.35 704
12.3667 704
12.3833 705
12.4 705
12.4167 705
12.4333 705
12.45 705
12.4667 705
12.4833 705
12.5 706
12.5167 706
12.5333 706
12.55 706
12.5667 706
12.5833 706
12.6 706
12.6167 706
12.6333 706
12.65 705
12.6667 705
12.6833 705
12.7 705
12.7167 705
12.7333 705
12.75 704
12.7667 704
12.7833 704
12.8 704
12.8167 703
12.8333 703
12.85 703
12.8667 703
12.8833 702
12.9 702
12.9167 701
12.9333 701
12.95 701
12.9667 700
12.9833 700
13.0 699
13.0167 699
13.0333 698
13.05 697
13.0667 697
13.0833 696
13.1 696
13.1167 695
13.1333 694
13.15 694
13.1667 693
13.1833 692
13.2 692
13.2167 691
13.2333 690
13.25 689
13.2667 689
13.2833 688
13.3 687
13.3167 686
13.3333 685
13.35 684
13.3667 683
13.3833 682
13.4 681
13.4167 680
13.4333 679
13.45 678
13.4667 677
13.4833 676
13.5 675
13.5167 674
13.5333 673
13.55 672
13.5667 671
13.5833 670
13.6 669
13.6167 667
13.6333 666
13.65 665
13.6667 664
13.6833 662
13.7 661
13.7167 660
13.7333 658
13.75 657
13.7667 656
13.7833 654
13.8 653
13.8167 652
13.8333 650
13.85 649
13.8667 647
13.8833 646
13.9 644
13.9167 643
13.9333 641
13.95 639
13.9667 638
13.9833 636
14.0 635
14.0167 633
14.0333 631
14.05 630
14.0667 628
14.0833 626
14.1 625
14.1167 623
14.1333 621
14.15 619
14.1667 618
14.1833 616
14.2 614
14.2167 612
14.2333 610
14.25 608
14.2667 606
14.2833 605
14.3 603
14.3167 601
14.3333 599
14.35 597
14.3667 595
14.3833 593
14.4 591
14.4167 589
14.4333 587
14.45 584
14.4667 582
14.4833 580
14.5 578
14.5167 576
14.5333 574
14.55 572
14.5667 569
14.5833 567
14.6 565
14.6167 563
14.6333 561
14.65 558
14.6667 556
14.6833 554
14.7 551
14.7167 549
14.7333 547
14.75 544
14.7667 542
14.7833 539
14.8 537
14.8167 535
14.8333 532
14.85 530
14.8667 527
14.8833 525
14.9 522
14.9167 520
14.9333 517
14.95 515
14.9667 512
14.9833 509
15.0 507
15.0167 504
15.0333 502
15.05 499
15.0667 496
15.0833 494
15.1 491
15.1167 488
15.1333 486
15.15 483
15.1667 480
15.1833 477
15.2 475
15.2167 472
15.2333 469
15.25 466
15.2667 464
15.2833 461
15.3 458
15.3167 455
15.3333 452
15.35 449
15.3667 446
15.3833 444
15.4 441
15.4167 438
15.4333 435
15.45 432
15.4667 429
15.4833 426
15.5 423
15.5167 420
15.5333 417
15.55 414
15.5667 411
15.5833 408
15.6 405
15.6167 402
15.6333 399
15.65 395
15.6667 392
15.6833 389
15.7 386
15.7167 383
15.7333 380
15.75 377
15.7667 374
15.7833 370
15.8 367
15.8167 364
15.8333 361
15.85 358
15.8667 354
15.8833 351
15.9 348
15.9167 345
15.9333 341
15.95 338
15.9667 335
15.9833 332
16.0 328
16.0167 325
16.0333 322
16.05 318
16.0667 315
16.0833 312
16.1 308
16.1167 305
16.1333 302
16.15 298
16.1667 295
16.1833 292
16.2 288
16.2167 285
16.2333 282
16.25 278
16.2667 275
16.2833 271
16.3 268
16.3167 265
16.3333 261
16.35 258
16.3667 254
16.3833 251
16.4 248
16.4167 244
16.4333 241
16.45 237
16.4667 234
16.4833 230
16.5 227
16.5167 224
16.5333 220
16.55 217
16.5667 213
16.5833 210
16.6 206
16.6167 203
16.6333 200
16.65 196
16.6667 193
16.6833 189
16.7 186
16.7167 182
16.7333 179
16.75 176
16.7667 172
16.7833 169
16.8 165
16.8167 162
16.8333 159
16.85 155
16.8667 152
16.8833 148
16.9 145
16.9167 142
16.9333 138
16.95 135
16.9667 131
16.9833 128
