8.0 123
8.0167 126
8.0333 129
8.05 132
8.0667 136
8.0833 139
8.1 142
8.1167 145
8.1333 149
8.15 152
8.1667 155
8.1833 159
8.2 162
8.2167 165
8.2333 169
8.25 172
8.2667 175
8.2833 179
8.3 182
8.3167 186
8.3333 189
8.35 193
8.3667 196
8.3833 200
8.4 203
8.4167 207
8.4333 210
8.45 214
8.4667 217
8.4833 221
8.5 224
8.5167 228
8.5333 231
8.55 235
8.5667 238
8.5833 242
8.6 245
8.6167 249
8.6333 253
8.65 256
8.6667 260
8.6833 263
8.7 267
8.7167 271
8.7333 274
8.75 278
8.7667 281
8.7833 285
8.8 288
8.8167 292
8.8333 296
8.85 299
8.8667 303
8.8833 306
8.9 310
8.9167 314
8.9333 317
8.95 321
8.9667 324
8.9833 328
9.0 332
9.0167 336
9.0333 340
9.05 343
9.0667 347
9.0833 350
9.1 354
9.1167 358
9.1333 361
9.15 365
9.1667 368
9.1833 372
9.2 375
9.2167 379
9.2333 382
9.25 386
9.2667 389
9.2833 393
9.3 396
9.3167 400
9.3333 403
9.35 407
9.3667 410
9.3833 414
9.4 417
9.4167 421
9.4333 424
9.45 428
9.4667 431
9.4833 434
9.5 438
9.5167 441
9.5333 445
9.55 448
9.5667 451
9.5833 455
9.6 458
9.6167 461
9.6333 465
9.65 468
9.6667 471
9.6833 475
9.7 478
9.7167 481
9.7333 485
9.75 488
9.7667 491
9.7833 494
9.8 498
9.8167 501
9.8333 504
9.85 507
9.8667 510
9.8833 514
9.9 517
9.9167 520
9.9333 523
9.95 526
9.9667 529
9.9833 532
10.0 536
10.0167 539
10.0333 542
10.05 545
10.0667 548
10.0833 551
10.1 554
10.1167 557
10.1333 560
10.15 563
10.1667 566
10.1833 569
10.2 572
10.2167 575
10.2333 578
10.25 581
10.2667 583
10.2833 586
10.3 589
10.3167 592
10.3333 595
10.35 598
10.3667 600
10.3833 603
10.4 606
10.4167 609
10.4333 612
10.45 614
10.4667 617
10.4833 620
10.5 622
10.5167 625
10.5333 628
10.55 630
10.5667 633
10.5833 636
10.6 638
10.6167 641
10.6333 643
10.65 646
10.6667 648
10.6833 651
10.7 653
10.7167 656
10.7333 658
10.75 661
10.7667 663
10.7833 666
10.8 668
10.8167 670
10.8333 673
10.85 675
10.8667 678
10.8833 680
10.9 682
10.9167 684
10.9333 687
10.95 689
10.9667 691
10.9833 693
11.0 696
11.0167 698
11.0333 700
11.05 702
11.0667 704
11.0833 706
11.1 708
11.1167 711
11.1333 713
11.15 715
11.1667 717
11.1833 719
11.2 721
11.2167 723
11.2333 725
11.25 727
11.2667 728
11.2833 730
11.3 732
11.3167 734
11.3333 736
11.35 738
11.3667 740
11.3833 741
11.4 743
11.4167 745
11.4333 747
11.45 748
11.4667 750
11.4833 752
11.5 753
11.5167 755
11.5333 757
11.55 758
11.5667 760
11.5833 761
11.6 763
11.6167 765
11.6333 766
11.65 768
11.6667 769
11.6833 770
11.7 772
11.7167 773
11.7333 775
11.75 776
11.7667 777
11.7833 779
11.8 780
11.8167 781
11.8333 783
11.85 784
11.8667 785
11.8833 786
11.9 788
11.9167 789
11.9333 790
11.95 791
11.9667 792
11.9833 793
12.0 794
12.0167 796
12.0333 797
12.05 798
12.0667 799
12.0833 800
12.1 801
12.1167 801
12.1333 802
12.15 803
12.1667 804
12.1833 805
12.2 806
12.2167 807
12.2333 808
12.25 808
12.2667 809
12.2833 810
12.3 811
12.3167 811
12.3333 812
12.35 813
12.3667 813
12.3833 814
12.4 814
12.4167 815
12.4333 816
12.45 816
12.4667 817
12.4833 817
12.5 818
12.5167 818
12.5333 819
12.55 819
12.5667 819
12.5833 820
12.6 820
12.6167 820
12.6333 821
12.65 821
12.6667 821
12.6833 822
12.7 822
12.7167 822
12.7333 822
12.75 822
12.7667 823
12.7833 823
12.8 823
12.8167 823
12.8333 823
12.85 823
12.8667 823
12.8833 823
12.9 823
12.9167 823
12.9333 823
12.95 823
12.9667 823
12.9833 823
13.0 823
13.0167 822
13.0333 822
13.05 822
13.0667 822
13.0833 822
13.1 821
13.1167 821
13.1333 821
13.15 821
13.1667 820
13.1833 820
13.2 819
13.2167 819
13.2333 819
13.25 818
13.2667 818
13.2833 817
13.3 817
13.3167 816
13.3333 816
13.35 815
13.3667 815
13.3833 814
13.4 813
13.4167 813
13.4333 812
13.45 811
13.4667 811
13.4833 810
13.5 809
13.5167 808
13.5333 808
13.55 807
13.5667 806
13.5833 805
13.6 804
13.6167 803
13.6333 803
13.65 802
13.6667 801
13.6833 800
13.7 799
13.7167 798
13.7333 797
13.75 796
13.7667 795
13.7833 794
13.8 792
13.8167 791
13.8333 790
13.85 789
13.8667 788
13.8833 787
13.9 785
13.9167 784
13.9333 783
13.95 782
13.9667 780
13.9833 779
14.0 778
14.0167 776
14.0333 775
14.05 774
14.0667 772
14.0833 771
14.1 769
14.1167 768
14.1333 766
14.15 765
14.1667 763
14.1833 762
14.2 760
14.2167 759
14.2333 757
14.25 755
14.2667 754
14.2833 752
14.3 750
14.3167 749
14.3333 747
14.35 745
14.3667 743
14.3833 742
14.4 740
14.4167 738
14.4333 736
14.45 734
14.4667 733
14.4833 731
14.5 729
14.5167 727
14.5333 725
14.55 723
14.5667 721
14.5833 719
14.6 717
14.6167 715
14.6333 713
14.65 711
14.6667 709
14.6833 707
14.7 705
14.7167 702
14.7333 700
14.75 698
14.7667 696
14.7833 694
14.8 692
14.8167 689
14.8333 687
14.85 685
14.8667 682
14.8833 680
14.9 678
14.9167 676
14.9333 673
14.95 671
14.9667 668
14.9833 666
15.0 664
15.0167 662
15.0333 660
15.05 657
15.0667 655
15.0833 652
15.1 650
15.1167 647
15.1333 645
15.15 642
15.1667 639
15.1833 637
15.2 634
15.2167 632
15.2333 629
15.25 626
15.2667 624
15.2833 621
15.3 618
15.3167 615
15.3333 613
15.35 610
15.3667 607
15.3833 604
15.4 602
15.4167 599
15.4333 596
15.45 593
15.4667 590
15.4833 587
15.5 585
15.5167 582
15.5333 579
15.55 576
15.5667 573
15.5833 570
15.6 567
15.6167 564
15.6333 561
15.65 558
15.6667 555
15.6833 552
15.7 549
15.7167 546
15.7333 543
15.75 540
15.7667 537
15.7833 534
15.8 531
15.8167 527
15.8333 524
15.85 521
15.8667 518
15.8833 515
15.9 512
15.9167 508
15.9333 505
15.95 502
15.9667 499
15.9833 496
16.0 492
16.0167 489
16.0333 486
16.05 483
16.0667 479
16.0833 476
16.1 473
16.1167 469
16.1333 466
16.15 463
16.1667 459
16.1833 456
16.2 453
16.2167 449
16.2333 446
16.25 442
16.2667 439
16.2833 436
16.3 432
16.3167 429
16.3333 425
16.35 422
16.3667 418
16.3833 415
16.4 412
16.4167 408
16.4333 405
16.45 401
16.4667 398
16.4833 394
16.5 391
16.5167 387
16.5333 384
16.55 380
16.5667 376
16.5833 373
16.6 369
16.6167 366
16.6333 362
16.65 359
16.6667 355
16.6833 352
16.7 348
16.7167 344
16.7333 341
16.75 337
16.7667 334
16.7833 330
16.8 327
16.8167 323
16.8333 319
16.85 316
16.8667 312
16.8833 309
16.9 305
16.9167 301
16.9333 298
16.95 294
16.9667 291
16.9833 287
