8.0 304
8.0167 307
8.0333 310
8.05 314
8.0667 317
8.0833 321
8.1 324
8.1167 327
8.1333 331
8.15 334
8.1667 338
8.1833 341
8.2 344
8.2167 348
8.2333 351
8.25 354
8.2667 358
8.2833 361
8.3 365
8.3167 368
8.3333 371
8.35 375
8.3667 378
8.3833 381
8.4 385
8.4167 388
8.4333 392
8.45 395
8.4667 398
8.4833 402
8.5 405
8.5167 408
8.5333 412
8.55 415
8.5667 418
8.5833 422
8.6 425
8.6167 429
8.6333 432
8.65 435
8.6667 439
8.6833 442
8.7 445
8.7167 448
8.7333 452
8.75 455
8.7667 458
8.7833 462
8.8 465
8.8167 468
8.8333 472
8.85 475
8.8667 478
8.8833 481
8.9 485
8.9167 488
8.9333 491
8.95 494
8.9667 498
8.9833 501
9.0 504
9.0167 507
9.0333 511
9.05 514
9.0667 517
9.0833 520
9.1 523
9.1167 527
9.1333 530
9.15 533
9.1667 536
9.1833 539
9.2 542
9.2167 545
9.2333 548
9.25 552
9.2667 555
9.2833 558
9.3 561
9.3167 564
9.3333 567
9.35 570
9.3667 573
9.3833 576
9.4 579
9.4167 582
9.4333 585
9.45 588
9.4667 591
9.4833 594
9.5 597
9.5167 600
9.5333 603
9.55 606
9.5667 609
9.5833 612
9.6 615
9.6167 617
9.6333 620
9.65 623
9.6667 626
9.6833 629
9.7 632
9.7167 635
9.7333 637
9.75 640
9.7667 643
9.7833 646
9.8 648
9.8167 651
9.8333 654
9.85 657
9.8667 659
9.8833 662
9.9 665
9.9167 667
9.9333 670
9.95 673
9.9667 675
9.9833 678
10.0 681
10.0167 683
10.0333 686
10.05 688
10.0667 691
10.0833 694
10.1 696
10.1167 699
10.1333 701
10.15 704
10.1667 706
10.1833 709
10.2 711
10.2167 713
10.2333 716
10.25 718
10.2667 721
10.2833 723
10.3 726
10.3167 728
10.3333 730
10.35 733
10.3667 735
10.3833 737
10.4 739
10.4167 742
10.4333 744
10.45 746
10.4667 748
10.4833 751
10.5 753
10.5167 755
10.5333 757
10.55 759
10.5667 762
10.5833 764
10.6 766
10.6167 768
10.6333 770
10.65 772
10.6667 774
10.6833 776
10.7 778
10.7167 780
10.7333 782
10.75 784
10.7667 786
10.7833 788
10.8 790
10.8167 792
10.8333 794
10.85 796
10.8667 798
10.8833 799
10.9 801
10.9167 803
10.9333 805
10.95 807
10.9667 808
10.9833 810
11.0 812
11.0167 814
11.0333 815
11.05 817
11.0667 819
11.0833 820
11.1 822
11.1167 824
11.1333 825
11.15 827
11.1667 828
11.1833 830
11.2 832
11.2167 833
11.2333 835
11.25 836
11.2667 838
11.2833 839
11.3 840
11.3167 842
11.3333 843
11.35 845
11.3667 846
11.3833 847
11.4 849
11.4167 850
11.4333 851
11.45 853
11.4667 854
11.4833 855
11.5 856
11.5167 858
11.5333 859
11.55 860
11.5667 861
11.5833 862
11.6 863
11.6167 864
11.6333 866
11.65 867
11.6667 868
11.6833 869
11.7 870
11.7167 871
11.7333 872
11.75 873
11.7667 874
11.7833 875
11.8 876
11.8167 876
11.8333 877
11.85 878
11.8667 879
11.8833 880
11.9 881
11.9167 881
11.9333 882
11.95 883
11.9667 884
11.9833 884
12.0 885
12.0167 886
12.0333 886
12.05 887
12.0667 888
12.0833 888
12.1 889
12.1167 889
12.1333 890
12.15 891
12.1667 891
12.1833 892
12.2 892
12.2167 892
12.2333 893
12.25 893
12.2667 894
12.2833 894
12.3 895
12.3167 895
12.3333 895
12.35 896
12.3667 896
12.3833 896
12.4 896
12.4167 897
12.4333 897
12.45 897
12.4667 897
12.4833 897
12.5 898
12.5167 898
12.5333 898
12.55 898
12.5667 898
12.5833 898
12.6 898
12.6167 898
12.6333 898
12.65 898
12.6667 898
12.6833 898
12.7 898
12.7167 898
12.7333 898
12.75 897
12.7667 897
12.7833 897
12.8 897
12.8167 897
12.8333 897
12.85 896
12.8667 896
12.8833 896
12.9 895
12.9167 895
12.9333 895
12.95 894
12.9667 894
12.9833 894
13.0 893
13.0167 893
13.0333 892
13.05 892
13.0667 891
13.0833 891
13.1 890
13.1167 890
13.1333 889
13.15 889
13.1667 888
13.1833 888
13.2 887
13.2167 886
13.2333 886
13.25 885
13.2667 884
13.2833 884
13.3 883
13.3167 882
13.3333 881
13.35 881
13.3667 880
13.3833 879
13.4 878
13.4167 877
13.4333 876
13.45 875
13.4667 874
13.4833 874
13.5 873
13.5167 872
13.5333 871
13.55 870
13.5667 869
13.5833 868
13.6 866
13.6167 865
13.6333 864
13.65 863
13.6667 862
13.6833 861
13.7 860
13.7167 859
13.7333 857
13.75 856
13.7667 855
13.7833 854
13.8 852
13.8167 851
13.8333 850
13.85 848
13.8667 847
13.8833 846
13.9 844
13.9167 843
13.9333 842
13.95 840
13.9667 839
13.9833 837
14.0 836
14.0167 834
14.0333 833
14.05 831
14.0667 830
14.0833 828
14.1 827
14.1167 825
14.1333 823
14.15 822
14.1667 820
14.1833 819
14.2 817
14.2167 815
14.2333 813
14.25 812
14.2667 810
14.2833 808
14.3 806
14.3167 805
14.3333 803
14.35 801
14.3667 799
14.3833 797
14.4 795
14.4167 794
14.4333 792
14.45 790
14.4667 788
14.4833 786
14.5 784
14.5167 782
14.5333 780
14.55 778
14.5667 776
14.5833 774
14.6 772
14.6167 770
14.6333 768
14.65 766
14.6667 763
14.6833 761
14.7 759
14.7167 757
14.7333 755
14.75 753
14.7667 750
14.7833 748
14.8 746
14.8167 744
14.8333 741
14.85 739
14.8667 737
14.8833 735
14.9 732
14.9167 730
14.9333 728
14.95 725
14.9667 723
14.9833 720
15.0 718
15.0167 716
15.0333 713
15.05 711
15.0667 708
15.0833 706
15.1 703
15.1167 701
15.1333 698
15.15 696
15.1667 693
15.1833 691
15.2 688
15.2167 686
15.2333 683
15.25 680
15.2667 678
15.2833 675
15.3 673
15.3167 670
15.3333 667
15.35 665
15.3667 662
15.3833 659
15.4 656
15.4167 654
15.4333 651
15.45 648
15.4667 645
15.4833 643
15.5 640
15.5167 637
15.5333 634
15.55 631
15.5667 629
15.5833 626
15.6 623
15.6167 620
15.6333 617
15.65 614
15.6667 611
15.6833 609
15.7 606
15.7167 603
15.7333 600
15.75 597
15.7667 594
15.7833 591
15.8 588
15.8167 585
15.8333 582
15.85 579
15.8667 576
15.8833 573
15.9 570
15.9167 567
15.9333 564
15.95 561
15.9667 558
15.9833 554
16.0 551
16.0167 548
16.0333 545
16.05 542
16.0667 539
16.0833 536
16.1 533
16.1167 529
16.1333 526
16.15 523
16.1667 520
16.1833 517
16.2 514
16.2167 510
16.2333 507
16.25 504
16.2667 501
16.2833 498
16.3 494
16.3167 491
16.3333 488
16.35 485
16.3667 481
16.3833 478
16.4 475
16.4167 472
16.4333 468
16.45 465
16.4667 462
16.4833 458
16.5 455
16.5167 452
16.5333 448
16.55 445
16.5667 442
16.5833 438
16.6 435
16.6167 432
16.6333 428
16.65 425
16.6667 422
16.6833 418
16.7 415
16.7167 412
16.7333 408
16.75 405
16.7667 402
16.7833 398
16.8 395
16.8167 392
16.8333 388
16.85 385
16.8667 381
16.8833 378
16.9 375
16.9167 371
16.9333 368
16.95 365
16.9667 361
16.9833 358
