8.0 279
8.0167 282
8.0333 286
8.05 290
8.0667 293
8.0833 297
8.1 301
8.1167 305
8.1333 308
8.15 312
8.1667 316
8.1833 320
8.2 323
8.2167 327
8.2333 331
8.25 334
8.2667 338
8.2833 342
8.3 346
8.3167 349
8.3333 353
8.35 357
8.3667 361
8.3833 364
8.4 368
8.4167 372
8.4333 376
8.45 379
8.4667 383
8.4833 387
8.5 390
8.5167 394
8.5333 398
8.55 402
8.5667 405
8.5833 409
8.6 413
8.6167 416
8.6333 420
8.65 424
8.6667 427
8.6833 431
8.7 435
8.7167 438
8.7333 442
8.75 446
8.7667 449
8.7833 453
8.8 457
8.8167 460
8.8333 464
8.85 467
8.8667 471
8.8833 475
8.9 478
8.9167 482
8.9333 485
8.95 489
8.9667 493
8.9833 496
9.0 500
9.0167 503
9.0333 506
9.05 510
9.0667 514
9.0833 517
9.1 521
9.1167 524
9.1333 528
9.15 531
9.1667 534
9.1833 538
9.2 541
9.2167 545
9.2333 548
9.25 552
9.2667 555
9.2833 558
9.3 562
9.3167 565
9.3333 569
9.35 572
9.3667 575
9.3833 579
9.4 582
9.4167 585
9.4333 589
9.45 592
9.4667 595
9.4833 599
9.5 602
9.5167 605
9.5333 608
9.55 612
9.5667 615
9.5833 618
9.6 621
9.6167 624
9.6333 628
9.65 631
9.6667 634
9.6833 637
9.7 640
9.7167 643
9.7333 646
9.75 650
9.7667 653
9.7833 656
9.8 659
9.8167 662
9.8333 665
9.85 668
9.8667 671
9.8833 674
9.9 677
9.9167 680
9.9333 683
9.95 686
9.9667 689
9.9833 692
10.0 694
10.0167 697
10.0333 700
10.05 703
10.0667 706
10.0833 709
10.1 712
10.1167 714
10.1333 717
10.15 720
10.1667 723
10.1833 725
10.2 728
10.2167 731
10.2333 734
10.25 736
10.2667 739
10.2833 742
10.3 744
10.3167 747
10.3333 750
10.35 752
10.3667 755
10.3833 757
10.4 760
10.4167 762
10.4333 765
10.45 767
10.4667 770
10.4833 772
10.5 775
10.5167 777
10.5333 780
10.55 782
10.5667 785
10.5833 787
10.6 789
10.6167 792
10.6333 794
10.65 796
10.6667 799
10.6833 801
10.7 803
10.7167 805
10.7333 808
10.75 810
10.7667 812
10.7833 814
10.8 816
10.8167 819
10.8333 821
10.85 823
10.8667 825
10.8833 827
10.9 829
10.9167 831
10.9333 833
10.95 835
10.9667 837
10.9833 839
11.0 841
11.0167 843
11.0333 845
11.05 847
11.0667 849
11.0833 851
11.1 853
11.1167 854
11.1333 856
11.15 858
11.1667 860
11.1833 862
11.2 863
11.2167 865
11.2333 867
11.25 869
11.2667 870
11.2833 872
11.3 874
11.3167 875
11.3333 877
11.35 878
11.3667 880
11.3833 881
11.4 883
11.4167 885
11.4333 886
11.45 888
11.4667 889
11.4833 890
11.5 892
11.5167 893
11.5333 895
11.55 896
11.5667 897
11.5833 899
11.6 900
11.6167 901
11.6333 903
11.65 904
11.6667 905
11.6833 906
11.7 908
11.7167 909
11.7333 910
11.75 911
11.7667 912
11.7833 913
11.8 914
11.8167 915
11.8333 917
11.85 918
11.8667 919
11.8833 920
11.9 921
11.9167 921
11.9333 922
11.95 923
11.9667 924
11.9833 925
12.0 926
12.0167 927
12.0333 928
12.05 928
12.0667 929
12.0833 930
12.1 931
12.1167 931
12.1333 932
12.15 933
12.1667 934
12.1833 934
12.2 935
12.2167 935
12.2333 936
12.25 937
12.2667 937
12.2833 938
12.3 938
12.3167 939
12.3333 939
12.35 940
12.3667 940
12.3833 940
12.4 941
12.4167 941
12.4333 941
12.45 942
12.4667 942
12.4833 942
12.5 943
12.5167 943
12.5333 943
12.55 943
12.5667 944
12.5833 944
12.6 944
12.6167 944
12.6333 944
12.65 944
12.6667 944
12.6833 944
12.7 944
12.7167 944
12.7333 944
12.75 944
12.7667 944
12.7833 944
12.8 944
12.8167 944
12.8333 944
12.85 944
12.8667 944
12.8833 944
12.9 943
12.9167 943
12.9333 943
12.95 943
12.9667 942
12.9833 942
13.0 942
13.0167 941
13.0333 941
13.05 941
13.0667 940
13.0833 940
13.1 939
13.1167 939
13.1333 938
13.15 938
13.1667 937
13.1833 937
13.2 936
13.2167 936
13.2333 935
13.25 935
13.2667 934
13.2833 933
13.3 933
13.3167 932
13.3333 931
13.35 930
13.3667 930
13.3833 929
13.4 928
13.4167 927
13.4333 926
13.45 926
13.4667 925
13.4833 924
13.5 923
13.5167 922
13.5333 921
13.55 920
13.5667 919
13.5833 918
13.6 917
13.6167 916
13.6333 915
13.65 914
13.6667 913
13.6833 912
13.7 911
13.7167 909
13.7333 908
13.75 907
13.7667 906
13.7833 905
13.8 903
13.8167 902
13.8333 901
13.85 900
13.8667 898
13.8833 897
13.9 896
13.9167 894
13.9333 893
13.95 891
13.9667 890
13.9833 888
14.0 887
14.0167 885
14.0333 884
14.05 882
14.0667 881
14.0833 879
14.1 878
14.1167 876
14.1333 875
14.15 873
14.1667 871
14.1833 870
14.2 868
14.2167 866
14.2333 864
14.25 863
14.2667 861
14.2833 859
14.3 857
14.3167 856
14.3333 854
14.35 852
14.3667 850
14.3833 848
14.4 846
14.4167 844
14.4333 842
14.45 840
14.4667 838
14.4833 836
14.5 834
14.5167 832
14.5333 830
14.55 828
14.5667 826
14.5833 824
14.6 822
14.6167 820
14.6333 818
14.65 816
14.6667 813
14.6833 811
14.7 809
14.7167 807
14.7333 805
14.75 802
14.7667 800
14.7833 798
14.8 795
14.8167 793
14.8333 791
14.85 788
14.8667 786
14.8833 784
14.9 781
14.9167 779
14.9333 776
14.95 774
14.9667 771
14.9833 769
15.0 766
15.0167 763
15.0333 761
15.05 758
15.0667 756
15.0833 753
15.1 751
15.1167 748
15.1333 745
15.15 743
15.1667 740
15.1833 737
15.2 735
15.2167 732
15.2333 729
15.25 726
15.2667 724
15.2833 721
15.3 718
15.3167 715
15.3333 713
15.35 710
15.3667 707
15.3833 704
15.4 701
15.4167 698
15.4333 696
15.45 693
15.4667 690
15.4833 687
15.5 684
15.5167 681
15.5333 678
15.55 675
15.5667 672
15.5833 669
15.6 666
15.6167 663
15.6333 660
15.65 657
15.6667 654
15.6833 651
15.7 648
15.7167 645
15.7333 641
15.75 638
15.7667 635
15.7833 632
15.8 629
15.8167 626
15.8333 622
15.85 619
15.8667 616
15.8833 613
15.9 610
15.9167 606
15.9333 603
15.95 600
15.9667 597
15.9833 593
16.0 590
16.0167 587
16.0333 583
16.05 580
16.0667 577
16.0833 573
16.1 570
16.1167 567
16.1333 563
16.15 560
16.1667 556
16.1833 553
16.2 550
16.2167 546
16.2333 543
16.25 539
16.2667 536
16.2833 532
16.3 529
16.3167 525
16.3333 522
16.35 518
16.3667 515
16.3833 511
16.4 508
16.4167 504
16.4333 501
16.45 497
16.4667 494
16.4833 490
16.5 486
16.5167 483
16.5333 479
16.55 476
16.5667 472
16.5833 469
16.6 465
16.6167 461
16.6333 458
16.65 454
16.6667 450
16.6833 447
16.7 443
16.7167 439
16.7333 436
16.75 432
16.7667 428
16.7833 425
16.8 421
16.8167 417
16.8333 414
16.85 410
16.8667 406
16.8833 403
16.9 399
16.9167 395
16.9333 392
16.95 388
16.9667 384
16.9833 380
