8.0 51
8.0167 53
8.0333 55
8.05 58
8.0667 60
8.0833 62
8.1 65
8.1167 67
8.1333 70
8.15 72
8.1667 75
8.1833 78
8.2 80
8.2167 83
8.2333 86
8.25 88
8.2667 91
8.2833 94
8.3 97
8.3167 100
8.3333 103
8.35 105
8.3667 108
8.3833 111
8.4 114
8.4167 117
8.4333 120
8.45 123
8.4667 126
8.4833 129
8.5 132
8.5167 135
8.5333 138
8.55 141
8.5667 144
8.5833 147
8.6 150
8.6167 154
8.6333 157
8.65 160
8.6667 163
8.6833 166
8.7 169
8.7167 173
8.7333 176
8.75 179
8.7667 182
8.7833 185
8.8 188
8.8167 192
8.8333 195
8.85 198
8.8667 201
8.8833 204
8.9 208
8.9167 211
8.9333 214
8.95 217
8.9667 221
8.9833 224
9.0 227
9.0167 230
9.0333 234
9.05 237
9.0667 240
9.0833 243
9.1 247
9.1167 250
9.1333 253
9.15 256
9.1667 259
9.1833 263
9.2 266
9.2167 269
9.2333 272
9.25 276
9.2667 279
9.2833 282
9.3 285
9.3167 288
9.3333 292
9.35 295
9.3667 298
9.3833 301
9.4 304
9.4167 307
9.4333 311
9.45 314
9.4667 317
9.4833 320
9.5 323
9.5167 326
9.5333 329
9.55 332
9.5667 336
9.5833 339
9.6 342
9.6167 345
9.6333 348
9.65 351
9.6667 354
9.6833 357
9.7 360
9.7167 363
9.7333 366
9.75 369
9.7667 372
9.7833 375
9.8 378
9.8167 381
9.8333 384
9.85 387
9.8667 390
9.8833 393
9.9 396
9.9167 399
9.9333 402
9.95 404
9.9667 407
9.9833 410
10.0 413
10.0167 416
10.0333 419
10.05 422
10.0667 424
10.0833 427
10.1 430
10.1167 433
10.1333 436
10.15 438
10.1667 441
10.1833 444
10.2 446
10.2167 449
10.2333 452
10.25 455
10.2667 457
10.2833 460
10.3 462
10.3167 465
10.3333 468
10.35 470
10.3667 473
10.3833 475
10.4 478
10.4167 481
10.4333 483
10.45 486
10.4667 488
10.4833 491
10.5 493
10.5167 496
10.5333 498
10.55 500
10.5667 503
10.5833 505
10.6 508
10.6167 510
10.6333 512
10.65 515
10.6667 517
10.6833 519
10.7 522
10.7167 524
10.7333 526
10.75 528
10.7667 531
10.7833 533
10.8 535
10.8167 537
10.8333 539
10.85 542
10.8667 544
10.8833 546
10.9 548
10.9167 550
10.9333 552
10.95 554
10.9667 556
10.9833 558
11.0 560
11.0167 562
11.0333 564
11.05 566
11.0667 568
11.0833 570
11.1 572
11.1167 574
11.1333 576
11.15 578
11.1667 580
11.1833 581
11.2 583
11.2167 585
11.2333 587
11.25 589
11.2667 590
11.2833 592
11.3 594
11.3167 596
11.3333 597
11.35 599
11.3667 601
11.3833 602
11.4 604
11.4167 605
11.4333 607
11.45 608
11.4667 610
11.4833 612
11.5 613
11.5167 615
11.5333 616
11.55 617
11.5667 619
11.5833 620
11.6 622
11.6167 623
11.6333 624
11.65 626
11.6667 627
11.6833 628
11.7 630
11.7167 631
11.7333 632
11.75 633
11.7667 635
11.7833 636
11.8 637
11.8167 638
11.8333 639
11.85 640
11.8667 642
11.8833 643
11.9 644
11.9167 645
11.9333 646
11.95 647
11.9667 648
11.9833 649
12.0 650
12.0167 651
12.0333 652
12.05 653
12.0667 653
12.0833 654
12.1 655
12.1167 656
12.1333 657
12.15 657
12.1667 658
12.1833 659
12.2 660
12.2167 660
12.2333 661
12.25 662
12.2667 662
12.2833 663
12.3 664
12.3167 664
12.3333 665
12.35 665
12.3667 666
12.3833 666
12.4 667
12.4167 667
12.4333 668
12.45 668
12.4667 669
12.4833 669
12.5 670
12.5167 670
12.5333 670
12.55 671
12.5667 671
12.5833 671
12.6 671
12.6167 672
12.6333 672
12.65 672
12.6667 672
12.6833 673
12.7 673
12.7167 673
12.7333 673
12.75 673
12.7667 673
12.7833 673
12.8 673
12.8167 673
12.8333 673
12.85 673
12.8667 673
12.8833 673
12.9 673
12.9167 673
12.9333 673
12.95 673
12.9667 672
12.9833 672
13.0 672
13.0167 672
13.0333 672
13.05 671
13.0667 671
13.0833 671
13.1 670
13.1167 670
13.1333 670
13.15 669
13.1667 669
13.1833 669
13.2 668
13.2167 668
13.2333 667
13.25 667
13.2667 666
13.2833 666
13.3 665
13.3167 665
13.3333 664
13.35 663
13.3667 663
13.3833 662
13.4 662
13.4167 661
13.4333 660
13.45 659
13.4667 659
13.4833 658
13.5 657
13.5167 656
13.5333 656
13.55 655
13.5667 654
13.5833 653
13.6 652
13.6167 651
13.6333 650
13.65 649
13.6667 648
13.6833 647
13.7 646
13.7167 645
13.7333 644
13.75 643
13.7667 642
13.7833 641
13.8 640
13.8167 639
13.8333 638
13.85 637
13.8667 635
13.8833 634
13.9 633
13.9167 632
13.9333 630
13.95 629
13.9667 628
13.9833 627
14.0 625
14.0167 624
14.0333 623
14.05 621
14.0667 620
14.0833 618
14.1 617
14.1167 615
14.1333 614
14.15 612
14.1667 611
14.1833 609
14.2 608
14.2167 606
14.2333 605
14.25 603
14.2667 601
14.2833 600
14.3 598
14.3167 597
14.3333 595
14.35 593
14.3667 591
14.3833 590
14.4 588
14.4167 586
14.4333 584
14.45 583
14.4667 581
14.4833 579
14.5 577
14.5167 575
14.5333 573
14.55 571
14.5667 569
14.5833 567
14.6 566
14.6167 564
14.6333 562
14.65 560
14.6667 558
14.6833 555
14.7 553
14.7167 551
14.7333 549
14.75 547
14.7667 545
14.7833 543
14.8 541
14.8167 539
14.8333 536
14.85 534
14.8667 532
14.8833 530
14.9 528
14.9167 525
14.9333 523
14.95 521
14.9667 518
14.9833 516
15.0 515
15.0167 512
15.0333 510
15.05 507
15.0667 505
15.0833 503
15.1 500
15.1167 498
15.1333 495
15.15 493
15.1667 490
15.1833 488
15.2 485
15.2167 483
15.2333 480
15.25 478
15.2667 475
15.2833 473
15.3 470
15.3167 467
15.3333 465
15.35 462
15.3667 460
15.3833 457
15.4 454
15.4167 452
15.4333 449
15.45 446
15.4667 443
15.4833 441
15.5 438
15.5167 435
15.5333 432
15.55 430
15.5667 427
15.5833 424
15.6 421
15.6167 418
15.6333 416
15.65 413
15.6667 410
15.6833 407
15.7 404
15.7167 401
15.7333 398
15.75 395
15.7667 392
15.7833 389
15.8 387
15.8167 384
15.8333 381
15.85 378
15.8667 375
15.8833 372
15.9 369
15.9167 366
15.9333 363
15.95 360
15.9667 357
15.9833 353
16.0 350
16.0167 347
16.0333 344
16.05 341
16.0667 338
16.0833 335
16.1 332
16.1167 329
16.1333 326
16.15 323
16.1667 319
16.1833 316
16.2 313
16.2167 310
16.2333 307
16.25 304
16.2667 300
16.2833 297
16.3 294
16.3167 291
16.3333 288
16.35 285
16.3667 281
16.3833 278
16.4 275
16.4167 272
16.4333 269
16.45 265
16.4667 262
16.4833 259
16.5 256
16.5167 252
16.5333 249
16.55 246
16.5667 243
16.5833 240
16.6 236
16.6167 233
16.6333 230
16.65 227
16.6667 223
16.6833 220
16.7 217
16.7167 214
16.7333 210
16.75 207
16.7667 204
16.7833 201
16.8 198
16.8167 194
16.8333 191
16.85 188
16.8667 185
16.8833 182
16.9 178
16.9167 175
16.9333 172
16.95 169
16.9667 166
16.9833 162
