8.0 269
8.0167 273
8.0333 277
8.05 280
8.0667 284
8.0833 288
8.1 291
8.1167 295
8.1333 299
8.15 303
8.1667 306
8.1833 310
8.2 314
8.2167 317
8.2333 321
8.25 325
8.2667 329
8.2833 332
8.3 336
8.3167 340
8.3333 343
8.35 347
8.3667 351
8.3833 355
8.4 358
8.4167 362
8.4333 366
8.45 370
8.4667 373
8.4833 377
8.5 381
8.5167 384
8.5333 388
8.55 392
8.5667 395
8.5833 399
8.6 403
8.6167 407
8.6333 410
8.65 414
8.6667 418
8.6833 421
8.7 425
8.7167 429
8.7333 432
8.75 436
8.7667 440
8.7833 443
8.8 447
8.8167 450
8.8333 454
8.85 458
8.8667 461
8.8833 465
8.9 468
8.9167 472
8.9333 476
8.95 479
8.9667 483
8.9833 486
9.0 490
9.0167 494
9.0333 498
9.05 501
9.0667 505
9.0833 508
9.1 512
9.1167 515
9.1333 519
9.15 522
9.1667 526
9.1833 529
9.2 533
9.2167 536
9.2333 540
9.25 543
9.2667 547
9.2833 550
9.3 553
9.3167 557
9.3333 560
9.35 563
9.3667 567
9.3833 570
9.4 574
9.4167 577
9.4333 580
9.45 583
9.4667 587
9.4833 590
9.5 593
9.5167 597
9.5333 600
9.55 603
9.5667 606
9.5833 610
9.6 613
9.6167 616
9.6333 619
9.65 622
9.6667 626
9.6833 629
9.7 632
9.7167 635
9.7333 638
9.75 641
9.7667 644
9.7833 647
9.8 650
9.8167 653
9.8333 656
9.85 660
9.8667 663
9.8833 666
9.9 669
9.9167 672
9.9333 674
9.95 677
9.9667 680
9.9833 683
10.0 686
10.0167 689
10.0333 692
10.05 695
10.0667 698
10.0833 700
10.1 703
10.1167 706
10.1333 709
10.15 712
10.1667 714
10.1833 717
10.2 720
10.2167 723
10.2333 725
10.25 728
10.2667 731
10.2833 733
10.3 736
10.3167 739
10.3333 741
10.35 744
10.3667 746
10.3833 749
10.4 752
10.4167 754
10.4333 757
10.45 759
10.4667 762
10.4833 764
10.5 767
10.5167 769
10.5333 771
10.55 774
10.5667 776
10.5833 779
10.6 781
10.6167 783
10.6333 786
10.65 788
10.6667 790
10.6833 793
10.7 795
10.7167 797
10.7333 799
10.75 802
10.7667 804
10.7833 806
10.8 808
10.8167 810
10.8333 812
10.85 814
10.8667 817
10.8833 819
10.9 821
10.9167 823
10.9333 825
10.95 827
10.9667 829
10.9833 831
11.0 833
11.0167 835
11.0333 837
11.05 839
11.0667 840
11.0833 842
11.1 844
11.1167 846
11.1333 848
11.15 850
11.1667 851
11.1833 853
11.2 855
11.2167 857
11.2333 858
11.25 860
11.2667 862
11.2833 863
11.3 865
11.3167 867
11.3333 868
11.35 870
11.3667 871
11.3833 873
11.4 874
11.4167 876
11.4333 877
11.45 879
11.4667 880
11.4833 882
11.5 883
11.5167 884
11.5333 886
11.55 887
11.5667 889
11.5833 890
11.6 891
11.6167 892
11.6333 894
11.65 895
11.6667 896
11.6833 897
11.7 899
11.7167 900
11.7333 901
11.75 902
11.7667 903
11.7833 904
11.8 905
11.8167 906
11.8333 907
11.85 908
11.8667 909
11.8833 910
11.9 911
11.9167 912
11.9333 913
11.95 914
11.9667 915
11.9833 916
12.0 916
12.0167 917
12.0333 918
12.05 919
12.0667 920
12.0833 920
12.1 921
12.1167 922
12.1333 922
12.15 923
12.1667 924
12.1833 924
12.2 925
12.2167 925
12.2333 926
12.25 927
12.2667 927
12.2833 928
12.3 928
12.3167 929
12.3333 929
12.35 929
12.3667 930
12.3833 930
12.4 930
12.4167 931
12.4333 931
12.45 931
12.4667 932
12.4833 932
12.5 932
12.5167 932
12.5333 933
12.55 933
12.5667 933
12.5833 933
12.6 933
12.6167 933
12.6333 933
12.65 933
12.6667 933
12.6833 934
12.7 933
12.7167 933
12.7333 933
12.75 933
12.7667 933
12.7833 933
12.8 933
12.8167 933
12.8333 933
12.85 933
12.8667 932
12.8833 932
12.9 932
12.9167 932
12.9333 931
12.95 931
12.9667 931
12.9833 930
13.0 930
13.0167 930
13.0333 929
13.05 929
13.0667 928
13.0833 928
13.1 927
13.1167 927
13.1333 926
13.15 926
13.1667 925
13.1833 925
13.2 924
13.2167 923
13.2333 923
13.25 922
13.2667 921
13.2833 921
13.3 920
13.3167 919
13.3333 919
13.35 918
13.3667 917
13.3833 916
13.4 915
13.4167 914
13.4333 914
13.45 913
13.4667 912
13.4833 911
13.5 910
13.5167 909
13.5333 908
13.55 907
13.5667 906
13.5833 905
13.6 904
13.6167 903
13.6333 901
13.65 900
13.6667 899
13.6833 898
13.7 897
13.7167 896
13.7333 894
13.75 893
13.7667 892
13.7833 891
13.8 889
13.8167 888
13.8333 887
13.85 885
13.8667 884
13.8833 882
13.9 881
13.9167 880
13.9333 878
13.95 877
13.9667 875
13.9833 874
14.0 872
14.0167 871
14.0333 869
14.05 867
14.0667 866
14.0833 864
14.1 863
14.1167 861
14.1333 859
14.15 858
14.1667 856
14.1833 854
14.2 852
14.2167 851
14.2333 849
14.25 847
14.2667 845
14.2833 843
14.3 841
14.3167 840
14.3333 838
14.35 836
14.3667 834
14.3833 832
14.4 830
14.4167 828
14.4333 826
14.45 824
14.4667 822
14.4833 820
14.5 818
14.5167 816
14.5333 814
14.55 811
14.5667 809
14.5833 807
14.6 805
14.6167 803
14.6333 801
14.65 798
14.6667 796
14.6833 794
14.7 792
14.7167 789
14.7333 787
14.75 785
14.7667 782
14.7833 780
14.8 778
14.8167 775
14.8333 773
14.85 770
14.8667 768
14.8833 766
14.9 763
14.9167 761
14.9333 758
14.95 756
14.9667 753
14.9833 750
15.0 748
15.0167 746
15.0333 743
15.05 740
15.0667 738
15.0833 735
15.1 733
15.1167 730
15.1333 727
15.15 724
15.1667 722
15.1833 719
15.2 716
15.2167 714
15.2333 711
15.25 708
15.2667 705
15.2833 702
15.3 700
15.3167 697
15.3333 694
15.35 691
15.3667 688
15.3833 685
15.4 682
15.4167 679
15.4333 676
15.45 673
15.4667 670
15.4833 668
15.5 665
15.5167 662
15.5333 658
15.55 655
15.5667 652
15.5833 649
15.6 646
15.6167 643
15.6333 640
15.65 637
15.6667 634
15.6833 631
15.7 628
15.7167 624
15.7333 621
15.75 618
15.7667 615
15.7833 612
15.8 608
15.8167 605
15.8333 602
15.85 599
15.8667 595
15.8833 592
15.9 589
15.9167 586
15.9333 582
15.95 579
15.9667 576
15.9833 572
16.0 569
16.0167 566
16.0333 562
16.05 559
16.0667 556
16.0833 552
16.1 549
16.1167 545
16.1333 542
16.15 538
16.1667 535
16.1833 532
16.2 528
16.2167 525
16.2333 521
16.25 518
16.2667 514
16.2833 511
16.3 507
16.3167 504
16.3333 500
16.35 497
16.3667 493
16.3833 489
16.4 486
16.4167 482
16.4333 479
16.45 475
16.4667 472
16.4833 468
16.5 464
16.5167 461
16.5333 457
16.55 454
16.5667 450
16.5833 446
16.6 443
16.6167 439
16.6333 435
16.65 432
16.6667 428
16.6833 424
16.7 421
16.7167 417
16.7333 413
16.75 410
16.7667 406
16.7833 402
16.8 399
16.8167 395
16.8333 391
16.85 388
16.8667 384
16.8833 380
16.9 376
16.9167 373
16.9333 369
16.95 365
16.9667 362
16.9833 358
