8.0 259
8.0167 263
8.0333 266
8.05 270
8.0667 274
8.0833 278
8.1 281
8.1167 285
8.1333 289
8.15 293
8.1667 296
8.1833 300
8.2 304
8.2167 308
8.2333 311
8.25 315
8.2667 319
8.2833 323
8.3 326
8.3167 330
8.3333 334
8.35 338
8.3667 342
8.3833 345
8.4 349
8.4167 353
8.4333 357
8.45 360
8.4667 364
8.4833 368
8.5 372
8.5167 375
8.5333 379
8.55 383
8.5667 387
8.5833 390
8.6 394
8.6167 398
8.6333 402
8.65 405
8.6667 409
8.6833 413
8.7 417
8.7167 420
8.7333 424
8.75 428
8.7667 431
8.7833 435
8.8 439
8.8167 442
8.8333 446
8.85 450
8.8667 453
8.8833 457
8.9 461
8.9167 464
8.9333 468
8.95 472
8.9667 475
8.9833 479
9.0 483
9.0167 487
9.0333 491
9.05 494
9.0667 498
9.0833 501
9.1 505
9.1167 508
9.1333 512
9.15 516
9.1667 519
9.1833 523
9.2 526
9.2167 530
9.2333 533
9.25 537
9.2667 540
9.2833 544
9.3 547
9.3167 550
9.3333 554
9.35 557
9.3667 561
9.3833 564
9.4 568
9.4167 571
9.4333 574
9.45 578
9.4667 581
9.4833 584
9.5 588
9.5167 591
9.5333 594
9.55 598
9.5667 601
9.5833 604
9.6 607
9.6167 611
9.6333 614
9.65 617
9.6667 620
9.6833 624
9.7 627
9.7167 630
9.7333 633
9.75 636
9.7667 639
9.7833 643
9.8 646
9.8167 649
9.8333 652
9.85 655
9.8667 658
9.8833 661
9.9 664
9.9167 667
9.9333 670
9.95 673
9.9667 676
9.9833 679
10.0 682
10.0167 685
10.0333 688
10.05 691
10.0667 694
10.0833 697
10.1 699
10.1167 702
10.1333 705
10.15 708
10.1667 711
10.1833 714
10.2 716
10.2167 719
10.2333 722
10.25 725
10.2667 727
10.2833 730
10.3 733
10.3167 735
10.3333 738
10.35 741
10.3667 743
10.3833 746
10.4 749
10.4167 751
10.4333 754
10.45 756
10.4667 759
10.4833 761
10.5 764
10.5167 766
10.5333 769
10.55 771
10.5667 774
10.5833 776
10.6 779
10.6167 781
10.6333 783
10.65 786
10.6667 788
10.6833 790
10.7 793
10.7167 795
10.7333 797
10.75 800
10.7667 802
10.7833 804
10.8 806
10.8167 808
10.8333 811
10.85 813
10.8667 815
10.8833 817
10.9 819
10.9167 821
10.9333 823
10.95 825
10.9667 827
10.9833 829
11.0 831
11.0167 833
11.0333 835
11.05 837
11.0667 839
11.0833 841
11.1 843
11.1167 845
11.1333 847
11.15 849
11.1667 850
11.1833 852
11.2 854
11.2167 856
11.2333 858
11.25 859
11.2667 861
11.2833 863
11.3 864
11.3167 866
11.3333 868
11.35 869
11.3667 871
11.3833 872
11.4 874
11.4167 876
11.4333 877
11.45 879
11.4667 880
11.4833 882
11.5 883
11.5167 884
11.5333 886
11.55 887
11.5667 889
11.5833 890
11.6 891
11.6167 893
11.6333 894
11.65 895
11.6667 896
11.6833 898
11.7 899
11.7167 900
11.7333 901
11.75 902
11.7667 904
11.7833 905
11.8 906
11.8167 907
11.8333 908
11.85 909
11.8667 910
11.8833 911
11.9 912
11.9167 913
11.9333 914
11.95 915
11.9667 916
11.9833 917
12.0 918
12.0167 918
12.0333 919
12.05 920
12.0667 921
12.0833 922
12.1 922
12.1167 923
12.1333 924
12.15 924
12.1667 925
12.1833 926
12.2 926
12.2167 927
12.2333 928
12.25 928
12.2667 929
12.2833 929
12.3 930
12.3167 930
12.3333 931
12.35 931
12.3667 932
12.3833 932
12.4 932
12.4167 933
12.4333 933
12.45 933
12.4667 934
12.4833 934
12.5 934
12.5167 934
12.5333 935
12.55 935
12.5667 935
12.5833 935
12.6 935
12.6167 935
12.6333 936
12.65 936
12.6667 936
12.6833 936
12.7 936
12.7167 936
12.7333 936
12.75 936
12.7667 936
12.7833 936
12.8 936
12.8167 935
12.8333 935
12.85 935
12.8667 935
12.8833 935
12.9 934
12.9167 934
12.9333 934
12.95 934
12.9667 933
12.9833 933
13.0 933
13.0167 932
13.0333 932
13.05 932
13.0667 931
13.0833 931
13.1 930
13.1167 930
13.1333 929
13.15 929
13.1667 928
13.1833 928
13.2 927
13.2167 926
13.2333 926
13.25 925
13.2667 925
13.2833 924
13.3 923
13.3167 922
13.3333 922
13.35 921
13.3667 920
13.3833 919
13.4 918
13.4167 918
13.4333 917
13.45 916
13.4667 915
13.4833 914
13.5 913
13.5167 912
13.5333 911
13.55 910
13.5667 909
13.5833 908
13.6 907
13.6167 906
13.6333 905
13.65 904
13.6667 903
13.6833 901
13.7 900
13.7167 899
13.7333 898
13.75 897
13.7667 895
13.7833 894
13.8 893
13.8167 892
13.8333 890
13.85 889
13.8667 887
13.8833 886
13.9 885
13.9167 883
13.9333 882
13.95 880
13.9667 879
13.9833 877
14.0 876
14.0167 874
14.0333 873
14.05 871
14.0667 870
14.0833 868
14.1 866
14.1167 865
14.1333 863
14.15 861
14.1667 860
14.1833 858
14.2 856
14.2167 854
14.2333 853
14.25 851
14.2667 849
14.2833 847
14.3 845
14.3167 843
14.3333 841
14.35 840
14.3667 838
14.3833 836
14.4 834
14.4167 832
14.4333 830
14.45 828
14.4667 826
14.4833 824
14.5 822
14.5167 820
14.5333 817
14.55 815
14.5667 813
14.5833 811
14.6 809
14.6167 807
14.6333 804
14.65 802
14.6667 800
14.6833 798
14.7 795
14.7167 793
14.7333 791
14.75 789
14.7667 786
14.7833 784
14.8 781
14.8167 779
14.8333 777
14.85 774
14.8667 772
14.8833 769
14.9 767
14.9167 764
14.9333 762
14.95 759
14.9667 757
14.9833 754
15.0 752
15.0167 749
15.0333 747
15.05 744
15.0667 742
15.0833 739
15.1 736
15.1167 734
15.1333 731
15.15 728
15.1667 725
15.1833 723
15.2 720
15.2167 717
15.2333 714
15.25 712
15.2667 709
15.2833 706
15.3 703
15.3167 700
15.3333 697
15.35 695
15.3667 692
15.3833 689
15.4 686
15.4167 683
15.4333 680
15.45 677
15.4667 674
15.4833 671
15.5 668
15.5167 665
15.5333 662
15.55 659
15.5667 656
15.5833 653
15.6 650
15.6167 646
15.6333 643
15.65 640
15.6667 637
15.6833 634
15.7 631
15.7167 628
15.7333 624
15.75 621
15.7667 618
15.7833 615
15.8 612
15.8167 608
15.8333 605
15.85 602
15.8667 598
15.8833 595
15.9 592
15.9167 589
15.9333 585
15.95 582
15.9667 579
15.9833 575
16.0 572
16.0167 568
16.0333 565
16.05 562
16.0667 558
16.0833 555
16.1 551
16.1167 548
16.1333 544
16.15 541
16.1667 537
16.1833 534
16.2 530
16.2167 527
16.2333 523
16.25 520
16.2667 516
16.2833 513
16.3 509
16.3167 506
16.3333 502
16.35 499
16.3667 495
16.3833 492
16.4 488
16.4167 484
16.4333 481
16.45 477
16.4667 473
16.4833 470
16.5 466
16.5167 463
16.5333 459
16.55 455
16.5667 452
16.5833 448
16.6 444
16.6167 441
16.6333 437
16.65 433
16.6667 429
16.6833 426
16.7 422
16.7167 418
16.7333 415
16.75 411
16.7667 407
16.7833 403
16.8 400
16.8167 396
16.8333 392
16.85 389
16.8667 385
16.8833 381
16.9 377
16.9167 373
16.9333 370
16.95 366
16.9667 362
16.9833 358
