8.0 291
8.0167 294
8.0333 297
8.05 301
8.0667 304
8.0833 307
8.1 310
8.1167 313
8.1333 317
8.15 320
8.1667 323
8.1833 326
8.2 329
8.2167 333
8.2333 336
8.25 339
8.2667 342
8.2833 345
8.3 349
8.3167 352
8.3333 355
8.35 358
8.3667 362
8.3833 365
8.4 368
8.4167 371
8.4333 374
8.45 378
8.4667 381
8.4833 384
8.5 387
8.5167 390
8.5333 394
8.55 397
8.5667 400
8.5833 403
8.6 406
8.6167 410
8.6333 413
8.65 416
8.6667 419
8.6833 422
8.7 426
8.7167 429
8.7333 432
8.75 435
8.7667 438
8.7833 441
8.8 445
8.8167 448
8.8333 451
8.85 454
8.8667 457
8.8833 460
8.9 463
8.9167 466
8.9333 470
8.95 473
8.9667 476
8.9833 479
9.0 482
9.0167 485
9.0333 488
9.05 491
9.0667 494
9.0833 497
9.1 500
9.1167 503
9.1333 506
9.15 509
9.1667 512
9.1833 515
9.2 518
9.2167 521
9.2333 524
9.25 527
9.2667 530
9.2833 533
9.3 536
9.3167 539
9.3333 542
9.35 545
9.3667 548
9.3833 551
9.4 554
9.4167 557
9.4333 560
9.45 563
9.4667 565
9.4833 568
9.5 571
9.5167 574
9.5333 577
9.55 580
9.5667 582
9.5833 585
9.6 588
9.6167 591
9.6333 594
9.65 596
9.6667 599
9.6833 602
9.7 605
9.7167 607
9.7333 610
9.75 613
9.7667 615
9.7833 618
9.8 621
9.8167 623
9.8333 626
9.85 629
9.8667 631
9.8833 634
9.9 637
9.9167 639
9.9333 642
9.95 644
9.9667 647
9.9833 649
10.0 652
10.0167 654
10.0333 657
10.05 659
10.0667 662
10.0833 664
10.1 667
10.1167 669
10.1333 672
10.15 674
10.1667 677
10.1833 679
10.2 681
10.2167 684
10.2333 686
10.25 688
10.2667 691
10.2833 693
10.3 695
10.3167 698
10.3333 700
10.35 702
10.3667 705
10.3833 707
10.4 709
10.4167 711
10.4333 713
10.45 716
10.4667 718
10.4833 720
10.5 722
10.5167 724
10.5333 726
10.55 728
10.5667 730
10.5833 733
10.6 735
10.6167 737
10.6333 739
10.65 741
10.6667 743
10.6833 745
10.7 747
10.7167 749
10.7333 751
10.75 752
10.7667 754
10.7833 756
10.8 758
10.8167 760
10.8333 762
10.85 764
10.8667 766
10.8833 767
10.9 769
10.9167 771
10.9333 773
10.95 774
10.9667 776
10.9833 778
11.0 780
11.0167 781
11.0333 783
11.05 785
11.0667 786
11.0833 788
11.1 789
11.1167 791
11.1333 793
11.15 794
11.1667 796
11.1833 797
11.2 799
11.2167 800
11.2333 802
11.25 803
11.2667 805
11.2833 806
11.3 807
11.3167 809
11.3333 810
11.35 811
11.3667 813
11.3833 814
11.4 815
11.4167 817
11.4333 818
11.45 819
11.4667 821
11.4833 822
11.5 823
11.5167 824
11.5333 825
11.55 827
11.5667 828
11.5833 829
11.6 830
11.6167 831
11.6333 832
11.65 833
11.6667 834
11.6833 835
11.7 836
11.7167 837
11.7333 838
11.75 839
11.7667 840
11.7833 841
11.8 842
11.8167 843
11.8333 844
11.85 844
11.8667 845
11.8833 846
11.9 847
11.9167 848
11.9333 849
11.95 849
11.9667 850
11.9833 851
12.0 851
12.0167 852
12.0333 853
12.05 853
12.0667 854
12.0833 855
12.1 855
12.1167 856
12.1333 856
12.15 857
12.1667 857
12.1833 858
12.2 858
12.2167 859
12.2333 859
12.25 860
12.2667 860
12.2833 861
12.3 861
12.3167 861
12.3333 862
12.35 862
12.3667 862
12.3833 863
12.4 863
12.4167 863
12.4333 863
12.45 864
12.4667 864
12.4833 864
12.5 864
12.5167 864
12.5333 864
12.55 865
12.5667 865
12.5833 865
12.6 865
12.6167 865
12.6333 865
12.65 865
12.6667 865
12.6833 865
12.7 865
12.7167 865
12.7333 865
12.75 864
12.7667 864
12.7833 864
12.8 864
12.8167 864
12.8333 864
12.85 863
12.8667 863
12.8833 863
12.9 863
12.9167 862
12.9333 862
12.95 862
12.9667 862
12.9833 861
13.0 861
13.0167 860
13.0333 860
13.05 860
13.0667 859
13.0833 859
13.1 858
13.1167 858
13.1333 857
13.15 857
13.1667 856
13.1833 856
13.2 855
13.2167 854
13.2333 854
13.25 853
13.2667 853
13.2833 852
13.3 851
13.3167 850
13.3333 850
13.35 849
13.3667 848
13.3833 847
13.4 847
13.4167 846
13.4333 845
13.45 844
13.4667 843
13.4833 842
13.5 842
13.5167 841
13.5333 840
13.55 839
13.5667 838
13.5833 837
13.6 836
13.6167 835
13.6333 834
13.65 833
13.6667 832
13.6833 831
13.7 830
13.7167 828
13.7333 827
13.75 826
13.7667 825
13.7833 824
13.8 823
13.8167 821
13.8333 820
13.85 819
13.8667 818
13.8833 816
13.9 815
13.9167 814
13.9333 812
13.95 811
13.9667 810
13.9833 808
14.0 807
14.0167 805
14.0333 804
14.05 803
14.0667 801
14.0833 800
14.1 798
14.1167 797
14.1333 795
14.15 794
14.1667 792
14.1833 790
14.2 789
14.2167 787
14.2333 786
14.25 784
14.2667 782
14.2833 781
14.3 779
14.3167 777
14.3333 776
14.35 774
14.3667 772
14.3833 770
14.4 768
14.4167 767
14.4333 765
14.45 763
14.4667 761
14.4833 759
14.5 757
14.5167 756
14.5333 754
14.55 752
14.5667 750
14.5833 748
14.6 746
14.6167 744
14.6333 742
14.65 740
14.6667 738
14.6833 736
14.7 734
14.7167 732
14.7333 730
14.75 728
14.7667 726
14.7833 723
14.8 721
14.8167 719
14.8333 717
14.85 715
14.8667 713
14.8833 710
14.9 708
14.9167 706
14.9333 704
14.95 701
14.9667 699
14.9833 697
15.0 695
15.0167 692
15.0333 690
15.05 688
15.0667 685
15.0833 683
15.1 681
15.1167 678
15.1333 676
15.15 674
15.1667 671
15.1833 669
15.2 666
15.2167 664
15.2333 661
15.25 659
15.2667 656
15.2833 654
15.3 651
15.3167 649
15.3333 646
15.35 644
15.3667 641
15.3833 638
15.4 636
15.4167 633
15.4333 631
15.45 628
15.4667 625
15.4833 623
15.5 620
15.5167 617
15.5333 615
15.55 612
15.5667 609
15.5833 607
15.6 604
15.6167 601
15.6333 598
15.65 596
15.6667 593
15.6833 590
15.7 587
15.7167 584
15.7333 582
15.75 579
15.7667 576
15.7833 573
15.8 570
15.8167 567
15.8333 565
15.85 562
15.8667 559
15.8833 556
15.9 553
15.9167 550
15.9333 547
15.95 544
15.9667 541
15.9833 538
16.0 535
16.0167 533
16.0333 530
16.05 527
16.0667 524
16.0833 521
16.1 518
16.1167 515
16.1333 512
16.15 509
16.1667 506
16.1833 503
16.2 499
16.2167 496
16.2333 493
16.25 490
16.2667 487
16.2833 484
16.3 481
16.3167 478
16.3333 475
16.35 472
16.3667 469
16.3833 466
16.4 462
16.4167 459
16.4333 456
16.45 453
16.4667 450
16.4833 447
16.5 444
16.5167 440
16.5333 437
16.55 434
16.5667 431
16.5833 428
16.6 425
16.6167 422
16.6333 418
16.65 415
16.6667 412
16.6833 409
16.7 406
16.7167 402
16.7333 399
16.75 396
16.7667 393
16.7833 390
16.8 386
16.8167 383
16.8333 380
16.85 377
16.8667 374
16.8833 370
16.9 367
16.9167 364
16.9333 361
16.95 358
16.9667 354
16.9833 351
