8.0 268
8.0167 272
8.0333 275
8.05 279
8.0667 283
8.0833 286
8.1 290
8.1167 293
8.1333 297
8.15 300
8.1667 304
8.1833 307
8.2 311
8.2167 315
8.2333 318
8.25 322
8.2667 325
8.2833 329
8.3 333
8.3167 336
8.3333 340
8.35 343
8.3667 347
8.3833 350
8.4 354
8.4167 358
8.4333 361
8.45 365
8.4667 368
8.4833 372
8.5 376
8.5167 379
8.5333 383
8.55 386
8.5667 390
8.5833 393
8.6 397
8.6167 401
8.6333 404
8.65 408
8.6667 411
8.6833 415
8.7 418
8.7167 422
8.7333 425
8.75 429
8.7667 432
8.7833 436
8.8 440
8.8167 443
8.8333 447
8.85 450
8.8667 454
8.8833 457
8.9 461
8.9167 464
8.9333 467
8.95 471
8.9667 474
8.9833 478
9.0 481
9.0167 485
9.0333 488
9.05 491
9.0667 495
9.0833 498
9.1 502
9.1167 505
9.1333 508
9.15 512
9.1667 515
9.1833 519
9.2 522
9.2167 525
9.2333 529
9.25 532
9.2667 535
9.2833 539
9.3 542
9.3167 545
9.3333 549
9.35 552
9.3667 555
9.3833 558
9.4 562
9.4167 565
9.4333 568
9.45 571
9.4667 575
9.4833 578
9.5 581
9.5167 584
9.5333 587
9.55 590
9.5667 594
9.5833 597
9.6 600
9.6167 603
9.6333 606
9.65 609
9.6667 612
9.6833 615
9.7 619
9.7167 622
9.7333 625
9.75 628
9.7667 631
9.7833 634
9.8 637
9.8167 640
9.8333 643
9.85 646
9.8667 649
9.8833 651
9.9 654
9.9167 657
9.9333 660
9.95 663
9.9667 666
9.9833 669
10.0 672
10.0167 675
10.0333 677
10.05 680
10.0667 683
10.0833 686
10.1 689
10.1167 691
10.1333 694
10.15 697
10.1667 700
10.1833 702
10.2 705
10.2167 708
10.2333 710
10.25 713
10.2667 716
10.2833 718
10.3 721
10.3167 723
10.3333 726
10.35 728
10.3667 731
10.3833 734
10.4 736
10.4167 739
10.4333 741
10.45 744
10.4667 746
10.4833 748
10.5 751
10.5167 753
10.5333 756
10.55 758
10.5667 760
10.5833 763
10.6 765
10.6167 767
10.6333 770
10.65 772
10.6667 774
10.6833 777
10.7 779
10.7167 781
10.7333 783
10.75 785
10.7667 788
10.7833 790
10.8 792
10.8167 794
10.8333 796
10.85 798
10.8667 800
10.8833 802
10.9 805
10.9167 807
10.9333 809
10.95 811
10.9667 813
10.9833 815
11.0 816
11.0167 818
11.0333 820
11.05 822
11.0667 824
11.0833 826
11.1 828
11.1167 830
11.1333 831
11.15 833
11.1667 835
11.1833 837
11.2 839
11.2167 840
11.2333 842
11.25 844
11.2667 845
11.2833 847
11.3 849
11.3167 850
11.3333 852
11.35 854
11.3667 855
11.3833 857
11.4 858
11.4167 860
11.4333 861
11.45 863
11.4667 864
11.4833 866
11.5 867
11.5167 868
11.5333 870
11.55 871
11.5667 873
11.5833 874
11.6 875
11.6167 877
11.6333 878
11.65 879
11.6667 880
11.6833 882
11.7 883
11.7167 884
11.7333 885
11.75 886
11.7667 887
11.7833 889
11.8 890
11.8167 891
11.8333 892
11.85 893
11.8667 894
11.8833 895
11.9 896
11.9167 897
11.9333 898
11.95 899
11.9667 900
11.9833 901
12.0 901
12.0167 902
12.0333 903
12.05 904
12.0667 905
12.0833 906
12.1 906
12.1167 907
12.1333 908
12.15 909
12.1667 909
12.1833 910
12.2 911
12.2167 911
12.2333 912
12.25 912
12.2667 913
12.2833 914
12.3 914
12.3167 915
12.3333 915
12.35 916
12.3667 916
12.3833 916
12.4 917
12.4167 917
12.4333 918
12.45 918
12.4667 918
12.4833 919
12.5 919
12.5167 919
12.5333 920
12.55 920
12.5667 920
12.5833 920
12.6 920
12.6167 921
12.6333 921
12.65 921
12.6667 921
12.6833 921
12.7 921
12.7167 921
12.7333 921
12.75 921
12.7667 921
12.7833 921
12.8 921
12.8167 921
12.8333 921
12.85 921
12.8667 921
12.8833 921
12.9 920
12.9167 920
12.9333 920
12.95 920
12.9667 920
12.9833 919
13.0 919
13.0167 919
13.0333 919
13.05 918
13.0667 918
13.0833 917
13.1 917
13.1167 917
13.1333 916
13.15 916
13.1667 915
13.1833 915
13.2 914
13.2167 914
13.2333 913
13.25 913
13.2667 912
13.2833 912
13.3 911
13.3167 910
13.3333 910
13.35 909
13.3667 908
13.3833 908
13.4 907
13.4167 906
13.4333 905
13.45 904
13.4667 904
13.4833 903
13.5 902
13.5167 901
13.5333 900
13.55 899
13.5667 898
13.5833 897
13.6 896
13.6167 896
13.6333 895
13.65 893
13.6667 892
13.6833 891
13.7 890
13.7167 889
13.7333 888
13.75 887
13.7667 886
13.7833 885
13.8 883
13.8167 882
13.8333 881
13.85 880
13.8667 879
13.8833 877
13.9 876
13.9167 875
13.9333 873
13.95 872
13.9667 871
13.9833 869
14.0 868
14.0167 866
14.0333 865
14.05 864
14.0667 862
14.0833 861
14.1 859
14.1167 858
14.1333 856
14.15 854
14.1667 853
14.1833 851
14.2 850
14.2167 848
14.2333 846
14.25 845
14.2667 843
14.2833 841
14.3 840
14.3167 838
14.3333 836
14.35 834
14.3667 833
14.3833 831
14.4 829
14.4167 827
14.4333 825
14.45 823
14.4667 821
14.4833 820
14.5 818
14.5167 816
14.5333 814
14.55 812
14.5667 810
14.5833 808
14.6 806
14.6167 804
14.6333 802
14.65 800
14.6667 797
14.6833 795
14.7 793
14.7167 791
14.7333 789
14.75 787
14.7667 785
14.7833 782
14.8 780
14.8167 778
14.8333 776
14.85 773
14.8667 771
14.8833 769
14.9 766
14.9167 764
14.9333 762
14.95 759
14.9667 757
14.9833 755
15.0 752
15.0167 749
15.0333 747
15.05 744
15.0667 742
15.0833 740
15.1 737
15.1167 735
15.1333 732
15.15 729
15.1667 727
15.1833 724
15.2 722
15.2167 719
15.2333 717
15.25 714
15.2667 711
15.2833 709
15.3 706
15.3167 703
15.3333 701
15.35 698
15.3667 695
15.3833 692
15.4 690
15.4167 687
15.4333 684
15.45 681
15.4667 678
15.4833 676
15.5 673
15.5167 670
15.5333 667
15.55 664
15.5667 661
15.5833 658
15.6 656
15.6167 653
15.6333 650
15.65 647
15.6667 644
15.6833 641
15.7 638
15.7167 635
15.7333 632
15.75 629
15.7667 626
15.7833 623
15.8 620
15.8167 617
15.8333 614
15.85 610
15.8667 607
15.8833 604
15.9 601
15.9167 598
15.9333 595
15.95 592
15.9667 589
15.9833 585
16.0 582
16.0167 579
16.0333 576
16.05 573
16.0667 569
16.0833 566
16.1 563
16.1167 560
16.1333 556
16.15 553
16.1667 550
16.1833 547
16.2 543
16.2167 540
16.2333 537
16.25 533
16.2667 530
16.2833 527
16.3 523
16.3167 520
16.3333 517
16.35 513
16.3667 510
16.3833 506
16.4 503
16.4167 500
16.4333 496
16.45 493
16.4667 489
16.4833 486
16.5 482
16.5167 479
16.5333 476
16.55 472
16.5667 469
16.5833 465
16.6 462
16.6167 458
16.6333 455
16.65 451
16.6667 448
16.6833 444
16.7 441
16.7167 437
16.7333 434
16.75 430
16.7667 427
16.7833 423
16.8 419
16.8167 416
16.8333 412
16.85 409
16.8667 405
16.8833 402
16.9 398
16.9167 395
16.9333 391
16.95 387
16.9667 384
16.9833 380
