8.0 274
8.0167 277
8.0333 281
8.05 284
8.0667 288
8.0833 291
8.1 295
8.1167 299
8.1333 302
8.15 306
8.1667 309
8.1833 313
8.2 317
8.2167 320
8.2333 324
8.25 328
8.2667 331
8.2833 335
8.3 338
8.3167 342
8.3333 346
8.35 349
8.3667 353
8.3833 356
8.4 360
8.4167 364
8.4333 367
8.45 371
8.4667 374
8.4833 378
8.5 382
8.5167 385
8.5333 389
8.55 392
8.5667 396
8.5833 400
8.6 403
8.6167 407
8.6333 410
8.65 414
8.6667 418
8.6833 421
8.7 425
8.7167 428
8.7333 432
8.75 435
8.7667 439
8.7833 442
8.8 446
8.8167 450
8.8333 453
8.85 457
8.8667 460
8.8833 464
8.9 467
8.9167 471
8.9333 474
8.95 478
8.9667 481
8.9833 485
9.0 488
9.0167 491
9.0333 495
9.05 498
9.0667 502
9.0833 505
9.1 508
9.1167 512
9.1333 515
9.15 519
9.1667 522
9.1833 525
9.2 529
9.2167 532
9.2333 536
9.25 539
9.2667 542
9.2833 546
9.3 549
9.3167 552
9.3333 556
9.35 559
9.3667 562
9.3833 565
9.4 569
9.4167 572
9.4333 575
9.45 578
9.4667 582
9.4833 585
9.5 588
9.5167 591
9.5333 594
9.55 598
9.5667 601
9.5833 604
9.6 607
9.6167 610
9.6333 613
9.65 616
9.6667 620
9.6833 623
9.7 626
9.7167 629
9.7333 632
9.75 635
9.7667 638
9.7833 641
9.8 644
9.8167 647
9.8333 650
9.85 653
9.8667 656
9.8833 659
9.9 662
9.9167 665
9.9333 668
9.95 670
9.9667 673
9.9833 676
10.0 679
10.0167 682
10.0333 685
10.05 688
10.0667 690
10.0833 693
10.1 696
10.1167 699
10.1333 701
10.15 704
10.1667 707
10.1833 710
10.2 712
10.2167 715
10.2333 718
10.25 720
10.2667 723
10.2833 726
10.3 728
10.3167 731
10.3333 733
10.35 736
10.3667 739
10.3833 741
10.4 744
10.4167 746
10.4333 749
10.45 751
10.4667 754
10.4833 756
10.5 758
10.5167 761
10.5333 763
10.55 766
10.5667 768
10.5833 770
10.6 773
10.6167 775
10.6333 777
10.65 780
10.6667 782
10.6833 784
10.7 787
10.7167 789
10.7333 791
10.75 793
10.7667 795
10.7833 798
10.8 800
10.8167 802
10.8333 804
10.85 806
10.8667 808
10.8833 810
10.9 812
10.9167 814
10.9333 816
10.95 818
10.9667 820
10.9833 822
11.0 824
11.0167 826
11.0333 828
11.05 830
11.0667 832
11.0833 834
11.1 836
11.1167 838
11.1333 839
11.15 841
11.1667 843
11.1833 845
11.2 846
11.2167 848
11.2333 850
11.25 852
11.2667 853
11.2833 855
11.3 857
11.3167 858
11.3333 860
11.35 861
11.3667 863
11.3833 865
11.4 866
11.4167 868
11.4333 869
11.45 871
11.4667 872
11.4833 874
11.5 875
11.5167 876
11.5333 878
11.55 879
11.5667 881
11.5833 882
11.6 883
11.6167 885
11.6333 886
11.65 887
11.6667 888
11.6833 890
11.7 891
11.7167 892
11.7333 893
11.75 894
11.7667 896
11.7833 897
11.8 898
11.8167 899
11.8333 900
11.85 901
11.8667 902
11.8833 903
11.9 904
11.9167 905
11.9333 906
11.95 907
11.9667 908
11.9833 909
12.0 910
12.0167 910
12.0333 911
12.05 912
12.0667 913
12.0833 914
12.1 915
12.1167 915
12.1333 916
12.15 917
12.1667 917
12.1833 918
12.2 919
12.2167 919
12.2333 920
12.25 921
12.2667 921
12.2833 922
12.3 922
12.3167 923
12.3333 923
12.35 924
12.3667 924
12.3833 925
12.4 925
12.4167 925
12.4333 926
12.45 926
12.4667 927
12.4833 927
12.5 927
12.5167 928
12.5333 928
12.55 928
12.5667 928
12.5833 928
12.6 929
12.6167 929
12.6333 929
12.65 929
12.6667 929
12.6833 929
12.7 929
12.7167 929
12.7333 930
12.75 930
12.7667 930
12.7833 930
12.8 929
12.8167 929
12.8333 929
12.85 929
12.8667 929
12.8833 929
12.9 929
12.9167 929
12.9333 928
12.95 928
12.9667 928
12.9833 928
13.0 928
13.0167 927
13.0333 927
13.05 927
13.0667 926
13.0833 926
13.1 925
13.1167 925
13.1333 925
13.15 924
13.1667 924
13.1833 923
13.2 923
13.2167 922
13.2333 922
13.25 921
13.2667 921
13.2833 920
13.3 919
13.3167 919
13.3333 918
13.35 917
13.3667 917
13.3833 916
13.4 915
13.4167 914
13.4333 914
13.45 913
13.4667 912
13.4833 911
13.5 910
13.5167 910
13.5333 909
13.55 908
13.5667 907
13.5833 906
13.6 905
13.6167 904
13.6333 903
13.65 902
13.6667 901
13.6833 900
13.7 899
13.7167 898
13.7333 897
13.75 895
13.7667 894
13.7833 893
13.8 892
13.8167 891
13.8333 890
13.85 888
13.8667 887
13.8833 886
13.9 885
13.9167 883
13.9333 882
13.95 881
13.9667 879
13.9833 878
14.0 876
14.0167 875
14.0333 874
14.05 872
14.0667 871
14.0833 869
14.1 868
14.1167 866
14.1333 865
14.15 863
14.1667 861
14.1833 860
14.2 858
14.2167 857
14.2333 855
14.25 853
14.2667 852
14.2833 850
14.3 848
14.3167 846
14.3333 845
14.35 843
14.3667 841
14.3833 839
14.4 837
14.4167 836
14.4333 834
14.45 832
14.4667 830
14.4833 828
14.5 826
14.5167 824
14.5333 822
14.55 820
14.5667 818
14.5833 816
14.6 814
14.6167 812
14.6333 810
14.65 808
14.6667 806
14.6833 804
14.7 802
14.7167 800
14.7333 797
14.75 795
14.7667 793
14.7833 791
14.8 789
14.8167 786
14.8333 784
14.85 782
14.8667 780
14.8833 777
14.9 775
14.9167 773
14.9333 770
14.95 768
14.9667 766
14.9833 763
15.0 760
15.0167 758
15.0333 756
15.05 753
15.0667 751
15.0833 748
15.1 746
15.1167 743
15.1333 741
15.15 738
15.1667 735
15.1833 733
15.2 730
15.2167 728
15.2333 725
15.25 722
15.2667 720
15.2833 717
15.3 715
15.3167 712
15.3333 709
15.35 706
15.3667 704
15.3833 701
15.4 698
15.4167 695
15.4333 693
15.45 690
15.4667 687
15.4833 684
15.5 681
15.5167 679
15.5333 676
15.55 673
15.5667 670
15.5833 667
15.6 664
15.6167 661
15.6333 658
15.65 655
15.6667 652
15.6833 649
15.7 646
15.7167 643
15.7333 640
15.75 637
15.7667 634
15.7833 631
15.8 628
15.8167 625
15.8333 622
15.85 619
15.8667 616
15.8833 613
15.9 610
15.9167 606
15.9333 603
15.95 600
15.9667 597
15.9833 594
16.0 591
16.0167 587
16.0333 584
16.05 581
16.0667 578
16.0833 575
16.1 571
16.1167 568
16.1333 565
16.15 561
16.1667 558
16.1833 555
16.2 552
16.2167 548
16.2333 545
16.25 542
16.2667 538
16.2833 535
16.3 532
16.3167 528
16.3333 525
16.35 521
16.3667 518
16.3833 515
16.4 511
16.4167 508
16.4333 504
16.45 501
16.4667 497
16.4833 494
16.5 491
16.5167 487
16.5333 484
16.55 480
16.5667 477
16.5833 473
16.6 470
16.6167 466
16.6333 463
16.65 459
16.6667 456
16.6833 452
16.7 449
16.7167 445
16.7333 442
16.75 438
16.7667 434
16.7833 431
16.8 427
16.8167 424
16.8333 420
16.85 417
16.8667 413
16.8833 409
16.9 406
16.9167 402
16.9333 399
16.95 395
16.9667 391
16.9833 388
