9.0 441
9.0167 446
9.0333 450
9.05 453
9.0667 457
9.0833 461
9.1 465
9.1167 468
9.1333 472
9.15 476
9.1667 479
9.1833 483
9.2 486
9.2167 490
9.2333 494
9.25 497
9.2667 501
9.2833 504
9.3 508
9.3167 512
9.3333 515
9.35 519
9.3667 522
9.3833 526
9.4 529
9.4167 533
9.4333 536
9.45 540
9.4667 543
9.4833 547
9.5 550
9.5167 554
9.5333 557
9.55 561
9.5667 564
9.5833 567
9.6 571
9.6167 574
9.6333 577
9.65 581
9.6667 584
9.6833 588
9.7 591
9.7167 594
9.7333 597
9.75 601
9.7667 604
9.7833 607
9.8 611
9.8167 614
9.8333 617
9.85 620
9.8667 623
9.8833 627
9.9 630
9.9167 633
9.9333 636
9.95 639
9.9667 642
9.9833 645
10.0 649
10.0167 652
10.0333 655
10.05 658
10.0667 661
10.0833 664
10.1 667
10.1167 670
10.1333 673
10.15 676
10.1667 679
10.1833 682
10.2 685
10.2167 687
10.2333 690
10.25 693
10.2667 696
10.2833 699
10.3 702
10.3167 705
10.3333 707
10.35 710
10.3667 713
10.3833 716
10.4 718
10.4167 721
10.4333 724
10.45 726
10.4667 729
10.4833 732
10.5 734
10.5167 737
10.5333 740
10.55 742
10.5667 745
10.5833 747
10.6 750
10.6167 752
10.6333 755
10.65 757
10.6667 760
10.6833 762
10.7 765
10.7167 767
10.7333 770
10.75 772
10.7667 774
10.7833 777
10.8 779
10.8167 781
10.8333 784
10.85 786
10.8667 788
10.8833 791
10.9 793
10.9167 795
10.9333 797
10.95 799
10.9667 802
10.9833 804
11.0 806
11.0167 808
11.0333 810
11.05 812
11.0667 814
11.0833 816
11.1 818
11.1167 820
11.1333 822
11.15 824
11.1667 826
11.1833 828
11.2 830
11.2167 832
11.2333 834
11.25 836
11.2667 837
11.2833 839
11.3 841
11.3167 843
11.3333 845
11.35 846
11.3667 848
11.3833 850
11.4 851
11.4167 853
11.4333 855
11.45 856
11.4667 858
11.4833 860
11.5 861
11.5167 863
11.5333 864
11.55 866
11.5667 867
11.5833 869
11.6 870
11.6167 872
11.6333 873
11.65 874
11.6667 876
11.6833 877
11.7 878
11.7167 880
11.7333 881
11.75 882
11.7667 884
11.7833 885
11.8 886
11.8167 887
11.8333 888
11.85 889
11.8667 891
11.8833 892
11.9 893
11.9167 894
11.9333 895
11.95 896
11.9667 897
11.9833 898
12.0 899
12.0167 900
12.0333 901
12.05 902
12.0667 903
12.0833 904
12.1 904
12.1167 905
12.1333 906
12.15 907
12.1667 908
12.1833 908
12.2 909
12.2167 910
12.2333 910
12.25 911
12.2667 912
12.2833 912
12.3 913
12.3167 914
12.3333 914
12.35 915
12.3667 915
12.3833 916
12.4 916
12.4167 917
12.4333 917
12.45 918
12.4667 918
12.4833 918
12.5 919
12.5167 919
12.5333 919
12.55 920
12.5667 920
12.5833 920
12.6 920
12.6167 921
12.6333 921
12.65 921
12.6667 921
12.6833 921
12.7 921
12.7167 922
12.7333 922
12.75 922
12.7667 922
12.7833 922
12.8 922
12.8167 922
12.8333 922
12.85 921
12.8667 921
12.8833 921
12.9 921
12.9167 921
12.9333 921
12.95 921
12.9667 920
12.9833 920
13.0 920
13.0167 920
13.0333 919
13.05 919
13.0667 919
13.0833 918
13.1 918
13.1167 917
13.1333 917
13.15 917
13.1667 916
13.1833 916
13.2 915
13.2167 915
13.2333 914
13.25 913
13.2667 913
13.2833 912
13.3 912
13.3167 911
13.3333 910
13.35 910
13.3667 909
13.3833 908
13.4 907
13.4167 907
13.4333 906
13.45 905
13.4667 904
13.4833 903
13.5 902
13.5167 902
13.5333 901
13.55 900
13.5667 899
13.5833 898
13.6 897
13.6167 896
13.6333 895
13.65 894
13.6667 892
13.6833 891
13.7 890
13.7167 889
13.7333 888
13.75 887
13.7667 886
13.7833 884
13.8 883
13.8167 882
13.8333 881
13.85 879
13.8667 878
13.8833 877
13.9 875
13.9167 874
13.9333 873
13.95 871
13.9667 870
13.9833 868
14.0 867
14.0167 865
14.0333 864
14.05 862
14.0667 861
14.0833 859
14.1 857
14.1167 856
14.1333 854
14.15 853
14.1667 851
14.1833 849
14.2 847
14.2167 846
14.2333 844
14.25 842
14.2667 840
14.2833 839
14.3 837
14.3167 835
14.3333 833
14.35 831
14.3667 829
14.3833 827
14.4 826
14.4167 824
14.4333 822
14.45 820
14.4667 818
14.4833 816
14.5 814
14.5167 811
14.5333 809
14.55 807
14.5667 805
14.5833 803
14.6 801
14.6167 799
14.6333 797
14.65 794
14.6667 792
14.6833 790
14.7 788
14.7167 785
14.7333 783
14.75 781
14.7667 778
14.7833 776
14.8 774
14.8167 771
14.8333 769
14.85 767
14.8667 764
14.8833 762
14.9 759
14.9167 757
14.9333 754
14.95 752
14.9667 749
14.9833 747
15.0 745
15.0167 742
15.0333 739
15.05 737
15.0667 734
15.0833 732
15.1 729
15.1167 726
15.1333 723
15.15 721
15.1667 718
15.1833 715
15.2 713
15.2167 710
15.2333 707
15.25 704
15.2667 701
15.2833 699
15.3 696
15.3167 693
15.3333 690
15.35 687
15.3667 684
15.3833 681
15.4 678
15.4167 675
15.4333 672
15.45 669
15.4667 666
15.4833 663
15.5 660
15.5167 657
15.5333 654
15.55 651
15.5667 648
15.5833 645
15.6 642
15.6167 639
15.6333 636
15.65 632
15.6667 629
15.6833 626
15.7 623
15.7167 620
15.7333 616
15.75 613
15.7667 610
15.7833 607
15.8 603
15.8167 600
15.8333 597
15.85 594
15.8667 590
15.8833 587
15.9 584
15.9167 580
15.9333 577
15.95 574
15.9667 570
15.9833 567
