9.0 535
9.0167 539
9.0333 542
9.05 546
9.0667 549
9.0833 553
9.1 556
9.1167 559
9.1333 563
9.15 566
9.1667 569
9.1833 573
9.2 576
9.2167 579
9.2333 583
9.25 586
9.2667 589
9.2833 593
9.3 596
9.3167 599
9.3333 602
9.35 606
9.3667 609
9.3833 612
9.4 615
9.4167 618
9.4333 622
9.45 625
9.4667 628
9.4833 631
9.5 634
9.5167 637
9.5333 640
9.55 643
9.5667 647
9.5833 650
9.6 653
9.6167 656
9.6333 659
9.65 662
9.6667 665
9.6833 668
9.7 671
9.7167 674
9.7333 677
9.75 680
9.7667 683
9.7833 686
9.8 689
9.8167 692
9.8333 694
9.85 697
9.8667 700
9.8833 703
9.9 706
9.9167 709
9.9333 711
9.95 714
9.9667 717
9.9833 720
10.0 723
10.0167 725
10.0333 728
10.05 731
10.0667 734
10.0833 736
10.1 739
10.1167 742
10.1333 744
10.15 747
10.1667 749
10.1833 752
10.2 755
10.2167 757
10.2333 760
10.25 762
10.2667 765
10.2833 767
10.3 770
10.3167 772
10.3333 775
10.35 777
10.3667 780
10.3833 782
10.4 785
10.4167 787
10.4333 789
10.45 792
10.4667 794
10.4833 796
10.5 799
10.5167 801
10.5333 803
10.55 806
10.5667 808
10.5833 810
10.6 812
10.6167 815
10.6333 817
10.65 819
10.6667 821
10.6833 823
10.7 825
10.7167 828
10.7333 830
10.75 832
10.7667 834
10.7833 836
10.8 838
10.8167 840
10.8333 842
10.85 844
10.8667 846
10.8833 848
10.9 850
10.9167 852
10.9333 853
10.95 855
10.9667 857
10.9833 859
11.0 861
11.0167 863
11.0333 864
11.05 866
11.0667 868
11.0833 870
11.1 871
11.1167 873
11.1333 875
11.15 877
11.1667 878
11.1833 880
11.2 881
11.2167 883
11.2333 885
11.25 886
11.2667 888
11.2833 889
11.3 891
11.3167 892
11.3333 894
11.35 895
11.3667 897
11.3833 898
11.4 899
11.4167 901
11.4333 902
11.45 904
11.4667 905
11.4833 906
11.5 908
11.5167 909
11.5333 910
11.55 911
11.5667 913
11.5833 914
11.6 915
11.6167 916
11.6333 917
11.65 918
11.6667 919
11.6833 921
11.7 922
11.7167 923
11.7333 924
11.75 925
11.7667 926
11.7833 927
11.8 928
11.8167 929
11.8333 930
11.85 930
11.8667 931
11.8833 932
11.9 933
11.9167 934
11.9333 935
11.95 935
11.9667 936
11.9833 937
12.0 938
12.0167 938
12.0333 939
12.05 940
12.0667 940
12.0833 941
12.1 942
12.1167 942
12.1333 943
12.15 943
12.1667 944
12.1833 945
12.2 945
12.2167 946
12.2333 946
12.25 946
12.2667 947
12.2833 947
12.3 948
12.3167 948
12.3333 948
12.35 949
12.3667 949
12.3833 949
12.4 950
12.4167 950
12.4333 950
12.45 950
12.4667 950
12.4833 951
12.5 951
12.5167 951
12.5333 951
12.55 951
12.5667 951
12.5833 951
12.6 951
12.6167 951
12.6333 951
12.65 951
12.6667 951
12.6833 951
12.7 951
12.7167 951
12.7333 951
12.75 951
12.7667 951
12.7833 950
12.8 950
12.8167 950
12.8333 950
12.85 950
12.8667 949
12.8833 949
12.9 949
12.9167 948
12.9333 948
12.95 948
12.9667 947
12.9833 947
13.0 946
13.0167 946
13.0333 946
13.05 945
13.0667 945
13.0833 944
13.1 943
13.1167 943
13.1333 942
13.15 942
13.1667 941
13.1833 941
13.2 940
13.2167 939
13.2333 938
13.25 938
13.2667 937
13.2833 936
13.3 936
13.3167 935
13.3333 934
13.35 933
13.3667 932
13.3833 931
13.4 930
13.4167 930
13.4333 929
13.45 928
13.4667 927
13.4833 926
13.5 925
13.5167 924
13.5333 923
13.55 922
13.5667 921
13.5833 920
13.6 918
13.6167 917
13.6333 916
13.65 915
13.6667 914
13.6833 913
13.7 911
13.7167 910
13.7333 909
13.75 908
13.7667 906
13.7833 905
13.8 904
13.8167 902
13.8333 901
13.85 900
13.8667 898
13.8833 897
13.9 895
13.9167 894
13.9333 892
13.95 891
13.9667 889
13.9833 888
14.0 886
14.0167 885
14.0333 883
14.05 882
14.0667 880
14.0833 878
14.1 877
14.1167 875
14.1333 873
14.15 872
14.1667 870
14.1833 868
14.2 866
14.2167 865
14.2333 863
14.25 861
14.2667 859
14.2833 857
14.3 856
14.3167 854
14.3333 852
14.35 850
14.3667 848
14.3833 846
14.4 844
14.4167 842
14.4333 840
14.45 838
14.4667 836
14.4833 834
14.5 832
14.5167 830
14.5333 828
14.55 826
14.5667 823
14.5833 821
14.6 819
14.6167 817
14.6333 815
14.65 813
14.6667 810
14.6833 808
14.7 806
14.7167 804
14.7333 801
14.75 799
14.7667 797
14.7833 794
14.8 792
14.8167 790
14.8333 787
14.85 785
14.8667 782
14.8833 780
14.9 778
14.9167 775
14.9333 773
14.95 770
14.9667 768
14.9833 765
15.0 763
15.0167 760
15.0333 758
15.05 755
15.0667 752
15.0833 750
15.1 747
15.1167 745
15.1333 742
15.15 739
15.1667 737
15.1833 734
15.2 731
15.2167 729
15.2333 726
15.25 723
15.2667 720
15.2833 717
15.3 715
15.3167 712
15.3333 709
15.35 706
15.3667 703
15.3833 701
15.4 698
15.4167 695
15.4333 692
15.45 689
15.4667 686
15.4833 683
15.5 680
15.5167 677
15.5333 674
15.55 671
15.5667 668
15.5833 665
15.6 662
15.6167 659
15.6333 656
15.65 653
15.6667 650
15.6833 647
15.7 644
15.7167 641
15.7333 638
15.75 635
15.7667 631
15.7833 628
15.8 625
15.8167 622
15.8333 619
15.85 616
15.8667 612
15.8833 609
15.9 606
15.9167 603
15.9333 600
15.95 596
15.9667 593
15.9833 590
