9.0 308
9.0167 312
9.0333 316
9.05 320
9.0667 323
9.0833 327
9.1 331
9.1167 334
9.1333 338
9.15 342
9.1667 345
9.1833 349
9.2 353
9.2167 356
9.2333 360
9.25 363
9.2667 367
9.2833 371
9.3 374
9.3167 378
9.3333 382
9.35 385
9.3667 389
9.3833 392
9.4 396
9.4167 399
9.4333 403
9.45 406
9.4667 410
9.4833 414
9.5 417
9.5167 421
9.5333 424
9.55 428
9.5667 431
9.5833 434
9.6 438
9.6167 441
9.6333 445
9.65 448
9.6667 452
9.6833 455
9.7 458
9.7167 462
9.7333 465
9.75 469
9.7667 472
9.7833 475
9.8 479
9.8167 482
9.8333 485
9.85 488
9.8667 492
9.8833 495
9.9 498
9.9167 502
9.9333 505
9.95 508
9.9667 511
9.9833 514
10.0 518
10.0167 521
10.0333 524
10.05 527
10.0667 530
10.0833 533
10.1 536
10.1167 540
10.1333 543
10.15 546
10.1667 549
10.1833 552
10.2 555
10.2167 558
10.2333 561
10.25 564
10.2667 567
10.2833 570
10.3 573
10.3167 576
10.3333 578
10.35 581
10.3667 584
10.3833 587
10.4 590
10.4167 593
10.4333 596
10.45 598
10.4667 601
10.4833 604
10.5 607
10.5167 609
10.5333 612
10.55 615
10.5667 618
10.5833 620
10.6 623
10.6167 626
10.6333 628
10.65 631
10.6667 633
10.6833 636
10.7 639
10.7167 641
10.7333 644
10.75 646
10.7667 649
10.7833 651
10.8 654
10.8167 656
10.8333 658
10.85 661
10.8667 663
10.8833 666
10.9 668
10.9167 670
10.9333 673
10.95 675
10.9667 677
10.9833 680
11.0 682
11.0167 684
11.0333 686
11.05 689
11.0667 691
11.0833 693
11.1 695
11.1167 697
11.1333 699
11.15 701
11.1667 704
11.1833 706
11.2 708
11.2167 710
11.2333 712
11.25 714
11.2667 716
11.2833 718
11.3 720
11.3167 722
11.3333 723
11.35 725
11.3667 727
11.3833 729
11.4 731
11.4167 733
11.4333 734
11.45 736
11.4667 738
11.4833 740
11.5 741
11.5167 743
11.5333 745
11.55 747
11.5667 748
11.5833 750
11.6 751
11.6167 753
11.6333 755
11.65 756
11.6667 758
11.6833 759
11.7 761
11.7167 762
11.7333 763
11.75 765
11.7667 766
11.7833 768
11.8 769
11.8167 770
11.8333 772
11.85 773
11.8667 774
11.8833 776
11.9 777
11.9167 778
11.9333 779
11.95 781
11.9667 782
11.9833 783
12.0 784
12.0167 785
12.0333 786
12.05 787
12.0667 788
12.0833 789
12.1 790
12.1167 791
12.1333 792
12.15 793
12.1667 794
12.1833 795
12.2 796
12.2167 797
12.2333 798
12.25 799
12.2667 799
12.2833 800
12.3 801
12.3167 802
12.3333 803
12.35 803
12.3667 804
12.3833 805
12.4 805
12.4167 806
12.4333 806
12.45 807
12.4667 808
12.4833 808
12.5 809
12.5167 809
12.5333 810
12.55 810
12.5667 811
12.5833 811
12.6 811
12.6167 812
12.6333 812
12.65 813
12.6667 813
12.6833 813
12.7 813
12.7167 814
12.7333 814
12.75 814
12.7667 814
12.7833 815
12.8 815
12.8167 815
12.8333 815
12.85 815
12.8667 815
12.8833 815
12.9 815
12.9167 815
12.9333 815
12.95 815
12.9667 815
12.9833 815
13.0 815
13.0167 815
13.0333 815
13.05 815
13.0667 814
13.0833 814
13.1 814
13.1167 814
13.1333 814
13.15 813
13.1667 813
13.1833 813
13.2 812
13.2167 812
13.2333 812
13.25 811
13.2667 811
13.2833 810
13.3 810
13.3167 809
13.3333 809
13.35 808
13.3667 808
13.3833 807
13.4 807
13.4167 806
13.4333 805
13.45 805
13.4667 804
13.4833 803
13.5 803
13.5167 802
13.5333 801
13.55 801
13.5667 800
13.5833 799
13.6 798
13.6167 797
13.6333 796
13.65 796
13.6667 795
13.6833 794
13.7 793
13.7167 792
13.7333 791
13.75 790
13.7667 789
13.7833 788
13.8 787
13.8167 786
13.8333 784
13.85 783
13.8667 782
13.8833 781
13.9 780
13.9167 779
13.9333 777
13.95 776
13.9667 775
13.9833 774
14.0 772
14.0167 771
14.0333 770
14.05 768
14.0667 767
14.0833 765
14.1 764
14.1167 763
14.1333 761
14.15 760
14.1667 758
14.1833 757
14.2 755
14.2167 754
14.2333 752
14.25 750
14.2667 749
14.2833 747
14.3 745
14.3167 744
14.3333 742
14.35 740
14.3667 739
14.3833 737
14.4 735
14.4167 733
14.4333 732
14.45 730
14.4667 728
14.4833 726
14.5 724
14.5167 722
14.5333 720
14.55 718
14.5667 716
14.5833 714
14.6 712
14.6167 710
14.6333 708
14.65 706
14.6667 704
14.6833 702
14.7 700
14.7167 698
14.7333 696
14.75 694
14.7667 692
14.7833 689
14.8 687
14.8167 685
14.8333 683
14.85 680
14.8667 678
14.8833 676
14.9 674
14.9167 671
14.9333 669
14.95 667
14.9667 664
14.9833 662
15.0 660
15.0167 658
15.0333 656
15.05 653
15.0667 651
15.0833 648
15.1 646
15.1167 643
15.1333 640
15.15 638
15.1667 635
15.1833 633
15.2 630
15.2167 628
15.2333 625
15.25 622
15.2667 620
15.2833 617
15.3 614
15.3167 611
15.3333 609
15.35 606
15.3667 603
15.3833 600
15.4 598
15.4167 595
15.4333 592
15.45 589
15.4667 586
15.4833 583
15.5 580
15.5167 578
15.5333 575
15.55 572
15.5667 569
15.5833 566
15.6 563
15.6167 560
15.6333 557
15.65 554
15.6667 551
15.6833 548
15.7 545
15.7167 542
15.7333 539
15.75 535
15.7667 532
15.7833 529
15.8 526
15.8167 523
15.8333 520
15.85 517
15.8667 513
15.8833 510
15.9 507
15.9167 504
15.9333 500
15.95 497
15.9667 494
15.9833 491
