9.0 519
9.0167 523
9.0333 527
9.05 530
9.0667 534
9.0833 537
9.1 541
9.1167 545
9.1333 548
9.15 552
9.1667 555
9.1833 559
9.2 562
9.2167 566
9.2333 569
9.25 573
9.2667 576
9.2833 580
9.3 583
9.3167 587
9.3333 590
9.35 593
9.3667 597
9.3833 600
9.4 604
9.4167 607
9.4333 610
9.45 614
9.4667 617
9.4833 620
9.5 624
9.5167 627
9.5333 630
9.55 634
9.5667 637
9.5833 640
9.6 644
9.6167 647
9.6333 650
9.65 653
9.6667 656
9.6833 660
9.7 663
9.7167 666
9.7333 669
9.75 672
9.7667 675
9.7833 679
9.8 682
9.8167 685
9.8333 688
9.85 691
9.8667 694
9.8833 697
9.9 700
9.9167 703
9.9333 706
9.95 709
9.9667 712
9.9833 715
10.0 718
10.0167 721
10.0333 724
10.05 727
10.0667 729
10.0833 732
10.1 735
10.1167 738
10.1333 741
10.15 744
10.1667 746
10.1833 749
10.2 752
10.2167 755
10.2333 757
10.25 760
10.2667 763
10.2833 766
10.3 768
10.3167 771
10.3333 774
10.35 776
10.3667 779
10.3833 781
10.4 784
10.4167 787
10.4333 789
10.45 792
10.4667 794
10.4833 797
10.5 799
10.5167 802
10.5333 804
10.55 806
10.5667 809
10.5833 811
10.6 814
10.6167 816
10.6333 818
10.65 821
10.6667 823
10.6833 825
10.7 828
10.7167 830
10.7333 832
10.75 834
10.7667 837
10.7833 839
10.8 841
10.8167 843
10.8333 845
10.85 847
10.8667 850
10.8833 852
10.9 854
10.9167 856
10.9333 858
10.95 860
10.9667 862
10.9833 864
11.0 866
11.0167 868
11.0333 870
11.05 872
11.0667 874
11.0833 875
11.1 877
11.1167 879
11.1333 881
11.15 883
11.1667 885
11.1833 886
11.2 888
11.2167 890
11.2333 891
11.25 893
11.2667 895
11.2833 897
11.3 898
11.3167 900
11.3333 901
11.35 903
11.3667 905
11.3833 906
11.4 908
11.4167 909
11.4333 911
11.45 912
11.4667 914
11.4833 915
11.5 916
11.5167 918
11.5333 919
11.55 921
11.5667 922
11.5833 923
11.6 924
11.6167 926
11.6333 927
11.65 928
11.6667 930
11.6833 931
11.7 932
11.7167 933
11.7333 934
11.75 935
11.7667 936
11.7833 938
11.8 939
11.8167 940
11.8333 941
11.85 942
11.8667 943
11.8833 944
11.9 945
11.9167 946
11.9333 946
11.95 947
11.9667 948
11.9833 949
12.0 950
12.0167 951
12.0333 951
12.05 952
12.0667 953
12.0833 954
12.1 954
12.1167 955
12.1333 956
12.15 956
12.1667 957
12.1833 958
12.2 958
12.2167 959
12.2333 959
12.25 960
12.2667 960
12.2833 961
12.3 961
12.3167 962
12.3333 962
12.35 963
12.3667 963
12.3833 964
12.4 964
12.4167 964
12.4333 964
12.45 965
12.4667 965
12.4833 965
12.5 966
12.5167 966
12.5333 966
12.55 966
12.5667 966
12.5833 966
12.6 967
12.6167 967
12.6333 967
12.65 967
12.6667 967
12.6833 967
12.7 967
12.7167 967
12.7333 967
12.75 967
12.7667 966
12.7833 966
12.8 966
12.8167 966
12.8333 966
12.85 966
12.8667 965
12.8833 965
12.9 965
12.9167 965
12.9333 964
12.95 964
12.9667 964
12.9833 963
13.0 963
13.0167 963
13.0333 962
13.05 962
13.0667 961
13.0833 961
13.1 960
13.1167 960
13.1333 959
13.15 959
13.1667 958
13.1833 958
13.2 957
13.2167 956
13.2333 956
13.25 955
13.2667 954
13.2833 954
13.3 953
13.3167 952
13.3333 951
13.35 950
13.3667 950
13.3833 949
13.4 948
13.4167 947
13.4333 946
13.45 945
13.4667 944
13.4833 943
13.5 942
13.5167 941
13.5333 940
13.55 939
13.5667 938
13.5833 937
13.6 936
13.6167 935
13.6333 934
13.65 933
13.6667 932
13.6833 930
13.7 929
13.7167 928
13.7333 927
13.75 925
13.7667 924
13.7833 923
13.8 922
13.8167 920
13.8333 919
13.85 917
13.8667 916
13.8833 915
13.9 913
13.9167 912
13.9333 910
13.95 909
13.9667 907
13.9833 906
14.0 904
14.0167 903
14.0333 901
14.05 899
14.0667 898
14.0833 896
14.1 894
14.1167 893
14.1333 891
14.15 889
14.1667 888
14.1833 886
14.2 884
14.2167 882
14.2333 880
14.25 879
14.2667 877
14.2833 875
14.3 873
14.3167 871
14.3333 869
14.35 867
14.3667 865
14.3833 863
14.4 861
14.4167 859
14.4333 857
14.45 855
14.4667 853
14.4833 851
14.5 849
14.5167 847
14.5333 845
14.55 843
14.5667 840
14.5833 838
14.6 836
14.6167 834
14.6333 832
14.65 829
14.6667 827
14.6833 825
14.7 822
14.7167 820
14.7333 818
14.75 815
14.7667 813
14.7833 811
14.8 808
14.8167 806
14.8333 803
14.85 801
14.8667 798
14.8833 796
14.9 793
14.9167 791
14.9333 788
14.95 786
14.9667 783
14.9833 781
15.0 778
15.0167 776
15.0333 773
15.05 771
15.0667 768
15.0833 765
15.1 762
15.1167 760
15.1333 757
15.15 754
15.1667 752
15.1833 749
15.2 746
15.2167 743
15.2333 740
15.25 738
15.2667 735
15.2833 732
15.3 729
15.3167 726
15.3333 723
15.35 720
15.3667 717
15.3833 714
15.4 711
15.4167 708
15.4333 705
15.45 702
15.4667 699
15.4833 696
15.5 693
15.5167 690
15.5333 687
15.55 684
15.5667 681
15.5833 678
15.6 675
15.6167 672
15.6333 669
15.65 665
15.6667 662
15.6833 659
15.7 656
15.7167 653
15.7333 649
15.75 646
15.7667 643
15.7833 640
15.8 636
15.8167 633
15.8333 630
15.85 627
15.8667 623
15.8833 620
15.9 617
15.9167 613
15.9333 610
15.95 606
15.9667 603
15.9833 600
