9.0 404
9.0167 406
9.0333 410
9.05 413
9.0667 416
9.0833 420
9.1 423
9.1167 426
9.1333 429
9.15 433
9.1667 436
9.1833 439
9.2 442
9.2167 446
9.2333 449
9.25 452
9.2667 455
9.2833 459
9.3 462
9.3167 465
9.3333 468
9.35 471
9.3667 474
9.3833 478
9.4 481
9.4167 484
9.4333 487
9.45 490
9.4667 493
9.4833 496
9.5 499
9.5167 502
9.5333 506
9.55 509
9.5667 512
9.5833 515
9.6 518
9.6167 521
9.6333 524
9.65 527
9.6667 530
9.6833 533
9.7 536
9.7167 539
9.7333 541
9.75 544
9.7667 547
9.7833 550
9.8 553
9.8167 556
9.8333 559
9.85 562
9.8667 565
9.8833 567
9.9 570
9.9167 573
9.9333 576
9.95 579
9.9667 581
9.9833 584
10.0 587
10.0167 590
10.0333 592
10.05 595
10.0667 598
10.0833 600
10.1 603
10.1167 606
10.1333 608
10.15 611
10.1667 613
10.1833 616
10.2 619
10.2167 621
10.2333 624
10.25 626
10.2667 629
10.2833 631
10.3 634
10.3167 636
10.3333 639
10.35 641
10.3667 643
10.3833 646
10.4 648
10.4167 651
10.4333 653
10.45 655
10.4667 658
10.4833 660
10.5 662
10.5167 665
10.5333 667
10.55 669
10.5667 671
10.5833 674
10.6 676
10.6167 678
10.6333 680
10.65 682
10.6667 684
10.6833 687
10.7 689
10.7167 691
10.7333 693
10.75 695
10.7667 697
10.7833 699
10.8 701
10.8167 703
10.8333 705
10.85 707
10.8667 709
10.8833 711
10.9 713
10.9167 714
10.9333 716
10.95 718
10.9667 720
10.9833 722
11.0 724
11.0167 725
11.0333 727
11.05 729
11.0667 731
11.0833 732
11.1 734
11.1167 736
11.1333 737
11.15 739
11.1667 741
11.1833 742
11.2 744
11.2167 745
11.2333 747
11.25 749
11.2667 750
11.2833 752
11.3 753
11.3167 754
11.3333 756
11.35 757
11.3667 759
11.3833 760
11.4 761
11.4167 763
11.4333 764
11.45 765
11.4667 767
11.4833 768
11.5 769
11.5167 770
11.5333 772
11.55 773
11.5667 774
11.5833 775
11.6 776
11.6167 777
11.6333 779
11.65 780
11.6667 781
11.6833 782
11.7 783
11.7167 784
11.7333 785
11.75 786
11.7667 787
11.7833 788
11.8 789
11.8167 789
11.8333 790
11.85 791
11.8667 792
11.8833 793
11.9 794
11.9167 794
11.9333 795
11.95 796
11.9667 797
11.9833 797
12.0 798
12.0167 799
12.0333 799
12.05 800
12.0667 800
12.0833 801
12.1 802
12.1167 802
12.1333 803
12.15 803
12.1667 804
12.1833 804
12.2 804
12.2167 805
12.2333 805
12.25 806
12.2667 806
12.2833 806
12.3 807
12.3167 807
12.3333 807
12.35 808
12.3667 808
12.3833 808
12.4 808
12.4167 808
12.4333 809
12.45 809
12.4667 809
12.4833 809
12.5 809
12.5167 809
12.5333 809
12.55 809
12.5667 809
12.5833 809
12.6 809
12.6167 809
12.6333 809
12.65 809
12.6667 809
12.6833 809
12.7 808
12.7167 808
12.7333 808
12.75 808
12.7667 808
12.7833 807
12.8 807
12.8167 807
12.8333 806
12.85 806
12.8667 806
12.8833 805
12.9 805
12.9167 805
12.9333 804
12.95 804
12.9667 803
12.9833 803
13.0 802
13.0167 802
13.0333 801
13.05 800
13.0667 800
13.0833 799
13.1 799
13.1167 798
13.1333 797
13.15 797
13.1667 796
13.1833 795
13.2 794
13.2167 794
13.2333 793
13.25 792
13.2667 791
13.2833 790
13.3 790
13.3167 789
13.3333 788
13.35 787
13.3667 786
13.3833 785
13.4 784
13.4167 783
13.4333 782
13.45 781
13.4667 780
13.4833 779
13.5 778
13.5167 777
13.5333 775
13.55 774
13.5667 773
13.5833 772
13.6 771
13.6167 769
13.6333 768
13.65 767
13.6667 766
13.6833 764
13.7 763
13.7167 762
13.7333 760
13.75 759
13.7667 757
13.7833 756
13.8 755
13.8167 753
13.8333 752
13.85 750
13.8667 749
13.8833 747
13.9 746
13.9167 744
13.9333 742
13.95 741
13.9667 739
13.9833 738
14.0 736
14.0167 734
14.0333 733
14.05 731
14.0667 729
14.0833 727
14.1 726
14.1167 724
14.1333 722
14.15 720
14.1667 718
14.1833 717
14.2 715
14.2167 713
14.2333 711
14.25 709
14.2667 707
14.2833 705
14.3 703
14.3167 701
14.3333 699
14.35 697
14.3667 695
14.3833 693
14.4 691
14.4167 689
14.4333 687
14.45 685
14.4667 683
14.4833 680
14.5 678
14.5167 676
14.5333 674
14.55 672
14.5667 669
14.5833 667
14.6 665
14.6167 663
14.6333 660
14.65 658
14.6667 656
14.6833 653
14.7 651
14.7167 649
14.7333 646
14.75 644
14.7667 641
14.7833 639
14.8 636
14.8167 634
14.8333 632
14.85 629
14.8667 627
14.8833 624
14.9 621
14.9167 619
14.9333 616
14.95 614
14.9667 611
14.9833 609
15.0 605
15.0167 602
15.0333 600
15.05 597
15.0667 594
15.0833 592
15.1 589
15.1167 586
15.1333 583
15.15 581
15.1667 578
15.1833 575
15.2 572
15.2167 570
15.2333 567
15.25 564
15.2667 561
15.2833 558
15.3 555
15.3167 552
15.3333 550
15.35 547
15.3667 544
15.3833 541
15.4 538
15.4167 535
15.4333 532
15.45 529
15.4667 526
15.4833 523
15.5 520
15.5167 517
15.5333 514
15.55 511
15.5667 508
15.5833 505
15.6 502
15.6167 499
15.6333 496
15.65 493
15.6667 489
15.6833 486
15.7 483
15.7167 480
15.7333 477
15.75 474
15.7667 471
15.7833 468
15.8 464
15.8167 461
15.8333 458
15.85 455
15.8667 452
15.8833 448
15.9 445
15.9167 442
15.9333 439
15.95 435
15.9667 432
15.9833 429
