9.0 288
9.0167 292
9.0333 295
9.05 299
9.0667 302
9.0833 306
9.1 309
9.1167 313
9.1333 316
9.15 319
9.1667 323
9.1833 326
9.2 330
9.2167 333
9.2333 337
9.25 340
9.2667 343
9.2833 347
9.3 350
9.3167 354
9.3333 357
9.35 360
9.3667 364
9.3833 367
9.4 370
9.4167 374
9.4333 377
9.45 380
9.4667 384
9.4833 387
9.5 391
9.5167 394
9.5333 397
9.55 400
9.5667 404
9.5833 407
9.6 410
9.6167 414
9.6333 417
9.65 420
9.6667 423
9.6833 427
9.7 430
9.7167 433
9.7333 436
9.75 440
9.7667 443
9.7833 446
9.8 449
9.8167 452
9.8333 456
9.85 459
9.8667 462
9.8833 465
9.9 468
9.9167 471
9.9333 474
9.95 478
9.9667 481
9.9833 484
10.0 487
10.0167 490
10.0333 493
10.05 496
10.0667 499
10.0833 502
10.1 505
10.1167 508
10.1333 511
10.15 514
10.1667 517
10.1833 520
10.2 523
10.2167 526
10.2333 528
10.25 531
10.2667 534
10.2833 537
10.3 540
10.3167 543
10.3333 546
10.35 548
10.3667 551
10.3833 554
10.4 557
10.4167 559
10.4333 562
10.45 565
10.4667 568
10.4833 570
10.5 573
10.5167 576
10.5333 578
10.55 581
10.5667 584
10.5833 586
10.6 589
10.6167 591
10.6333 594
10.65 596
10.6667 599
10.6833 602
10.7 604
10.7167 607
10.7333 609
10.75 611
10.7667 614
10.7833 616
10.8 619
10.8167 621
10.8333 623
10.85 626
10.8667 628
10.8833 631
10.9 633
10.9167 635
10.9333 637
10.95 640
10.9667 642
10.9833 644
11.0 646
11.0167 649
11.0333 651
11.05 653
11.0667 655
11.0833 657
11.1 659
11.1167 661
11.1333 663
11.15 666
11.1667 668
11.1833 670
11.2 672
11.2167 674
11.2333 676
11.25 677
11.2667 679
11.2833 681
11.3 683
11.3167 685
11.3333 687
11.35 689
11.3667 691
11.3833 692
11.4 694
11.4167 696
11.4333 698
11.45 700
11.4667 701
11.4833 703
11.5 705
11.5167 706
11.5333 708
11.55 710
11.5667 711
11.5833 713
11.6 714
11.6167 716
11.6333 717
11.65 719
11.6667 720
11.6833 722
11.7 723
11.7167 725
11.7333 726
11.75 728
11.7667 729
11.7833 730
11.8 732
11.8167 733
11.8333 734
11.85 736
11.8667 737
11.8833 738
11.9 739
11.9167 741
11.9333 742
11.95 743
11.9667 744
11.9833 745
12.0 746
12.0167 747
12.0333 749
12.05 750
12.0667 751
12.0833 752
12.1 753
12.1167 754
12.1333 755
12.15 756
12.1667 756
12.1833 757
12.2 758
12.2167 759
12.2333 760
12.25 761
12.2667 762
12.2833 762
12.3 763
12.3167 764
12.3333 765
12.35 765
12.3667 766
12.3833 767
12.4 767
12.4167 768
12.4333 768
12.45 769
12.4667 770
12.4833 770
12.5 771
12.5167 771
12.5333 772
12.55 772
12.5667 772
12.5833 773
12.6 773
12.6167 774
12.6333 774
12.65 774
12.6667 775
12.6833 775
12.7 775
12.7167 775
12.7333 776
12.75 776
12.7667 776
12.7833 776
12.8 776
12.8167 777
12.8333 777
12.85 777
12.8667 777
12.8833 777
12.9 777
12.9167 777
12.9333 777
12.95 777
12.9667 777
12.9833 777
13.0 777
13.0167 776
13.0333 776
13.05 776
13.0667 776
13.0833 776
13.1 776
13.1167 775
13.1333 775
13.15 775
13.1667 775
13.1833 774
13.2 774
13.2167 774
13.2333 773
13.25 773
13.2667 772
13.2833 772
13.3 771
13.3167 771
13.3333 770
13.35 770
13.3667 769
13.3833 769
13.4 768
13.4167 768
13.4333 767
13.45 766
13.4667 766
13.4833 765
13.5 764
13.5167 764
13.5333 763
13.55 762
13.5667 761
13.5833 761
13.6 760
13.6167 759
13.6333 758
13.65 757
13.6667 756
13.6833 755
13.7 754
13.7167 753
13.7333 752
13.75 751
13.7667 750
13.7833 749
13.8 748
13.8167 747
13.8333 746
13.85 745
13.8667 744
13.8833 743
13.9 742
13.9167 740
13.9333 739
13.95 738
13.9667 737
13.9833 735
14.0 734
14.0167 733
14.0333 731
14.05 730
14.0667 729
14.0833 727
14.1 726
14.1167 724
14.1333 723
14.15 722
14.1667 720
14.1833 719
14.2 717
14.2167 715
14.2333 714
14.25 712
14.2667 711
14.2833 709
14.3 708
14.3167 706
14.3333 704
14.35 703
14.3667 701
14.3833 699
14.4 697
14.4167 696
14.4333 694
14.45 692
14.4667 690
14.4833 688
14.5 686
14.5167 685
14.5333 683
14.55 681
14.5667 679
14.5833 677
14.6 675
14.6167 673
14.6333 671
14.65 669
14.6667 667
14.6833 665
14.7 663
14.7167 661
14.7333 659
14.75 657
14.7667 654
14.7833 652
14.8 650
14.8167 648
14.8333 646
14.85 644
14.8667 641
14.8833 639
14.9 637
14.9167 634
14.9333 632
14.95 630
14.9667 628
14.9833 625
15.0 624
15.0167 621
15.0333 619
15.05 617
15.0667 614
15.0833 612
15.1 609
15.1167 607
15.1333 604
15.15 602
15.1667 599
15.1833 597
15.2 594
15.2167 592
15.2333 589
15.25 586
15.2667 584
15.2833 581
15.3 578
15.3167 576
15.3333 573
15.35 570
15.3667 568
15.3833 565
15.4 562
15.4167 560
15.4333 557
15.45 554
15.4667 551
15.4833 548
15.5 546
15.5167 543
15.5333 540
15.55 537
15.5667 534
15.5833 531
15.6 528
15.6167 526
15.6333 523
15.65 520
15.6667 517
15.6833 514
15.7 511
15.7167 508
15.7333 505
15.75 502
15.7667 499
15.7833 496
15.8 493
15.8167 490
15.8333 487
15.85 484
15.8667 481
15.8833 477
15.9 474
15.9167 471
15.9333 468
15.95 465
15.9667 462
15.9833 459
