9.0 369
9.0167 373
9.0333 377
9.05 380
9.0667 384
9.0833 387
9.1 391
9.1167 394
9.1333 397
9.15 401
9.1667 404
9.1833 407
9.2 411
9.2167 414
9.2333 418
9.25 421
9.2667 424
9.2833 428
9.3 431
9.3167 434
9.3333 438
9.35 441
9.3667 444
9.3833 448
9.4 451
9.4167 454
9.4333 458
9.45 461
9.4667 464
9.4833 467
9.5 471
9.5167 474
9.5333 477
9.55 480
9.5667 484
9.5833 487
9.6 490
9.6167 493
9.6333 496
9.65 500
9.6667 503
9.6833 506
9.7 509
9.7167 512
9.7333 515
9.75 519
9.7667 522
9.7833 525
9.8 528
9.8167 531
9.8333 534
9.85 537
9.8667 540
9.8833 543
9.9 546
9.9167 549
9.9333 552
9.95 555
9.9667 558
9.9833 561
10.0 564
10.0167 567
10.0333 570
10.05 573
10.0667 576
10.0833 579
10.1 582
10.1167 585
10.1333 587
10.15 590
10.1667 593
10.1833 596
10.2 599
10.2167 601
10.2333 604
10.25 607
10.2667 610
10.2833 613
10.3 615
10.3167 618
10.3333 621
10.35 623
10.3667 626
10.3833 629
10.4 631
10.4167 634
10.4333 637
10.45 639
10.4667 642
10.4833 644
10.5 647
10.5167 649
10.5333 652
10.55 654
10.5667 657
10.5833 659
10.6 662
10.6167 664
10.6333 667
10.65 669
10.6667 671
10.6833 674
10.7 676
10.7167 679
10.7333 681
10.75 683
10.7667 686
10.7833 688
10.8 690
10.8167 692
10.8333 695
10.85 697
10.8667 699
10.8833 701
10.9 703
10.9167 706
10.9333 708
10.95 710
10.9667 712
10.9833 714
11.0 716
11.0167 718
11.0333 720
11.05 722
11.0667 724
11.0833 726
11.1 728
11.1167 730
11.1333 732
11.15 734
11.1667 736
11.1833 738
11.2 740
11.2167 741
11.2333 743
11.25 745
11.2667 747
11.2833 749
11.3 750
11.3167 752
11.3333 754
11.35 756
11.3667 757
11.3833 759
11.4 761
11.4167 762
11.4333 764
11.45 765
11.4667 767
11.4833 768
11.5 770
11.5167 772
11.5333 773
11.55 775
11.5667 776
11.5833 777
11.6 779
11.6167 780
11.6333 782
11.65 783
11.6667 784
11.6833 786
11.7 787
11.7167 788
11.7333 790
11.75 791
11.7667 792
11.7833 793
11.8 794
11.8167 796
11.8333 797
11.85 798
11.8667 799
11.8833 800
11.9 801
11.9167 802
11.9333 803
11.95 804
11.9667 805
11.9833 806
12.0 807
12.0167 808
12.0333 809
12.05 810
12.0667 811
12.0833 812
12.1 813
12.1167 813
12.1333 814
12.15 815
12.1667 816
12.1833 817
12.2 817
12.2167 818
12.2333 819
12.25 819
12.2667 820
12.2833 821
12.3 821
12.3167 822
12.3333 822
12.35 823
12.3667 823
12.3833 824
12.4 824
12.4167 825
12.4333 825
12.45 826
12.4667 826
12.4833 827
12.5 827
12.5167 827
12.5333 828
12.55 828
12.5667 828
12.5833 829
12.6 829
12.6167 829
12.6333 829
12.65 829
12.6667 830
12.6833 830
12.7 830
12.7167 830
12.7333 830
12.75 830
12.7667 830
12.7833 830
12.8 830
12.8167 830
12.8333 830
12.85 830
12.8667 830
12.8833 830
12.9 830
12.9167 830
12.9333 829
12.95 829
12.9667 829
12.9833 829
13.0 829
13.0167 828
13.0333 828
13.05 828
13.0667 827
13.0833 827
13.1 827
13.1167 826
13.1333 826
13.15 826
13.1667 825
13.1833 825
13.2 824
13.2167 824
13.2333 823
13.25 823
13.2667 822
13.2833 822
13.3 821
13.3167 820
13.3333 820
13.35 819
13.3667 818
13.3833 818
13.4 817
13.4167 816
13.4333 815
13.45 815
13.4667 814
13.4833 813
13.5 812
13.5167 811
13.5333 810
13.55 810
13.5667 809
13.5833 808
13.6 807
13.6167 806
13.6333 805
13.65 804
13.6667 803
13.6833 802
13.7 801
13.7167 800
13.7333 798
13.75 797
13.7667 796
13.7833 795
13.8 794
13.8167 793
13.8333 791
13.85 790
13.8667 789
13.8833 788
13.9 786
13.9167 785
13.9333 784
13.95 782
13.9667 781
13.9833 779
14.0 778
14.0167 777
14.0333 775
14.05 774
14.0667 772
14.0833 771
14.1 769
14.1167 768
14.1333 766
14.15 764
14.1667 763
14.1833 761
14.2 760
14.2167 758
14.2333 756
14.25 755
14.2667 753
14.2833 751
14.3 749
14.3167 748
14.3333 746
14.35 744
14.3667 742
14.3833 740
14.4 739
14.4167 737
14.4333 735
14.45 733
14.4667 731
14.4833 729
14.5 727
14.5167 725
14.5333 723
14.55 721
14.5667 719
14.5833 717
14.6 715
14.6167 713
14.6333 711
14.65 709
14.6667 707
14.6833 704
14.7 702
14.7167 700
14.7333 698
14.75 696
14.7667 693
14.7833 691
14.8 689
14.8167 687
14.8333 684
14.85 682
14.8667 680
14.8833 677
14.9 675
14.9167 673
14.9333 670
14.95 668
14.9667 665
14.9833 663
15.0 661
15.0167 659
15.0333 656
15.05 654
15.0667 651
15.0833 649
15.1 646
15.1167 643
15.1333 641
15.15 638
15.1667 636
15.1833 633
15.2 630
15.2167 628
15.2333 625
15.25 622
15.2667 620
15.2833 617
15.3 614
15.3167 612
15.3333 609
15.35 606
15.3667 603
15.3833 600
15.4 598
15.4167 595
15.4333 592
15.45 589
15.4667 586
15.4833 583
15.5 581
15.5167 578
15.5333 575
15.55 572
15.5667 569
15.5833 566
15.6 563
15.6167 560
15.6333 557
15.65 554
15.6667 551
15.6833 548
15.7 545
15.7167 542
15.7333 539
15.75 536
15.7667 533
15.7833 530
15.8 527
15.8167 524
15.8333 521
15.85 517
15.8667 514
15.8833 511
15.9 508
15.9167 505
15.9333 502
15.95 498
15.9667 495
15.9833 492
