9.0 369
9.0167 374
9.0333 377
9.05 380
9.0667 384
9.0833 387
9.1 391
9.1167 394
9.1333 397
9.15 401
9.1667 404
9.1833 407
9.2 411
9.2167 414
9.2333 417
9.25 421
9.2667 424
9.2833 427
9.3 431
9.3167 434
9.3333 437
9.35 441
9.3667 444
9.3833 447
9.4 450
9.4167 454
9.4333 457
9.45 460
9.4667 463
9.4833 467
9.5 470
9.5167 473
9.5333 476
9.55 479
9.5667 483
9.5833 486
9.6 489
9.6167 492
9.6333 495
9.65 498
9.6667 502
9.6833 505
9.7 508
9.7167 511
9.7333 514
9.75 517
9.7667 520
9.7833 523
9.8 526
9.8167 529
9.8333 532
9.85 535
9.8667 538
9.8833 541
9.9 544
9.9167 547
9.9333 550
9.95 553
9.9667 556
9.9833 559
10.0 562
10.0167 565
10.0333 568
10.05 571
10.0667 574
10.0833 577
10.1 579
10.1167 582
10.1333 585
10.15 588
10.1667 591
10.1833 593
10.2 596
10.2167 599
10.2333 602
10.25 605
10.2667 607
10.2833 610
10.3 613
10.3167 615
10.3333 618
10.35 621
10.3667 623
10.3833 626
10.4 628
10.4167 631
10.4333 634
10.45 636
10.4667 639
10.4833 641
10.5 644
10.5167 646
10.5333 649
10.55 651
10.5667 654
10.5833 656
10.6 659
10.6167 661
10.6333 663
10.65 666
10.6667 668
10.6833 671
10.7 673
10.7167 675
10.7333 678
10.75 680
10.7667 682
10.7833 684
10.8 687
10.8167 689
10.8333 691
10.85 693
10.8667 695
10.8833 698
10.9 700
10.9167 702
10.9333 704
10.95 706
10.9667 708
10.9833 710
11.0 712
11.0167 714
11.0333 716
11.05 718
11.0667 720
11.0833 722
11.1 724
11.1167 726
11.1333 728
11.15 730
11.1667 732
11.1833 734
11.2 735
11.2167 737
11.2333 739
11.25 741
11.2667 743
11.2833 744
11.3 746
11.3167 748
11.3333 750
11.35 751
11.3667 753
11.3833 755
11.4 756
11.4167 758
11.4333 759
11.45 761
11.4667 762
11.4833 764
11.5 765
11.5167 767
11.5333 768
11.55 770
11.5667 771
11.5833 773
11.6 774
11.6167 776
11.6333 777
11.65 778
11.6667 780
11.6833 781
11.7 782
11.7167 783
11.7333 785
11.75 786
11.7667 787
11.7833 788
11.8 790
11.8167 791
11.8333 792
11.85 793
11.8667 794
11.8833 795
11.9 796
11.9167 797
11.9333 798
11.95 799
11.9667 800
11.9833 801
12.0 802
12.0167 803
12.0333 804
12.05 805
12.0667 806
12.0833 807
12.1 807
12.1167 808
12.1333 809
12.15 810
12.1667 811
12.1833 811
12.2 812
12.2167 813
12.2333 813
12.25 814
12.2667 815
12.2833 815
12.3 816
12.3167 816
12.3333 817
12.35 817
12.3667 818
12.3833 818
12.4 819
12.4167 819
12.4333 820
12.45 820
12.4667 821
12.4833 821
12.5 821
12.5167 822
12.5333 822
12.55 822
12.5667 823
12.5833 823
12.6 823
12.6167 823
12.6333 823
12.65 824
12.6667 824
12.6833 824
12.7 824
12.7167 824
12.7333 824
12.75 824
12.7667 824
12.7833 824
12.8 824
12.8167 824
12.8333 824
12.85 824
12.8667 824
12.8833 824
12.9 824
12.9167 824
12.9333 823
12.95 823
12.9667 823
12.9833 823
13.0 823
13.0167 822
13.0333 822
13.05 822
13.0667 821
13.0833 821
13.1 821
13.1167 820
13.1333 820
13.15 819
13.1667 819
13.1833 819
13.2 818
13.2167 818
13.2333 817
13.25 817
13.2667 816
13.2833 815
13.3 815
13.3167 814
13.3333 813
13.35 813
13.3667 812
13.3833 811
13.4 811
13.4167 810
13.4333 809
13.45 808
13.4667 808
13.4833 807
13.5 806
13.5167 805
13.5333 804
13.55 803
13.5667 802
13.5833 801
13.6 800
13.6167 800
13.6333 799
13.65 797
13.6667 796
13.6833 795
13.7 794
13.7167 793
13.7333 792
13.75 791
13.7667 790
13.7833 789
13.8 787
13.8167 786
13.8333 785
13.85 784
13.8667 783
13.8833 781
13.9 780
13.9167 779
13.9333 777
13.95 776
13.9667 775
13.9833 773
14.0 772
14.0167 770
14.0333 769
14.05 767
14.0667 766
14.0833 764
14.1 763
14.1167 761
14.1333 760
14.15 758
14.1667 757
14.1833 755
14.2 753
14.2167 752
14.2333 750
14.25 748
14.2667 747
14.2833 745
14.3 743
14.3167 741
14.3333 740
14.35 738
14.3667 736
14.3833 734
14.4 732
14.4167 730
14.4333 728
14.45 727
14.4667 725
14.4833 723
14.5 721
14.5167 719
14.5333 717
14.55 715
14.5667 713
14.5833 711
14.6 709
14.6167 707
14.6333 705
14.65 702
14.6667 700
14.6833 698
14.7 696
14.7167 694
14.7333 692
14.75 689
14.7667 687
14.7833 685
14.8 683
14.8167 680
14.8333 678
14.85 676
14.8667 674
14.8833 671
14.9 669
14.9167 666
14.9333 664
14.95 662
14.9667 659
14.9833 657
15.0 655
15.0167 652
15.0333 650
15.05 648
15.0667 645
15.0833 642
15.1 640
15.1167 637
15.1333 635
15.15 632
15.1667 630
15.1833 627
15.2 624
15.2167 622
15.2333 619
15.25 616
15.2667 614
15.2833 611
15.3 608
15.3167 606
15.3333 603
15.35 600
15.3667 597
15.3833 595
15.4 592
15.4167 589
15.4333 586
15.45 583
15.4667 581
15.4833 578
15.5 575
15.5167 572
15.5333 569
15.55 566
15.5667 563
15.5833 560
15.6 558
15.6167 555
15.6333 552
15.65 549
15.6667 546
15.6833 543
15.7 540
15.7167 537
15.7333 534
15.75 531
15.7667 528
15.7833 525
15.8 521
15.8167 518
15.8333 515
15.85 512
15.8667 509
15.8833 506
15.9 503
15.9167 500
15.9333 497
15.95 493
15.9667 490
15.9833 487
