9.0 377
9.0167 382
9.0333 385
9.05 388
9.0667 392
9.0833 395
9.1 398
9.1167 402
9.1333 405
9.15 409
9.1667 412
9.1833 415
9.2 419
9.2167 422
9.2333 425
9.25 429
9.2667 432
9.2833 435
9.3 438
9.3167 442
9.3333 445
9.35 448
9.3667 452
9.3833 455
9.4 458
9.4167 461
9.4333 465
9.45 468
9.4667 471
9.4833 474
9.5 477
9.5167 481
9.5333 484
9.55 487
9.5667 490
9.5833 493
9.6 497
9.6167 500
9.6333 503
9.65 506
9.6667 509
9.6833 512
9.7 515
9.7167 518
9.7333 521
9.75 524
9.7667 528
9.7833 531
9.8 534
9.8167 537
9.8333 540
9.85 543
9.8667 546
9.8833 549
9.9 552
9.9167 555
9.9333 558
9.95 561
9.9667 563
9.9833 566
10.0 569
10.0167 572
10.0333 575
10.05 578
10.0667 581
10.0833 584
10.1 586
10.1167 589
10.1333 592
10.15 595
10.1667 598
10.1833 600
10.2 603
10.2167 606
10.2333 609
10.25 611
10.2667 614
10.2833 617
10.3 619
10.3167 622
10.3333 625
10.35 627
10.3667 630
10.3833 633
10.4 635
10.4167 638
10.4333 640
10.45 643
10.4667 645
10.4833 648
10.5 650
10.5167 653
10.5333 655
10.55 658
10.5667 660
10.5833 663
10.6 665
10.6167 667
10.6333 670
10.65 672
10.6667 675
10.6833 677
10.7 679
10.7167 681
10.7333 684
10.75 686
10.7667 688
10.7833 691
10.8 693
10.8167 695
10.8333 697
10.85 699
10.8667 701
10.8833 704
10.9 706
10.9167 708
10.9333 710
10.95 712
10.9667 714
10.9833 716
11.0 718
11.0167 720
11.0333 722
11.05 724
11.0667 726
11.0833 728
11.1 730
11.1167 732
11.1333 734
11.15 736
11.1667 737
11.1833 739
11.2 741
11.2167 743
11.2333 745
11.25 746
11.2667 748
11.2833 750
11.3 752
11.3167 753
11.3333 755
11.35 757
11.3667 758
11.3833 760
11.4 761
11.4167 763
11.4333 765
11.45 766
11.4667 768
11.4833 769
11.5 771
11.5167 772
11.5333 774
11.55 775
11.5667 776
11.5833 778
11.6 779
11.6167 781
11.6333 782
11.65 783
11.6667 785
11.6833 786
11.7 787
11.7167 788
11.7333 790
11.75 791
11.7667 792
11.7833 793
11.8 794
11.8167 796
11.8333 797
11.85 798
11.8667 799
11.8833 800
11.9 801
11.9167 802
11.9333 803
11.95 804
11.9667 805
11.9833 806
12.0 807
12.0167 808
12.0333 809
12.05 809
12.0667 810
12.0833 811
12.1 812
12.1167 813
12.1333 813
12.15 814
12.1667 815
12.1833 816
12.2 816
12.2167 817
12.2333 818
12.25 818
12.2667 819
12.2833 819
12.3 820
12.3167 821
12.3333 821
12.35 822
12.3667 822
12.3833 823
12.4 823
12.4167 823
12.4333 824
12.45 824
12.4667 825
12.4833 825
12.5 825
12.5167 826
12.5333 826
12.55 826
12.5667 826
12.5833 827
12.6 827
12.6167 827
12.6333 827
12.65 827
12.6667 828
12.6833 828
12.7 828
12.7167 828
12.7333 828
12.75 828
12.7667 828
12.7833 828
12.8 828
12.8167 828
12.8333 828
12.85 828
12.8667 828
12.8833 828
12.9 827
12.9167 827
12.9333 827
12.95 827
12.9667 827
12.9833 826
13.0 826
13.0167 826
13.0333 825
13.05 825
13.0667 825
13.0833 824
13.1 824
13.1167 824
13.1333 823
13.15 823
13.1667 822
13.1833 822
13.2 821
13.2167 821
13.2333 820
13.25 820
13.2667 819
13.2833 819
13.3 818
13.3167 817
13.3333 817
13.35 816
13.3667 815
13.3833 815
13.4 814
13.4167 813
13.4333 812
13.45 811
13.4667 811
13.4833 810
13.5 809
13.5167 808
13.5333 807
13.55 806
13.5667 805
13.5833 804
13.6 803
13.6167 802
13.6333 801
13.65 800
13.6667 799
13.6833 798
13.7 797
13.7167 796
13.7333 795
13.75 794
13.7667 793
13.7833 791
13.8 790
13.8167 789
13.8333 788
13.85 786
13.8667 785
13.8833 784
13.9 783
13.9167 781
13.9333 780
13.95 779
13.9667 777
13.9833 776
14.0 774
14.0167 773
14.0333 771
14.05 770
14.0667 768
14.0833 767
14.1 765
14.1167 764
14.1333 762
14.15 761
14.1667 759
14.1833 757
14.2 756
14.2167 754
14.2333 752
14.25 751
14.2667 749
14.2833 747
14.3 745
14.3167 744
14.3333 742
14.35 740
14.3667 738
14.3833 736
14.4 735
14.4167 733
14.4333 731
14.45 729
14.4667 727
14.4833 725
14.5 723
14.5167 721
14.5333 719
14.55 717
14.5667 715
14.5833 713
14.6 711
14.6167 709
14.6333 707
14.65 705
14.6667 702
14.6833 700
14.7 698
14.7167 696
14.7333 694
14.75 692
14.7667 689
14.7833 687
14.8 685
14.8167 682
14.8333 680
14.85 678
14.8667 676
14.8833 673
14.9 671
14.9167 668
14.9333 666
14.95 664
14.9667 661
14.9833 659
15.0 657
15.0167 654
15.0333 652
15.05 649
15.0667 647
15.0833 644
15.1 642
15.1167 639
15.1333 637
15.15 634
15.1667 632
15.1833 629
15.2 626
15.2167 624
15.2333 621
15.25 618
15.2667 616
15.2833 613
15.3 610
15.3167 608
15.3333 605
15.35 602
15.3667 599
15.3833 597
15.4 594
15.4167 591
15.4333 588
15.45 585
15.4667 582
15.4833 580
15.5 577
15.5167 574
15.5333 571
15.55 568
15.5667 565
15.5833 562
15.6 559
15.6167 556
15.6333 553
15.65 550
15.6667 547
15.6833 544
15.7 541
15.7167 538
15.7333 535
15.75 532
15.7667 529
15.7833 526
15.8 523
15.8167 520
15.8333 517
15.85 514
15.8667 511
15.8833 508
15.9 505
15.9167 501
15.9333 498
15.95 495
15.9667 492
15.9833 489
