9.0 438
9.0167 442
9.0333 445
9.05 448
9.0667 451
9.0833 454
9.1 457
9.1167 460
9.1333 463
9.15 466
9.1667 469
9.1833 472
9.2 475
9.2167 478
9.2333 482
9.25 485
9.2667 488
9.2833 491
9.3 494
9.3167 497
9.3333 500
9.35 502
9.3667 505
9.3833 508
9.4 511
9.4167 514
9.4333 517
9.45 520
9.4667 523
9.4833 526
9.5 529
9.5167 532
9.5333 535
9.55 538
9.5667 540
9.5833 543
9.6 546
9.6167 549
9.6333 552
9.65 555
9.6667 557
9.6833 560
9.7 563
9.7167 566
9.7333 569
9.75 571
9.7667 574
9.7833 577
9.8 579
9.8167 582
9.8333 585
9.85 588
9.8667 590
9.8833 593
9.9 596
9.9167 598
9.9333 601
9.95 604
9.9667 606
9.9833 609
10.0 611
10.0167 614
10.0333 616
10.05 619
10.0667 622
10.0833 624
10.1 627
10.1167 629
10.1333 632
10.15 634
10.1667 637
10.1833 639
10.2 641
10.2167 644
10.2333 646
10.25 649
10.2667 651
10.2833 653
10.3 656
10.3167 658
10.3333 660
10.35 663
10.3667 665
10.3833 667
10.4 670
10.4167 672
10.4333 674
10.45 676
10.4667 679
10.4833 681
10.5 683
10.5167 685
10.5333 687
10.55 690
10.5667 692
10.5833 694
10.6 696
10.6167 698
10.6333 700
10.65 702
10.6667 704
10.6833 706
10.7 708
10.7167 710
10.7333 712
10.75 714
10.7667 716
10.7833 718
10.8 720
10.8167 722
10.8333 724
10.85 726
10.8667 728
10.8833 730
10.9 731
10.9167 733
10.9333 735
10.95 737
10.9667 739
10.9833 740
11.0 742
11.0167 744
11.0333 745
11.05 747
11.0667 749
11.0833 751
11.1 752
11.1167 754
11.1333 755
11.15 757
11.1667 759
11.1833 760
11.2 762
11.2167 763
11.2333 765
11.25 766
11.2667 768
11.2833 769
11.3 771
11.3167 772
11.3333 773
11.35 775
11.3667 776
11.3833 778
11.4 779
11.4167 780
11.4333 782
11.45 783
11.4667 784
11.4833 785
11.5 787
11.5167 788
11.5333 789
11.55 790
11.5667 791
11.5833 793
11.6 794
11.6167 795
11.6333 796
11.65 797
11.6667 798
11.6833 799
11.7 800
11.7167 801
11.7333 802
11.75 803
11.7667 804
11.7833 805
11.8 806
11.8167 807
11.8333 808
11.85 809
11.8667 809
11.8833 810
11.9 811
11.9167 812
11.9333 813
11.95 813
11.9667 814
11.9833 815
12.0 816
12.0167 816
12.0333 817
12.05 818
12.0667 818
12.0833 819
12.1 819
12.1167 820
12.1333 821
12.15 821
12.1667 822
12.1833 822
12.2 823
12.2167 823
12.2333 824
12.25 824
12.2667 824
12.2833 825
12.3 825
12.3167 826
12.3333 826
12.35 826
12.3667 826
12.3833 827
12.4 827
12.4167 827
12.4333 828
12.45 828
12.4667 828
12.4833 828
12.5 828
12.5167 828
12.5333 828
12.55 829
12.5667 829
12.5833 829
12.6 829
12.6167 829
12.6333 829
12.65 829
12.6667 829
12.6833 829
12.7 829
12.7167 829
12.7333 828
12.75 828
12.7667 828
12.7833 828
12.8 828
12.8167 828
12.8333 827
12.85 827
12.8667 827
12.8833 827
12.9 826
12.9167 826
12.9333 826
12.95 825
12.9667 825
12.9833 825
13.0 824
13.0167 824
13.0333 823
13.05 823
13.0667 823
13.0833 822
13.1 822
13.1167 821
13.1333 820
13.15 820
13.1667 819
13.1833 819
13.2 818
13.2167 817
13.2333 817
13.25 816
13.2667 815
13.2833 815
13.3 814
13.3167 813
13.3333 813
13.35 812
13.3667 811
13.3833 810
13.4 809
13.4167 808
13.4333 808
13.45 807
13.4667 806
13.4833 805
13.5 804
13.5167 803
13.5333 802
13.55 801
13.5667 800
13.5833 799
13.6 798
13.6167 797
13.6333 796
13.65 795
13.6667 793
13.6833 792
13.7 791
13.7167 790
13.7333 789
13.75 788
13.7667 786
13.7833 785
13.8 784
13.8167 783
13.8333 781
13.85 780
13.8667 779
13.8833 777
13.9 776
13.9167 775
13.9333 773
13.95 772
13.9667 770
13.9833 769
14.0 767
14.0167 766
14.0333 764
14.05 763
14.0667 761
14.0833 760
14.1 758
14.1167 757
14.1333 755
14.15 754
14.1667 752
14.1833 750
14.2 749
14.2167 747
14.2333 745
14.25 744
14.2667 742
14.2833 740
14.3 738
14.3167 737
14.3333 735
14.35 733
14.3667 731
14.3833 729
14.4 727
14.4167 726
14.4333 724
14.45 722
14.4667 720
14.4833 718
14.5 716
14.5167 714
14.5333 712
14.55 710
14.5667 708
14.5833 706
14.6 704
14.6167 702
14.6333 700
14.65 698
14.6667 696
14.6833 694
14.7 691
14.7167 689
14.7333 687
14.75 685
14.7667 683
14.7833 681
14.8 678
14.8167 676
14.8333 674
14.85 672
14.8667 669
14.8833 667
14.9 665
14.9167 662
14.9333 660
14.95 658
14.9667 655
14.9833 653
15.0 651
15.0167 648
15.0333 646
15.05 644
15.0667 641
15.0833 639
15.1 636
15.1167 634
15.1333 631
15.15 629
15.1667 626
15.1833 624
15.2 621
15.2167 619
15.2333 616
15.25 614
15.2667 611
15.2833 609
15.3 606
15.3167 603
15.3333 601
15.35 598
15.3667 595
15.3833 593
15.4 590
15.4167 587
15.4333 585
15.45 582
15.4667 579
15.4833 577
15.5 574
15.5167 571
15.5333 568
15.55 566
15.5667 563
15.5833 560
15.6 557
15.6167 554
15.6333 552
15.65 549
15.6667 546
15.6833 543
15.7 540
15.7167 537
15.7333 534
15.75 532
15.7667 529
15.7833 526
15.8 523
15.8167 520
15.8333 517
15.85 514
15.8667 511
15.8833 508
15.9 505
15.9167 502
15.9333 499
15.95 496
15.9667 493
15.9833 490
