9.0 427
9.0167 430
9.0333 433
9.05 437
9.0667 440
9.0833 443
9.1 446
9.1167 449
9.1333 453
9.15 456
9.1667 459
9.1833 462
9.2 466
9.2167 469
9.2333 472
9.25 475
9.2667 478
9.2833 481
9.3 485
9.3167 488
9.3333 491
9.35 494
9.3667 497
9.3833 500
9.4 503
9.4167 506
9.4333 510
9.45 513
9.4667 516
9.4833 519
9.5 522
9.5167 525
9.5333 528
9.55 531
9.5667 534
9.5833 537
9.6 540
9.6167 543
9.6333 546
9.65 549
9.6667 552
9.6833 555
9.7 558
9.7167 561
9.7333 564
9.75 567
9.7667 570
9.7833 573
9.8 575
9.8167 578
9.8333 581
9.85 584
9.8667 587
9.8833 590
9.9 593
9.9167 595
9.9333 598
9.95 601
9.9667 604
9.9833 607
10.0 609
10.0167 612
10.0333 615
10.05 617
10.0667 620
10.0833 623
10.1 626
10.1167 628
10.1333 631
10.15 634
10.1667 636
10.1833 639
10.2 641
10.2167 644
10.2333 647
10.25 649
10.2667 652
10.2833 654
10.3 657
10.3167 659
10.3333 662
10.35 664
10.3667 667
10.3833 669
10.4 672
10.4167 674
10.4333 677
10.45 679
10.4667 681
10.4833 684
10.5 686
10.5167 688
10.5333 691
10.55 693
10.5667 695
10.5833 698
10.6 700
10.6167 702
10.6333 705
10.65 707
10.6667 709
10.6833 711
10.7 713
10.7167 716
10.7333 718
10.75 720
10.7667 722
10.7833 724
10.8 726
10.8167 728
10.8333 730
10.85 732
10.8667 734
10.8833 736
10.9 738
10.9167 740
10.9333 742
10.95 744
10.9667 746
10.9833 748
11.0 750
11.0167 752
11.0333 754
11.05 756
11.0667 758
11.0833 759
11.1 761
11.1167 763
11.1333 765
11.15 767
11.1667 768
11.1833 770
11.2 772
11.2167 773
11.2333 775
11.25 777
11.2667 778
11.2833 780
11.3 782
11.3167 783
11.3333 785
11.35 786
11.3667 788
11.3833 789
11.4 791
11.4167 792
11.4333 794
11.45 795
11.4667 797
11.4833 798
11.5 800
11.5167 801
11.5333 802
11.55 804
11.5667 805
11.5833 806
11.6 808
11.6167 809
11.6333 810
11.65 812
11.6667 813
11.6833 814
11.7 815
11.7167 816
11.7333 817
11.75 819
11.7667 820
11.7833 821
11.8 822
11.8167 823
11.8333 824
11.85 825
11.8667 826
11.8833 827
11.9 828
11.9167 829
11.9333 830
11.95 831
11.9667 832
11.9833 833
12.0 833
12.0167 834
12.0333 835
12.05 836
12.0667 837
12.0833 838
12.1 838
12.1167 839
12.1333 840
12.15 840
12.1667 841
12.1833 842
12.2 842
12.2167 843
12.2333 844
12.25 844
12.2667 845
12.2833 845
12.3 846
12.3167 846
12.3333 847
12.35 847
12.3667 848
12.3833 848
12.4 849
12.4167 849
12.4333 849
12.45 850
12.4667 850
12.4833 850
12.5 851
12.5167 851
12.5333 851
12.55 852
12.5667 852
12.5833 852
12.6 852
12.6167 852
12.6333 853
12.65 853
12.6667 853
12.6833 853
12.7 853
12.7167 853
12.7333 853
12.75 853
12.7667 853
12.7833 853
12.8 853
12.8167 853
12.8333 853
12.85 853
12.8667 853
12.8833 853
12.9 852
12.9167 852
12.9333 852
12.95 852
12.9667 852
12.9833 851
13.0 851
13.0167 851
13.0333 851
13.05 850
13.0667 850
13.0833 850
13.1 849
13.1167 849
13.1333 848
13.15 848
13.1667 847
13.1833 847
13.2 847
13.2167 846
13.2333 845
13.25 845
13.2667 844
13.2833 844
13.3 843
13.3167 843
13.3333 842
13.35 841
13.3667 841
13.3833 840
13.4 839
13.4167 838
13.4333 838
13.45 837
13.4667 836
13.4833 835
13.5 835
13.5167 834
13.5333 833
13.55 832
13.5667 831
13.5833 830
13.6 829
13.6167 828
13.6333 827
13.65 826
13.6667 825
13.6833 824
13.7 823
13.7167 822
13.7333 821
13.75 820
13.7667 819
13.7833 818
13.8 817
13.8167 815
13.8333 814
13.85 813
13.8667 812
13.8833 811
13.9 809
13.9167 808
13.9333 807
13.95 805
13.9667 804
13.9833 803
14.0 801
14.0167 800
14.0333 799
14.05 797
14.0667 796
14.0833 794
14.1 793
14.1167 791
14.1333 790
14.15 788
14.1667 787
14.1833 785
14.2 784
14.2167 782
14.2333 781
14.25 779
14.2667 777
14.2833 776
14.3 774
14.3167 772
14.3333 771
14.35 769
14.3667 767
14.3833 765
14.4 764
14.4167 762
14.4333 760
14.45 758
14.4667 756
14.4833 754
14.5 753
14.5167 751
14.5333 749
14.55 747
14.5667 745
14.5833 743
14.6 741
14.6167 739
14.6333 737
14.65 735
14.6667 733
14.6833 731
14.7 729
14.7167 727
14.7333 725
14.75 723
14.7667 720
14.7833 718
14.8 716
14.8167 714
14.8333 712
14.85 710
14.8667 707
14.8833 705
14.9 703
14.9167 701
14.9333 698
14.95 696
14.9667 694
14.9833 691
15.0 689
15.0167 686
15.0333 684
15.05 682
15.0667 679
15.0833 677
15.1 674
15.1167 672
15.1333 670
15.15 667
15.1667 665
15.1833 662
15.2 660
15.2167 657
15.2333 655
15.25 652
15.2667 649
15.2833 647
15.3 644
15.3167 642
15.3333 639
15.35 636
15.3667 634
15.3833 631
15.4 629
15.4167 626
15.4333 623
15.45 620
15.4667 618
15.4833 615
15.5 612
15.5167 610
15.5333 607
15.55 604
15.5667 601
15.5833 598
15.6 596
15.6167 593
15.6333 590
15.65 587
15.6667 584
15.6833 581
15.7 579
15.7167 576
15.7333 573
15.75 570
15.7667 567
15.7833 564
15.8 561
15.8167 558
15.8333 555
15.85 552
15.8667 549
15.8833 546
15.9 543
15.9167 540
15.9333 537
15.95 534
15.9667 531
15.9833 528
