9.0 372
9.0167 374
9.0333 378
9.05 381
9.0667 384
9.0833 388
9.1 391
9.1167 394
9.1333 397
9.15 401
9.1667 404
9.1833 407
9.2 410
9.2167 413
9.2333 417
9.25 420
9.2667 423
9.2833 426
9.3 429
9.3167 432
9.3333 435
9.35 439
9.3667 442
9.3833 445
9.4 448
9.4167 451
9.4333 454
9.45 457
9.4667 460
9.4833 463
9.5 466
9.5167 469
9.5333 472
9.55 475
9.5667 478
9.5833 481
9.6 484
9.6167 487
9.6333 490
9.65 493
9.6667 496
9.6833 499
9.7 502
9.7167 505
9.7333 508
9.75 510
9.7667 513
9.7833 516
9.8 519
9.8167 522
9.8333 524
9.85 527
9.8667 530
9.8833 533
9.9 536
9.9167 538
9.9333 541
9.95 544
9.9667 546
9.9833 549
10.0 552
10.0167 554
10.0333 557
10.05 560
10.0667 562
10.0833 565
10.1 567
10.1167 570
10.1333 572
10.15 575
10.1667 577
10.1833 580
10.2 582
10.2167 585
10.2333 587
10.25 590
10.2667 592
10.2833 595
10.3 597
10.3167 599
10.3333 602
10.35 604
10.3667 606
10.3833 609
10.4 611
10.4167 613
10.4333 615
10.45 618
10.4667 620
10.4833 622
10.5 624
10.5167 626
10.5333 629
10.55 631
10.5667 633
10.5833 635
10.6 637
10.6167 639
10.6333 641
10.65 643
10.6667 645
10.6833 647
10.7 649
10.7167 651
10.7333 653
10.75 655
10.7667 657
10.7833 659
10.8 661
10.8167 663
10.8333 665
10.85 666
10.8667 668
10.8833 670
10.9 672
10.9167 674
10.9333 675
10.95 677
10.9667 679
10.9833 680
11.0 682
11.0167 684
11.0333 685
11.05 687
11.0667 689
11.0833 690
11.1 692
11.1167 693
11.1333 695
11.15 696
11.1667 698
11.1833 699
11.2 701
11.2167 702
11.2333 704
11.25 705
11.2667 706
11.2833 708
11.3 709
11.3167 710
11.3333 712
11.35 713
11.3667 714
11.3833 715
11.4 717
11.4167 718
11.4333 719
11.45 720
11.4667 721
11.4833 722
11.5 724
11.5167 725
11.5333 726
11.55 727
11.5667 728
11.5833 729
11.6 730
11.6167 731
11.6333 732
11.65 733
11.6667 734
11.6833 734
11.7 735
11.7167 736
11.7333 737
11.75 738
11.7667 739
11.7833 739
11.8 740
11.8167 741
11.8333 742
11.85 742
11.8667 743
11.8833 744
11.9 744
11.9167 745
11.9333 746
11.95 746
11.9667 747
11.9833 747
12.0 748
12.0167 748
12.0333 749
12.05 749
12.0667 750
12.0833 750
12.1 750
12.1167 751
12.1333 751
12.15 752
12.1667 752
12.1833 752
12.2 752
12.2167 753
12.2333 753
12.25 753
12.2667 753
12.2833 754
12.3 754
12.3167 754
12.3333 754
12.35 754
12.3667 754
12.3833 754
12.4 754
12.4167 754
12.4333 754
12.45 754
12.4667 754
12.4833 754
12.5 754
12.5167 754
12.5333 754
12.55 754
12.5667 754
12.5833 753
12.6 753
12.6167 753
12.6333 753
12.65 752
12.6667 752
12.6833 752
12.7 751
12.7167 751
12.7333 751
12.75 750
12.7667 750
12.7833 750
12.8 749
12.8167 749
12.8333 748
12.85 748
12.8667 747
12.8833 747
12.9 746
12.9167 746
12.9333 745
12.95 744
12.9667 744
12.9833 743
13.0 742
13.0167 742
13.0333 741
13.05 740
13.0667 739
13.0833 739
13.1 738
13.1167 737
13.1333 736
13.15 735
13.1667 734
13.1833 734
13.2 733
13.2167 732
13.2333 731
13.25 730
13.2667 729
13.2833 728
13.3 727
13.3167 726
13.3333 725
13.35 724
13.3667 722
13.3833 721
13.4 720
13.4167 719
13.4333 718
13.45 717
13.4667 715
13.4833 714
13.5 713
13.5167 712
13.5333 710
13.55 709
13.5667 708
13.5833 706
13.6 705
13.6167 703
13.6333 702
13.65 701
13.6667 699
13.6833 698
13.7 696
13.7167 695
13.7333 693
13.75 692
13.7667 690
13.7833 688
13.8 687
13.8167 685
13.8333 684
13.85 682
13.8667 680
13.8833 679
13.9 677
13.9167 675
13.9333 673
13.95 672
13.9667 670
13.9833 668
14.0 666
14.0167 664
14.0333 663
14.05 661
14.0667 659
14.0833 657
14.1 655
14.1167 653
14.1333 651
14.15 649
14.1667 647
14.1833 645
14.2 643
14.2167 641
14.2333 639
14.25 637
14.2667 635
14.2833 633
14.3 631
14.3167 628
14.3333 626
14.35 624
14.3667 622
14.3833 620
14.4 618
14.4167 615
14.4333 613
14.45 611
14.4667 608
14.4833 606
14.5 604
14.5167 601
14.5333 599
14.55 597
14.5667 594
14.5833 592
14.6 590
14.6167 587
14.6333 585
14.65 582
14.6667 580
14.6833 577
14.7 575
14.7167 572
14.7333 570
14.75 567
14.7667 565
14.7833 562
14.8 559
14.8167 557
14.8333 554
14.85 552
14.8667 549
14.8833 546
14.9 544
14.9167 541
14.9333 538
14.95 535
14.9667 533
14.9833 530
15.0 526
15.0167 523
15.0333 521
15.05 518
15.0667 515
15.0833 512
15.1 509
15.1167 506
15.1333 504
15.15 501
15.1667 498
15.1833 495
15.2 492
15.2167 489
15.2333 486
15.25 483
15.2667 480
15.2833 477
15.3 474
15.3167 471
15.3333 468
15.35 465
15.3667 462
15.3833 459
15.4 456
15.4167 453
15.4333 450
15.45 447
15.4667 444
15.4833 441
15.5 438
15.5167 434
15.5333 431
15.55 428
15.5667 425
15.5833 422
15.6 419
15.6167 415
15.6333 412
15.65 409
15.6667 406
15.6833 403
15.7 399
15.7167 396
15.7333 393
15.75 390
15.7667 386
15.7833 383
15.8 380
15.8167 377
15.8333 373
15.85 370
15.8667 367
15.8833 363
15.9 360
15.9167 357
15.9333 354
15.95 350
15.9667 347
15.9833 344
