9.0 398
9.0167 401
9.0333 404
9.05 407
9.0667 411
9.0833 414
9.1 417
9.1167 421
9.1333 424
9.15 427
9.1667 431
9.1833 434
9.2 437
9.2167 441
9.2333 444
9.25 447
9.2667 450
9.2833 453
9.3 457
9.3167 460
9.3333 463
9.35 466
9.3667 469
9.3833 473
9.4 476
9.4167 479
9.4333 482
9.45 485
9.4667 488
9.4833 491
9.5 494
9.5167 498
9.5333 501
9.55 504
9.5667 507
9.5833 510
9.6 513
9.6167 516
9.6333 519
9.65 522
9.6667 525
9.6833 528
9.7 531
9.7167 534
9.7333 536
9.75 539
9.7667 542
9.7833 545
9.8 548
9.8167 551
9.8333 554
9.85 557
9.8667 559
9.8833 562
9.9 565
9.9167 568
9.9333 570
9.95 573
9.9667 576
9.9833 579
10.0 581
10.0167 584
10.0333 587
10.05 589
10.0667 592
10.0833 595
10.1 597
10.1167 600
10.1333 602
10.15 605
10.1667 607
10.1833 610
10.2 613
10.2167 615
10.2333 618
10.25 620
10.2667 622
10.2833 625
10.3 627
10.3167 630
10.3333 632
10.35 634
10.3667 637
10.3833 639
10.4 642
10.4167 644
10.4333 646
10.45 648
10.4667 651
10.4833 653
10.5 655
10.5167 657
10.5333 660
10.55 662
10.5667 664
10.5833 666
10.6 668
10.6167 670
10.6333 672
10.65 674
10.6667 676
10.6833 679
10.7 681
10.7167 683
10.7333 685
10.75 686
10.7667 688
10.7833 690
10.8 692
10.8167 694
10.8333 696
10.85 698
10.8667 700
10.8833 702
10.9 703
10.9167 705
10.9333 707
10.95 709
10.9667 710
10.9833 712
11.0 714
11.0167 716
11.0333 717
11.05 719
11.0667 720
11.0833 722
11.1 724
11.1167 725
11.1333 727
11.15 728
11.1667 730
11.1833 731
11.2 733
11.2167 734
11.2333 736
11.25 737
11.2667 739
11.2833 740
11.3 741
11.3167 743
11.3333 744
11.35 745
11.3667 747
11.3833 748
11.4 749
11.4167 750
11.4333 751
11.45 753
11.4667 754
11.4833 755
11.5 756
11.5167 757
11.5333 758
11.55 759
11.5667 760
11.5833 761
11.6 762
11.6167 763
11.6333 764
11.65 765
11.6667 766
11.6833 767
11.7 768
11.7167 769
11.7333 770
11.75 771
11.7667 772
11.7833 772
11.8 773
11.8167 774
11.8333 775
11.85 775
11.8667 776
11.8833 777
11.9 777
11.9167 778
11.9333 779
11.95 779
11.9667 780
11.9833 780
12.0 781
12.0167 781
12.0333 782
12.05 782
12.0667 783
12.0833 783
12.1 784
12.1167 784
12.1333 784
12.15 785
12.1667 785
12.1833 785
12.2 786
12.2167 786
12.2333 786
12.25 787
12.2667 787
12.2833 787
12.3 787
12.3167 787
12.3333 787
12.35 787
12.3667 788
12.3833 788
12.4 788
12.4167 788
12.4333 788
12.45 788
12.4667 788
12.4833 788
12.5 788
12.5167 787
12.5333 787
12.55 787
12.5667 787
12.5833 787
12.6 787
12.6167 787
12.6333 786
12.65 786
12.6667 786
12.6833 785
12.7 785
12.7167 785
12.7333 784
12.75 784
12.7667 784
12.7833 783
12.8 783
12.8167 782
12.8333 782
12.85 781
12.8667 781
12.8833 780
12.9 780
12.9167 779
12.9333 779
12.95 778
12.9667 777
12.9833 777
13.0 776
13.0167 775
13.0333 775
13.05 774
13.0667 773
13.0833 772
13.1 772
13.1167 771
13.1333 770
13.15 769
13.1667 768
13.1833 767
13.2 766
13.2167 766
13.2333 765
13.25 764
13.2667 763
13.2833 762
13.3 761
13.3167 760
13.3333 758
13.35 757
13.3667 756
13.3833 755
13.4 754
13.4167 753
13.4333 752
13.45 750
13.4667 749
13.4833 748
13.5 747
13.5167 745
13.5333 744
13.55 743
13.5667 741
13.5833 740
13.6 739
13.6167 737
13.6333 736
13.65 734
13.6667 733
13.6833 732
13.7 730
13.7167 728
13.7333 727
13.75 725
13.7667 724
13.7833 722
13.8 721
13.8167 719
13.8333 717
13.85 716
13.8667 714
13.8833 712
13.9 711
13.9167 709
13.9333 707
13.95 705
13.9667 704
13.9833 702
14.0 700
14.0167 698
14.0333 696
14.05 694
14.0667 692
14.0833 691
14.1 689
14.1167 687
14.1333 685
14.15 683
14.1667 681
14.1833 679
14.2 677
14.2167 675
14.2333 673
14.25 670
14.2667 668
14.2833 666
14.3 664
14.3167 662
14.3333 660
14.35 658
14.3667 655
14.3833 653
14.4 651
14.4167 649
14.4333 646
14.45 644
14.4667 642
14.4833 639
14.5 637
14.5167 635
14.5333 632
14.55 630
14.5667 628
14.5833 625
14.6 623
14.6167 620
14.6333 618
14.65 615
14.6667 613
14.6833 610
14.7 608
14.7167 605
14.7333 603
14.75 600
14.7667 597
14.7833 595
14.8 592
14.8167 590
14.8333 587
14.85 584
14.8667 582
14.8833 579
14.9 576
14.9167 573
14.9333 571
14.95 568
14.9667 565
14.9833 562
15.0 559
15.0167 556
15.0333 553
15.05 550
15.0667 547
15.0833 544
15.1 542
15.1167 539
15.1333 536
15.15 533
15.1667 530
15.1833 527
15.2 524
15.2167 521
15.2333 518
15.25 515
15.2667 512
15.2833 509
15.3 506
15.3167 503
15.3333 500
15.35 497
15.3667 494
15.3833 491
15.4 488
15.4167 484
15.4333 481
15.45 478
15.4667 475
15.4833 472
15.5 469
15.5167 466
15.5333 462
15.55 459
15.5667 456
15.5833 453
15.6 450
15.6167 446
15.6333 443
15.65 440
15.6667 437
15.6833 433
15.7 430
15.7167 427
15.7333 423
15.75 420
15.7667 417
15.7833 413
15.8 410
15.8167 407
15.8333 403
15.85 400
15.8667 397
15.8833 393
15.9 390
15.9167 387
15.9333 383
15.95 380
15.9667 376
15.9833 373
