9.0 485
9.0167 488
9.0333 492
9.05 495
9.0667 498
9.0833 501
9.1 505
9.1167 508
9.1333 511
9.15 514
9.1667 517
9.1833 521
9.2 524
9.2167 527
9.2333 530
9.25 533
9.2667 536
9.2833 539
9.3 543
9.3167 546
9.3333 549
9.35 552
9.3667 555
9.3833 558
9.4 561
9.4167 564
9.4333 567
9.45 570
9.4667 573
9.4833 576
9.5 579
9.5167 582
9.5333 585
9.55 588
9.5667 591
9.5833 594
9.6 597
9.6167 600
9.6333 603
9.65 606
9.6667 609
9.6833 612
9.7 615
9.7167 618
9.7333 620
9.75 623
9.7667 626
9.7833 629
9.8 632
9.8167 635
9.8333 637
9.85 640
9.8667 643
9.8833 646
9.9 648
9.9167 651
9.9333 654
9.95 657
9.9667 659
9.9833 662
10.0 665
10.0167 667
10.0333 670
10.05 673
10.0667 675
10.0833 678
10.1 680
10.1167 683
10.1333 686
10.15 688
10.1667 691
10.1833 693
10.2 696
10.2167 698
10.2333 701
10.25 703
10.2667 706
10.2833 708
10.3 710
10.3167 713
10.3333 715
10.35 718
10.3667 720
10.3833 722
10.4 725
10.4167 727
10.4333 729
10.45 732
10.4667 734
10.4833 736
10.5 738
10.5167 741
10.5333 743
10.55 745
10.5667 747
10.5833 749
10.6 752
10.6167 754
10.6333 756
10.65 758
10.6667 760
10.6833 762
10.7 764
10.7167 766
10.7333 768
10.75 770
10.7667 772
10.7833 774
10.8 776
10.8167 778
10.8333 780
10.85 782
10.8667 784
10.8833 786
10.9 788
10.9167 790
10.9333 792
10.95 793
10.9667 795
10.9833 797
11.0 799
11.0167 801
11.0333 802
11.05 804
11.0667 806
11.0833 807
11.1 809
11.1167 811
11.1333 813
11.15 814
11.1667 816
11.1833 817
11.2 819
11.2167 820
11.2333 822
11.25 824
11.2667 825
11.2833 827
11.3 828
11.3167 829
11.3333 831
11.35 832
11.3667 834
11.3833 835
11.4 837
11.4167 838
11.4333 839
11.45 841
11.4667 842
11.4833 843
11.5 844
11.5167 846
11.5333 847
11.55 848
11.5667 849
11.5833 850
11.6 852
11.6167 853
11.6333 854
11.65 855
11.6667 856
11.6833 857
11.7 858
11.7167 859
11.7333 860
11.75 861
11.7667 862
11.7833 863
11.8 864
11.8167 865
11.8333 866
11.85 867
11.8667 868
11.8833 868
11.9 869
11.9167 870
11.9333 871
11.95 872
11.9667 872
11.9833 873
12.0 874
12.0167 875
12.0333 875
12.05 876
12.0667 877
12.0833 877
12.1 878
12.1167 878
12.1333 879
12.15 880
12.1667 880
12.1833 881
12.2 881
12.2167 882
12.2333 882
12.25 882
12.2667 883
12.2833 883
12.3 884
12.3167 884
12.3333 884
12.35 885
12.3667 885
12.3833 885
12.4 886
12.4167 886
12.4333 886
12.45 886
12.4667 887
12.4833 887
12.5 887
12.5167 887
12.5333 887
12.55 887
12.5667 887
12.5833 887
12.6 887
12.6167 887
12.6333 887
12.65 887
12.6667 887
12.6833 887
12.7 887
12.7167 887
12.7333 887
12.75 887
12.7667 887
12.7833 887
12.8 886
12.8167 886
12.8333 886
12.85 886
12.8667 886
12.8833 885
12.9 885
12.9167 885
12.9333 884
12.95 884
12.9667 884
12.9833 883
13.0 883
13.0167 882
13.0333 882
13.05 882
13.0667 881
13.0833 881
13.1 880
13.1167 879
13.1333 879
13.15 878
13.1667 878
13.1833 877
13.2 877
13.2167 876
13.2333 875
13.25 875
13.2667 874
13.2833 873
13.3 872
13.3167 872
13.3333 871
13.35 870
13.3667 869
13.3833 868
13.4 868
13.4167 867
13.4333 866
13.45 865
13.4667 864
13.4833 863
13.5 862
13.5167 861
13.5333 860
13.55 859
13.5667 858
13.5833 857
13.6 856
13.6167 855
13.6333 854
13.65 853
13.6667 851
13.6833 850
13.7 849
13.7167 848
13.7333 847
13.75 845
13.7667 844
13.7833 843
13.8 842
13.8167 840
13.8333 839
13.85 838
13.8667 836
13.8833 835
13.9 834
13.9167 832
13.9333 831
13.95 829
13.9667 828
13.9833 826
14.0 825
14.0167 823
14.0333 822
14.05 820
14.0667 819
14.0833 817
14.1 816
14.1167 814
14.1333 812
14.15 811
14.1667 809
14.1833 807
14.2 806
14.2167 804
14.2333 802
14.25 800
14.2667 799
14.2833 797
14.3 795
14.3167 793
14.3333 791
14.35 790
14.3667 788
14.3833 786
14.4 784
14.4167 782
14.4333 780
14.45 778
14.4667 776
14.4833 774
14.5 772
14.5167 770
14.5333 768
14.55 766
14.5667 764
14.5833 762
14.6 760
14.6167 758
14.6333 756
14.65 754
14.6667 751
14.6833 749
14.7 747
14.7167 745
14.7333 743
14.75 740
14.7667 738
14.7833 736
14.8 734
14.8167 731
14.8333 729
14.85 727
14.8667 724
14.8833 722
14.9 720
14.9167 717
14.9333 715
14.95 713
14.9667 710
14.9833 708
15.0 705
15.0167 703
15.0333 700
15.05 698
15.0667 695
15.0833 693
15.1 690
15.1167 688
15.1333 685
15.15 683
15.1667 680
15.1833 678
15.2 675
15.2167 672
15.2333 670
15.25 667
15.2667 664
15.2833 662
15.3 659
15.3167 656
15.3333 654
15.35 651
15.3667 648
15.3833 646
15.4 643
15.4167 640
15.4333 637
15.45 634
15.4667 632
15.4833 629
15.5 626
15.5167 623
15.5333 620
15.55 617
15.5667 615
15.5833 612
15.6 609
15.6167 606
15.6333 603
15.65 600
15.6667 597
15.6833 594
15.7 591
15.7167 588
15.7333 585
15.75 582
15.7667 579
15.7833 576
15.8 573
15.8167 570
15.8333 567
15.85 564
15.8667 561
15.8833 558
15.9 555
15.9167 552
15.9333 549
15.95 546
15.9667 542
15.9833 539
