9.0 439
9.0167 442
9.0333 445
9.05 448
9.0667 451
9.0833 454
9.1 458
9.1167 461
9.1333 464
9.15 467
9.1667 470
9.1833 473
9.2 477
9.2167 480
9.2333 483
9.25 486
9.2667 489
9.2833 492
9.3 495
9.3167 498
9.3333 501
9.35 505
9.3667 508
9.3833 511
9.4 514
9.4167 517
9.4333 520
9.45 523
9.4667 526
9.4833 529
9.5 532
9.5167 535
9.5333 538
9.55 541
9.5667 544
9.5833 547
9.6 550
9.6167 553
9.6333 556
9.65 558
9.6667 561
9.6833 564
9.7 567
9.7167 570
9.7333 573
9.75 576
9.7667 579
9.7833 582
9.8 584
9.8167 587
9.8333 590
9.85 593
9.8667 596
9.8833 598
9.9 601
9.9167 604
9.9333 607
9.95 609
9.9667 612
9.9833 615
10.0 618
10.0167 620
10.0333 623
10.05 626
10.0667 628
10.0833 631
10.1 634
10.1167 636
10.1333 639
10.15 641
10.1667 644
10.1833 647
10.2 649
10.2167 652
10.2333 654
10.25 657
10.2667 659
10.2833 662
10.3 664
10.3167 667
10.3333 669
10.35 672
10.3667 674
10.3833 676
10.4 679
10.4167 681
10.4333 684
10.45 686
10.4667 688
10.4833 691
10.5 693
10.5167 695
10.5333 698
10.55 700
10.5667 702
10.5833 704
10.6 707
10.6167 709
10.6333 711
10.65 713
10.6667 716
10.6833 718
10.7 720
10.7167 722
10.7333 724
10.75 726
10.7667 728
10.7833 730
10.8 733
10.8167 735
10.8333 737
10.85 739
10.8667 741
10.8833 743
10.9 745
10.9167 747
10.9333 748
10.95 750
10.9667 752
10.9833 754
11.0 756
11.0167 758
11.0333 760
11.05 762
11.0667 764
11.0833 765
11.1 767
11.1167 769
11.1333 771
11.15 772
11.1667 774
11.1833 776
11.2 777
11.2167 779
11.2333 781
11.25 782
11.2667 784
11.2833 786
11.3 787
11.3167 789
11.3333 790
11.35 792
11.3667 794
11.3833 795
11.4 797
11.4167 798
11.4333 799
11.45 801
11.4667 802
11.4833 804
11.5 805
11.5167 807
11.5333 808
11.55 809
11.5667 811
11.5833 812
11.6 813
11.6167 814
11.6333 816
11.65 817
11.6667 818
11.6833 819
11.7 821
11.7167 822
11.7333 823
11.75 824
11.7667 825
11.7833 826
11.8 827
11.8167 828
11.8333 829
11.85 830
11.8667 831
11.8833 832
11.9 833
11.9167 834
11.9333 835
11.95 836
11.9667 837
11.9833 838
12.0 839
12.0167 840
12.0333 841
12.05 841
12.0667 842
12.0833 843
12.1 844
12.1167 844
12.1333 845
12.15 846
12.1667 847
12.1833 847
12.2 848
12.2167 849
12.2333 849
12.25 850
12.2667 850
12.2833 851
12.3 851
12.3167 852
12.3333 853
12.35 853
12.3667 853
12.3833 854
12.4 854
12.4167 855
12.4333 855
12.45 856
12.4667 856
12.4833 856
12.5 857
12.5167 857
12.5333 857
12.55 857
12.5667 858
12.5833 858
12.6 858
12.6167 858
12.6333 859
12.65 859
12.6667 859
12.6833 859
12.7 859
12.7167 859
12.7333 859
12.75 859
12.7667 859
12.7833 859
12.8 859
12.8167 859
12.8333 859
12.85 859
12.8667 859
12.8833 859
12.9 859
12.9167 859
12.9333 859
12.95 859
12.9667 858
12.9833 858
13.0 858
13.0167 858
13.0333 857
13.05 857
13.0667 857
13.0833 857
13.1 856
13.1167 856
13.1333 855
13.15 855
13.1667 855
13.1833 854
13.2 854
13.2167 853
13.2333 853
13.25 852
13.2667 852
13.2833 851
13.3 851
13.3167 850
13.3333 850
13.35 849
13.3667 848
13.3833 848
13.4 847
13.4167 846
13.4333 846
13.45 845
13.4667 844
13.4833 843
13.5 843
13.5167 842
13.5333 841
13.55 840
13.5667 839
13.5833 839
13.6 838
13.6167 837
13.6333 836
13.65 835
13.6667 834
13.6833 833
13.7 832
13.7167 831
13.7333 830
13.75 829
13.7667 828
13.7833 827
13.8 826
13.8167 825
13.8333 824
13.85 822
13.8667 821
13.8833 820
13.9 819
13.9167 818
13.9333 816
13.95 815
13.9667 814
13.9833 813
14.0 811
14.0167 810
14.0333 809
14.05 807
14.0667 806
14.0833 805
14.1 803
14.1167 802
14.1333 800
14.15 799
14.1667 797
14.1833 796
14.2 794
14.2167 793
14.2333 791
14.25 790
14.2667 788
14.2833 787
14.3 785
14.3167 784
14.3333 782
14.35 780
14.3667 779
14.3833 777
14.4 775
14.4167 773
14.4333 772
14.45 770
14.4667 768
14.4833 766
14.5 765
14.5167 763
14.5333 761
14.55 759
14.5667 757
14.5833 755
14.6 754
14.6167 752
14.6333 750
14.65 748
14.6667 746
14.6833 744
14.7 742
14.7167 740
14.7333 738
14.75 736
14.7667 734
14.7833 732
14.8 730
14.8167 728
14.8333 726
14.85 723
14.8667 721
14.8833 719
14.9 717
14.9167 715
14.9333 713
14.95 710
14.9667 708
14.9833 706
15.0 703
15.0167 701
15.0333 699
15.05 697
15.0667 694
15.0833 692
15.1 690
15.1167 687
15.1333 685
15.15 683
15.1667 680
15.1833 678
15.2 675
15.2167 673
15.2333 671
15.25 668
15.2667 666
15.2833 663
15.3 661
15.3167 658
15.3333 656
15.35 653
15.3667 651
15.3833 648
15.4 645
15.4167 643
15.4333 640
15.45 638
15.4667 635
15.4833 632
15.5 630
15.5167 627
15.5333 624
15.55 622
15.5667 619
15.5833 616
15.6 614
15.6167 611
15.6333 608
15.65 605
15.6667 603
15.6833 600
15.7 597
15.7167 594
15.7333 592
15.75 589
15.7667 586
15.7833 583
15.8 580
15.8167 577
15.8333 575
15.85 572
15.8667 569
15.8833 566
15.9 563
15.9167 560
15.9333 557
15.95 554
15.9667 551
15.9833 548
