9.0 430
9.0167 433
9.0333 436
9.05 440
9.0667 443
9.0833 446
9.1 450
9.1167 453
9.1333 456
9.15 459
9.1667 463
9.1833 466
9.2 469
9.2167 473
9.2333 476
9.25 479
9.2667 482
9.2833 485
9.3 489
9.3167 492
9.3333 495
9.35 498
9.3667 501
9.3833 505
9.4 508
9.4167 511
9.4333 514
9.45 517
9.4667 520
9.4833 523
9.5 527
9.5167 530
9.5333 533
9.55 536
9.5667 539
9.5833 542
9.6 545
9.6167 548
9.6333 551
9.65 554
9.6667 557
9.6833 560
9.7 563
9.7167 566
9.7333 569
9.75 572
9.7667 575
9.7833 578
9.8 581
9.8167 584
9.8333 587
9.85 590
9.8667 593
9.8833 595
9.9 598
9.9167 601
9.9333 604
9.95 607
9.9667 610
9.9833 612
10.0 615
10.0167 618
10.0333 621
10.05 624
10.0667 626
10.0833 629
10.1 632
10.1167 635
10.1333 637
10.15 640
10.1667 643
10.1833 645
10.2 648
10.2167 650
10.2333 653
10.25 656
10.2667 658
10.2833 661
10.3 663
10.3167 666
10.3333 668
10.35 671
10.3667 673
10.3833 676
10.4 678
10.4167 681
10.4333 683
10.45 686
10.4667 688
10.4833 691
10.5 693
10.5167 695
10.5333 698
10.55 700
10.5667 702
10.5833 705
10.6 707
10.6167 709
10.6333 711
10.65 714
10.6667 716
10.6833 718
10.7 720
10.7167 723
10.7333 725
10.75 727
10.7667 729
10.7833 731
10.8 733
10.8167 735
10.8333 737
10.85 740
10.8667 742
10.8833 744
10.9 746
10.9167 748
10.9333 750
10.95 752
10.9667 753
10.9833 755
11.0 757
11.0167 759
11.0333 761
11.05 763
11.0667 765
11.0833 767
11.1 768
11.1167 770
11.1333 772
11.15 774
11.1667 776
11.1833 777
11.2 779
11.2167 781
11.2333 782
11.25 784
11.2667 786
11.2833 787
11.3 789
11.3167 790
11.3333 792
11.35 794
11.3667 795
11.3833 797
11.4 798
11.4167 800
11.4333 801
11.45 803
11.4667 804
11.4833 805
11.5 807
11.5167 808
11.5333 809
11.55 811
11.5667 812
11.5833 813
11.6 815
11.6167 816
11.6333 817
11.65 819
11.6667 820
11.6833 821
11.7 822
11.7167 823
11.7333 824
11.75 826
11.7667 827
11.7833 828
11.8 829
11.8167 830
11.8333 831
11.85 832
11.8667 833
11.8833 834
11.9 835
11.9167 836
11.9333 837
11.95 838
11.9667 838
11.9833 839
12.0 840
12.0167 841
12.0333 842
12.05 842
12.0667 843
12.0833 844
12.1 845
12.1167 845
12.1333 846
12.15 847
12.1667 847
12.1833 848
12.2 849
12.2167 849
12.2333 850
12.25 850
12.2667 851
12.2833 852
12.3 852
12.3167 852
12.3333 853
12.35 853
12.3667 854
12.3833 854
12.4 855
12.4167 855
12.4333 855
12.45 856
12.4667 856
12.4833 856
12.5 857
12.5167 857
12.5333 857
12.55 857
12.5667 857
12.5833 858
12.6 858
12.6167 858
12.6333 858
12.65 858
12.6667 858
12.6833 858
12.7 858
12.7167 858
12.7333 858
12.75 858
12.7667 858
12.7833 858
12.8 858
12.8167 858
12.8333 858
12.85 858
12.8667 858
12.8833 857
12.9 857
12.9167 857
12.9333 857
12.95 856
12.9667 856
12.9833 856
13.0 856
13.0167 855
13.0333 855
13.05 855
13.0667 854
13.0833 854
13.1 853
13.1167 853
13.1333 852
13.15 852
13.1667 851
13.1833 851
13.2 850
13.2167 850
13.2333 849
13.25 849
13.2667 848
13.2833 847
13.3 847
13.3167 846
13.3333 845
13.35 845
13.3667 844
13.3833 843
13.4 842
13.4167 842
13.4333 841
13.45 840
13.4667 839
13.4833 838
13.5 837
13.5167 837
13.5333 836
13.55 835
13.5667 834
13.5833 833
13.6 832
13.6167 831
13.6333 830
13.65 829
13.6667 828
13.6833 827
13.7 825
13.7167 824
13.7333 823
13.75 822
13.7667 821
13.7833 820
13.8 818
13.8167 817
13.8333 816
13.85 815
13.8667 813
13.8833 812
13.9 811
13.9167 809
13.9333 808
13.95 807
13.9667 805
13.9833 804
14.0 802
14.0167 801
14.0333 800
14.05 798
14.0667 797
14.0833 795
14.1 794
14.1167 792
14.1333 790
14.15 789
14.1667 787
14.1833 786
14.2 784
14.2167 782
14.2333 781
14.25 779
14.2667 777
14.2833 775
14.3 774
14.3167 772
14.3333 770
14.35 768
14.3667 767
14.3833 765
14.4 763
14.4167 761
14.4333 759
14.45 757
14.4667 755
14.4833 753
14.5 751
14.5167 750
14.5333 748
14.55 746
14.5667 744
14.5833 741
14.6 739
14.6167 737
14.6333 735
14.65 733
14.6667 731
14.6833 729
14.7 727
14.7167 725
14.7333 723
14.75 720
14.7667 718
14.7833 716
14.8 714
14.8167 711
14.8333 709
14.85 707
14.8667 705
14.8833 702
14.9 700
14.9167 698
14.9333 695
14.95 693
14.9667 690
14.9833 688
15.0 685
15.0167 683
15.0333 680
15.05 678
15.0667 675
15.0833 673
15.1 670
15.1167 668
15.1333 665
15.15 663
15.1667 660
15.1833 658
15.2 655
15.2167 652
15.2333 650
15.25 647
15.2667 644
15.2833 642
15.3 639
15.3167 636
15.3333 634
15.35 631
15.3667 628
15.3833 626
15.4 623
15.4167 620
15.4333 617
15.45 615
15.4667 612
15.4833 609
15.5 606
15.5167 603
15.5333 600
15.55 598
15.5667 595
15.5833 592
15.6 589
15.6167 586
15.6333 583
15.65 580
15.6667 577
15.6833 574
15.7 571
15.7167 568
15.7333 565
15.75 562
15.7667 559
15.7833 556
15.8 553
15.8167 550
15.8333 547
15.85 544
15.8667 541
15.8833 538
15.9 535
15.9167 532
15.9333 529
15.95 526
15.9667 523
15.9833 520
