9.0 347
9.0167 350
9.0333 352
9.05 355
9.0667 358
9.0833 361
9.1 364
9.1167 367
9.1333 370
9.15 373
9.1667 376
9.1833 379
9.2 382
9.2167 385
9.2333 388
9.25 391
9.2667 394
9.2833 396
9.3 399
9.3167 402
9.3333 405
9.35 408
9.3667 411
9.3833 414
9.4 417
9.4167 419
9.4333 422
9.45 425
9.4667 428
9.4833 431
9.5 434
9.5167 436
9.5333 439
9.55 442
9.5667 445
9.5833 448
9.6 450
9.6167 453
9.6333 456
9.65 459
9.6667 461
9.6833 464
9.7 467
9.7167 469
9.7333 472
9.75 475
9.7667 478
9.7833 480
9.8 483
9.8167 486
9.8333 488
9.85 491
9.8667 493
9.8833 496
9.9 499
9.9167 501
9.9333 504
9.95 506
9.9667 509
9.9833 511
10.0 514
10.0167 516
10.0333 519
10.05 521
10.0667 524
10.0833 526
10.1 529
10.1167 531
10.1333 534
10.15 536
10.1667 539
10.1833 541
10.2 543
10.2167 546
10.2333 548
10.25 550
10.2667 553
10.2833 555
10.3 557
10.3167 560
10.3333 562
10.35 564
10.3667 567
10.3833 569
10.4 571
10.4167 573
10.4333 575
10.45 578
10.4667 580
10.4833 582
10.5 584
10.5167 586
10.5333 588
10.55 591
10.5667 593
10.5833 595
10.6 597
10.6167 599
10.6333 601
10.65 603
10.6667 605
10.6833 607
10.7 609
10.7167 611
10.7333 613
10.75 615
10.7667 617
10.7833 618
10.8 620
10.8167 622
10.8333 624
10.85 626
10.8667 628
10.8833 630
10.9 631
10.9167 633
10.9333 635
10.95 637
10.9667 638
10.9833 640
11.0 642
11.0167 643
11.0333 645
11.05 647
11.0667 648
11.0833 650
11.1 652
11.1167 653
11.1333 655
11.15 656
11.1667 658
11.1833 659
11.2 661
11.2167 662
11.2333 664
11.25 665
11.2667 667
11.2833 668
11.3 669
11.3167 671
11.3333 672
11.35 673
11.3667 675
11.3833 676
11.4 677
11.4167 679
11.4333 680
11.45 681
11.4667 682
11.4833 684
11.5 685
11.5167 686
11.5333 687
11.55 688
11.5667 689
11.5833 690
11.6 692
11.6167 693
11.6333 694
11.65 695
11.6667 696
11.6833 697
11.7 698
11.7167 699
11.7333 700
11.75 700
11.7667 701
11.7833 702
11.8 703
11.8167 704
11.8333 705
11.85 706
11.8667 706
11.8833 707
11.9 708
11.9167 709
11.9333 709
11.95 710
11.9667 711
11.9833 711
12.0 712
12.0167 713
12.0333 713
12.05 714
12.0667 714
12.0833 715
12.1 716
12.1167 716
12.1333 717
12.15 717
12.1667 717
12.1833 718
12.2 718
12.2167 719
12.2333 719
12.25 719
12.2667 720
12.2833 720
12.3 720
12.3167 721
12.3333 721
12.35 721
12.3667 722
12.3833 722
12.4 722
12.4167 722
12.4333 722
12.45 722
12.4667 723
12.4833 723
12.5 723
12.5167 723
12.5333 723
12.55 723
12.5667 723
12.5833 723
12.6 723
12.6167 723
12.6333 723
12.65 723
12.6667 723
12.6833 722
12.7 722
12.7167 722
12.7333 722
12.75 722
12.7667 722
12.7833 721
12.8 721
12.8167 721
12.8333 720
12.85 720
12.8667 720
12.8833 719
12.9 719
12.9167 719
12.9333 718
12.95 718
12.9667 717
12.9833 717
13.0 717
13.0167 716
13.0333 715
13.05 715
13.0667 714
13.0833 714
13.1 713
13.1167 713
13.1333 712
13.15 711
13.1667 711
13.1833 710
13.2 709
13.2167 709
13.2333 708
13.25 707
13.2667 706
13.2833 706
13.3 705
13.3167 704
13.3333 703
13.35 702
13.3667 701
13.3833 700
13.4 699
13.4167 699
13.4333 698
13.45 697
13.4667 696
13.4833 695
13.5 694
13.5167 693
13.5333 691
13.55 690
13.5667 689
13.5833 688
13.6 687
13.6167 686
13.6333 685
13.65 684
13.6667 682
13.6833 681
13.7 680
13.7167 679
13.7333 677
13.75 676
13.7667 675
13.7833 673
13.8 672
13.8167 671
13.8333 669
13.85 668
13.8667 667
13.8833 665
13.9 664
13.9167 662
13.9333 661
13.95 659
13.9667 658
13.9833 656
14.0 655
14.0167 653
14.0333 651
14.05 650
14.0667 648
14.0833 647
14.1 645
14.1167 643
14.1333 642
14.15 640
14.1667 638
14.1833 637
14.2 635
14.2167 633
14.2333 631
14.25 629
14.2667 628
14.2833 626
14.3 624
14.3167 622
14.3333 620
14.35 618
14.3667 616
14.3833 615
14.4 613
14.4167 611
14.4333 609
14.45 607
14.4667 605
14.4833 603
14.5 601
14.5167 599
14.5333 597
14.55 595
14.5667 593
14.5833 590
14.6 588
14.6167 586
14.6333 584
14.65 582
14.6667 580
14.6833 578
14.7 575
14.7167 573
14.7333 571
14.75 569
14.7667 566
14.7833 564
14.8 562
14.8167 560
14.8333 557
14.85 555
14.8667 553
14.8833 550
14.9 548
14.9167 546
14.9333 543
14.95 541
14.9667 538
14.9833 536
15.0 533
15.0167 530
15.0333 528
15.05 525
15.0667 523
15.0833 520
15.1 518
15.1167 515
15.1333 513
15.15 510
15.1667 508
15.1833 505
15.2 503
15.2167 500
15.2333 498
15.25 495
15.2667 492
15.2833 490
15.3 487
15.3167 484
15.3333 482
15.35 479
15.3667 477
15.3833 474
15.4 471
15.4167 468
15.4333 466
15.45 463
15.4667 460
15.4833 458
15.5 455
15.5167 452
15.5333 449
15.55 447
15.5667 444
15.5833 441
15.6 438
15.6167 435
15.6333 433
15.65 430
15.6667 427
15.6833 424
15.7 421
15.7167 418
15.7333 416
15.75 413
15.7667 410
15.7833 407
15.8 404
15.8167 401
15.8333 398
15.85 395
15.8667 393
15.8833 390
15.9 387
15.9167 384
15.9333 381
15.95 378
15.9667 375
15.9833 372
