9.0 394
9.0167 398
9.0333 401
9.05 405
9.0667 408
9.0833 411
9.1 414
9.1167 417
9.1333 421
9.15 424
9.1667 427
9.1833 430
9.2 433
9.2167 436
9.2333 440
9.25 443
9.2667 446
9.2833 449
9.3 452
9.3167 455
9.3333 458
9.35 461
9.3667 464
9.3833 468
9.4 471
9.4167 474
9.4333 477
9.45 480
9.4667 483
9.4833 486
9.5 489
9.5167 492
9.5333 495
9.55 498
9.5667 501
9.5833 504
9.6 507
9.6167 510
9.6333 513
9.65 516
9.6667 519
9.6833 522
9.7 525
9.7167 528
9.7333 531
9.75 533
9.7667 536
9.7833 539
9.8 542
9.8167 545
9.8333 548
9.85 551
9.8667 553
9.8833 556
9.9 559
9.9167 562
9.9333 565
9.95 567
9.9667 570
9.9833 573
10.0 576
10.0167 578
10.0333 581
10.05 584
10.0667 587
10.0833 589
10.1 592
10.1167 595
10.1333 597
10.15 600
10.1667 602
10.1833 605
10.2 608
10.2167 610
10.2333 613
10.25 615
10.2667 618
10.2833 620
10.3 623
10.3167 625
10.3333 628
10.35 630
10.3667 633
10.3833 635
10.4 638
10.4167 640
10.4333 643
10.45 645
10.4667 647
10.4833 650
10.5 652
10.5167 654
10.5333 657
10.55 659
10.5667 661
10.5833 663
10.6 666
10.6167 668
10.6333 670
10.65 672
10.6667 675
10.6833 677
10.7 679
10.7167 681
10.7333 683
10.75 685
10.7667 688
10.7833 690
10.8 692
10.8167 694
10.8333 696
10.85 698
10.8667 700
10.8833 702
10.9 704
10.9167 706
10.9333 708
10.95 710
10.9667 712
10.9833 713
11.0 715
11.0167 717
11.0333 719
11.05 721
11.0667 723
11.0833 725
11.1 726
11.1167 728
11.1333 730
11.15 732
11.1667 733
11.1833 735
11.2 737
11.2167 738
11.2333 740
11.25 742
11.2667 743
11.2833 745
11.3 746
11.3167 748
11.3333 750
11.35 751
11.3667 753
11.3833 754
11.4 756
11.4167 757
11.4333 758
11.45 760
11.4667 761
11.4833 763
11.5 764
11.5167 765
11.5333 767
11.55 768
11.5667 769
11.5833 771
11.6 772
11.6167 773
11.6333 774
11.65 776
11.6667 777
11.6833 778
11.7 779
11.7167 780
11.7333 781
11.75 782
11.7667 784
11.7833 785
11.8 786
11.8167 787
11.8333 788
11.85 789
11.8667 790
11.8833 791
11.9 792
11.9167 792
11.9333 793
11.95 794
11.9667 795
11.9833 796
12.0 797
12.0167 798
12.0333 798
12.05 799
12.0667 800
12.0833 801
12.1 801
12.1167 802
12.1333 803
12.15 803
12.1667 804
12.1833 804
12.2 805
12.2167 806
12.2333 806
12.25 807
12.2667 807
12.2833 808
12.3 808
12.3167 809
12.3333 809
12.35 810
12.3667 810
12.3833 810
12.4 811
12.4167 811
12.4333 811
12.45 812
12.4667 812
12.4833 812
12.5 813
12.5167 813
12.5333 813
12.55 813
12.5667 813
12.5833 813
12.6 814
12.6167 814
12.6333 814
12.65 814
12.6667 814
12.6833 814
12.7 814
12.7167 814
12.7333 814
12.75 814
12.7667 814
12.7833 814
12.8 814
12.8167 814
12.8333 813
12.85 813
12.8667 813
12.8833 813
12.9 813
12.9167 813
12.9333 812
12.95 812
12.9667 812
12.9833 811
13.0 811
13.0167 811
13.0333 810
13.05 810
13.0667 810
13.0833 809
13.1 809
13.1167 808
13.1333 808
13.15 807
13.1667 807
13.1833 806
13.2 806
13.2167 805
13.2333 805
13.25 804
13.2667 803
13.2833 803
13.3 802
13.3167 801
13.3333 801
13.35 800
13.3667 799
13.3833 798
13.4 798
13.4167 797
13.4333 796
13.45 795
13.4667 794
13.4833 793
13.5 792
13.5167 792
13.5333 791
13.55 790
13.5667 789
13.5833 788
13.6 787
13.6167 786
13.6333 785
13.65 784
13.6667 782
13.6833 781
13.7 780
13.7167 779
13.7333 778
13.75 777
13.7667 776
13.7833 774
13.8 773
13.8167 772
13.8333 771
13.85 769
13.8667 768
13.8833 767
13.9 765
13.9167 764
13.9333 763
13.95 761
13.9667 760
13.9833 758
14.0 757
14.0167 756
14.0333 754
14.05 753
14.0667 751
14.0833 750
14.1 748
14.1167 746
14.1333 745
14.15 743
14.1667 742
14.1833 740
14.2 738
14.2167 737
14.2333 735
14.25 733
14.2667 732
14.2833 730
14.3 728
14.3167 726
14.3333 725
14.35 723
14.3667 721
14.3833 719
14.4 717
14.4167 715
14.4333 714
14.45 712
14.4667 710
14.4833 708
14.5 706
14.5167 704
14.5333 702
14.55 700
14.5667 698
14.5833 696
14.6 694
14.6167 692
14.6333 690
14.65 688
14.6667 685
14.6833 683
14.7 681
14.7167 679
14.7333 677
14.75 675
14.7667 672
14.7833 670
14.8 668
14.8167 666
14.8333 664
14.85 661
14.8667 659
14.8833 657
14.9 654
14.9167 652
14.9333 650
14.95 647
14.9667 645
14.9833 643
15.0 640
15.0167 638
15.0333 636
15.05 633
15.0667 631
15.0833 628
15.1 626
15.1167 623
15.1333 621
15.15 618
15.1667 616
15.1833 613
15.2 611
15.2167 608
15.2333 605
15.25 603
15.2667 600
15.2833 598
15.3 595
15.3167 592
15.3333 590
15.35 587
15.3667 584
15.3833 582
15.4 579
15.4167 576
15.4333 573
15.45 571
15.4667 568
15.4833 565
15.5 562
15.5167 559
15.5333 557
15.55 554
15.5667 551
15.5833 548
15.6 545
15.6167 542
15.6333 540
15.65 537
15.6667 534
15.6833 531
15.7 528
15.7167 525
15.7333 522
15.75 519
15.7667 516
15.7833 513
15.8 510
15.8167 507
15.8333 504
15.85 501
15.8667 498
15.8833 495
15.9 492
15.9167 489
15.9333 486
15.95 483
15.9667 480
15.9833 477
