9.0 438
9.0167 441
9.0333 444
9.05 447
9.0667 450
9.0833 453
9.1 456
9.1167 459
9.1333 462
9.15 465
9.1667 467
9.1833 470
9.2 473
9.2167 476
9.2333 479
9.25 482
9.2667 485
9.2833 488
9.3 491
9.3167 493
9.3333 496
9.35 499
9.3667 502
9.3833 505
9.4 508
9.4167 510
9.4333 513
9.45 516
9.4667 519
9.4833 522
9.5 524
9.5167 527
9.5333 530
9.55 533
9.5667 535
9.5833 538
9.6 541
9.6167 543
9.6333 546
9.65 549
9.6667 552
9.6833 554
9.7 557
9.7167 559
9.7333 562
9.75 565
9.7667 567
9.7833 570
9.8 573
9.8167 575
9.8333 578
9.85 580
9.8667 583
9.8833 585
9.9 588
9.9167 591
9.9333 593
9.95 596
9.9667 598
9.9833 601
10.0 603
10.0167 605
10.0333 608
10.05 610
10.0667 613
10.0833 615
10.1 618
10.1167 620
10.1333 622
10.15 625
10.1667 627
10.1833 629
10.2 632
10.2167 634
10.2333 636
10.25 639
10.2667 641
10.2833 643
10.3 646
10.3167 648
10.3333 650
10.35 652
10.3667 654
10.3833 657
10.4 659
10.4167 661
10.4333 663
10.45 665
10.4667 667
10.4833 669
10.5 672
10.5167 674
10.5333 676
10.55 678
10.5667 680
10.5833 682
10.6 684
10.6167 686
10.6333 688
10.65 690
10.6667 692
10.6833 694
10.7 696
10.7167 698
10.7333 699
10.75 701
10.7667 703
10.7833 705
10.8 707
10.8167 709
10.8333 711
10.85 712
10.8667 714
10.8833 716
10.9 718
10.9167 719
10.9333 721
10.95 723
10.9667 725
10.9833 726
11.0 728
11.0167 730
11.0333 731
11.05 733
11.0667 734
11.0833 736
11.1 738
11.1167 739
11.1333 741
11.15 742
11.1667 744
11.1833 745
11.2 747
11.2167 748
11.2333 750
11.25 751
11.2667 752
11.2833 754
11.3 755
11.3167 756
11.3333 758
11.35 759
11.3667 760
11.3833 762
11.4 763
11.4167 764
11.4333 766
11.45 767
11.4667 768
11.4833 769
11.5 770
11.5167 772
11.5333 773
11.55 774
11.5667 775
11.5833 776
11.6 777
11.6167 778
11.6333 779
11.65 780
11.6667 781
11.6833 782
11.7 783
11.7167 784
11.7333 785
11.75 786
11.7667 787
11.7833 788
11.8 789
11.8167 790
11.8333 790
11.85 791
11.8667 792
11.8833 793
11.9 794
11.9167 794
11.9333 795
11.95 796
11.9667 797
11.9833 797
12.0 798
12.0167 799
12.0333 799
12.05 800
12.0667 800
12.0833 801
12.1 802
12.1167 802
12.1333 803
12.15 803
12.1667 804
12.1833 804
12.2 805
12.2167 805
12.2333 805
12.25 806
12.2667 806
12.2833 807
12.3 807
12.3167 807
12.3333 808
12.35 808
12.3667 808
12.3833 808
12.4 809
12.4167 809
12.4333 809
12.45 809
12.4667 810
12.4833 810
12.5 810
12.5167 810
12.5333 810
12.55 810
12.5667 810
12.5833 810
12.6 810
12.6167 810
12.6333 810
12.65 810
12.6667 810
12.6833 810
12.7 810
12.7167 810
12.7333 810
12.75 810
12.7667 810
12.7833 809
12.8 809
12.8167 809
12.8333 809
12.85 809
12.8667 808
12.8833 808
12.9 808
12.9167 808
12.9333 807
12.95 807
12.9667 807
12.9833 806
13.0 806
13.0167 805
13.0333 805
13.05 805
13.0667 804
13.0833 804
13.1 803
13.1167 803
13.1333 802
13.15 801
13.1667 801
13.1833 800
13.2 800
13.2167 799
13.2333 798
13.25 798
13.2667 797
13.2833 796
13.3 796
13.3167 795
13.3333 794
13.35 794
13.3667 793
13.3833 792
13.4 791
13.4167 790
13.4333 789
13.45 789
13.4667 788
13.4833 787
13.5 786
13.5167 785
13.5333 784
13.55 783
13.5667 782
13.5833 781
13.6 780
13.6167 779
13.6333 778
13.65 777
13.6667 776
13.6833 775
13.7 774
13.7167 773
13.7333 771
13.75 770
13.7667 769
13.7833 768
13.8 767
13.8167 765
13.8333 764
13.85 763
13.8667 762
13.8833 760
13.9 759
13.9167 758
13.9333 756
13.95 755
13.9667 754
13.9833 752
14.0 751
14.0167 749
14.0333 748
14.05 746
14.0667 745
14.0833 743
14.1 742
14.1167 740
14.1333 739
14.15 737
14.1667 736
14.1833 734
14.2 733
14.2167 731
14.2333 729
14.25 728
14.2667 726
14.2833 724
14.3 723
14.3167 721
14.3333 719
14.35 717
14.3667 716
14.3833 714
14.4 712
14.4167 710
14.4333 708
14.45 707
14.4667 705
14.4833 703
14.5 701
14.5167 699
14.5333 697
14.55 695
14.5667 693
14.5833 692
14.6 690
14.6167 688
14.6333 686
14.65 684
14.6667 682
14.6833 680
14.7 677
14.7167 675
14.7333 673
14.75 671
14.7667 669
14.7833 667
14.8 665
14.8167 663
14.8333 661
14.85 658
14.8667 656
14.8833 654
14.9 652
14.9167 650
14.9333 647
14.95 645
14.9667 643
14.9833 641
15.0 638
15.0167 636
15.0333 634
15.05 632
15.0667 629
15.0833 627
15.1 625
15.1167 622
15.1333 620
15.15 617
15.1667 615
15.1833 613
15.2 610
15.2167 608
15.2333 605
15.25 603
15.2667 600
15.2833 598
15.3 595
15.3167 593
15.3333 590
15.35 588
15.3667 585
15.3833 583
15.4 580
15.4167 578
15.4333 575
15.45 572
15.4667 570
15.4833 567
15.5 565
15.5167 562
15.5333 559
15.55 557
15.5667 554
15.5833 551
15.6 549
15.6167 546
15.6333 543
15.65 540
15.6667 538
15.6833 535
15.7 532
15.7167 530
15.7333 527
15.75 524
15.7667 521
15.7833 518
15.8 516
15.8167 513
15.8333 510
15.85 507
15.8667 504
15.8833 502
15.9 499
15.9167 496
15.9333 493
15.95 490
15.9667 487
15.9833 485
