9.0 410
9.0167 413
9.0333 416
9.05 419
9.0667 423
9.0833 426
9.1 429
9.1167 432
9.1333 435
9.15 438
9.1667 441
9.1833 444
9.2 447
9.2167 450
9.2333 454
9.25 457
9.2667 460
9.2833 463
9.3 466
9.3167 469
9.3333 472
9.35 475
9.3667 478
9.3833 481
9.4 484
9.4167 487
9.4333 490
9.45 493
9.4667 496
9.4833 499
9.5 502
9.5167 505
9.5333 508
9.55 511
9.5667 514
9.5833 517
9.6 519
9.6167 522
9.6333 525
9.65 528
9.6667 531
9.6833 534
9.7 537
9.7167 540
9.7333 542
9.75 545
9.7667 548
9.7833 551
9.8 554
9.8167 557
9.8333 559
9.85 562
9.8667 565
9.8833 568
9.9 570
9.9167 573
9.9333 576
9.95 579
9.9667 581
9.9833 584
10.0 587
10.0167 589
10.0333 592
10.05 595
10.0667 597
10.0833 600
10.1 602
10.1167 605
10.1333 608
10.15 610
10.1667 613
10.1833 615
10.2 618
10.2167 620
10.2333 623
10.25 625
10.2667 628
10.2833 630
10.3 633
10.3167 635
10.3333 638
10.35 640
10.3667 643
10.3833 645
10.4 647
10.4167 650
10.4333 652
10.45 654
10.4667 657
10.4833 659
10.5 661
10.5167 664
10.5333 666
10.55 668
10.5667 670
10.5833 673
10.6 675
10.6167 677
10.6333 679
10.65 681
10.6667 684
10.6833 686
10.7 688
10.7167 690
10.7333 692
10.75 694
10.7667 696
10.7833 698
10.8 700
10.8167 702
10.8333 704
10.85 706
10.8667 708
10.8833 710
10.9 712
10.9167 714
10.9333 716
10.95 718
10.9667 720
10.9833 722
11.0 724
11.0167 726
11.0333 728
11.05 729
11.0667 731
11.0833 733
11.1 735
11.1167 736
11.1333 738
11.15 740
11.1667 742
11.1833 743
11.2 745
11.2167 747
11.2333 748
11.25 750
11.2667 752
11.2833 753
11.3 755
11.3167 756
11.3333 758
11.35 759
11.3667 761
11.3833 762
11.4 764
11.4167 765
11.4333 767
11.45 768
11.4667 770
11.4833 771
11.5 772
11.5167 774
11.5333 775
11.55 776
11.5667 778
11.5833 779
11.6 780
11.6167 781
11.6333 783
11.65 784
11.6667 785
11.6833 786
11.7 787
11.7167 789
11.7333 790
11.75 791
11.7667 792
11.7833 793
11.8 794
11.8167 795
11.8333 796
11.85 797
11.8667 798
11.8833 799
11.9 800
11.9167 801
11.9333 802
11.95 803
11.9667 804
11.9833 805
12.0 805
12.0167 806
12.0333 807
12.05 808
12.0667 809
12.0833 809
12.1 810
12.1167 811
12.1333 812
12.15 812
12.1667 813
12.1833 814
12.2 814
12.2167 815
12.2333 815
12.25 816
12.2667 817
12.2833 817
12.3 818
12.3167 818
12.3333 819
12.35 819
12.3667 820
12.3833 820
12.4 820
12.4167 821
12.4333 821
12.45 822
12.4667 822
12.4833 822
12.5 823
12.5167 823
12.5333 823
12.55 823
12.5667 824
12.5833 824
12.6 824
12.6167 824
12.6333 824
12.65 824
12.6667 825
12.6833 825
12.7 825
12.7167 825
12.7333 825
12.75 825
12.7667 825
12.7833 825
12.8 825
12.8167 825
12.8333 825
12.85 825
12.8667 825
12.8833 824
12.9 824
12.9167 824
12.9333 824
12.95 824
12.9667 824
12.9833 823
13.0 823
13.0167 823
13.0333 823
13.05 822
13.0667 822
13.0833 822
13.1 821
13.1167 821
13.1333 820
13.15 820
13.1667 820
13.1833 819
13.2 819
13.2167 818
13.2333 818
13.25 817
13.2667 817
13.2833 816
13.3 816
13.3167 815
13.3333 814
13.35 814
13.3667 813
13.3833 812
13.4 812
13.4167 811
13.4333 810
13.45 810
13.4667 809
13.4833 808
13.5 807
13.5167 806
13.5333 806
13.55 805
13.5667 804
13.5833 803
13.6 802
13.6167 801
13.6333 800
13.65 799
13.6667 798
13.6833 797
13.7 796
13.7167 795
13.7333 794
13.75 793
13.7667 792
13.7833 791
13.8 790
13.8167 789
13.8333 788
13.85 786
13.8667 785
13.8833 784
13.9 783
13.9167 782
13.9333 780
13.95 779
13.9667 778
13.9833 776
14.0 775
14.0167 774
14.0333 772
14.05 771
14.0667 770
14.0833 768
14.1 767
14.1167 765
14.1333 764
14.15 762
14.1667 761
14.1833 759
14.2 758
14.2167 756
14.2333 755
14.25 753
14.2667 752
14.2833 750
14.3 748
14.3167 747
14.3333 745
14.35 743
14.3667 742
14.3833 740
14.4 738
14.4167 737
14.4333 735
14.45 733
14.4667 731
14.4833 729
14.5 728
14.5167 726
14.5333 724
14.55 722
14.5667 720
14.5833 718
14.6 716
14.6167 715
14.6333 713
14.65 711
14.6667 709
14.6833 707
14.7 705
14.7167 703
14.7333 701
14.75 699
14.7667 696
14.7833 694
14.8 692
14.8167 690
14.8333 688
14.85 686
14.8667 684
14.8833 682
14.9 679
14.9167 677
14.9333 675
14.95 673
14.9667 671
14.9833 668
15.0 666
15.0167 663
15.0333 661
15.05 659
15.0667 657
15.0833 654
15.1 652
15.1167 650
15.1333 647
15.15 645
15.1667 642
15.1833 640
15.2 638
15.2167 635
15.2333 633
15.25 630
15.2667 628
15.2833 625
15.3 623
15.3167 620
15.3333 618
15.35 615
15.3667 613
15.3833 610
15.4 607
15.4167 605
15.4333 602
15.45 600
15.4667 597
15.4833 594
15.5 592
15.5167 589
15.5333 586
15.55 584
15.5667 581
15.5833 578
15.6 576
15.6167 573
15.6333 570
15.65 567
15.6667 565
15.6833 562
15.7 559
15.7167 556
15.7333 554
15.75 551
15.7667 548
15.7833 545
15.8 542
15.8167 539
15.8333 537
15.85 534
15.8667 531
15.8833 528
15.9 525
15.9167 522
15.9333 519
15.95 516
15.9667 513
15.9833 510
