9.0 361
9.0167 363
9.0333 367
9.05 370
9.0667 373
9.0833 376
9.1 379
9.1167 382
9.1333 386
9.15 389
9.1667 392
9.1833 395
9.2 398
9.2167 401
9.2333 404
9.25 407
9.2667 410
9.2833 414
9.3 417
9.3167 420
9.3333 423
9.35 426
9.3667 429
9.3833 432
9.4 435
9.4167 438
9.4333 441
9.45 444
9.4667 447
9.4833 450
9.5 453
9.5167 456
9.5333 459
9.55 462
9.5667 465
9.5833 467
9.6 470
9.6167 473
9.6333 476
9.65 479
9.6667 482
9.6833 485
9.7 488
9.7167 490
9.7333 493
9.75 496
9.7667 499
9.7833 502
9.8 504
9.8167 507
9.8333 510
9.85 513
9.8667 515
9.8833 518
9.9 521
9.9167 523
9.9333 526
9.95 529
9.9667 531
9.9833 534
10.0 537
10.0167 539
10.0333 542
10.05 544
10.0667 547
10.0833 549
10.1 552
10.1167 554
10.1333 557
10.15 559
10.1667 562
10.1833 564
10.2 567
10.2167 569
10.2333 572
10.25 574
10.2667 576
10.2833 579
10.3 581
10.3167 584
10.3333 586
10.35 588
10.3667 590
10.3833 593
10.4 595
10.4167 597
10.4333 599
10.45 602
10.4667 604
10.4833 606
10.5 608
10.5167 610
10.5333 613
10.55 615
10.5667 617
10.5833 619
10.6 621
10.6167 623
10.6333 625
10.65 627
10.6667 629
10.6833 631
10.7 633
10.7167 635
10.7333 637
10.75 639
10.7667 641
10.7833 643
10.8 645
10.8167 646
10.8333 648
10.85 650
10.8667 652
10.8833 654
10.9 655
10.9167 657
10.9333 659
10.95 661
10.9667 662
10.9833 664
11.0 666
11.0167 667
11.0333 669
11.05 671
11.0667 672
11.0833 674
11.1 675
11.1167 677
11.1333 678
11.15 680
11.1667 681
11.1833 683
11.2 684
11.2167 686
11.2333 687
11.25 689
11.2667 690
11.2833 691
11.3 693
11.3167 694
11.3333 695
11.35 696
11.3667 698
11.3833 699
11.4 700
11.4167 701
11.4333 703
11.45 704
11.4667 705
11.4833 706
11.5 707
11.5167 708
11.5333 709
11.55 710
11.5667 711
11.5833 712
11.6 713
11.6167 714
11.6333 715
11.65 716
11.6667 717
11.6833 718
11.7 719
11.7167 720
11.7333 721
11.75 722
11.7667 722
11.7833 723
11.8 724
11.8167 725
11.8333 725
11.85 726
11.8667 727
11.8833 728
11.9 728
11.9167 729
11.9333 729
11.95 730
11.9667 731
11.9833 731
12.0 732
12.0167 732
12.0333 733
12.05 733
12.0667 734
12.0833 734
12.1 734
12.1167 735
12.1333 735
12.15 736
12.1667 736
12.1833 736
12.2 737
12.2167 737
12.2333 737
12.25 737
12.2667 738
12.2833 738
12.3 738
12.3167 738
12.3333 738
12.35 738
12.3667 738
12.3833 739
12.4 739
12.4167 739
12.4333 739
12.45 739
12.4667 739
12.4833 739
12.5 739
12.5167 738
12.5333 738
12.55 738
12.5667 738
12.5833 738
12.6 738
12.6167 738
12.6333 737
12.65 737
12.6667 737
12.6833 737
12.7 736
12.7167 736
12.7333 736
12.75 735
12.7667 735
12.7833 735
12.8 734
12.8167 734
12.8333 733
12.85 733
12.8667 732
12.8833 732
12.9 731
12.9167 731
12.9333 730
12.95 730
12.9667 729
12.9833 728
13.0 728
13.0167 727
13.0333 726
13.05 726
13.0667 725
13.0833 724
13.1 723
13.1167 723
13.1333 722
13.15 721
13.1667 720
13.1833 719
13.2 718
13.2167 717
13.2333 717
13.25 716
13.2667 715
13.2833 714
13.3 713
13.3167 712
13.3333 711
13.35 710
13.3667 709
13.3833 707
13.4 706
13.4167 705
13.4333 704
13.45 703
13.4667 702
13.4833 700
13.5 699
13.5167 698
13.5333 697
13.55 695
13.5667 694
13.5833 693
13.6 692
13.6167 690
13.6333 689
13.65 687
13.6667 686
13.6833 685
13.7 683
13.7167 682
13.7333 680
13.75 679
13.7667 677
13.7833 676
13.8 674
13.8167 673
13.8333 671
13.85 669
13.8667 668
13.8833 666
13.9 664
13.9167 663
13.9333 661
13.95 659
13.9667 658
13.9833 656
14.0 654
14.0167 652
14.0333 650
14.05 649
14.0667 647
14.0833 645
14.1 643
14.1167 641
14.1333 639
14.15 637
14.1667 635
14.1833 633
14.2 632
14.2167 630
14.2333 628
14.25 625
14.2667 623
14.2833 621
14.3 619
14.3167 617
14.3333 615
14.35 613
14.3667 611
14.3833 609
14.4 607
14.4167 604
14.4333 602
14.45 600
14.4667 598
14.4833 595
14.5 593
14.5167 591
14.5333 589
14.55 586
14.5667 584
14.5833 582
14.6 579
14.6167 577
14.6333 575
14.65 572
14.6667 570
14.6833 567
14.7 565
14.7167 562
14.7333 560
14.75 557
14.7667 555
14.7833 552
14.8 550
14.8167 547
14.8333 545
14.85 542
14.8667 540
14.8833 537
14.9 534
14.9167 532
14.9333 529
14.95 527
14.9667 524
14.9833 521
15.0 518
15.0167 515
15.0333 512
15.05 509
15.0667 507
15.0833 504
15.1 501
15.1167 498
15.1333 496
15.15 493
15.1667 490
15.1833 487
15.2 484
15.2167 481
15.2333 479
15.25 476
15.2667 473
15.2833 470
15.3 467
15.3167 464
15.3333 461
15.35 458
15.3667 455
15.3833 452
15.4 449
15.4167 446
15.4333 444
15.45 441
15.4667 438
15.4833 435
15.5 431
15.5167 428
15.5333 425
15.55 422
15.5667 419
15.5833 416
15.6 413
15.6167 410
15.6333 407
15.65 404
15.6667 401
15.6833 398
15.7 395
15.7167 391
15.7333 388
15.75 385
15.7667 382
15.7833 379
15.8 376
15.8167 373
15.8333 369
15.85 366
15.8667 363
15.8833 360
15.9 357
15.9167 354
15.9333 350
15.95 347
15.9667 344
15.9833 341
