9.0 358
9.0167 361
9.0333 364
9.05 367
9.0667 370
9.0833 373
9.1 377
9.1167 380
9.1333 383
9.15 386
9.1667 389
9.1833 392
9.2 395
9.2167 398
9.2333 401
9.25 404
9.2667 407
9.2833 410
9.3 414
9.3167 417
9.3333 420
9.35 423
9.3667 426
9.3833 429
9.4 432
9.4167 435
9.4333 438
9.45 440
9.4667 443
9.4833 446
9.5 449
9.5167 452
9.5333 455
9.55 458
9.5667 461
9.5833 464
9.6 467
9.6167 470
9.6333 472
9.65 475
9.6667 478
9.6833 481
9.7 484
9.7167 487
9.7333 489
9.75 492
9.7667 495
9.7833 498
9.8 500
9.8167 503
9.8333 506
9.85 508
9.8667 511
9.8833 514
9.9 517
9.9167 519
9.9333 522
9.95 524
9.9667 527
9.9833 530
10.0 532
10.0167 535
10.0333 537
10.05 540
10.0667 542
10.0833 545
10.1 547
10.1167 550
10.1333 552
10.15 555
10.1667 557
10.1833 560
10.2 562
10.2167 565
10.2333 567
10.25 569
10.2667 572
10.2833 574
10.3 577
10.3167 579
10.3333 581
10.35 583
10.3667 586
10.3833 588
10.4 590
10.4167 592
10.4333 595
10.45 597
10.4667 599
10.4833 601
10.5 603
10.5167 606
10.5333 608
10.55 610
10.5667 612
10.5833 614
10.6 616
10.6167 618
10.6333 620
10.65 622
10.6667 624
10.6833 626
10.7 628
10.7167 630
10.7333 632
10.75 634
10.7667 636
10.7833 638
10.8 639
10.8167 641
10.8333 643
10.85 645
10.8667 647
10.8833 648
10.9 650
10.9167 652
10.9333 654
10.95 655
10.9667 657
10.9833 659
11.0 660
11.0167 662
11.0333 664
11.05 665
11.0667 667
11.0833 668
11.1 670
11.1167 672
11.1333 673
11.15 675
11.1667 676
11.1833 677
11.2 679
11.2167 680
11.2333 682
11.25 683
11.2667 684
11.2833 686
11.3 687
11.3167 688
11.3333 690
11.35 691
11.3667 692
11.3833 694
11.4 695
11.4167 696
11.4333 697
11.45 698
11.4667 699
11.4833 701
11.5 702
11.5167 703
11.5333 704
11.55 705
11.5667 706
11.5833 707
11.6 708
11.6167 709
11.6333 710
11.65 711
11.6667 712
11.6833 713
11.7 714
11.7167 714
11.7333 715
11.75 716
11.7667 717
11.7833 718
11.8 718
11.8167 719
11.8333 720
11.85 721
11.8667 721
11.8833 722
11.9 723
11.9167 723
11.9333 724
11.95 724
11.9667 725
11.9833 726
12.0 726
12.0167 727
12.0333 727
12.05 728
12.0667 728
12.0833 729
12.1 729
12.1167 729
12.1333 730
12.15 730
12.1667 730
12.1833 731
12.2 731
12.2167 731
12.2333 732
12.25 732
12.2667 732
12.2833 732
12.3 732
12.3167 733
12.3333 733
12.35 733
12.3667 733
12.3833 733
12.4 733
12.4167 733
12.4333 733
12.45 733
12.4667 733
12.4833 733
12.5 733
12.5167 733
12.5333 733
12.55 733
12.5667 733
12.5833 733
12.6 732
12.6167 732
12.6333 732
12.65 732
12.6667 731
12.6833 731
12.7 731
12.7167 731
12.7333 730
12.75 730
12.7667 730
12.7833 729
12.8 729
12.8167 728
12.8333 728
12.85 727
12.8667 727
12.8833 726
12.9 726
12.9167 725
12.9333 725
12.95 724
12.9667 724
12.9833 723
13.0 722
13.0167 722
13.0333 721
13.05 720
13.0667 720
13.0833 719
13.1 718
13.1167 717
13.1333 717
13.15 716
13.1667 715
13.1833 714
13.2 713
13.2167 712
13.2333 711
13.25 710
13.2667 709
13.2833 708
13.3 708
13.3167 707
13.3333 705
13.35 704
13.3667 703
13.3833 702
13.4 701
13.4167 700
13.4333 699
13.45 698
13.4667 697
13.4833 695
13.5 694
13.5167 693
13.5333 692
13.55 690
13.5667 689
13.5833 688
13.6 687
13.6167 685
13.6333 684
13.65 682
13.6667 681
13.6833 680
13.7 678
13.7167 677
13.7333 675
13.75 674
13.7667 672
13.7833 671
13.8 669
13.8167 668
13.8333 666
13.85 665
13.8667 663
13.8833 661
13.9 660
13.9167 658
13.9333 656
13.95 655
13.9667 653
13.9833 651
14.0 649
14.0167 648
14.0333 646
14.05 644
14.0667 642
14.0833 640
14.1 639
14.1167 637
14.1333 635
14.15 633
14.1667 631
14.1833 629
14.2 627
14.2167 625
14.2333 623
14.25 621
14.2667 619
14.2833 617
14.3 615
14.3167 613
14.3333 611
14.35 609
14.3667 607
14.3833 605
14.4 602
14.4167 600
14.4333 598
14.45 596
14.4667 594
14.4833 591
14.5 589
14.5167 587
14.5333 585
14.55 582
14.5667 580
14.5833 578
14.6 575
14.6167 573
14.6333 571
14.65 568
14.6667 566
14.6833 564
14.7 561
14.7167 559
14.7333 556
14.75 554
14.7667 551
14.7833 549
14.8 546
14.8167 544
14.8333 541
14.85 539
14.8667 536
14.8833 534
14.9 531
14.9167 528
14.9333 526
14.95 523
14.9667 521
14.9833 518
15.0 514
15.0167 512
15.0333 509
15.05 506
15.0667 503
15.0833 501
15.1 498
15.1167 495
15.1333 493
15.15 490
15.1667 487
15.1833 484
15.2 481
15.2167 479
15.2333 476
15.25 473
15.2667 470
15.2833 467
15.3 464
15.3167 461
15.3333 459
15.35 456
15.3667 453
15.3833 450
15.4 447
15.4167 444
15.4333 441
15.45 438
15.4667 435
15.4833 432
15.5 429
15.5167 426
15.5333 423
15.55 420
15.5667 417
15.5833 414
15.6 411
15.6167 408
15.6333 405
15.65 402
15.6667 399
15.6833 396
15.7 393
15.7167 390
15.7333 387
15.75 383
15.7667 380
15.7833 377
15.8 374
15.8167 371
15.8333 368
15.85 365
15.8667 362
15.8833 359
15.9 355
15.9167 352
15.9333 349
15.95 346
15.9667 343
15.9833 340
