9.0 455
9.0167 458
9.0333 462
9.05 465
9.0667 468
9.0833 471
9.1 475
9.1167 478
9.1333 481
9.15 485
9.1667 488
9.1833 491
9.2 495
9.2167 498
9.2333 501
9.25 504
9.2667 508
9.2833 511
9.3 514
9.3167 517
9.3333 521
9.35 524
9.3667 527
9.3833 530
9.4 533
9.4167 536
9.4333 540
9.45 543
9.4667 546
9.4833 549
9.5 552
9.5167 555
9.5333 558
9.55 562
9.5667 565
9.5833 568
9.6 571
9.6167 574
9.6333 577
9.65 580
9.6667 583
9.6833 586
9.7 589
9.7167 592
9.7333 595
9.75 598
9.7667 601
9.7833 604
9.8 607
9.8167 610
9.8333 613
9.85 616
9.8667 619
9.8833 621
9.9 624
9.9167 627
9.9333 630
9.95 633
9.9667 636
9.9833 639
10.0 641
10.0167 644
10.0333 647
10.05 650
10.0667 652
10.0833 655
10.1 658
10.1167 661
10.1333 663
10.15 666
10.1667 669
10.1833 671
10.2 674
10.2167 677
10.2333 679
10.25 682
10.2667 685
10.2833 687
10.3 690
10.3167 692
10.3333 695
10.35 697
10.3667 700
10.3833 702
10.4 705
10.4167 707
10.4333 710
10.45 712
10.4667 715
10.4833 717
10.5 720
10.5167 722
10.5333 724
10.55 727
10.5667 729
10.5833 731
10.6 734
10.6167 736
10.6333 738
10.65 741
10.6667 743
10.6833 745
10.7 747
10.7167 749
10.7333 752
10.75 754
10.7667 756
10.7833 758
10.8 760
10.8167 762
10.8333 764
10.85 767
10.8667 769
10.8833 771
10.9 773
10.9167 775
10.9333 777
10.95 779
10.9667 781
10.9833 783
11.0 785
11.0167 787
11.0333 788
11.05 790
11.0667 792
11.0833 794
11.1 796
11.1167 798
11.1333 800
11.15 801
11.1667 803
11.1833 805
11.2 807
11.2167 808
11.2333 810
11.25 812
11.2667 813
11.2833 815
11.3 817
11.3167 818
11.3333 820
11.35 822
11.3667 823
11.3833 825
11.4 826
11.4167 828
11.4333 829
11.45 831
11.4667 832
11.4833 834
11.5 835
11.5167 836
11.5333 838
11.55 839
11.5667 841
11.5833 842
11.6 843
11.6167 845
11.6333 846
11.65 847
11.6667 848
11.6833 850
11.7 851
11.7167 852
11.7333 853
11.75 854
11.7667 856
11.7833 857
11.8 858
11.8167 859
11.8333 860
11.85 861
11.8667 862
11.8833 863
11.9 864
11.9167 865
11.9333 866
11.95 867
11.9667 868
11.9833 869
12.0 870
12.0167 871
12.0333 871
12.05 872
12.0667 873
12.0833 874
12.1 875
12.1167 875
12.1333 876
12.15 877
12.1667 878
12.1833 878
12.2 879
12.2167 880
12.2333 880
12.25 881
12.2667 881
12.2833 882
12.3 882
12.3167 883
12.3333 884
12.35 884
12.3667 885
12.3833 885
12.4 885
12.4167 886
12.4333 886
12.45 887
12.4667 887
12.4833 887
12.5 888
12.5167 888
12.5333 888
12.55 889
12.5667 889
12.5833 889
12.6 889
12.6167 889
12.6333 890
12.65 890
12.6667 890
12.6833 890
12.7 890
12.7167 890
12.7333 890
12.75 890
12.7667 890
12.7833 890
12.8 890
12.8167 890
12.8333 890
12.85 890
12.8667 890
12.8833 890
12.9 890
12.9167 890
12.9333 889
12.95 889
12.9667 889
12.9833 889
13.0 889
13.0167 888
13.0333 888
13.05 888
13.0667 887
13.0833 887
13.1 887
13.1167 886
13.1333 886
13.15 886
13.1667 885
13.1833 885
13.2 884
13.2167 884
13.2333 883
13.25 883
13.2667 882
13.2833 882
13.3 881
13.3167 880
13.3333 880
13.35 879
13.3667 879
13.3833 878
13.4 877
13.4167 876
13.4333 876
13.45 875
13.4667 874
13.4833 873
13.5 873
13.5167 872
13.5333 871
13.55 870
13.5667 869
13.5833 868
13.6 867
13.6167 866
13.6333 865
13.65 864
13.6667 863
13.6833 862
13.7 861
13.7167 860
13.7333 859
13.75 858
13.7667 857
13.7833 856
13.8 855
13.8167 854
13.8333 853
13.85 851
13.8667 850
13.8833 849
13.9 848
13.9167 846
13.9333 845
13.95 844
13.9667 843
13.9833 841
14.0 840
14.0167 838
14.0333 837
14.05 836
14.0667 834
14.0833 833
14.1 831
14.1167 830
14.1333 828
14.15 827
14.1667 825
14.1833 824
14.2 822
14.2167 821
14.2333 819
14.25 817
14.2667 816
14.2833 814
14.3 812
14.3167 811
14.3333 809
14.35 807
14.3667 806
14.3833 804
14.4 802
14.4167 800
14.4333 799
14.45 797
14.4667 795
14.4833 793
14.5 791
14.5167 789
14.5333 787
14.55 785
14.5667 784
14.5833 782
14.6 780
14.6167 778
14.6333 776
14.65 774
14.6667 772
14.6833 770
14.7 767
14.7167 765
14.7333 763
14.75 761
14.7667 759
14.7833 757
14.8 755
14.8167 753
14.8333 750
14.85 748
14.8667 746
14.8833 744
14.9 741
14.9167 739
14.9333 737
14.95 735
14.9667 732
14.9833 730
15.0 727
15.0167 725
15.0333 723
15.05 720
15.0667 718
15.0833 715
15.1 713
15.1167 710
15.1333 708
15.15 706
15.1667 703
15.1833 701
15.2 698
15.2167 696
15.2333 693
15.25 690
15.2667 688
15.2833 685
15.3 683
15.3167 680
15.3333 677
15.35 675
15.3667 672
15.3833 670
15.4 667
15.4167 664
15.4333 661
15.45 659
15.4667 656
15.4833 653
15.5 650
15.5167 648
15.5333 645
15.55 642
15.5667 639
15.5833 637
15.6 634
15.6167 631
15.6333 628
15.65 625
15.6667 622
15.6833 619
15.7 616
15.7167 614
15.7333 611
15.75 608
15.7667 605
15.7833 602
15.8 599
15.8167 596
15.8333 593
15.85 590
15.8667 587
15.8833 584
15.9 581
15.9167 578
15.9333 575
15.95 572
15.9667 569
15.9833 566
