9.0 481
9.0167 484
9.0333 488
9.05 491
9.0667 494
9.0833 498
9.1 501
9.1167 504
9.1333 508
9.15 511
9.1667 514
9.1833 518
9.2 521
9.2167 524
9.2333 528
9.25 531
9.2667 534
9.2833 537
9.3 541
9.3167 544
9.3333 547
9.35 550
9.3667 554
9.3833 557
9.4 560
9.4167 563
9.4333 566
9.45 570
9.4667 573
9.4833 576
9.5 579
9.5167 582
9.5333 585
9.55 589
9.5667 592
9.5833 595
9.6 598
9.6167 601
9.6333 604
9.65 607
9.6667 610
9.6833 613
9.7 616
9.7167 619
9.7333 622
9.75 625
9.7667 628
9.7833 631
9.8 634
9.8167 637
9.8333 640
9.85 643
9.8667 646
9.8833 649
9.9 652
9.9167 654
9.9333 657
9.95 660
9.9667 663
9.9833 666
10.0 669
10.0167 671
10.0333 674
10.05 677
10.0667 680
10.0833 683
10.1 685
10.1167 688
10.1333 691
10.15 693
10.1667 696
10.1833 699
10.2 701
10.2167 704
10.2333 707
10.25 709
10.2667 712
10.2833 715
10.3 717
10.3167 720
10.3333 722
10.35 725
10.3667 727
10.3833 730
10.4 732
10.4167 735
10.4333 737
10.45 740
10.4667 742
10.4833 745
10.5 747
10.5167 749
10.5333 752
10.55 754
10.5667 756
10.5833 759
10.6 761
10.6167 763
10.6333 766
10.65 768
10.6667 770
10.6833 772
10.7 775
10.7167 777
10.7333 779
10.75 781
10.7667 783
10.7833 786
10.8 788
10.8167 790
10.8333 792
10.85 794
10.8667 796
10.8833 798
10.9 800
10.9167 802
10.9333 804
10.95 806
10.9667 808
10.9833 810
11.0 812
11.0167 814
11.0333 816
11.05 818
11.0667 820
11.0833 822
11.1 823
11.1167 825
11.1333 827
11.15 829
11.1667 831
11.1833 832
11.2 834
11.2167 836
11.2333 838
11.25 839
11.2667 841
11.2833 843
11.3 844
11.3167 846
11.3333 848
11.35 849
11.3667 851
11.3833 852
11.4 854
11.4167 855
11.4333 857
11.45 858
11.4667 860
11.4833 861
11.5 863
11.5167 864
11.5333 865
11.55 867
11.5667 868
11.5833 870
11.6 871
11.6167 872
11.6333 873
11.65 875
11.6667 876
11.6833 877
11.7 878
11.7167 880
11.7333 881
11.75 882
11.7667 883
11.7833 884
11.8 885
11.8167 887
11.8333 888
11.85 889
11.8667 890
11.8833 891
11.9 892
11.9167 893
11.9333 894
11.95 895
11.9667 896
11.9833 896
12.0 897
12.0167 898
12.0333 899
12.05 900
12.0667 901
12.0833 902
12.1 902
12.1167 903
12.1333 904
12.15 905
12.1667 905
12.1833 906
12.2 907
12.2167 907
12.2333 908
12.25 909
12.2667 909
12.2833 910
12.3 910
12.3167 911
12.3333 911
12.35 912
12.3667 912
12.3833 913
12.4 913
12.4167 914
12.4333 914
12.45 915
12.4667 915
12.4833 915
12.5 916
12.5167 916
12.5333 916
12.55 916
12.5667 917
12.5833 917
12.6 917
12.6167 917
12.6333 918
12.65 918
12.6667 918
12.6833 918
12.7 918
12.7167 918
12.7333 918
12.75 918
12.7667 918
12.7833 918
12.8 918
12.8167 918
12.8333 918
12.85 918
12.8667 918
12.8833 918
12.9 918
12.9167 918
12.9333 918
12.95 917
12.9667 917
12.9833 917
13.0 917
13.0167 917
13.0333 916
13.05 916
13.0667 916
13.0833 915
13.1 915
13.1167 915
13.1333 914
13.15 914
13.1667 913
13.1833 913
13.2 913
13.2167 912
13.2333 912
13.25 911
13.2667 911
13.2833 910
13.3 909
13.3167 909
13.3333 908
13.35 908
13.3667 907
13.3833 906
13.4 906
13.4167 905
13.4333 904
13.45 903
13.4667 903
13.4833 902
13.5 901
13.5167 900
13.5333 899
13.55 899
13.5667 898
13.5833 897
13.6 896
13.6167 895
13.6333 894
13.65 893
13.6667 892
13.6833 891
13.7 890
13.7167 889
13.7333 888
13.75 887
13.7667 886
13.7833 885
13.8 884
13.8167 883
13.8333 881
13.85 880
13.8667 879
13.8833 878
13.9 877
13.9167 875
13.9333 874
13.95 873
13.9667 871
13.9833 870
14.0 869
14.0167 867
14.0333 866
14.05 865
14.0667 863
14.0833 862
14.1 860
14.1167 859
14.1333 857
14.15 856
14.1667 854
14.1833 853
14.2 851
14.2167 850
14.2333 848
14.25 847
14.2667 845
14.2833 843
14.3 842
14.3167 840
14.3333 838
14.35 837
14.3667 835
14.3833 833
14.4 831
14.4167 830
14.4333 828
14.45 826
14.4667 824
14.4833 822
14.5 821
14.5167 819
14.5333 817
14.55 815
14.5667 813
14.5833 811
14.6 809
14.6167 807
14.6333 805
14.65 803
14.6667 801
14.6833 799
14.7 797
14.7167 795
14.7333 793
14.75 791
14.7667 789
14.7833 787
14.8 784
14.8167 782
14.8333 780
14.85 778
14.8667 776
14.8833 773
14.9 771
14.9167 769
14.9333 767
14.95 764
14.9667 762
14.9833 760
15.0 757
15.0167 755
15.0333 753
15.05 750
15.0667 748
15.0833 745
15.1 743
15.1167 740
15.1333 738
15.15 736
15.1667 733
15.1833 731
15.2 728
15.2167 726
15.2333 723
15.25 721
15.2667 718
15.2833 715
15.3 713
15.3167 710
15.3333 708
15.35 705
15.3667 702
15.3833 700
15.4 697
15.4167 694
15.4333 692
15.45 689
15.4667 686
15.4833 683
15.5 681
15.5167 678
15.5333 675
15.55 672
15.5667 670
15.5833 667
15.6 664
15.6167 661
15.6333 658
15.65 655
15.6667 652
15.6833 650
15.7 647
15.7167 644
15.7333 641
15.75 638
15.7667 635
15.7833 632
15.8 629
15.8167 626
15.8333 623
15.85 620
15.8667 617
15.8833 614
15.9 611
15.9167 608
15.9333 605
15.95 602
15.9667 599
15.9833 596
