9.0 437
9.0167 440
9.0333 444
9.05 447
9.0667 450
9.0833 454
9.1 457
9.1167 460
9.1333 464
9.15 467
9.1667 470
9.1833 474
9.2 477
9.2167 480
9.2333 484
9.25 487
9.2667 490
9.2833 493
9.3 497
9.3167 500
9.3333 503
9.35 506
9.3667 510
9.3833 513
9.4 516
9.4167 519
9.4333 522
9.45 526
9.4667 529
9.4833 532
9.5 535
9.5167 538
9.5333 541
9.55 545
9.5667 548
9.5833 551
9.6 554
9.6167 557
9.6333 560
9.65 563
9.6667 566
9.6833 569
9.7 572
9.7167 575
9.7333 578
9.75 581
9.7667 584
9.7833 587
9.8 590
9.8167 593
9.8333 596
9.85 599
9.8667 602
9.8833 605
9.9 608
9.9167 611
9.9333 613
9.95 616
9.9667 619
9.9833 622
10.0 625
10.0167 628
10.0333 630
10.05 633
10.0667 636
10.0833 639
10.1 641
10.1167 644
10.1333 647
10.15 650
10.1667 652
10.1833 655
10.2 658
10.2167 660
10.2333 663
10.25 666
10.2667 668
10.2833 671
10.3 673
10.3167 676
10.3333 678
10.35 681
10.3667 683
10.3833 686
10.4 688
10.4167 691
10.4333 693
10.45 696
10.4667 698
10.4833 701
10.5 703
10.5167 705
10.5333 708
10.55 710
10.5667 713
10.5833 715
10.6 717
10.6167 719
10.6333 722
10.65 724
10.6667 726
10.6833 728
10.7 731
10.7167 733
10.7333 735
10.75 737
10.7667 739
10.7833 742
10.8 744
10.8167 746
10.8333 748
10.85 750
10.8667 752
10.8833 754
10.9 756
10.9167 758
10.9333 760
10.95 762
10.9667 764
10.9833 766
11.0 768
11.0167 770
11.0333 772
11.05 773
11.0667 775
11.0833 777
11.1 779
11.1167 781
11.1333 782
11.15 784
11.1667 786
11.1833 788
11.2 789
11.2167 791
11.2333 793
11.25 794
11.2667 796
11.2833 798
11.3 799
11.3167 801
11.3333 802
11.35 804
11.3667 806
11.3833 807
11.4 809
11.4167 810
11.4333 812
11.45 813
11.4667 814
11.4833 816
11.5 817
11.5167 819
11.5333 820
11.55 821
11.5667 823
11.5833 824
11.6 825
11.6167 826
11.6333 828
11.65 829
11.6667 830
11.6833 831
11.7 832
11.7167 834
11.7333 835
11.75 836
11.7667 837
11.7833 838
11.8 839
11.8167 840
11.8333 841
11.85 842
11.8667 843
11.8833 844
11.9 845
11.9167 846
11.9333 847
11.95 848
11.9667 849
11.9833 849
12.0 850
12.0167 851
12.0333 852
12.05 853
12.0667 853
12.0833 854
12.1 855
12.1167 855
12.1333 856
12.15 857
12.1667 857
12.1833 858
12.2 859
12.2167 859
12.2333 860
12.25 860
12.2667 861
12.2833 861
12.3 862
12.3167 862
12.3333 863
12.35 863
12.3667 864
12.3833 864
12.4 864
12.4167 865
12.4333 865
12.45 865
12.4667 866
12.4833 866
12.5 866
12.5167 866
12.5333 867
12.55 867
12.5667 867
12.5833 867
12.6 867
12.6167 867
12.6333 867
12.65 867
12.6667 867
12.6833 868
12.7 868
12.7167 868
12.7333 867
12.75 867
12.7667 867
12.7833 867
12.8 867
12.8167 867
12.8333 867
12.85 867
12.8667 867
12.8833 866
12.9 866
12.9167 866
12.9333 866
12.95 865
12.9667 865
12.9833 865
13.0 864
13.0167 864
13.0333 864
13.05 863
13.0667 863
13.0833 862
13.1 862
13.1167 862
13.1333 861
13.15 861
13.1667 860
13.1833 859
13.2 859
13.2167 858
13.2333 858
13.25 857
13.2667 856
13.2833 856
13.3 855
13.3167 854
13.3333 854
13.35 853
13.3667 852
13.3833 851
13.4 850
13.4167 850
13.4333 849
13.45 848
13.4667 847
13.4833 846
13.5 845
13.5167 844
13.5333 843
13.55 842
13.5667 841
13.5833 840
13.6 839
13.6167 838
13.6333 837
13.65 836
13.6667 835
13.6833 834
13.7 833
13.7167 832
13.7333 830
13.75 829
13.7667 828
13.7833 827
13.8 826
13.8167 824
13.8333 823
13.85 822
13.8667 820
13.8833 819
13.9 818
13.9167 816
13.9333 815
13.95 813
13.9667 812
13.9833 811
14.0 809
14.0167 808
14.0333 806
14.05 805
14.0667 803
14.0833 801
14.1 800
14.1167 798
14.1333 797
14.15 795
14.1667 793
14.1833 792
14.2 790
14.2167 788
14.2333 787
14.25 785
14.2667 783
14.2833 781
14.3 780
14.3167 778
14.3333 776
14.35 774
14.3667 772
14.3833 770
14.4 768
14.4167 766
14.4333 765
14.45 763
14.4667 761
14.4833 759
14.5 757
14.5167 755
14.5333 753
14.55 751
14.5667 749
14.5833 746
14.6 744
14.6167 742
14.6333 740
14.65 738
14.6667 736
14.6833 734
14.7 731
14.7167 729
14.7333 727
14.75 725
14.7667 722
14.7833 720
14.8 718
14.8167 716
14.8333 713
14.85 711
14.8667 709
14.8833 706
14.9 704
14.9167 701
14.9333 699
14.95 697
14.9667 694
14.9833 692
15.0 689
15.0167 686
15.0333 684
15.05 681
15.0667 679
15.0833 676
15.1 673
15.1167 671
15.1333 668
15.15 666
15.1667 663
15.1833 660
15.2 658
15.2167 655
15.2333 653
15.25 650
15.2667 647
15.2833 644
15.3 642
15.3167 639
15.3333 636
15.35 633
15.3667 631
15.3833 628
15.4 625
15.4167 622
15.4333 619
15.45 617
15.4667 614
15.4833 611
15.5 608
15.5167 605
15.5333 602
15.55 599
15.5667 596
15.5833 593
15.6 590
15.6167 587
15.6333 584
15.65 581
15.6667 578
15.6833 575
15.7 572
15.7167 569
15.7333 566
15.75 563
15.7667 560
15.7833 557
15.8 554
15.8167 551
15.8333 548
15.85 545
15.8667 542
15.8833 539
15.9 535
15.9167 532
15.9333 529
15.95 526
15.9667 523
15.9833 520
