9.0 423
9.0167 426
9.0333 429
9.05 433
9.0667 436
9.0833 439
9.1 443
9.1167 446
9.1333 449
9.15 453
9.1667 456
9.1833 459
9.2 463
9.2167 466
9.2333 469
9.25 473
9.2667 476
9.2833 479
9.3 482
9.3167 486
9.3333 489
9.35 492
9.3667 495
9.3833 499
9.4 502
9.4167 505
9.4333 508
9.45 511
9.4667 515
9.4833 518
9.5 521
9.5167 524
9.5333 527
9.55 530
9.5667 533
9.5833 536
9.6 539
9.6167 543
9.6333 546
9.65 549
9.6667 552
9.6833 555
9.7 558
9.7167 561
9.7333 564
9.75 567
9.7667 570
9.7833 573
9.8 575
9.8167 578
9.8333 581
9.85 584
9.8667 587
9.8833 590
9.9 593
9.9167 596
9.9333 598
9.95 601
9.9667 604
9.9833 607
10.0 610
10.0167 612
10.0333 615
10.05 618
10.0667 621
10.0833 623
10.1 626
10.1167 629
10.1333 631
10.15 634
10.1667 637
10.1833 639
10.2 642
10.2167 644
10.2333 647
10.25 650
10.2667 652
10.2833 655
10.3 657
10.3167 660
10.3333 662
10.35 665
10.3667 667
10.3833 669
10.4 672
10.4167 674
10.4333 677
10.45 679
10.4667 681
10.4833 684
10.5 686
10.5167 688
10.5333 691
10.55 693
10.5667 695
10.5833 697
10.6 700
10.6167 702
10.6333 704
10.65 706
10.6667 708
10.6833 710
10.7 713
10.7167 715
10.7333 717
10.75 719
10.7667 721
10.7833 723
10.8 725
10.8167 727
10.8333 729
10.85 731
10.8667 733
10.8833 735
10.9 737
10.9167 739
10.9333 740
10.95 742
10.9667 744
10.9833 746
11.0 748
11.0167 750
11.0333 751
11.05 753
11.0667 755
11.0833 757
11.1 758
11.1167 760
11.1333 762
11.15 763
11.1667 765
11.1833 766
11.2 768
11.2167 770
11.2333 771
11.25 773
11.2667 774
11.2833 776
11.3 777
11.3167 779
11.3333 780
11.35 782
11.3667 783
11.3833 784
11.4 786
11.4167 787
11.4333 788
11.45 790
11.4667 791
11.4833 792
11.5 793
11.5167 795
11.5333 796
11.55 797
11.5667 798
11.5833 799
11.6 800
11.6167 802
11.6333 803
11.65 804
11.6667 805
11.6833 806
11.7 807
11.7167 808
11.7333 809
11.75 810
11.7667 811
11.7833 812
11.8 813
11.8167 813
11.8333 814
11.85 815
11.8667 816
11.8833 817
11.9 818
11.9167 818
11.9333 819
11.95 820
11.9667 820
11.9833 821
12.0 822
12.0167 822
12.0333 823
12.05 824
12.0667 824
12.0833 825
12.1 825
12.1167 826
12.1333 826
12.15 827
12.1667 827
12.1833 828
12.2 828
12.2167 829
12.2333 829
12.25 829
12.2667 830
12.2833 830
12.3 830
12.3167 831
12.3333 831
12.35 831
12.3667 831
12.3833 831
12.4 832
12.4167 832
12.4333 832
12.45 832
12.4667 832
12.4833 832
12.5 832
12.5167 832
12.5333 832
12.55 832
12.5667 832
12.5833 832
12.6 832
12.6167 832
12.6333 832
12.65 832
12.6667 832
12.6833 832
12.7 831
12.7167 831
12.7333 831
12.75 831
12.7667 831
12.7833 830
12.8 830
12.8167 830
12.8333 829
12.85 829
12.8667 828
12.8833 828
12.9 828
12.9167 827
12.9333 827
12.95 826
12.9667 826
12.9833 825
13.0 825
13.0167 824
13.0333 824
13.05 823
13.0667 822
13.0833 822
13.1 821
13.1167 820
13.1333 820
13.15 819
13.1667 818
13.1833 817
13.2 817
13.2167 816
13.2333 815
13.25 814
13.2667 813
13.2833 812
13.3 811
13.3167 811
13.3333 810
13.35 809
13.3667 808
13.3833 807
13.4 806
13.4167 805
13.4333 804
13.45 802
13.4667 801
13.4833 800
13.5 799
13.5167 798
13.5333 797
13.55 796
13.5667 794
13.5833 793
13.6 792
13.6167 791
13.6333 789
13.65 788
13.6667 787
13.6833 785
13.7 784
13.7167 783
13.7333 781
13.75 780
13.7667 778
13.7833 777
13.8 775
13.8167 774
13.8333 772
13.85 771
13.8667 769
13.8833 768
13.9 766
13.9167 765
13.9333 763
13.95 761
13.9667 760
13.9833 758
14.0 756
14.0167 755
14.0333 753
14.05 751
14.0667 749
14.0833 747
14.1 746
14.1167 744
14.1333 742
14.15 740
14.1667 738
14.1833 736
14.2 734
14.2167 732
14.2333 731
14.25 729
14.2667 727
14.2833 725
14.3 723
14.3167 721
14.3333 718
14.35 716
14.3667 714
14.3833 712
14.4 710
14.4167 708
14.4333 706
14.45 704
14.4667 701
14.4833 699
14.5 697
14.5167 695
14.5333 692
14.55 690
14.5667 688
14.5833 686
14.6 683
14.6167 681
14.6333 679
14.65 676
14.6667 674
14.6833 671
14.7 669
14.7167 667
14.7333 664
14.75 662
14.7667 659
14.7833 657
14.8 654
14.8167 652
14.8333 649
14.85 647
14.8667 644
14.8833 641
14.9 639
14.9167 636
14.9333 633
14.95 631
14.9667 628
14.9833 625
15.0 622
15.0167 619
15.0333 616
15.05 614
15.0667 611
15.0833 608
15.1 605
15.1167 603
15.1333 600
15.15 597
15.1667 594
15.1833 591
15.2 588
15.2167 585
15.2333 583
15.25 580
15.2667 577
15.2833 574
15.3 571
15.3167 568
15.3333 565
15.35 562
15.3667 559
15.3833 556
15.4 553
15.4167 550
15.4333 547
15.45 544
15.4667 541
15.4833 538
15.5 535
15.5167 532
15.5333 529
15.55 525
15.5667 522
15.5833 519
15.6 516
15.6167 513
15.6333 510
15.65 506
15.6667 503
15.6833 500
15.7 497
15.7167 494
15.7333 490
15.75 487
15.7667 484
15.7833 481
15.8 477
15.8167 474
15.8333 471
15.85 468
15.8667 464
15.8833 461
15.9 458
15.9167 454
15.9333 451
15.95 448
15.9667 444
15.9833 441
