9.0 477
9.0167 480
9.0333 484
9.05 487
9.0667 490
9.0833 494
9.1 497
9.1167 501
9.1333 504
9.15 507
9.1667 511
9.1833 514
9.2 517
9.2167 521
9.2333 524
9.25 527
9.2667 531
9.2833 534
9.3 537
9.3167 541
9.3333 544
9.35 547
9.3667 550
9.3833 554
9.4 557
9.4167 560
9.4333 563
9.45 566
9.4667 570
9.4833 573
9.5 576
9.5167 579
9.5333 582
9.55 586
9.5667 589
9.5833 592
9.6 595
9.6167 598
9.6333 601
9.65 604
9.6667 607
9.6833 610
9.7 613
9.7167 616
9.7333 619
9.75 622
9.7667 626
9.7833 629
9.8 631
9.8167 634
9.8333 637
9.85 640
9.8667 643
9.8833 646
9.9 649
9.9167 652
9.9333 655
9.95 658
9.9667 661
9.9833 664
10.0 666
10.0167 669
10.0333 672
10.05 675
10.0667 678
10.0833 680
10.1 683
10.1167 686
10.1333 689
10.15 691
10.1667 694
10.1833 697
10.2 700
10.2167 702
10.2333 705
10.25 708
10.2667 710
10.2833 713
10.3 715
10.3167 718
10.3333 721
10.35 723
10.3667 726
10.3833 728
10.4 731
10.4167 733
10.4333 736
10.45 738
10.4667 741
10.4833 743
10.5 746
10.5167 748
10.5333 750
10.55 753
10.5667 755
10.5833 757
10.6 760
10.6167 762
10.6333 764
10.65 767
10.6667 769
10.6833 771
10.7 774
10.7167 776
10.7333 778
10.75 780
10.7667 782
10.7833 785
10.8 787
10.8167 789
10.8333 791
10.85 793
10.8667 795
10.8833 797
10.9 799
10.9167 801
10.9333 803
10.95 805
10.9667 807
10.9833 809
11.0 811
11.0167 813
11.0333 815
11.05 817
11.0667 819
11.0833 821
11.1 823
11.1167 825
11.1333 826
11.15 828
11.1667 830
11.1833 832
11.2 834
11.2167 835
11.2333 837
11.25 839
11.2667 840
11.2833 842
11.3 844
11.3167 845
11.3333 847
11.35 849
11.3667 850
11.3833 852
11.4 853
11.4167 855
11.4333 856
11.45 858
11.4667 859
11.4833 861
11.5 862
11.5167 864
11.5333 865
11.55 867
11.5667 868
11.5833 869
11.6 871
11.6167 872
11.6333 873
11.65 875
11.6667 876
11.6833 877
11.7 878
11.7167 880
11.7333 881
11.75 882
11.7667 883
11.7833 884
11.8 885
11.8167 887
11.8333 888
11.85 889
11.8667 890
11.8833 891
11.9 892
11.9167 893
11.9333 894
11.95 895
11.9667 896
11.9833 897
12.0 897
12.0167 898
12.0333 899
12.05 900
12.0667 901
12.0833 902
12.1 903
12.1167 903
12.1333 904
12.15 905
12.1667 906
12.1833 906
12.2 907
12.2167 908
12.2333 908
12.25 909
12.2667 909
12.2833 910
12.3 911
12.3167 911
12.3333 912
12.35 912
12.3667 913
12.3833 913
12.4 914
12.4167 914
12.4333 914
12.45 915
12.4667 915
12.4833 916
12.5 916
12.5167 916
12.5333 917
12.55 917
12.5667 917
12.5833 917
12.6 918
12.6167 918
12.6333 918
12.65 918
12.6667 918
12.6833 918
12.7 918
12.7167 919
12.7333 919
12.75 919
12.7667 919
12.7833 919
12.8 919
12.8167 919
12.8333 919
12.85 919
12.8667 919
12.8833 918
12.9 918
12.9167 918
12.9333 918
12.95 918
12.9667 918
12.9833 917
13.0 917
13.0167 917
13.0333 917
13.05 916
13.0667 916
13.0833 916
13.1 915
13.1167 915
13.1333 915
13.15 914
13.1667 914
13.1833 913
13.2 913
13.2167 912
13.2333 912
13.25 911
13.2667 911
13.2833 910
13.3 910
13.3167 909
13.3333 908
13.35 908
13.3667 907
13.3833 907
13.4 906
13.4167 905
13.4333 904
13.45 904
13.4667 903
13.4833 902
13.5 901
13.5167 900
13.5333 900
13.55 899
13.5667 898
13.5833 897
13.6 896
13.6167 895
13.6333 894
13.65 893
13.6667 892
13.6833 891
13.7 890
13.7167 889
13.7333 888
13.75 887
13.7667 886
13.7833 885
13.8 884
13.8167 882
13.8333 881
13.85 880
13.8667 879
13.8833 878
13.9 876
13.9167 875
13.9333 874
13.95 873
13.9667 871
13.9833 870
14.0 869
14.0167 867
14.0333 866
14.05 864
14.0667 863
14.0833 862
14.1 860
14.1167 859
14.1333 857
14.15 856
14.1667 854
14.1833 853
14.2 851
14.2167 849
14.2333 848
14.25 846
14.2667 845
14.2833 843
14.3 841
14.3167 840
14.3333 838
14.35 836
14.3667 834
14.3833 833
14.4 831
14.4167 829
14.4333 827
14.45 825
14.4667 824
14.4833 822
14.5 820
14.5167 818
14.5333 816
14.55 814
14.5667 812
14.5833 810
14.6 808
14.6167 806
14.6333 804
14.65 802
14.6667 800
14.6833 798
14.7 796
14.7167 794
14.7333 792
14.75 790
14.7667 788
14.7833 785
14.8 783
14.8167 781
14.8333 779
14.85 777
14.8667 774
14.8833 772
14.9 770
14.9167 768
14.9333 765
14.95 763
14.9667 761
14.9833 758
15.0 756
15.0167 753
15.0333 751
15.05 749
15.0667 746
15.0833 744
15.1 741
15.1167 739
15.1333 736
15.15 734
15.1667 731
15.1833 729
15.2 726
15.2167 724
15.2333 721
15.25 719
15.2667 716
15.2833 714
15.3 711
15.3167 708
15.3333 706
15.35 703
15.3667 700
15.3833 698
15.4 695
15.4167 692
15.4333 690
15.45 687
15.4667 684
15.4833 681
15.5 678
15.5167 676
15.5333 673
15.55 670
15.5667 667
15.5833 664
15.6 662
15.6167 659
15.6333 656
15.65 653
15.6667 650
15.6833 647
15.7 644
15.7167 641
15.7333 638
15.75 635
15.7667 632
15.7833 629
15.8 626
15.8167 623
15.8333 620
15.85 617
15.8667 614
15.8833 611
15.9 608
15.9167 605
15.9333 602
15.95 599
15.9667 596
15.9833 593
