9.0 508
9.0167 511
9.0333 514
9.05 517
9.0667 520
9.0833 523
9.1 526
9.1167 530
9.1333 533
9.15 536
9.1667 539
9.1833 542
9.2 545
9.2167 548
9.2333 551
9.25 554
9.2667 557
9.2833 560
9.3 563
9.3167 566
9.3333 569
9.35 572
9.3667 575
9.3833 578
9.4 581
9.4167 584
9.4333 587
9.45 590
9.4667 593
9.4833 596
9.5 599
9.5167 602
9.5333 605
9.55 608
9.5667 611
9.5833 614
9.6 617
9.6167 619
9.6333 622
9.65 625
9.6667 628
9.6833 631
9.7 634
9.7167 636
9.7333 639
9.75 642
9.7667 645
9.7833 647
9.8 650
9.8167 653
9.8333 656
9.85 658
9.8667 661
9.8833 664
9.9 666
9.9167 669
9.9333 672
9.95 674
9.9667 677
9.9833 680
10.0 682
10.0167 685
10.0333 687
10.05 690
10.0667 693
10.0833 695
10.1 698
10.1167 700
10.1333 703
10.15 705
10.1667 708
10.1833 710
10.2 713
10.2167 715
10.2333 717
10.25 720
10.2667 722
10.2833 725
10.3 727
10.3167 729
10.3333 732
10.35 734
10.3667 736
10.3833 739
10.4 741
10.4167 743
10.4333 745
10.45 748
10.4667 750
10.4833 752
10.5 754
10.5167 757
10.5333 759
10.55 761
10.5667 763
10.5833 765
10.6 767
10.6167 769
10.6333 772
10.65 774
10.6667 776
10.6833 778
10.7 780
10.7167 782
10.7333 784
10.75 786
10.7667 788
10.7833 790
10.8 792
10.8167 794
10.8333 796
10.85 797
10.8667 799
10.8833 801
10.9 803
10.9167 805
10.9333 807
10.95 808
10.9667 810
10.9833 812
11.0 814
11.0167 816
11.0333 817
11.05 819
11.0667 821
11.0833 822
11.1 824
11.1167 826
11.1333 827
11.15 829
11.1667 831
11.1833 832
11.2 834
11.2167 835
11.2333 837
11.25 838
11.2667 840
11.2833 841
11.3 843
11.3167 844
11.3333 846
11.35 847
11.3667 849
11.3833 850
11.4 851
11.4167 853
11.4333 854
11.45 855
11.4667 857
11.4833 858
11.5 859
11.5167 860
11.5333 862
11.55 863
11.5667 864
11.5833 865
11.6 866
11.6167 868
11.6333 869
11.65 870
11.6667 871
11.6833 872
11.7 873
11.7167 874
11.7333 875
11.75 876
11.7667 877
11.7833 878
11.8 879
11.8167 880
11.8333 881
11.85 882
11.8667 883
11.8833 884
11.9 885
11.9167 886
11.9333 886
11.95 887
11.9667 888
11.9833 889
12.0 890
12.0167 890
12.0333 891
12.05 892
12.0667 892
12.0833 893
12.1 894
12.1167 894
12.1333 895
12.15 896
12.1667 896
12.1833 897
12.2 897
12.2167 898
12.2333 898
12.25 899
12.2667 899
12.2833 900
12.3 900
12.3167 901
12.3333 901
12.35 901
12.3667 902
12.3833 902
12.4 902
12.4167 903
12.4333 903
12.45 903
12.4667 904
12.4833 904
12.5 904
12.5167 904
12.5333 905
12.55 905
12.5667 905
12.5833 905
12.6 905
12.6167 905
12.6333 905
12.65 905
12.6667 905
12.6833 905
12.7 905
12.7167 905
12.7333 905
12.75 905
12.7667 905
12.7833 905
12.8 905
12.8167 905
12.8333 905
12.85 905
12.8667 905
12.8833 904
12.9 904
12.9167 904
12.9333 904
12.95 903
12.9667 903
12.9833 903
13.0 903
13.0167 902
13.0333 902
13.05 901
13.0667 901
13.0833 901
13.1 900
13.1167 900
13.1333 899
13.15 899
13.1667 898
13.1833 898
13.2 897
13.2167 897
13.2333 896
13.25 896
13.2667 895
13.2833 894
13.3 894
13.3167 893
13.3333 892
13.35 892
13.3667 891
13.3833 890
13.4 890
13.4167 889
13.4333 888
13.45 887
13.4667 886
13.4833 886
13.5 885
13.5167 884
13.5333 883
13.55 882
13.5667 881
13.5833 880
13.6 879
13.6167 878
13.6333 877
13.65 876
13.6667 875
13.6833 874
13.7 873
13.7167 872
13.7333 871
13.75 870
13.7667 869
13.7833 868
13.8 867
13.8167 865
13.8333 864
13.85 863
13.8667 862
13.8833 861
13.9 859
13.9167 858
13.9333 857
13.95 855
13.9667 854
13.9833 853
14.0 851
14.0167 850
14.0333 849
14.05 847
14.0667 846
14.0833 844
14.1 843
14.1167 842
14.1333 840
14.15 839
14.1667 837
14.1833 835
14.2 834
14.2167 832
14.2333 831
14.25 829
14.2667 828
14.2833 826
14.3 824
14.3167 823
14.3333 821
14.35 819
14.3667 818
14.3833 816
14.4 814
14.4167 812
14.4333 811
14.45 809
14.4667 807
14.4833 805
14.5 803
14.5167 801
14.5333 800
14.55 798
14.5667 796
14.5833 794
14.6 792
14.6167 790
14.6333 788
14.65 786
14.6667 784
14.6833 782
14.7 780
14.7167 778
14.7333 776
14.75 774
14.7667 772
14.7833 770
14.8 768
14.8167 765
14.8333 763
14.85 761
14.8667 759
14.8833 757
14.9 755
14.9167 752
14.9333 750
14.95 748
14.9667 746
14.9833 743
15.0 741
15.0167 739
15.0333 737
15.05 734
15.0667 732
15.0833 730
15.1 727
15.1167 725
15.1333 723
15.15 720
15.1667 718
15.1833 715
15.2 713
15.2167 710
15.2333 708
15.25 706
15.2667 703
15.2833 701
15.3 698
15.3167 696
15.3333 693
15.35 690
15.3667 688
15.3833 685
15.4 683
15.4167 680
15.4333 677
15.45 675
15.4667 672
15.4833 670
15.5 667
15.5167 664
15.5333 662
15.55 659
15.5667 656
15.5833 653
15.6 651
15.6167 648
15.6333 645
15.65 642
15.6667 640
15.6833 637
15.7 634
15.7167 631
15.7333 628
15.75 626
15.7667 623
15.7833 620
15.8 617
15.8167 614
15.8333 611
15.85 608
15.8667 606
15.8833 603
15.9 600
15.9167 597
15.9333 594
15.95 591
15.9667 588
15.9833 585
