9.0 494
9.0167 497
9.0333 500
9.05 503
9.0667 506
9.0833 510
9.1 513
9.1167 516
9.1333 519
9.15 522
9.1667 526
9.1833 529
9.2 532
9.2167 535
9.2333 538
9.25 542
9.2667 545
9.2833 548
9.3 551
9.3167 554
9.3333 557
9.35 560
9.3667 563
9.3833 566
9.4 570
9.4167 573
9.4333 576
9.45 579
9.4667 582
9.4833 585
9.5 588
9.5167 591
9.5333 594
9.55 597
9.5667 600
9.5833 603
9.6 606
9.6167 609
9.6333 612
9.65 615
9.6667 618
9.6833 621
9.7 623
9.7167 626
9.7333 629
9.75 632
9.7667 635
9.7833 638
9.8 641
9.8167 644
9.8333 646
9.85 649
9.8667 652
9.8833 655
9.9 657
9.9167 660
9.9333 663
9.95 666
9.9667 668
9.9833 671
10.0 674
10.0167 677
10.0333 679
10.05 682
10.0667 685
10.0833 687
10.1 690
10.1167 693
10.1333 695
10.15 698
10.1667 700
10.1833 703
10.2 705
10.2167 708
10.2333 710
10.25 713
10.2667 716
10.2833 718
10.3 720
10.3167 723
10.3333 725
10.35 728
10.3667 730
10.3833 733
10.4 735
10.4167 737
10.4333 740
10.45 742
10.4667 744
10.4833 747
10.5 749
10.5167 751
10.5333 754
10.55 756
10.5667 758
10.5833 760
10.6 763
10.6167 765
10.6333 767
10.65 769
10.6667 771
10.6833 774
10.7 776
10.7167 778
10.7333 780
10.75 782
10.7667 784
10.7833 786
10.8 788
10.8167 790
10.8333 792
10.85 794
10.8667 796
10.8833 798
10.9 800
10.9167 802
10.9333 804
10.95 806
10.9667 808
10.9833 810
11.0 812
11.0167 814
11.0333 815
11.05 817
11.0667 819
11.0833 821
11.1 823
11.1167 824
11.1333 826
11.15 828
11.1667 829
11.1833 831
11.2 833
11.2167 835
11.2333 836
11.25 838
11.2667 839
11.2833 841
11.3 843
11.3167 844
11.3333 846
11.35 847
11.3667 849
11.3833 850
11.4 852
11.4167 853
11.4333 855
11.45 856
11.4667 857
11.4833 859
11.5 860
11.5167 862
11.5333 863
11.55 864
11.5667 865
11.5833 867
11.6 868
11.6167 869
11.6333 871
11.65 872
11.6667 873
11.6833 874
11.7 875
11.7167 876
11.7333 878
11.75 879
11.7667 880
11.7833 881
11.8 882
11.8167 883
11.8333 884
11.85 885
11.8667 886
11.8833 887
11.9 888
11.9167 889
11.9333 890
11.95 891
11.9667 892
11.9833 893
12.0 893
12.0167 894
12.0333 895
12.05 896
12.0667 897
12.0833 897
12.1 898
12.1167 899
12.1333 900
12.15 900
12.1667 901
12.1833 902
12.2 902
12.2167 903
12.2333 904
12.25 904
12.2667 905
12.2833 905
12.3 906
12.3167 906
12.3333 907
12.35 907
12.3667 908
12.3833 908
12.4 909
12.4167 909
12.4333 909
12.45 910
12.4667 910
12.4833 910
12.5 911
12.5167 911
12.5333 911
12.55 912
12.5667 912
12.5833 912
12.6 912
12.6167 913
12.6333 913
12.65 913
12.6667 913
12.6833 913
12.7 913
12.7167 913
12.7333 913
12.75 913
12.7667 913
12.7833 913
12.8 913
12.8167 913
12.8333 913
12.85 913
12.8667 913
12.8833 913
12.9 913
12.9167 913
12.9333 913
12.95 912
12.9667 912
12.9833 912
13.0 912
13.0167 912
13.0333 911
13.05 911
13.0667 911
13.0833 910
13.1 910
13.1167 910
13.1333 909
13.15 909
13.1667 909
13.1833 908
13.2 908
13.2167 907
13.2333 907
13.25 906
13.2667 906
13.2833 905
13.3 905
13.3167 904
13.3333 903
13.35 903
13.3667 902
13.3833 901
13.4 901
13.4167 900
13.4333 899
13.45 899
13.4667 898
13.4833 897
13.5 896
13.5167 896
13.5333 895
13.55 894
13.5667 893
13.5833 892
13.6 891
13.6167 891
13.6333 890
13.65 889
13.6667 888
13.6833 887
13.7 886
13.7167 885
13.7333 884
13.75 883
13.7667 882
13.7833 881
13.8 879
13.8167 878
13.8333 877
13.85 876
13.8667 875
13.8833 874
13.9 873
13.9167 871
13.9333 870
13.95 869
13.9667 868
13.9833 866
14.0 865
14.0167 864
14.0333 862
14.05 861
14.0667 860
14.0833 858
14.1 857
14.1167 856
14.1333 854
14.15 853
14.1667 851
14.1833 850
14.2 848
14.2167 847
14.2333 845
14.25 844
14.2667 842
14.2833 840
14.3 839
14.3167 837
14.3333 836
14.35 834
14.3667 832
14.3833 831
14.4 829
14.4167 827
14.4333 825
14.45 824
14.4667 822
14.4833 820
14.5 818
14.5167 817
14.5333 815
14.55 813
14.5667 811
14.5833 809
14.6 807
14.6167 805
14.6333 804
14.65 802
14.6667 800
14.6833 798
14.7 796
14.7167 794
14.7333 792
14.75 790
14.7667 788
14.7833 786
14.8 784
14.8167 781
14.8333 779
14.85 777
14.8667 775
14.8833 773
14.9 771
14.9167 769
14.9333 766
14.95 764
14.9667 762
14.9833 760
15.0 757
15.0167 755
15.0333 753
15.05 751
15.0667 748
15.0833 746
15.1 744
15.1167 741
15.1333 739
15.15 737
15.1667 734
15.1833 732
15.2 729
15.2167 727
15.2333 725
15.25 722
15.2667 720
15.2833 717
15.3 715
15.3167 712
15.3333 710
15.35 707
15.3667 705
15.3833 702
15.4 699
15.4167 697
15.4333 694
15.45 692
15.4667 689
15.4833 686
15.5 684
15.5167 681
15.5333 678
15.55 676
15.5667 673
15.5833 670
15.6 668
15.6167 665
15.6333 662
15.65 659
15.6667 657
15.6833 654
15.7 651
15.7167 648
15.7333 645
15.75 643
15.7667 640
15.7833 637
15.8 634
15.8167 631
15.8333 628
15.85 625
15.8667 622
15.8833 620
15.9 617
15.9167 614
15.9333 611
15.95 608
15.9667 605
15.9833 602
