9.0 400
9.0167 403
9.0333 406
9.05 410
9.0667 413
9.0833 416
9.1 420
9.1167 423
9.1333 426
9.15 429
9.1667 433
9.1833 436
9.2 439
9.2167 442
9.2333 446
9.25 449
9.2667 452
9.2833 455
9.3 458
9.3167 461
9.3333 465
9.35 468
9.3667 471
9.3833 474
9.4 477
9.4167 480
9.4333 483
9.45 486
9.4667 490
9.4833 493
9.5 496
9.5167 499
9.5333 502
9.55 505
9.5667 508
9.5833 511
9.6 514
9.6167 517
9.6333 520
9.65 523
9.6667 526
9.6833 529
9.7 532
9.7167 534
9.7333 537
9.75 540
9.7667 543
9.7833 546
9.8 549
9.8167 552
9.8333 554
9.85 557
9.8667 560
9.8833 563
9.9 566
9.9167 568
9.9333 571
9.95 574
9.9667 577
9.9833 579
10.0 582
10.0167 585
10.0333 587
10.05 590
10.0667 593
10.0833 595
10.1 598
10.1167 600
10.1333 603
10.15 606
10.1667 608
10.1833 611
10.2 613
10.2167 616
10.2333 618
10.25 621
10.2667 623
10.2833 625
10.3 628
10.3167 630
10.3333 633
10.35 635
10.3667 637
10.3833 640
10.4 642
10.4167 644
10.4333 647
10.45 649
10.4667 651
10.4833 654
10.5 656
10.5167 658
10.5333 660
10.55 662
10.5667 665
10.5833 667
10.6 669
10.6167 671
10.6333 673
10.65 675
10.6667 677
10.6833 679
10.7 681
10.7167 683
10.7333 685
10.75 687
10.7667 689
10.7833 691
10.8 693
10.8167 695
10.8333 697
10.85 699
10.8667 701
10.8833 703
10.9 705
10.9167 706
10.9333 708
10.95 710
10.9667 712
10.9833 713
11.0 715
11.0167 717
11.0333 719
11.05 720
11.0667 722
11.0833 723
11.1 725
11.1167 727
11.1333 728
11.15 730
11.1667 731
11.1833 733
11.2 734
11.2167 736
11.2333 737
11.25 739
11.2667 740
11.2833 742
11.3 743
11.3167 744
11.3333 746
11.35 747
11.3667 749
11.3833 750
11.4 751
11.4167 752
11.4333 754
11.45 755
11.4667 756
11.4833 757
11.5 758
11.5167 760
11.5333 761
11.55 762
11.5667 763
11.5833 764
11.6 765
11.6167 766
11.6333 767
11.65 768
11.6667 769
11.6833 770
11.7 771
11.7167 772
11.7333 773
11.75 774
11.7667 775
11.7833 775
11.8 776
11.8167 777
11.8333 778
11.85 779
11.8667 779
11.8833 780
11.9 781
11.9167 781
11.9333 782
11.95 783
11.9667 783
11.9833 784
12.0 785
12.0167 785
12.0333 786
12.05 786
12.0667 787
12.0833 787
12.1 788
12.1167 788
12.1333 789
12.15 789
12.1667 789
12.1833 790
12.2 790
12.2167 790
12.2333 791
12.25 791
12.2667 791
12.2833 792
12.3 792
12.3167 792
12.3333 792
12.35 792
12.3667 793
12.3833 793
12.4 793
12.4167 793
12.4333 793
12.45 793
12.4667 793
12.4833 793
12.5 793
12.5167 793
12.5333 793
12.55 793
12.5667 793
12.5833 793
12.6 793
12.6167 792
12.6333 792
12.65 792
12.6667 792
12.6833 792
12.7 791
12.7167 791
12.7333 791
12.75 791
12.7667 790
12.7833 790
12.8 790
12.8167 789
12.8333 789
12.85 788
12.8667 788
12.8833 787
12.9 787
12.9167 786
12.9333 786
12.95 785
12.9667 785
12.9833 784
13.0 784
13.0167 783
13.0333 782
13.05 782
13.0667 781
13.0833 780
13.1 780
13.1167 779
13.1333 778
13.15 777
13.1667 777
13.1833 776
13.2 775
13.2167 774
13.2333 773
13.25 772
13.2667 771
13.2833 770
13.3 769
13.3167 768
13.3333 768
13.35 766
13.3667 765
13.3833 764
13.4 763
13.4167 762
13.4333 761
13.45 760
13.4667 759
13.4833 758
13.5 757
13.5167 755
13.5333 754
13.55 753
13.5667 752
13.5833 750
13.6 749
13.6167 748
13.6333 746
13.65 745
13.6667 744
13.6833 742
13.7 741
13.7167 739
13.7333 738
13.75 736
13.7667 735
13.7833 734
13.8 732
13.8167 730
13.8333 729
13.85 727
13.8667 726
13.8833 724
13.9 722
13.9167 721
13.9333 719
13.95 717
13.9667 716
13.9833 714
14.0 712
14.0167 711
14.0333 709
14.05 707
14.0667 705
14.0833 703
14.1 702
14.1167 700
14.1333 698
14.15 696
14.1667 694
14.1833 692
14.2 690
14.2167 688
14.2333 686
14.25 684
14.2667 682
14.2833 680
14.3 678
14.3167 676
14.3333 674
14.35 672
14.3667 670
14.3833 668
14.4 665
14.4167 663
14.4333 661
14.45 659
14.4667 657
14.4833 654
14.5 652
14.5167 650
14.5333 648
14.55 645
14.5667 643
14.5833 641
14.6 638
14.6167 636
14.6333 634
14.65 631
14.6667 629
14.6833 626
14.7 624
14.7167 622
14.7333 619
14.75 617
14.7667 614
14.7833 612
14.8 609
14.8167 606
14.8333 604
14.85 601
14.8667 599
14.8833 596
14.9 594
14.9167 591
14.9333 588
14.95 586
14.9667 583
14.9833 580
15.0 577
15.0167 574
15.0333 571
15.05 568
15.0667 566
15.0833 563
15.1 560
15.1167 557
15.1333 554
15.15 552
15.1667 549
15.1833 546
15.2 543
15.2167 540
15.2333 537
15.25 534
15.2667 532
15.2833 529
15.3 526
15.3167 523
15.3333 520
15.35 517
15.3667 514
15.3833 511
15.4 508
15.4167 505
15.4333 502
15.45 499
15.4667 496
15.4833 493
15.5 490
15.5167 487
15.5333 484
15.55 480
15.5667 477
15.5833 474
15.6 471
15.6167 468
15.6333 465
15.65 462
15.6667 458
15.6833 455
15.7 452
15.7167 449
15.7333 446
15.75 443
15.7667 439
15.7833 436
15.8 433
15.8167 430
15.8333 426
15.85 423
15.8667 420
15.8833 417
15.9 413
15.9167 410
15.9333 407
15.95 403
15.9667 400
15.9833 397
