9.0 456
9.0167 461
9.0333 465
9.05 468
9.0667 472
9.0833 475
9.1 479
9.1167 483
9.1333 486
9.15 490
9.1667 493
9.1833 497
9.2 500
9.2167 504
9.2333 507
9.25 511
9.2667 514
9.2833 518
9.3 521
9.3167 525
9.3333 528
9.35 532
9.3667 535
9.3833 539
9.4 542
9.4167 546
9.4333 549
9.45 552
9.4667 556
9.4833 559
9.5 562
9.5167 566
9.5333 569
9.55 572
9.5667 576
9.5833 579
9.6 582
9.6167 586
9.6333 589
9.65 592
9.6667 595
9.6833 599
9.7 602
9.7167 605
9.7333 608
9.75 612
9.7667 615
9.7833 618
9.8 621
9.8167 624
9.8333 627
9.85 630
9.8667 634
9.8833 637
9.9 640
9.9167 643
9.9333 646
9.95 649
9.9667 652
9.9833 655
10.0 658
10.0167 661
10.0333 664
10.05 667
10.0667 670
10.0833 673
10.1 676
10.1167 678
10.1333 681
10.15 684
10.1667 687
10.1833 690
10.2 693
10.2167 696
10.2333 698
10.25 701
10.2667 704
10.2833 707
10.3 709
10.3167 712
10.3333 715
10.35 718
10.3667 720
10.3833 723
10.4 726
10.4167 728
10.4333 731
10.45 733
10.4667 736
10.4833 738
10.5 741
10.5167 744
10.5333 746
10.55 749
10.5667 751
10.5833 754
10.6 756
10.6167 758
10.6333 761
10.65 763
10.6667 766
10.6833 768
10.7 770
10.7167 773
10.7333 775
10.75 777
10.7667 780
10.7833 782
10.8 784
10.8167 786
10.8333 789
10.85 791
10.8667 793
10.8833 795
10.9 797
10.9167 799
10.9333 802
10.95 804
10.9667 806
10.9833 808
11.0 810
11.0167 812
11.0333 814
11.05 816
11.0667 818
11.0833 820
11.1 822
11.1167 824
11.1333 826
11.15 827
11.1667 829
11.1833 831
11.2 833
11.2167 835
11.2333 837
11.25 838
11.2667 840
11.2833 842
11.3 844
11.3167 845
11.3333 847
11.35 849
11.3667 850
11.3833 852
11.4 854
11.4167 855
11.4333 857
11.45 858
11.4667 860
11.4833 861
11.5 863
11.5167 864
11.5333 866
11.55 867
11.5667 869
11.5833 870
11.6 871
11.6167 873
11.6333 874
11.65 875
11.6667 877
11.6833 878
11.7 879
11.7167 880
11.7333 882
11.75 883
11.7667 884
11.7833 885
11.8 886
11.8167 887
11.8333 889
11.85 890
11.8667 891
11.8833 892
11.9 893
11.9167 894
11.9333 895
11.95 896
11.9667 897
11.9833 898
12.0 899
12.0167 899
12.0333 900
12.05 901
12.0667 902
12.0833 903
12.1 904
12.1167 904
12.1333 905
12.15 906
12.1667 907
12.1833 907
12.2 908
12.2167 909
12.2333 909
12.25 910
12.2667 910
12.2833 911
12.3 911
12.3167 912
12.3333 913
12.35 913
12.3667 913
12.3833 914
12.4 914
12.4167 915
12.4333 915
12.45 915
12.4667 916
12.4833 916
12.5 916
12.5167 917
12.5333 917
12.55 917
12.5667 917
12.5833 918
12.6 918
12.6167 918
12.6333 918
12.65 918
12.6667 918
12.6833 918
12.7 919
12.7167 919
12.7333 919
12.75 919
12.7667 919
12.7833 919
12.8 918
12.8167 918
12.8333 918
12.85 918
12.8667 918
12.8833 918
12.9 918
12.9167 917
12.9333 917
12.95 917
12.9667 917
12.9833 916
13.0 916
13.0167 916
13.0333 915
13.05 915
13.0667 915
13.0833 914
13.1 914
13.1167 913
13.1333 913
13.15 912
13.1667 912
13.1833 911
13.2 911
13.2167 910
13.2333 910
13.25 909
13.2667 908
13.2833 908
13.3 907
13.3167 906
13.3333 906
13.35 905
13.3667 904
13.3833 903
13.4 903
13.4167 902
13.4333 901
13.45 900
13.4667 899
13.4833 898
13.5 898
13.5167 897
13.5333 896
13.55 895
13.5667 894
13.5833 893
13.6 892
13.6167 891
13.6333 890
13.65 888
13.6667 887
13.6833 886
13.7 885
13.7167 884
13.7333 883
13.75 881
13.7667 880
13.7833 879
13.8 878
13.8167 876
13.8333 875
13.85 874
13.8667 872
13.8833 871
13.9 870
13.9167 868
13.9333 867
13.95 865
13.9667 864
13.9833 863
14.0 861
14.0167 860
14.0333 858
14.05 856
14.0667 855
14.0833 853
14.1 852
14.1167 850
14.1333 848
14.15 847
14.1667 845
14.1833 843
14.2 842
14.2167 840
14.2333 838
14.25 836
14.2667 835
14.2833 833
14.3 831
14.3167 829
14.3333 827
14.35 825
14.3667 823
14.3833 821
14.4 820
14.4167 818
14.4333 816
14.45 814
14.4667 812
14.4833 810
14.5 808
14.5167 805
14.5333 803
14.55 801
14.5667 799
14.5833 797
14.6 795
14.6167 793
14.6333 791
14.65 788
14.6667 786
14.6833 784
14.7 782
14.7167 779
14.7333 777
14.75 775
14.7667 772
14.7833 770
14.8 768
14.8167 765
14.8333 763
14.85 761
14.8667 758
14.8833 756
14.9 753
14.9167 751
14.9333 748
14.95 746
14.9667 743
14.9833 741
15.0 739
15.0167 736
15.0333 733
15.05 731
15.0667 728
15.0833 726
15.1 723
15.1167 720
15.1333 718
15.15 715
15.1667 712
15.1833 709
15.2 707
15.2167 704
15.2333 701
15.25 698
15.2667 696
15.2833 693
15.3 690
15.3167 687
15.3333 684
15.35 681
15.3667 678
15.3833 676
15.4 673
15.4167 670
15.4333 667
15.45 664
15.4667 661
15.4833 658
15.5 655
15.5167 652
15.5333 649
15.55 646
15.5667 643
15.5833 640
15.6 637
15.6167 633
15.6333 630
15.65 627
15.6667 624
15.6833 621
15.7 618
15.7167 615
15.7333 612
15.75 608
15.7667 605
15.7833 602
15.8 599
15.8167 595
15.8333 592
15.85 589
15.8667 586
15.8833 582
15.9 579
15.9167 576
15.9333 572
15.95 569
15.9667 566
15.9833 562
