9.0 495
9.0167 499
9.0333 502
9.05 506
9.0667 509
9.0833 513
9.1 516
9.1167 520
9.1333 523
9.15 526
9.1667 530
9.1833 533
9.2 537
9.2167 540
9.2333 543
9.25 547
9.2667 550
9.2833 553
9.3 557
9.3167 560
9.3333 563
9.35 567
9.3667 570
9.3833 573
9.4 577
9.4167 580
9.4333 583
9.45 586
9.4667 590
9.4833 593
9.5 596
9.5167 599
9.5333 602
9.55 605
9.5667 609
9.5833 612
9.6 615
9.6167 618
9.6333 621
9.65 624
9.6667 627
9.6833 630
9.7 634
9.7167 637
9.7333 640
9.75 643
9.7667 646
9.7833 649
9.8 652
9.8167 655
9.8333 658
9.85 661
9.8667 664
9.8833 666
9.9 669
9.9167 672
9.9333 675
9.95 678
9.9667 681
9.9833 684
10.0 687
10.0167 689
10.0333 692
10.05 695
10.0667 698
10.0833 701
10.1 703
10.1167 706
10.1333 709
10.15 712
10.1667 714
10.1833 717
10.2 720
10.2167 722
10.2333 725
10.25 728
10.2667 730
10.2833 733
10.3 735
10.3167 738
10.3333 740
10.35 743
10.3667 745
10.3833 748
10.4 750
10.4167 753
10.4333 755
10.45 758
10.4667 760
10.4833 763
10.5 765
10.5167 768
10.5333 770
10.55 772
10.5667 775
10.5833 777
10.6 779
10.6167 781
10.6333 784
10.65 786
10.6667 788
10.6833 790
10.7 793
10.7167 795
10.7333 797
10.75 799
10.7667 801
10.7833 803
10.8 806
10.8167 808
10.8333 810
10.85 812
10.8667 814
10.8833 816
10.9 818
10.9167 820
10.9333 822
10.95 824
10.9667 826
10.9833 828
11.0 829
11.0167 831
11.0333 833
11.05 835
11.0667 837
11.0833 839
11.1 841
11.1167 842
11.1333 844
11.15 846
11.1667 848
11.1833 849
11.2 851
11.2167 853
11.2333 854
11.25 856
11.2667 857
11.2833 859
11.3 861
11.3167 862
11.3333 864
11.35 865
11.3667 867
11.3833 868
11.4 870
11.4167 871
11.4333 873
11.45 874
11.4667 875
11.4833 877
11.5 878
11.5167 880
11.5333 881
11.55 882
11.5667 883
11.5833 885
11.6 886
11.6167 887
11.6333 888
11.65 890
11.6667 891
11.6833 892
11.7 893
11.7167 894
11.7333 895
11.75 896
11.7667 897
11.7833 898
11.8 900
11.8167 901
11.8333 902
11.85 902
11.8667 903
11.8833 904
11.9 905
11.9167 906
11.9333 907
11.95 908
11.9667 909
11.9833 909
12.0 910
12.0167 911
12.0333 912
12.05 913
12.0667 913
12.0833 914
12.1 915
12.1167 915
12.1333 916
12.15 917
12.1667 917
12.1833 918
12.2 918
12.2167 919
12.2333 919
12.25 920
12.2667 920
12.2833 921
12.3 921
12.3167 922
12.3333 922
12.35 922
12.3667 923
12.3833 923
12.4 923
12.4167 924
12.4333 924
12.45 924
12.4667 925
12.4833 925
12.5 925
12.5167 925
12.5333 925
12.55 925
12.5667 926
12.5833 926
12.6 926
12.6167 926
12.6333 926
12.65 926
12.6667 926
12.6833 926
12.7 926
12.7167 926
12.7333 926
12.75 926
12.7667 926
12.7833 925
12.8 925
12.8167 925
12.8333 925
12.85 925
12.8667 924
12.8833 924
12.9 924
12.9167 924
12.9333 923
12.95 923
12.9667 923
12.9833 922
13.0 922
13.0167 921
13.0333 921
13.05 921
13.0667 920
13.0833 920
13.1 919
13.1167 919
13.1333 918
13.15 917
13.1667 917
13.1833 916
13.2 916
13.2167 915
13.2333 914
13.25 914
13.2667 913
13.2833 912
13.3 912
13.3167 911
13.3333 910
13.35 909
13.3667 908
13.3833 908
13.4 907
13.4167 906
13.4333 905
13.45 904
13.4667 903
13.4833 902
13.5 901
13.5167 900
13.5333 899
13.55 898
13.5667 897
13.5833 896
13.6 895
13.6167 894
13.6333 893
13.65 892
13.6667 890
13.6833 889
13.7 888
13.7167 887
13.7333 886
13.75 884
13.7667 883
13.7833 882
13.8 880
13.8167 879
13.8333 878
13.85 876
13.8667 875
13.8833 874
13.9 872
13.9167 871
13.9333 869
13.95 868
13.9667 866
13.9833 865
14.0 863
14.0167 862
14.0333 860
14.05 858
14.0667 857
14.0833 855
14.1 854
14.1167 852
14.1333 850
14.15 849
14.1667 847
14.1833 845
14.2 843
14.2167 842
14.2333 840
14.25 838
14.2667 836
14.2833 834
14.3 833
14.3167 831
14.3333 829
14.35 827
14.3667 825
14.3833 823
14.4 821
14.4167 819
14.4333 817
14.45 815
14.4667 813
14.4833 811
14.5 809
14.5167 807
14.5333 805
14.55 803
14.5667 800
14.5833 798
14.6 796
14.6167 794
14.6333 792
14.65 790
14.6667 787
14.6833 785
14.7 783
14.7167 781
14.7333 778
14.75 776
14.7667 774
14.7833 771
14.8 769
14.8167 767
14.8333 764
14.85 762
14.8667 759
14.8833 757
14.9 754
14.9167 752
14.9333 750
14.95 747
14.9667 745
14.9833 742
15.0 740
15.0167 737
15.0333 735
15.05 732
15.0667 729
15.0833 727
15.1 724
15.1167 721
15.1333 719
15.15 716
15.1667 713
15.1833 711
15.2 708
15.2167 705
15.2333 703
15.25 700
15.2667 697
15.2833 694
15.3 691
15.3167 689
15.3333 686
15.35 683
15.3667 680
15.3833 677
15.4 674
15.4167 671
15.4333 669
15.45 666
15.4667 663
15.4833 660
15.5 657
15.5167 654
15.5333 651
15.55 648
15.5667 645
15.5833 642
15.6 639
15.6167 636
15.6333 633
15.65 630
15.6667 626
15.6833 623
15.7 620
15.7167 617
15.7333 614
15.75 611
15.7667 608
15.7833 605
15.8 601
15.8167 598
15.8333 595
15.85 592
15.8667 589
15.8833 585
15.9 582
15.9167 579
15.9333 576
15.95 572
15.9667 569
15.9833 566
