9.0 532
9.0167 536
9.0333 540
9.05 543
9.0667 546
9.0833 550
9.1 553
9.1167 557
9.1333 560
9.15 563
9.1667 567
9.1833 570
9.2 573
9.2167 577
9.2333 580
9.25 583
9.2667 587
9.2833 590
9.3 593
9.3167 597
9.3333 600
9.35 603
9.3667 606
9.3833 610
9.4 613
9.4167 616
9.4333 619
9.45 622
9.4667 626
9.4833 629
9.5 632
9.5167 635
9.5333 638
9.55 641
9.5667 644
9.5833 647
9.6 651
9.6167 654
9.6333 657
9.65 660
9.6667 663
9.6833 666
9.7 669
9.7167 672
9.7333 675
9.75 678
9.7667 681
9.7833 684
9.8 687
9.8167 690
9.8333 692
9.85 695
9.8667 698
9.8833 701
9.9 704
9.9167 707
9.9333 710
9.95 712
9.9667 715
9.9833 718
10.0 721
10.0167 724
10.0333 726
10.05 729
10.0667 732
10.0833 735
10.1 737
10.1167 740
10.1333 743
10.15 745
10.1667 748
10.1833 751
10.2 753
10.2167 756
10.2333 758
10.25 761
10.2667 763
10.2833 766
10.3 769
10.3167 771
10.3333 774
10.35 776
10.3667 778
10.3833 781
10.4 783
10.4167 786
10.4333 788
10.45 791
10.4667 793
10.4833 795
10.5 798
10.5167 800
10.5333 802
10.55 805
10.5667 807
10.5833 809
10.6 811
10.6167 814
10.6333 816
10.65 818
10.6667 820
10.6833 822
10.7 824
10.7167 827
10.7333 829
10.75 831
10.7667 833
10.7833 835
10.8 837
10.8167 839
10.8333 841
10.85 843
10.8667 845
10.8833 847
10.9 849
10.9167 851
10.9333 853
10.95 855
10.9667 857
10.9833 858
11.0 860
11.0167 862
11.0333 864
11.05 866
11.0667 868
11.0833 869
11.1 871
11.1167 873
11.1333 874
11.15 876
11.1667 878
11.1833 880
11.2 881
11.2167 883
11.2333 884
11.25 886
11.2667 888
11.2833 889
11.3 891
11.3167 892
11.3333 894
11.35 895
11.3667 897
11.3833 898
11.4 899
11.4167 901
11.4333 902
11.45 904
11.4667 905
11.4833 906
11.5 908
11.5167 909
11.5333 910
11.55 911
11.5667 913
11.5833 914
11.6 915
11.6167 916
11.6333 917
11.65 919
11.6667 920
11.6833 921
11.7 922
11.7167 923
11.7333 924
11.75 925
11.7667 926
11.7833 927
11.8 928
11.8167 929
11.8333 930
11.85 931
11.8667 932
11.8833 933
11.9 934
11.9167 934
11.9333 935
11.95 936
11.9667 937
11.9833 938
12.0 938
12.0167 939
12.0333 940
12.05 941
12.0667 941
12.0833 942
12.1 943
12.1167 943
12.1333 944
12.15 944
12.1667 945
12.1833 945
12.2 946
12.2167 947
12.2333 947
12.25 947
12.2667 948
12.2833 948
12.3 949
12.3167 949
12.3333 950
12.35 950
12.3667 950
12.3833 951
12.4 951
12.4167 951
12.4333 951
12.45 952
12.4667 952
12.4833 952
12.5 952
12.5167 952
12.5333 952
12.55 953
12.5667 953
12.5833 953
12.6 953
12.6167 953
12.6333 953
12.65 953
12.6667 953
12.6833 953
12.7 953
12.7167 953
12.7333 953
12.75 952
12.7667 952
12.7833 952
12.8 952
12.8167 952
12.8333 952
12.85 951
12.8667 951
12.8833 951
12.9 951
12.9167 950
12.9333 950
12.95 950
12.9667 949
12.9833 949
13.0 948
13.0167 948
13.0333 948
13.05 947
13.0667 947
13.0833 946
13.1 946
13.1167 945
13.1333 944
13.15 944
13.1667 943
13.1833 943
13.2 942
13.2167 941
13.2333 941
13.25 940
13.2667 939
13.2833 939
13.3 938
13.3167 937
13.3333 936
13.35 935
13.3667 935
13.3833 934
13.4 933
13.4167 932
13.4333 931
13.45 930
13.4667 929
13.4833 928
13.5 927
13.5167 926
13.5333 925
13.55 924
13.5667 923
13.5833 922
13.6 921
13.6167 920
13.6333 919
13.65 918
13.6667 917
13.6833 915
13.7 914
13.7167 913
13.7333 912
13.75 910
13.7667 909
13.7833 908
13.8 907
13.8167 905
13.8333 904
13.85 902
13.8667 901
13.8833 900
13.9 898
13.9167 897
13.9333 895
13.95 894
13.9667 892
13.9833 891
14.0 889
14.0167 888
14.0333 886
14.05 885
14.0667 883
14.0833 881
14.1 880
14.1167 878
14.1333 876
14.15 875
14.1667 873
14.1833 871
14.2 870
14.2167 868
14.2333 866
14.25 864
14.2667 862
14.2833 861
14.3 859
14.3167 857
14.3333 855
14.35 853
14.3667 851
14.3833 849
14.4 847
14.4167 845
14.4333 843
14.45 841
14.4667 839
14.4833 837
14.5 835
14.5167 833
14.5333 831
14.55 829
14.5667 827
14.5833 825
14.6 823
14.6167 821
14.6333 818
14.65 816
14.6667 814
14.6833 812
14.7 809
14.7167 807
14.7333 805
14.75 803
14.7667 800
14.7833 798
14.8 796
14.8167 793
14.8333 791
14.85 789
14.8667 786
14.8833 784
14.9 781
14.9167 779
14.9333 776
14.95 774
14.9667 771
14.9833 769
15.0 767
15.0167 764
15.0333 762
15.05 759
15.0667 756
15.0833 754
15.1 751
15.1167 749
15.1333 746
15.15 743
15.1667 741
15.1833 738
15.2 735
15.2167 732
15.2333 730
15.25 727
15.2667 724
15.2833 722
15.3 719
15.3167 716
15.3333 713
15.35 710
15.3667 707
15.3833 705
15.4 702
15.4167 699
15.4333 696
15.45 693
15.4667 690
15.4833 687
15.5 684
15.5167 681
15.5333 678
15.55 675
15.5667 672
15.5833 670
15.6 666
15.6167 663
15.6333 660
15.65 657
15.6667 654
15.6833 651
15.7 648
15.7167 645
15.7333 642
15.75 639
15.7667 636
15.7833 633
15.8 629
15.8167 626
15.8333 623
15.85 620
15.8667 617
15.8833 614
15.9 610
15.9167 607
15.9333 604
15.95 601
15.9667 597
15.9833 594
