9.0 503
9.0167 506
9.0333 509
9.05 512
9.0667 515
9.0833 519
9.1 522
9.1167 525
9.1333 528
9.15 531
9.1667 534
9.1833 538
9.2 541
9.2167 544
9.2333 547
9.25 550
9.2667 553
9.2833 556
9.3 559
9.3167 563
9.3333 566
9.35 569
9.3667 572
9.3833 575
9.4 578
9.4167 581
9.4333 584
9.45 587
9.4667 590
9.4833 593
9.5 596
9.5167 599
9.5333 602
9.55 605
9.5667 608
9.5833 611
9.6 614
9.6167 617
9.6333 620
9.65 622
9.6667 625
9.6833 628
9.7 631
9.7167 634
9.7333 637
9.75 640
9.7667 643
9.7833 645
9.8 648
9.8167 651
9.8333 654
9.85 656
9.8667 659
9.8833 662
9.9 665
9.9167 667
9.9333 670
9.95 673
9.9667 676
9.9833 678
10.0 681
10.0167 684
10.0333 686
10.05 689
10.0667 691
10.0833 694
10.1 697
10.1167 699
10.1333 702
10.15 704
10.1667 707
10.1833 709
10.2 712
10.2167 714
10.2333 717
10.25 719
10.2667 722
10.2833 724
10.3 727
10.3167 729
10.3333 732
10.35 734
10.3667 736
10.3833 739
10.4 741
10.4167 744
10.4333 746
10.45 748
10.4667 750
10.4833 753
10.5 755
10.5167 757
10.5333 760
10.55 762
10.5667 764
10.5833 766
10.6 768
10.6167 771
10.6333 773
10.65 775
10.6667 777
10.6833 779
10.7 781
10.7167 783
10.7333 785
10.75 787
10.7667 789
10.7833 792
10.8 794
10.8167 796
10.8333 798
10.85 799
10.8667 801
10.8833 803
10.9 805
10.9167 807
10.9333 809
10.95 811
10.9667 813
10.9833 815
11.0 817
11.0167 818
11.0333 820
11.05 822
11.0667 824
11.0833 825
11.1 827
11.1167 829
11.1333 831
11.15 832
11.1667 834
11.1833 836
11.2 837
11.2167 839
11.2333 840
11.25 842
11.2667 844
11.2833 845
11.3 847
11.3167 848
11.3333 850
11.35 851
11.3667 853
11.3833 854
11.4 856
11.4167 857
11.4333 858
11.45 860
11.4667 861
11.4833 863
11.5 864
11.5167 865
11.5333 867
11.55 868
11.5667 869
11.5833 870
11.6 872
11.6167 873
11.6333 874
11.65 875
11.6667 876
11.6833 878
11.7 879
11.7167 880
11.7333 881
11.75 882
11.7667 883
11.7833 884
11.8 885
11.8167 886
11.8333 887
11.85 888
11.8667 889
11.8833 890
11.9 891
11.9167 892
11.9333 893
11.95 894
11.9667 895
11.9833 895
12.0 896
12.0167 897
12.0333 898
12.05 899
12.0667 899
12.0833 900
12.1 901
12.1167 902
12.1333 902
12.15 903
12.1667 904
12.1833 904
12.2 905
12.2167 905
12.2333 906
12.25 907
12.2667 907
12.2833 908
12.3 908
12.3167 909
12.3333 909
12.35 910
12.3667 910
12.3833 910
12.4 911
12.4167 911
12.4333 912
12.45 912
12.4667 912
12.4833 912
12.5 913
12.5167 913
12.5333 913
12.55 914
12.5667 914
12.5833 914
12.6 914
12.6167 914
12.6333 914
12.65 915
12.6667 915
12.6833 915
12.7 915
12.7167 915
12.7333 915
12.75 915
12.7667 915
12.7833 915
12.8 915
12.8167 915
12.8333 915
12.85 915
12.8667 915
12.8833 914
12.9 914
12.9167 914
12.9333 914
12.95 914
12.9667 914
12.9833 913
13.0 913
13.0167 913
13.0333 912
13.05 912
13.0667 912
13.0833 912
13.1 911
13.1167 911
13.1333 910
13.15 910
13.1667 910
13.1833 909
13.2 909
13.2167 908
13.2333 908
13.25 907
13.2667 907
13.2833 906
13.3 905
13.3167 905
13.3333 904
13.35 904
13.3667 903
13.3833 902
13.4 902
13.4167 901
13.4333 900
13.45 899
13.4667 899
13.4833 898
13.5 897
13.5167 896
13.5333 895
13.55 895
13.5667 894
13.5833 893
13.6 892
13.6167 891
13.6333 890
13.65 889
13.6667 888
13.6833 887
13.7 886
13.7167 885
13.7333 884
13.75 883
13.7667 882
13.7833 881
13.8 880
13.8167 879
13.8333 878
13.85 876
13.8667 875
13.8833 874
13.9 873
13.9167 872
13.9333 870
13.95 869
13.9667 868
13.9833 867
14.0 865
14.0167 864
14.0333 863
14.05 861
14.0667 860
14.0833 858
14.1 857
14.1167 856
14.1333 854
14.15 853
14.1667 851
14.1833 850
14.2 848
14.2167 847
14.2333 845
14.25 844
14.2667 842
14.2833 840
14.3 839
14.3167 837
14.3333 836
14.35 834
14.3667 832
14.3833 831
14.4 829
14.4167 827
14.4333 825
14.45 824
14.4667 822
14.4833 820
14.5 818
14.5167 817
14.5333 815
14.55 813
14.5667 811
14.5833 809
14.6 807
14.6167 805
14.6333 803
14.65 801
14.6667 799
14.6833 798
14.7 796
14.7167 794
14.7333 792
14.75 789
14.7667 787
14.7833 785
14.8 783
14.8167 781
14.8333 779
14.85 777
14.8667 775
14.8833 773
14.9 771
14.9167 768
14.9333 766
14.95 764
14.9667 762
14.9833 760
15.0 757
15.0167 755
15.0333 753
15.05 751
15.0667 748
15.0833 746
15.1 744
15.1167 741
15.1333 739
15.15 737
15.1667 734
15.1833 732
15.2 729
15.2167 727
15.2333 724
15.25 722
15.2667 720
15.2833 717
15.3 715
15.3167 712
15.3333 710
15.35 707
15.3667 704
15.3833 702
15.4 699
15.4167 697
15.4333 694
15.45 692
15.4667 689
15.4833 686
15.5 684
15.5167 681
15.5333 678
15.55 676
15.5667 673
15.5833 670
15.6 668
15.6167 665
15.6333 662
15.65 659
15.6667 657
15.6833 654
15.7 651
15.7167 648
15.7333 645
15.75 643
15.7667 640
15.7833 637
15.8 634
15.8167 631
15.8333 628
15.85 625
15.8667 623
15.8833 620
15.9 617
15.9167 614
15.9333 611
15.95 608
15.9667 605
15.9833 602
