9.0 487
9.0167 490
9.0333 493
9.05 497
9.0667 500
9.0833 503
9.1 507
9.1167 510
9.1333 513
9.15 517
9.1667 520
9.1833 523
9.2 527
9.2167 530
9.2333 533
9.25 536
9.2667 540
9.2833 543
9.3 546
9.3167 549
9.3333 552
9.35 556
9.3667 559
9.3833 562
9.4 565
9.4167 568
9.4333 572
9.45 575
9.4667 578
9.4833 581
9.5 584
9.5167 587
9.5333 590
9.55 593
9.5667 596
9.5833 600
9.6 603
9.6167 606
9.6333 609
9.65 612
9.6667 615
9.6833 618
9.7 621
9.7167 624
9.7333 627
9.75 630
9.7667 633
9.7833 636
9.8 639
9.8167 641
9.8333 644
9.85 647
9.8667 650
9.8833 653
9.9 656
9.9167 659
9.9333 662
9.95 664
9.9667 667
9.9833 670
10.0 673
10.0167 676
10.0333 678
10.05 681
10.0667 684
10.0833 687
10.1 689
10.1167 692
10.1333 695
10.15 697
10.1667 700
10.1833 703
10.2 705
10.2167 708
10.2333 710
10.25 713
10.2667 716
10.2833 718
10.3 721
10.3167 723
10.3333 726
10.35 728
10.3667 731
10.3833 733
10.4 736
10.4167 738
10.4333 741
10.45 743
10.4667 746
10.4833 748
10.5 750
10.5167 753
10.5333 755
10.55 757
10.5667 760
10.5833 762
10.6 764
10.6167 767
10.6333 769
10.65 771
10.6667 773
10.6833 776
10.7 778
10.7167 780
10.7333 782
10.75 784
10.7667 787
10.7833 789
10.8 791
10.8167 793
10.8333 795
10.85 797
10.8667 799
10.8833 801
10.9 803
10.9167 805
10.9333 807
10.95 809
10.9667 811
10.9833 813
11.0 815
11.0167 817
11.0333 819
11.05 821
11.0667 823
11.0833 824
11.1 826
11.1167 828
11.1333 830
11.15 832
11.1667 833
11.1833 835
11.2 837
11.2167 839
11.2333 840
11.25 842
11.2667 844
11.2833 845
11.3 847
11.3167 848
11.3333 850
11.35 852
11.3667 853
11.3833 855
11.4 856
11.4167 858
11.4333 859
11.45 861
11.4667 862
11.4833 864
11.5 865
11.5167 866
11.5333 868
11.55 869
11.5667 871
11.5833 872
11.6 873
11.6167 875
11.6333 876
11.65 877
11.6667 878
11.6833 880
11.7 881
11.7167 882
11.7333 883
11.75 884
11.7667 885
11.7833 887
11.8 888
11.8167 889
11.8333 890
11.85 891
11.8667 892
11.8833 893
11.9 894
11.9167 895
11.9333 896
11.95 897
11.9667 898
11.9833 899
12.0 900
12.0167 900
12.0333 901
12.05 902
12.0667 903
12.0833 904
12.1 905
12.1167 905
12.1333 906
12.15 907
12.1667 907
12.1833 908
12.2 909
12.2167 910
12.2333 910
12.25 911
12.2667 911
12.2833 912
12.3 912
12.3167 913
12.3333 914
12.35 914
12.3667 915
12.3833 915
12.4 915
12.4167 916
12.4333 916
12.45 917
12.4667 917
12.4833 917
12.5 918
12.5167 918
12.5333 918
12.55 919
12.5667 919
12.5833 919
12.6 919
12.6167 920
12.6333 920
12.65 920
12.6667 920
12.6833 920
12.7 920
12.7167 920
12.7333 920
12.75 921
12.7667 921
12.7833 921
12.8 921
12.8167 921
12.8333 921
12.85 920
12.8667 920
12.8833 920
12.9 920
12.9167 920
12.9333 920
12.95 920
12.9667 920
12.9833 919
13.0 919
13.0167 919
13.0333 919
13.05 918
13.0667 918
13.0833 918
13.1 917
13.1167 917
13.1333 917
13.15 916
13.1667 916
13.1833 915
13.2 915
13.2167 914
13.2333 914
13.25 913
13.2667 913
13.2833 912
13.3 912
13.3167 911
13.3333 911
13.35 910
13.3667 909
13.3833 909
13.4 908
13.4167 907
13.4333 907
13.45 906
13.4667 905
13.4833 904
13.5 904
13.5167 903
13.5333 902
13.55 901
13.5667 900
13.5833 899
13.6 899
13.6167 898
13.6333 897
13.65 896
13.6667 895
13.6833 894
13.7 893
13.7167 892
13.7333 891
13.75 890
13.7667 889
13.7833 888
13.8 886
13.8167 885
13.8333 884
13.85 883
13.8667 882
13.8833 881
13.9 879
13.9167 878
13.9333 877
13.95 876
13.9667 874
13.9833 873
14.0 872
14.0167 870
14.0333 869
14.05 868
14.0667 866
14.0833 865
14.1 863
14.1167 862
14.1333 860
14.15 859
14.1667 858
14.1833 856
14.2 854
14.2167 853
14.2333 851
14.25 850
14.2667 848
14.2833 847
14.3 845
14.3167 843
14.3333 842
14.35 840
14.3667 838
14.3833 837
14.4 835
14.4167 833
14.4333 831
14.45 829
14.4667 828
14.4833 826
14.5 824
14.5167 822
14.5333 820
14.55 818
14.5667 817
14.5833 815
14.6 813
14.6167 811
14.6333 809
14.65 807
14.6667 805
14.6833 803
14.7 801
14.7167 799
14.7333 797
14.75 795
14.7667 793
14.7833 790
14.8 788
14.8167 786
14.8333 784
14.85 782
14.8667 780
14.8833 777
14.9 775
14.9167 773
14.9333 771
14.95 769
14.9667 766
14.9833 764
15.0 761
15.0167 759
15.0333 757
15.05 755
15.0667 752
15.0833 750
15.1 747
15.1167 745
15.1333 743
15.15 740
15.1667 738
15.1833 735
15.2 733
15.2167 730
15.2333 728
15.25 725
15.2667 723
15.2833 720
15.3 718
15.3167 715
15.3333 712
15.35 710
15.3667 707
15.3833 705
15.4 702
15.4167 699
15.4333 697
15.45 694
15.4667 691
15.4833 689
15.5 686
15.5167 683
15.5333 680
15.55 678
15.5667 675
15.5833 672
15.6 669
15.6167 666
15.6333 664
15.65 661
15.6667 658
15.6833 655
15.7 652
15.7167 649
15.7333 647
15.75 644
15.7667 641
15.7833 638
15.8 635
15.8167 632
15.8333 629
15.85 626
15.8667 623
15.8833 620
15.9 617
15.9167 614
15.9333 611
15.95 608
15.9667 605
15.9833 602
