9.0 484
9.0167 487
9.0333 490
9.05 493
9.0667 497
9.0833 500
9.1 503
9.1167 507
9.1333 510
9.15 513
9.1667 516
9.1833 520
9.2 523
9.2167 526
9.2333 529
9.25 532
9.2667 536
9.2833 539
9.3 542
9.3167 545
9.3333 548
9.35 551
9.3667 555
9.3833 558
9.4 561
9.4167 564
9.4333 567
9.45 570
9.4667 573
9.4833 576
9.5 579
9.5167 583
9.5333 586
9.55 589
9.5667 592
9.5833 595
9.6 598
9.6167 601
9.6333 604
9.65 607
9.6667 610
9.6833 613
9.7 616
9.7167 619
9.7333 621
9.75 624
9.7667 627
9.7833 630
9.8 633
9.8167 636
9.8333 639
9.85 642
9.8667 645
9.8833 647
9.9 650
9.9167 653
9.9333 656
9.95 659
9.9667 661
9.9833 664
10.0 667
10.0167 670
10.0333 672
10.05 675
10.0667 678
10.0833 680
10.1 683
10.1167 686
10.1333 688
10.15 691
10.1667 694
10.1833 696
10.2 699
10.2167 702
10.2333 704
10.25 707
10.2667 709
10.2833 712
10.3 714
10.3167 717
10.3333 719
10.35 722
10.3667 724
10.3833 727
10.4 729
10.4167 732
10.4333 734
10.45 736
10.4667 739
10.4833 741
10.5 743
10.5167 746
10.5333 748
10.55 750
10.5667 753
10.5833 755
10.6 757
10.6167 760
10.6333 762
10.65 764
10.6667 766
10.6833 768
10.7 771
10.7167 773
10.7333 775
10.75 777
10.7667 779
10.7833 781
10.8 783
10.8167 785
10.8333 787
10.85 789
10.8667 792
10.8833 794
10.9 796
10.9167 798
10.9333 799
10.95 801
10.9667 803
10.9833 805
11.0 807
11.0167 809
11.0333 811
11.05 813
11.0667 815
11.0833 816
11.1 818
11.1167 820
11.1333 822
11.15 824
11.1667 825
11.1833 827
11.2 829
11.2167 830
11.2333 832
11.25 834
11.2667 835
11.2833 837
11.3 839
11.3167 840
11.3333 842
11.35 843
11.3667 845
11.3833 846
11.4 848
11.4167 849
11.4333 851
11.45 852
11.4667 854
11.4833 855
11.5 857
11.5167 858
11.5333 859
11.55 861
11.5667 862
11.5833 863
11.6 865
11.6167 866
11.6333 867
11.65 869
11.6667 870
11.6833 871
11.7 872
11.7167 873
11.7333 875
11.75 876
11.7667 877
11.7833 878
11.8 879
11.8167 880
11.8333 881
11.85 882
11.8667 883
11.8833 884
11.9 885
11.9167 886
11.9333 887
11.95 888
11.9667 889
11.9833 890
12.0 891
12.0167 892
12.0333 892
12.05 893
12.0667 894
12.0833 895
12.1 896
12.1167 896
12.1333 897
12.15 898
12.1667 899
12.1833 899
12.2 900
12.2167 901
12.2333 901
12.25 902
12.2667 902
12.2833 903
12.3 904
12.3167 904
12.3333 905
12.35 905
12.3667 906
12.3833 906
12.4 906
12.4167 907
12.4333 907
12.45 908
12.4667 908
12.4833 908
12.5 909
12.5167 909
12.5333 909
12.55 910
12.5667 910
12.5833 910
12.6 910
12.6167 911
12.6333 911
12.65 911
12.6667 911
12.6833 911
12.7 911
12.7167 911
12.7333 911
12.75 912
12.7667 912
12.7833 912
12.8 912
12.8167 912
12.8333 912
12.85 911
12.8667 911
12.8833 911
12.9 911
12.9167 911
12.9333 911
12.95 911
12.9667 911
12.9833 910
13.0 910
13.0167 910
13.0333 910
13.05 909
13.0667 909
13.0833 909
13.1 908
13.1167 908
13.1333 908
13.15 907
13.1667 907
13.1833 906
13.2 906
13.2167 906
13.2333 905
13.25 905
13.2667 904
13.2833 904
13.3 903
13.3167 902
13.3333 902
13.35 901
13.3667 901
13.3833 900
13.4 899
13.4167 899
13.4333 898
13.45 897
13.4667 896
13.4833 896
13.5 895
13.5167 894
13.5333 893
13.55 893
13.5667 892
13.5833 891
13.6 890
13.6167 889
13.6333 888
13.65 887
13.6667 886
13.6833 885
13.7 884
13.7167 883
13.7333 882
13.75 881
13.7667 880
13.7833 879
13.8 878
13.8167 877
13.8333 876
13.85 875
13.8667 873
13.8833 872
13.9 871
13.9167 870
13.9333 869
13.95 867
13.9667 866
13.9833 865
14.0 863
14.0167 862
14.0333 861
14.05 859
14.0667 858
14.0833 857
14.1 855
14.1167 854
14.1333 852
14.15 851
14.1667 850
14.1833 848
14.2 847
14.2167 845
14.2333 843
14.25 842
14.2667 840
14.2833 839
14.3 837
14.3167 835
14.3333 834
14.35 832
14.3667 831
14.3833 829
14.4 827
14.4167 825
14.4333 824
14.45 822
14.4667 820
14.4833 818
14.5 817
14.5167 815
14.5333 813
14.55 811
14.5667 809
14.5833 807
14.6 805
14.6167 803
14.6333 802
14.65 800
14.6667 798
14.6833 796
14.7 794
14.7167 792
14.7333 790
14.75 788
14.7667 785
14.7833 783
14.8 781
14.8167 779
14.8333 777
14.85 775
14.8667 773
14.8833 771
14.9 768
14.9167 766
14.9333 764
14.95 762
14.9667 760
14.9833 757
15.0 755
15.0167 753
15.0333 750
15.05 748
15.0667 746
15.0833 743
15.1 741
15.1167 739
15.1333 736
15.15 734
15.1667 731
15.1833 729
15.2 727
15.2167 724
15.2333 722
15.25 719
15.2667 717
15.2833 714
15.3 712
15.3167 709
15.3333 707
15.35 704
15.3667 701
15.3833 699
15.4 696
15.4167 694
15.4333 691
15.45 688
15.4667 686
15.4833 683
15.5 680
15.5167 678
15.5333 675
15.55 672
15.5667 670
15.5833 667
15.6 664
15.6167 661
15.6333 659
15.65 656
15.6667 653
15.6833 650
15.7 647
15.7167 645
15.7333 642
15.75 639
15.7667 636
15.7833 633
15.8 630
15.8167 627
15.8333 624
15.85 621
15.8667 619
15.8833 616
15.9 613
15.9167 610
15.9333 607
15.95 604
15.9667 601
15.9833 598
