9.0 468
9.0167 472
9.0333 475
9.05 479
9.0667 482
9.0833 485
9.1 489
9.1167 492
9.1333 496
9.15 499
9.1667 502
9.1833 506
9.2 509
9.2167 512
9.2333 516
9.25 519
9.2667 522
9.2833 526
9.3 529
9.3167 532
9.3333 536
9.35 539
9.3667 542
9.3833 546
9.4 549
9.4167 552
9.4333 555
9.45 559
9.4667 562
9.4833 565
9.5 568
9.5167 571
9.5333 575
9.55 578
9.5667 581
9.5833 584
9.6 587
9.6167 590
9.6333 593
9.65 597
9.6667 600
9.6833 603
9.7 606
9.7167 609
9.7333 612
9.75 615
9.7667 618
9.7833 621
9.8 624
9.8167 627
9.8333 630
9.85 633
9.8667 636
9.8833 639
9.9 642
9.9167 645
9.9333 648
9.95 651
9.9667 653
9.9833 656
10.0 659
10.0167 662
10.0333 665
10.05 668
10.0667 671
10.0833 673
10.1 676
10.1167 679
10.1333 682
10.15 684
10.1667 687
10.1833 690
10.2 692
10.2167 695
10.2333 698
10.25 700
10.2667 703
10.2833 706
10.3 708
10.3167 711
10.3333 714
10.35 716
10.3667 719
10.3833 721
10.4 724
10.4167 726
10.4333 729
10.45 731
10.4667 734
10.4833 736
10.5 739
10.5167 741
10.5333 743
10.55 746
10.5667 748
10.5833 751
10.6 753
10.6167 755
10.6333 758
10.65 760
10.6667 762
10.6833 764
10.7 767
10.7167 769
10.7333 771
10.75 773
10.7667 776
10.7833 778
10.8 780
10.8167 782
10.8333 784
10.85 786
10.8667 788
10.8833 790
10.9 793
10.9167 795
10.9333 797
10.95 799
10.9667 801
10.9833 803
11.0 805
11.0167 807
11.0333 808
11.05 810
11.0667 812
11.0833 814
11.1 816
11.1167 818
11.1333 820
11.15 821
11.1667 823
11.1833 825
11.2 827
11.2167 829
11.2333 830
11.25 832
11.2667 834
11.2833 835
11.3 837
11.3167 839
11.3333 840
11.35 842
11.3667 843
11.3833 845
11.4 846
11.4167 848
11.4333 850
11.45 851
11.4667 853
11.4833 854
11.5 855
11.5167 857
11.5333 858
11.55 860
11.5667 861
11.5833 862
11.6 864
11.6167 865
11.6333 866
11.65 868
11.6667 869
11.6833 870
11.7 871
11.7167 872
11.7333 874
11.75 875
11.7667 876
11.7833 877
11.8 878
11.8167 879
11.8333 880
11.85 881
11.8667 882
11.8833 883
11.9 884
11.9167 885
11.9333 886
11.95 887
11.9667 888
11.9833 889
12.0 890
12.0167 891
12.0333 892
12.05 893
12.0667 893
12.0833 894
12.1 895
12.1167 896
12.1333 896
12.15 897
12.1667 898
12.1833 898
12.2 899
12.2167 900
12.2333 900
12.25 901
12.2667 902
12.2833 902
12.3 903
12.3167 903
12.3333 904
12.35 904
12.3667 905
12.3833 905
12.4 905
12.4167 906
12.4333 906
12.45 907
12.4667 907
12.4833 907
12.5 908
12.5167 908
12.5333 908
12.55 908
12.5667 909
12.5833 909
12.6 909
12.6167 909
12.6333 909
12.65 910
12.6667 910
12.6833 910
12.7 910
12.7167 910
12.7333 910
12.75 910
12.7667 910
12.7833 910
12.8 910
12.8167 910
12.8333 910
12.85 910
12.8667 909
12.8833 909
12.9 909
12.9167 909
12.9333 909
12.95 909
12.9667 908
12.9833 908
13.0 908
13.0167 908
13.0333 907
13.05 907
13.0667 907
13.0833 906
13.1 906
13.1167 905
13.1333 905
13.15 905
13.1667 904
13.1833 904
13.2 903
13.2167 903
13.2333 902
13.25 901
13.2667 901
13.2833 900
13.3 900
13.3167 899
13.3333 898
13.35 898
13.3667 897
13.3833 896
13.4 895
13.4167 895
13.4333 894
13.45 893
13.4667 892
13.4833 891
13.5 891
13.5167 890
13.5333 889
13.55 888
13.5667 887
13.5833 886
13.6 885
13.6167 884
13.6333 883
13.65 882
13.6667 881
13.6833 880
13.7 879
13.7167 878
13.7333 877
13.75 876
13.7667 874
13.7833 873
13.8 872
13.8167 871
13.8333 870
13.85 868
13.8667 867
13.8833 866
13.9 865
13.9167 863
13.9333 862
13.95 861
13.9667 859
13.9833 858
14.0 856
14.0167 855
14.0333 854
14.05 852
14.0667 851
14.0833 849
14.1 848
14.1167 846
14.1333 845
14.15 843
14.1667 841
14.1833 840
14.2 838
14.2167 836
14.2333 835
14.25 833
14.2667 831
14.2833 830
14.3 828
14.3167 826
14.3333 825
14.35 823
14.3667 821
14.3833 819
14.4 817
14.4167 815
14.4333 814
14.45 812
14.4667 810
14.4833 808
14.5 806
14.5167 804
14.5333 802
14.55 800
14.5667 798
14.5833 796
14.6 794
14.6167 792
14.6333 790
14.65 788
14.6667 786
14.6833 784
14.7 781
14.7167 779
14.7333 777
14.75 775
14.7667 773
14.7833 771
14.8 768
14.8167 766
14.8333 764
14.85 762
14.8667 759
14.8833 757
14.9 755
14.9167 752
14.9333 750
14.95 748
14.9667 745
14.9833 743
15.0 740
15.0167 737
15.0333 735
15.05 733
15.0667 730
15.0833 728
15.1 725
15.1167 723
15.1333 720
15.15 717
15.1667 715
15.1833 712
15.2 710
15.2167 707
15.2333 705
15.25 702
15.2667 699
15.2833 697
15.3 694
15.3167 691
15.3333 688
15.35 686
15.3667 683
15.3833 680
15.4 678
15.4167 675
15.4333 672
15.45 669
15.4667 666
15.4833 664
15.5 661
15.5167 658
15.5333 655
15.55 652
15.5667 649
15.5833 646
15.6 643
15.6167 640
15.6333 638
15.65 635
15.6667 632
15.6833 629
15.7 626
15.7167 623
15.7333 620
15.75 617
15.7667 614
15.7833 611
15.8 607
15.8167 604
15.8333 601
15.85 598
15.8667 595
15.8833 592
15.9 589
15.9167 586
15.9333 583
15.95 579
15.9667 576
15.9833 573
