9.0 417
9.0167 422
9.0333 425
9.05 429
9.0667 432
9.0833 436
9.1 439
9.1167 443
9.1333 446
9.15 450
9.1667 453
9.1833 457
9.2 460
9.2167 464
9.2333 467
9.25 471
9.2667 474
9.2833 478
9.3 481
9.3167 485
9.3333 488
9.35 491
9.3667 495
9.3833 498
9.4 502
9.4167 505
9.4333 508
9.45 512
9.4667 515
9.4833 518
9.5 522
9.5167 525
9.5333 528
9.55 532
9.5667 535
9.5833 538
9.6 541
9.6167 545
9.6333 548
9.65 551
9.6667 554
9.6833 558
9.7 561
9.7167 564
9.7333 567
9.75 570
9.7667 573
9.7833 577
9.8 580
9.8167 583
9.8333 586
9.85 589
9.8667 592
9.8833 595
9.9 598
9.9167 601
9.9333 604
9.95 607
9.9667 610
9.9833 613
10.0 616
10.0167 619
10.0333 622
10.05 625
10.0667 628
10.0833 631
10.1 634
10.1167 637
10.1333 640
10.15 643
10.1667 645
10.1833 648
10.2 651
10.2167 654
10.2333 657
10.25 659
10.2667 662
10.2833 665
10.3 668
10.3167 670
10.3333 673
10.35 676
10.3667 678
10.3833 681
10.4 684
10.4167 686
10.4333 689
10.45 692
10.4667 694
10.4833 697
10.5 699
10.5167 702
10.5333 704
10.55 707
10.5667 709
10.5833 712
10.6 714
10.6167 717
10.6333 719
10.65 722
10.6667 724
10.6833 726
10.7 729
10.7167 731
10.7333 733
10.75 736
10.7667 738
10.7833 740
10.8 743
10.8167 745
10.8333 747
10.85 749
10.8667 751
10.8833 754
10.9 756
10.9167 758
10.9333 760
10.95 762
10.9667 764
10.9833 766
11.0 768
11.0167 770
11.0333 772
11.05 775
11.0667 777
11.0833 778
11.1 780
11.1167 782
11.1333 784
11.15 786
11.1667 788
11.1833 790
11.2 792
11.2167 794
11.2333 795
11.25 797
11.2667 799
11.2833 801
11.3 802
11.3167 804
11.3333 806
11.35 808
11.3667 809
11.3833 811
11.4 813
11.4167 814
11.4333 816
11.45 817
11.4667 819
11.4833 820
11.5 822
11.5167 823
11.5333 825
11.55 826
11.5667 828
11.5833 829
11.6 831
11.6167 832
11.6333 833
11.65 835
11.6667 836
11.6833 837
11.7 839
11.7167 840
11.7333 841
11.75 842
11.7667 844
11.7833 845
11.8 846
11.8167 847
11.8333 848
11.85 849
11.8667 850
11.8833 852
11.9 853
11.9167 854
11.9333 855
11.95 856
11.9667 857
11.9833 858
12.0 859
12.0167 859
12.0333 860
12.05 861
12.0667 862
12.0833 863
12.1 864
12.1167 865
12.1333 865
12.15 866
12.1667 867
12.1833 868
12.2 868
12.2167 869
12.2333 870
12.25 870
12.2667 871
12.2833 871
12.3 872
12.3167 873
12.3333 873
12.35 874
12.3667 874
12.3833 875
12.4 875
12.4167 876
12.4333 876
12.45 876
12.4667 877
12.4833 877
12.5 877
12.5167 878
12.5333 878
12.55 878
12.5667 879
12.5833 879
12.6 879
12.6167 879
12.6333 879
12.65 880
12.6667 880
12.6833 880
12.7 880
12.7167 880
12.7333 880
12.75 880
12.7667 880
12.7833 880
12.8 880
12.8167 880
12.8333 880
12.85 880
12.8667 880
12.8833 880
12.9 879
12.9167 879
12.9333 879
12.95 879
12.9667 879
12.9833 878
13.0 878
13.0167 878
13.0333 878
13.05 877
13.0667 877
13.0833 877
13.1 876
13.1167 876
13.1333 875
13.15 875
13.1667 874
13.1833 874
13.2 873
13.2167 873
13.2333 872
13.25 872
13.2667 871
13.2833 871
13.3 870
13.3167 869
13.3333 869
13.35 868
13.3667 867
13.3833 866
13.4 866
13.4167 865
13.4333 864
13.45 863
13.4667 863
13.4833 862
13.5 861
13.5167 860
13.5333 859
13.55 858
13.5667 857
13.5833 856
13.6 855
13.6167 854
13.6333 853
13.65 852
13.6667 851
13.6833 850
13.7 849
13.7167 848
13.7333 847
13.75 845
13.7667 844
13.7833 843
13.8 842
13.8167 841
13.8333 839
13.85 838
13.8667 837
13.8833 835
13.9 834
13.9167 833
13.9333 831
13.95 830
13.9667 829
13.9833 827
14.0 826
14.0167 824
14.0333 823
14.05 821
14.0667 820
14.0833 818
14.1 817
14.1167 815
14.1333 813
14.15 812
14.1667 810
14.1833 808
14.2 807
14.2167 805
14.2333 803
14.25 802
14.2667 800
14.2833 798
14.3 796
14.3167 795
14.3333 793
14.35 791
14.3667 789
14.3833 787
14.4 785
14.4167 783
14.4333 781
14.45 779
14.4667 777
14.4833 775
14.5 773
14.5167 771
14.5333 769
14.55 767
14.5667 765
14.5833 763
14.6 761
14.6167 759
14.6333 757
14.65 755
14.6667 753
14.6833 750
14.7 748
14.7167 746
14.7333 744
14.75 741
14.7667 739
14.7833 737
14.8 735
14.8167 732
14.8333 730
14.85 728
14.8667 725
14.8833 723
14.9 720
14.9167 718
14.9333 716
14.95 713
14.9667 711
14.9833 708
15.0 706
15.0167 704
15.0333 701
15.05 698
15.0667 696
15.0833 693
15.1 691
15.1167 688
15.1333 686
15.15 683
15.1667 680
15.1833 678
15.2 675
15.2167 672
15.2333 669
15.25 667
15.2667 664
15.2833 661
15.3 658
15.3167 656
15.3333 653
15.35 650
15.3667 647
15.3833 644
15.4 642
15.4167 639
15.4333 636
15.45 633
15.4667 630
15.4833 627
15.5 624
15.5167 621
15.5333 618
15.55 615
15.5667 612
15.5833 609
15.6 606
15.6167 603
15.6333 600
15.65 597
15.6667 594
15.6833 591
15.7 588
15.7167 585
15.7333 582
15.75 579
15.7667 575
15.7833 572
15.8 569
15.8167 566
15.8333 563
15.85 560
15.8667 556
15.8833 553
15.9 550
15.9167 547
15.9333 543
15.95 540
15.9667 537
15.9833 534
