9.0 493
9.0167 497
9.0333 500
9.05 504
9.0667 507
9.0833 511
9.1 514
9.1167 518
9.1333 521
9.15 525
9.1667 528
9.1833 532
9.2 535
9.2167 539
9.2333 542
9.25 546
9.2667 549
9.2833 552
9.3 556
9.3167 559
9.3333 563
9.35 566
9.3667 569
9.3833 573
9.4 576
9.4167 579
9.4333 583
9.45 586
9.4667 589
9.4833 593
9.5 596
9.5167 599
9.5333 602
9.55 606
9.5667 609
9.5833 612
9.6 615
9.6167 619
9.6333 622
9.65 625
9.6667 628
9.6833 631
9.7 634
9.7167 638
9.7333 641
9.75 644
9.7667 647
9.7833 650
9.8 653
9.8167 656
9.8333 659
9.85 662
9.8667 665
9.8833 668
9.9 671
9.9167 674
9.9333 677
9.95 680
9.9667 683
9.9833 686
10.0 689
10.0167 692
10.0333 695
10.05 697
10.0667 700
10.0833 703
10.1 706
10.1167 709
10.1333 711
10.15 714
10.1667 717
10.1833 720
10.2 723
10.2167 725
10.2333 728
10.25 731
10.2667 733
10.2833 736
10.3 739
10.3167 741
10.3333 744
10.35 747
10.3667 749
10.3833 752
10.4 754
10.4167 757
10.4333 759
10.45 762
10.4667 764
10.4833 767
10.5 769
10.5167 772
10.5333 774
10.55 777
10.5667 779
10.5833 781
10.6 784
10.6167 786
10.6333 788
10.65 791
10.6667 793
10.6833 795
10.7 798
10.7167 800
10.7333 802
10.75 804
10.7667 806
10.7833 809
10.8 811
10.8167 813
10.8333 815
10.85 817
10.8667 819
10.8833 821
10.9 823
10.9167 825
10.9333 828
10.95 830
10.9667 832
10.9833 833
11.0 835
11.0167 837
11.0333 839
11.05 841
11.0667 843
11.0833 845
11.1 847
11.1167 849
11.1333 850
11.15 852
11.1667 854
11.1833 856
11.2 858
11.2167 859
11.2333 861
11.25 863
11.2667 864
11.2833 866
11.3 868
11.3167 869
11.3333 871
11.35 872
11.3667 874
11.3833 876
11.4 877
11.4167 879
11.4333 880
11.45 882
11.4667 883
11.4833 884
11.5 886
11.5167 887
11.5333 889
11.55 890
11.5667 891
11.5833 893
11.6 894
11.6167 895
11.6333 897
11.65 898
11.6667 899
11.6833 900
11.7 901
11.7167 903
11.7333 904
11.75 905
11.7667 906
11.7833 907
11.8 908
11.8167 909
11.8333 910
11.85 911
11.8667 912
11.8833 913
11.9 914
11.9167 915
11.9333 916
11.95 917
11.9667 918
11.9833 919
12.0 919
12.0167 920
12.0333 921
12.05 922
12.0667 923
12.0833 923
12.1 924
12.1167 925
12.1333 925
12.15 926
12.1667 927
12.1833 927
12.2 928
12.2167 929
12.2333 929
12.25 930
12.2667 930
12.2833 931
12.3 931
12.3167 932
12.3333 932
12.35 932
12.3667 933
12.3833 933
12.4 934
12.4167 934
12.4333 934
12.45 935
12.4667 935
12.4833 935
12.5 935
12.5167 936
12.5333 936
12.55 936
12.5667 936
12.5833 936
12.6 936
12.6167 937
12.6333 937
12.65 937
12.6667 937
12.6833 937
12.7 937
12.7167 937
12.7333 937
12.75 937
12.7667 937
12.7833 936
12.8 936
12.8167 936
12.8333 936
12.85 936
12.8667 936
12.8833 935
12.9 935
12.9167 935
12.9333 935
12.95 934
12.9667 934
12.9833 934
13.0 933
13.0167 933
13.0333 933
13.05 932
13.0667 932
13.0833 931
13.1 931
13.1167 930
13.1333 930
13.15 929
13.1667 929
13.1833 928
13.2 927
13.2167 927
13.2333 926
13.25 926
13.2667 925
13.2833 924
13.3 923
13.3167 923
13.3333 922
13.35 921
13.3667 920
13.3833 920
13.4 919
13.4167 918
13.4333 917
13.45 916
13.4667 915
13.4833 914
13.5 913
13.5167 912
13.5333 911
13.55 910
13.5667 909
13.5833 908
13.6 907
13.6167 906
13.6333 905
13.65 904
13.6667 903
13.6833 902
13.7 900
13.7167 899
13.7333 898
13.75 897
13.7667 896
13.7833 894
13.8 893
13.8167 892
13.8333 890
13.85 889
13.8667 888
13.8833 886
13.9 885
13.9167 883
13.9333 882
13.95 880
13.9667 879
13.9833 877
14.0 876
14.0167 874
14.0333 873
14.05 871
14.0667 870
14.0833 868
14.1 866
14.1167 865
14.1333 863
14.15 861
14.1667 860
14.1833 858
14.2 856
14.2167 854
14.2333 853
14.25 851
14.2667 849
14.2833 847
14.3 845
14.3167 843
14.3333 842
14.35 840
14.3667 838
14.3833 836
14.4 834
14.4167 832
14.4333 830
14.45 828
14.4667 826
14.4833 824
14.5 822
14.5167 820
14.5333 818
14.55 815
14.5667 813
14.5833 811
14.6 809
14.6167 807
14.6333 805
14.65 802
14.6667 800
14.6833 798
14.7 796
14.7167 793
14.7333 791
14.75 789
14.7667 786
14.7833 784
14.8 782
14.8167 779
14.8333 777
14.85 775
14.8667 772
14.8833 770
14.9 767
14.9167 765
14.9333 762
14.95 760
14.9667 757
14.9833 755
15.0 752
15.0167 750
15.0333 747
15.05 745
15.0667 742
15.0833 739
15.1 737
15.1167 734
15.1333 731
15.15 729
15.1667 726
15.1833 723
15.2 721
15.2167 718
15.2333 715
15.25 712
15.2667 710
15.2833 707
15.3 704
15.3167 701
15.3333 698
15.35 695
15.3667 692
15.3833 690
15.4 687
15.4167 684
15.4333 681
15.45 678
15.4667 675
15.4833 672
15.5 669
15.5167 666
15.5333 663
15.55 660
15.5667 657
15.5833 654
15.6 651
15.6167 648
15.6333 645
15.65 642
15.6667 638
15.6833 635
15.7 632
15.7167 629
15.7333 626
15.75 623
15.7667 619
15.7833 616
15.8 613
15.8167 610
15.8333 607
15.85 603
15.8667 600
15.8833 597
15.9 594
15.9167 590
15.9333 587
15.95 584
15.9667 580
15.9833 577
