9.0 527
9.0167 531
9.0333 535
9.05 539
9.0667 542
9.0833 546
9.1 550
9.1167 553
9.1333 557
9.15 560
9.1667 564
9.1833 568
9.2 571
9.2167 575
9.2333 578
9.25 582
9.2667 585
9.2833 589
9.3 592
9.3167 596
9.3333 599
9.35 603
9.3667 606
9.3833 610
9.4 613
9.4167 616
9.4333 620
9.45 623
9.4667 627
9.4833 630
9.5 633
9.5167 637
9.5333 640
9.55 643
9.5667 647
9.5833 650
9.6 653
9.6167 657
9.6333 660
9.65 663
9.6667 666
9.6833 670
9.7 673
9.7167 676
9.7333 679
9.75 682
9.7667 686
9.7833 689
9.8 692
9.8167 695
9.8333 698
9.85 701
9.8667 704
9.8833 707
9.9 710
9.9167 713
9.9333 716
9.95 719
9.9667 722
9.9833 725
10.0 728
10.0167 731
10.0333 734
10.05 737
10.0667 740
10.0833 743
10.1 746
10.1167 749
10.1333 752
10.15 754
10.1667 757
10.1833 760
10.2 763
10.2167 766
10.2333 768
10.25 771
10.2667 774
10.2833 777
10.3 779
10.3167 782
10.3333 785
10.35 787
10.3667 790
10.3833 793
10.4 795
10.4167 798
10.4333 800
10.45 803
10.4667 805
10.4833 808
10.5 811
10.5167 813
10.5333 815
10.55 818
10.5667 820
10.5833 823
10.6 825
10.6167 828
10.6333 830
10.65 832
10.6667 835
10.6833 837
10.7 839
10.7167 842
10.7333 844
10.75 846
10.7667 848
10.7833 851
10.8 853
10.8167 855
10.8333 857
10.85 859
10.8667 862
10.8833 864
10.9 866
10.9167 868
10.9333 870
10.95 872
10.9667 874
10.9833 876
11.0 878
11.0167 880
11.0333 882
11.05 884
11.0667 886
11.0833 888
11.1 890
11.1167 891
11.1333 893
11.15 895
11.1667 897
11.1833 899
11.2 901
11.2167 902
11.2333 904
11.25 906
11.2667 907
11.2833 909
11.3 911
11.3167 912
11.3333 914
11.35 916
11.3667 917
11.3833 919
11.4 920
11.4167 922
11.4333 923
11.45 925
11.4667 926
11.4833 928
11.5 929
11.5167 931
11.5333 932
11.55 934
11.5667 935
11.5833 936
11.6 938
11.6167 939
11.6333 940
11.65 941
11.6667 943
11.6833 944
11.7 945
11.7167 946
11.7333 947
11.75 949
11.7667 950
11.7833 951
11.8 952
11.8167 953
11.8333 954
11.85 955
11.8667 956
11.8833 957
11.9 958
11.9167 959
11.9333 960
11.95 961
11.9667 962
11.9833 963
12.0 964
12.0167 964
12.0333 965
12.05 966
12.0667 967
12.0833 967
12.1 968
12.1167 969
12.1333 970
12.15 970
12.1667 971
12.1833 972
12.2 972
12.2167 973
12.2333 973
12.25 974
12.2667 974
12.2833 975
12.3 975
12.3167 976
12.3333 976
12.35 977
12.3667 977
12.3833 978
12.4 978
12.4167 978
12.4333 979
12.45 979
12.4667 979
12.4833 980
12.5 980
12.5167 980
12.5333 980
12.55 980
12.5667 981
12.5833 981
12.6 981
12.6167 981
12.6333 981
12.65 981
12.6667 981
12.6833 981
12.7 981
12.7167 981
12.7333 981
12.75 981
12.7667 981
12.7833 981
12.8 981
12.8167 981
12.8333 981
12.85 980
12.8667 980
12.8833 980
12.9 980
12.9167 979
12.9333 979
12.95 979
12.9667 979
12.9833 978
13.0 978
13.0167 978
13.0333 977
13.05 977
13.0667 976
13.0833 976
13.1 975
13.1167 975
13.1333 974
13.15 974
13.1667 973
13.1833 973
13.2 972
13.2167 971
13.2333 971
13.25 970
13.2667 969
13.2833 969
13.3 968
13.3167 967
13.3333 966
13.35 966
13.3667 965
13.3833 964
13.4 963
13.4167 962
13.4333 961
13.45 961
13.4667 960
13.4833 959
13.5 958
13.5167 957
13.5333 956
13.55 955
13.5667 954
13.5833 953
13.6 952
13.6167 950
13.6333 949
13.65 948
13.6667 947
13.6833 946
13.7 945
13.7167 944
13.7333 942
13.75 941
13.7667 940
13.7833 938
13.8 937
13.8167 936
13.8333 934
13.85 933
13.8667 932
13.8833 930
13.9 929
13.9167 927
13.9333 926
13.95 924
13.9667 923
13.9833 921
14.0 920
14.0167 918
14.0333 917
14.05 915
14.0667 914
14.0833 912
14.1 910
14.1167 909
14.1333 907
14.15 905
14.1667 903
14.1833 902
14.2 900
14.2167 898
14.2333 896
14.25 895
14.2667 893
14.2833 891
14.3 889
14.3167 887
14.3333 885
14.35 883
14.3667 881
14.3833 879
14.4 877
14.4167 875
14.4333 873
14.45 871
14.4667 869
14.4833 867
14.5 865
14.5167 863
14.5333 861
14.55 859
14.5667 856
14.5833 854
14.6 852
14.6167 850
14.6333 848
14.65 845
14.6667 843
14.6833 841
14.7 839
14.7167 836
14.7333 834
14.75 832
14.7667 829
14.7833 827
14.8 824
14.8167 822
14.8333 820
14.85 817
14.8667 815
14.8833 812
14.9 810
14.9167 807
14.9333 805
14.95 802
14.9667 800
14.9833 797
15.0 795
15.0167 792
15.0333 789
15.05 787
15.0667 784
15.0833 781
15.1 779
15.1167 776
15.1333 773
15.15 771
15.1667 768
15.1833 765
15.2 762
15.2167 759
15.2333 757
15.25 754
15.2667 751
15.2833 748
15.3 745
15.3167 742
15.3333 739
15.35 737
15.3667 734
15.3833 731
15.4 728
15.4167 725
15.4333 722
15.45 719
15.4667 716
15.4833 713
15.5 710
15.5167 707
15.5333 703
15.55 700
15.5667 697
15.5833 694
15.6 691
15.6167 688
15.6333 685
15.65 682
15.6667 678
15.6833 675
15.7 672
15.7167 669
15.7333 666
15.75 662
15.7667 659
15.7833 656
15.8 652
15.8167 649
15.8333 646
15.85 643
15.8667 639
15.8833 636
15.9 633
15.9167 629
15.9333 626
15.95 622
15.9667 619
15.9833 616
