9.0 481
9.0167 484
9.0333 487
9.05 490
9.0667 493
9.0833 497
9.1 500
9.1167 503
9.1333 506
9.15 509
9.1667 513
9.1833 516
9.2 519
9.2167 522
9.2333 525
9.25 528
9.2667 532
9.2833 535
9.3 538
9.3167 541
9.3333 544
9.35 547
9.3667 550
9.3833 553
9.4 556
9.4167 560
9.4333 563
9.45 566
9.4667 569
9.4833 572
9.5 575
9.5167 578
9.5333 581
9.55 584
9.5667 587
9.5833 590
9.6 593
9.6167 596
9.6333 599
9.65 602
9.6667 604
9.6833 607
9.7 610
9.7167 613
9.7333 616
9.75 619
9.7667 622
9.7833 625
9.8 628
9.8167 630
9.8333 633
9.85 636
9.8667 639
9.8833 642
9.9 644
9.9167 647
9.9333 650
9.95 653
9.9667 655
9.9833 658
10.0 661
10.0167 663
10.0333 666
10.05 669
10.0667 672
10.0833 674
10.1 677
10.1167 679
10.1333 682
10.15 685
10.1667 687
10.1833 690
10.2 692
10.2167 695
10.2333 697
10.25 700
10.2667 702
10.2833 705
10.3 707
10.3167 710
10.3333 712
10.35 715
10.3667 717
10.3833 720
10.4 722
10.4167 724
10.4333 727
10.45 729
10.4667 731
10.4833 734
10.5 736
10.5167 738
10.5333 741
10.55 743
10.5667 745
10.5833 748
10.6 750
10.6167 752
10.6333 754
10.65 756
10.6667 759
10.6833 761
10.7 763
10.7167 765
10.7333 767
10.75 769
10.7667 771
10.7833 773
10.8 775
10.8167 777
10.8333 779
10.85 781
10.8667 783
10.8833 785
10.9 787
10.9167 789
10.9333 791
10.95 793
10.9667 795
10.9833 797
11.0 799
11.0167 801
11.0333 803
11.05 804
11.0667 806
11.0833 808
11.1 810
11.1167 812
11.1333 813
11.15 815
11.1667 817
11.1833 818
11.2 820
11.2167 822
11.2333 823
11.25 825
11.2667 827
11.2833 828
11.3 830
11.3167 831
11.3333 833
11.35 835
11.3667 836
11.3833 838
11.4 839
11.4167 841
11.4333 842
11.45 843
11.4667 845
11.4833 846
11.5 848
11.5167 849
11.5333 850
11.55 852
11.5667 853
11.5833 854
11.6 856
11.6167 857
11.6333 858
11.65 859
11.6667 861
11.6833 862
11.7 863
11.7167 864
11.7333 865
11.75 866
11.7667 867
11.7833 869
11.8 870
11.8167 871
11.8333 872
11.85 873
11.8667 874
11.8833 875
11.9 876
11.9167 877
11.9333 878
11.95 878
11.9667 879
11.9833 880
12.0 881
12.0167 882
12.0333 883
12.05 884
12.0667 884
12.0833 885
12.1 886
12.1167 887
12.1333 887
12.15 888
12.1667 889
12.1833 889
12.2 890
12.2167 891
12.2333 891
12.25 892
12.2667 893
12.2833 893
12.3 894
12.3167 894
12.3333 895
12.35 895
12.3667 896
12.3833 896
12.4 897
12.4167 897
12.4333 897
12.45 898
12.4667 898
12.4833 898
12.5 899
12.5167 899
12.5333 899
12.55 900
12.5667 900
12.5833 900
12.6 900
12.6167 901
12.6333 901
12.65 901
12.6667 901
12.6833 901
12.7 901
12.7167 901
12.7333 901
12.75 901
12.7667 901
12.7833 901
12.8 901
12.8167 901
12.8333 901
12.85 901
12.8667 901
12.8833 901
12.9 901
12.9167 901
12.9333 901
12.95 901
12.9667 900
12.9833 900
13.0 900
13.0167 900
13.0333 899
13.05 899
13.0667 899
13.0833 899
13.1 898
13.1167 898
13.1333 898
13.15 897
13.1667 897
13.1833 896
13.2 896
13.2167 895
13.2333 895
13.25 894
13.2667 894
13.2833 893
13.3 893
13.3167 892
13.3333 892
13.35 891
13.3667 890
13.3833 890
13.4 889
13.4167 888
13.4333 888
13.45 887
13.4667 886
13.4833 886
13.5 885
13.5167 884
13.5333 883
13.55 882
13.5667 882
13.5833 881
13.6 880
13.6167 879
13.6333 878
13.65 877
13.6667 876
13.6833 875
13.7 874
13.7167 873
13.7333 872
13.75 871
13.7667 870
13.7833 869
13.8 868
13.8167 867
13.8333 866
13.85 865
13.8667 863
13.8833 862
13.9 861
13.9167 860
13.9333 859
13.95 857
13.9667 856
13.9833 855
14.0 854
14.0167 852
14.0333 851
14.05 850
14.0667 848
14.0833 847
14.1 846
14.1167 844
14.1333 843
14.15 841
14.1667 840
14.1833 838
14.2 837
14.2167 835
14.2333 834
14.25 832
14.2667 831
14.2833 829
14.3 828
14.3167 826
14.3333 824
14.35 823
14.3667 821
14.3833 819
14.4 818
14.4167 816
14.4333 814
14.45 812
14.4667 811
14.4833 809
14.5 807
14.5167 805
14.5333 804
14.55 802
14.5667 800
14.5833 798
14.6 796
14.6167 794
14.6333 792
14.65 790
14.6667 788
14.6833 786
14.7 785
14.7167 783
14.7333 781
14.75 778
14.7667 776
14.7833 774
14.8 772
14.8167 770
14.8333 768
14.85 766
14.8667 764
14.8833 762
14.9 760
14.9167 757
14.9333 755
14.95 753
14.9667 751
14.9833 749
15.0 746
15.0167 744
15.0333 742
15.05 740
15.0667 737
15.0833 735
15.1 733
15.1167 730
15.1333 728
15.15 726
15.1667 723
15.1833 721
15.2 718
15.2167 716
15.2333 714
15.25 711
15.2667 709
15.2833 706
15.3 704
15.3167 701
15.3333 699
15.35 696
15.3667 694
15.3833 691
15.4 688
15.4167 686
15.4333 683
15.45 681
15.4667 678
15.4833 675
15.5 673
15.5167 670
15.5333 667
15.55 665
15.5667 662
15.5833 659
15.6 657
15.6167 654
15.6333 651
15.65 648
15.6667 646
15.6833 643
15.7 640
15.7167 637
15.7333 635
15.75 632
15.7667 629
15.7833 626
15.8 623
15.8167 620
15.8333 618
15.85 615
15.8667 612
15.8833 609
15.9 606
15.9167 603
15.9333 600
15.95 597
15.9667 594
15.9833 591
