9.0 474
9.0167 477
9.0333 480
9.05 484
9.0667 487
9.0833 490
9.1 493
9.1167 496
9.1333 499
9.15 503
9.1667 506
9.1833 509
9.2 512
9.2167 515
9.2333 518
9.25 521
9.2667 525
9.2833 528
9.3 531
9.3167 534
9.3333 537
9.35 540
9.3667 543
9.3833 546
9.4 549
9.4167 552
9.4333 555
9.45 558
9.4667 561
9.4833 564
9.5 567
9.5167 570
9.5333 573
9.55 576
9.5667 579
9.5833 582
9.6 585
9.6167 588
9.6333 591
9.65 594
9.6667 597
9.6833 599
9.7 602
9.7167 605
9.7333 608
9.75 611
9.7667 614
9.7833 617
9.8 619
9.8167 622
9.8333 625
9.85 628
9.8667 630
9.8833 633
9.9 636
9.9167 639
9.9333 641
9.95 644
9.9667 647
9.9833 650
10.0 652
10.0167 655
10.0333 658
10.05 660
10.0667 663
10.0833 665
10.1 668
10.1167 671
10.1333 673
10.15 676
10.1667 678
10.1833 681
10.2 683
10.2167 686
10.2333 688
10.25 691
10.2667 693
10.2833 696
10.3 698
10.3167 701
10.3333 703
10.35 706
10.3667 708
10.3833 710
10.4 713
10.4167 715
10.4333 717
10.45 720
10.4667 722
10.4833 724
10.5 727
10.5167 729
10.5333 731
10.55 734
10.5667 736
10.5833 738
10.6 740
10.6167 742
10.6333 745
10.65 747
10.6667 749
10.6833 751
10.7 753
10.7167 755
10.7333 757
10.75 759
10.7667 761
10.7833 764
10.8 766
10.8167 768
10.8333 770
10.85 772
10.8667 774
10.8833 775
10.9 777
10.9167 779
10.9333 781
10.95 783
10.9667 785
10.9833 787
11.0 789
11.0167 791
11.0333 792
11.05 794
11.0667 796
11.0833 798
11.1 800
11.1167 801
11.1333 803
11.15 805
11.1667 806
11.1833 808
11.2 810
11.2167 811
11.2333 813
11.25 815
11.2667 816
11.2833 818
11.3 819
11.3167 821
11.3333 822
11.35 824
11.3667 826
11.3833 827
11.4 828
11.4167 830
11.4333 831
11.45 833
11.4667 834
11.4833 836
11.5 837
11.5167 838
11.5333 840
11.55 841
11.5667 842
11.5833 844
11.6 845
11.6167 846
11.6333 847
11.65 848
11.6667 850
11.6833 851
11.7 852
11.7167 853
11.7333 854
11.75 855
11.7667 857
11.7833 858
11.8 859
11.8167 860
11.8333 861
11.85 862
11.8667 863
11.8833 864
11.9 865
11.9167 866
11.9333 867
11.95 867
11.9667 868
11.9833 869
12.0 870
12.0167 871
12.0333 872
12.05 872
12.0667 873
12.0833 874
12.1 875
12.1167 876
12.1333 876
12.15 877
12.1667 878
12.1833 878
12.2 879
12.2167 880
12.2333 880
12.25 881
12.2667 881
12.2833 882
12.3 882
12.3167 883
12.3333 883
12.35 884
12.3667 884
12.3833 885
12.4 885
12.4167 886
12.4333 886
12.45 886
12.4667 887
12.4833 887
12.5 887
12.5167 888
12.5333 888
12.55 888
12.5667 888
12.5833 889
12.6 889
12.6167 889
12.6333 889
12.65 889
12.6667 890
12.6833 890
12.7 890
12.7167 890
12.7333 890
12.75 890
12.7667 890
12.7833 890
12.8 890
12.8167 890
12.8333 890
12.85 890
12.8667 890
12.8833 890
12.9 890
12.9167 889
12.9333 889
12.95 889
12.9667 889
12.9833 889
13.0 888
13.0167 888
13.0333 888
13.05 888
13.0667 887
13.0833 887
13.1 887
13.1167 886
13.1333 886
13.15 886
13.1667 885
13.1833 885
13.2 884
13.2167 884
13.2333 883
13.25 883
13.2667 882
13.2833 882
13.3 881
13.3167 881
13.3333 880
13.35 880
13.3667 879
13.3833 878
13.4 878
13.4167 877
13.4333 876
13.45 876
13.4667 875
13.4833 874
13.5 873
13.5167 872
13.5333 872
13.55 871
13.5667 870
13.5833 869
13.6 868
13.6167 867
13.6333 867
13.65 866
13.6667 865
13.6833 864
13.7 863
13.7167 862
13.7333 861
13.75 860
13.7667 859
13.7833 858
13.8 857
13.8167 855
13.8333 854
13.85 853
13.8667 852
13.8833 851
13.9 850
13.9167 848
13.9333 847
13.95 846
13.9667 845
13.9833 844
14.0 842
14.0167 841
14.0333 840
14.05 838
14.0667 837
14.0833 836
14.1 834
14.1167 833
14.1333 831
14.15 830
14.1667 828
14.1833 827
14.2 826
14.2167 824
14.2333 823
14.25 821
14.2667 819
14.2833 818
14.3 816
14.3167 815
14.3333 813
14.35 811
14.3667 810
14.3833 808
14.4 806
14.4167 805
14.4333 803
14.45 801
14.4667 800
14.4833 798
14.5 796
14.5167 794
14.5333 792
14.55 791
14.5667 789
14.5833 787
14.6 785
14.6167 783
14.6333 781
14.65 779
14.6667 777
14.6833 776
14.7 774
14.7167 772
14.7333 770
14.75 768
14.7667 766
14.7833 764
14.8 761
14.8167 759
14.8333 757
14.85 755
14.8667 753
14.8833 751
14.9 749
14.9167 747
14.9333 745
14.95 742
14.9667 740
14.9833 738
15.0 736
15.0167 734
15.0333 731
15.05 729
15.0667 727
15.0833 724
15.1 722
15.1167 720
15.1333 717
15.15 715
15.1667 713
15.1833 710
15.2 708
15.2167 706
15.2333 703
15.25 701
15.2667 698
15.2833 696
15.3 693
15.3167 691
15.3333 688
15.35 686
15.3667 683
15.3833 681
15.4 678
15.4167 676
15.4333 673
15.45 671
15.4667 668
15.4833 665
15.5 663
15.5167 660
15.5333 658
15.55 655
15.5667 652
15.5833 650
15.6 647
15.6167 644
15.6333 641
15.65 639
15.6667 636
15.6833 633
15.7 630
15.7167 628
15.7333 625
15.75 622
15.7667 619
15.7833 617
15.8 614
15.8167 611
15.8333 608
15.85 605
15.8667 602
15.8833 599
15.9 597
15.9167 594
15.9333 591
15.95 588
15.9667 585
15.9833 582
