9.0 461
9.0167 464
9.0333 467
9.05 470
9.0667 474
9.0833 477
9.1 480
9.1167 483
9.1333 486
9.15 490
9.1667 493
9.1833 496
9.2 499
9.2167 502
9.2333 505
9.25 508
9.2667 512
9.2833 515
9.3 518
9.3167 521
9.3333 524
9.35 527
9.3667 530
9.3833 533
9.4 536
9.4167 539
9.4333 542
9.45 545
9.4667 548
9.4833 551
9.5 554
9.5167 557
9.5333 560
9.55 563
9.5667 566
9.5833 569
9.6 572
9.6167 575
9.6333 578
9.65 581
9.6667 584
9.6833 587
9.7 590
9.7167 593
9.7333 595
9.75 598
9.7667 601
9.7833 604
9.8 607
9.8167 610
9.8333 613
9.85 615
9.8667 618
9.8833 621
9.9 624
9.9167 626
9.9333 629
9.95 632
9.9667 635
9.9833 637
10.0 640
10.0167 643
10.0333 645
10.05 648
10.0667 651
10.0833 653
10.1 656
10.1167 659
10.1333 661
10.15 664
10.1667 666
10.1833 669
10.2 671
10.2167 674
10.2333 677
10.25 679
10.2667 682
10.2833 684
10.3 687
10.3167 689
10.3333 691
10.35 694
10.3667 696
10.3833 699
10.4 701
10.4167 704
10.4333 706
10.45 708
10.4667 711
10.4833 713
10.5 715
10.5167 718
10.5333 720
10.55 722
10.5667 724
10.5833 727
10.6 729
10.6167 731
10.6333 733
10.65 736
10.6667 738
10.6833 740
10.7 742
10.7167 744
10.7333 746
10.75 748
10.7667 750
10.7833 753
10.8 755
10.8167 757
10.8333 759
10.85 761
10.8667 763
10.8833 765
10.9 767
10.9167 769
10.9333 771
10.95 772
10.9667 774
10.9833 776
11.0 778
11.0167 780
11.0333 782
11.05 784
11.0667 786
11.0833 787
11.1 789
11.1167 791
11.1333 793
11.15 794
11.1667 796
11.1833 798
11.2 799
11.2167 801
11.2333 803
11.25 804
11.2667 806
11.2833 808
11.3 809
11.3167 811
11.3333 812
11.35 814
11.3667 815
11.3833 817
11.4 818
11.4167 820
11.4333 821
11.45 823
11.4667 824
11.4833 826
11.5 827
11.5167 828
11.5333 830
11.55 831
11.5667 833
11.5833 834
11.6 835
11.6167 836
11.6333 838
11.65 839
11.6667 840
11.6833 841
11.7 843
11.7167 844
11.7333 845
11.75 846
11.7667 847
11.7833 848
11.8 849
11.8167 850
11.8333 851
11.85 852
11.8667 853
11.8833 854
11.9 855
11.9167 856
11.9333 857
11.95 858
11.9667 859
11.9833 860
12.0 861
12.0167 862
12.0333 863
12.05 864
12.0667 864
12.0833 865
12.1 866
12.1167 867
12.1333 867
12.15 868
12.1667 869
12.1833 869
12.2 870
12.2167 871
12.2333 871
12.25 872
12.2667 873
12.2833 873
12.3 874
12.3167 874
12.3333 875
12.35 875
12.3667 876
12.3833 876
12.4 877
12.4167 877
12.4333 878
12.45 878
12.4667 878
12.4833 879
12.5 879
12.5167 879
12.5333 880
12.55 880
12.5667 880
12.5833 881
12.6 881
12.6167 881
12.6333 881
12.65 881
12.6667 881
12.6833 882
12.7 882
12.7167 882
12.7333 882
12.75 882
12.7667 882
12.7833 882
12.8 882
12.8167 882
12.8333 882
12.85 882
12.8667 882
12.8833 882
12.9 882
12.9167 882
12.9333 882
12.95 881
12.9667 881
12.9833 881
13.0 881
13.0167 881
13.0333 880
13.05 880
13.0667 880
13.0833 880
13.1 879
13.1167 879
13.1333 879
13.15 878
13.1667 878
13.1833 877
13.2 877
13.2167 877
13.2333 876
13.25 876
13.2667 875
13.2833 875
13.3 874
13.3167 874
13.3333 873
13.35 872
13.3667 872
13.3833 871
13.4 870
13.4167 870
13.4333 869
13.45 868
13.4667 868
13.4833 867
13.5 866
13.5167 866
13.5333 865
13.55 864
13.5667 863
13.5833 862
13.6 861
13.6167 861
13.6333 860
13.65 859
13.6667 858
13.6833 857
13.7 856
13.7167 855
13.7333 854
13.75 853
13.7667 852
13.7833 851
13.8 850
13.8167 849
13.8333 848
13.85 847
13.8667 845
13.8833 844
13.9 843
13.9167 842
13.9333 841
13.95 839
13.9667 838
13.9833 837
14.0 836
14.0167 834
14.0333 833
14.05 832
14.0667 830
14.0833 829
14.1 828
14.1167 826
14.1333 825
14.15 824
14.1667 822
14.1833 821
14.2 819
14.2167 818
14.2333 816
14.25 815
14.2667 813
14.2833 812
14.3 810
14.3167 808
14.3333 807
14.35 805
14.3667 804
14.3833 802
14.4 800
14.4167 799
14.4333 797
14.45 795
14.4667 793
14.4833 792
14.5 790
14.5167 788
14.5333 786
14.55 785
14.5667 783
14.5833 781
14.6 779
14.6167 777
14.6333 775
14.65 773
14.6667 771
14.6833 770
14.7 768
14.7167 766
14.7333 764
14.75 762
14.7667 760
14.7833 758
14.8 756
14.8167 754
14.8333 751
14.85 749
14.8667 747
14.8833 745
14.9 743
14.9167 741
14.9333 739
14.95 737
14.9667 734
14.9833 732
15.0 730
15.0167 728
15.0333 725
15.05 723
15.0667 721
15.0833 719
15.1 716
15.1167 714
15.1333 712
15.15 709
15.1667 707
15.1833 705
15.2 702
15.2167 700
15.2333 697
15.25 695
15.2667 693
15.2833 690
15.3 688
15.3167 685
15.3333 683
15.35 680
15.3667 678
15.3833 675
15.4 673
15.4167 670
15.4333 668
15.45 665
15.4667 662
15.4833 660
15.5 657
15.5167 655
15.5333 652
15.55 649
15.5667 647
15.5833 644
15.6 641
15.6167 639
15.6333 636
15.65 633
15.6667 630
15.6833 628
15.7 625
15.7167 622
15.7333 619
15.75 617
15.7667 614
15.7833 611
15.8 608
15.8167 605
15.8333 602
15.85 600
15.8667 597
15.8833 594
15.9 591
15.9167 588
15.9333 585
15.95 582
15.9667 579
15.9833 576
