9.0 262
9.0167 266
9.0333 269
9.05 272
9.0667 275
9.0833 278
9.1 281
9.1167 284
9.1333 287
9.15 290
9.1667 293
9.1833 296
9.2 299
9.2167 302
9.2333 306
9.25 309
9.2667 312
9.2833 315
9.3 318
9.3167 321
9.3333 324
9.35 327
9.3667 330
9.3833 333
9.4 336
9.4167 339
9.4333 342
9.45 345
9.4667 348
9.4833 351
9.5 354
9.5167 357
9.5333 360
9.55 363
9.5667 366
9.5833 369
9.6 372
9.6167 375
9.6333 378
9.65 381
9.6667 384
9.6833 387
9.7 390
9.7167 393
9.7333 396
9.75 399
9.7667 402
9.7833 405
9.8 408
9.8167 411
9.8333 414
9.85 417
9.8667 420
9.8833 422
9.9 425
9.9167 428
9.9333 431
9.95 434
9.9667 437
9.9833 439
10.0 442
10.0167 445
10.0333 448
10.05 451
10.0667 453
10.0833 456
10.1 459
10.1167 462
10.1333 464
10.15 467
10.1667 470
10.1833 473
10.2 475
10.2167 478
10.2333 481
10.25 483
10.2667 486
10.2833 489
10.3 491
10.3167 494
10.3333 496
10.35 499
10.3667 502
10.3833 504
10.4 507
10.4167 509
10.4333 512
10.45 514
10.4667 517
10.4833 519
10.5 522
10.5167 524
10.5333 527
10.55 529
10.5667 532
10.5833 534
10.6 536
10.6167 539
10.6333 541
10.65 543
10.6667 546
10.6833 548
10.7 550
10.7167 553
10.7333 555
10.75 557
10.7667 560
10.7833 562
10.8 564
10.8167 566
10.8333 568
10.85 571
10.8667 573
10.8833 575
10.9 577
10.9167 579
10.9333 581
10.95 583
10.9667 586
10.9833 588
11.0 590
11.0167 592
11.0333 594
11.05 596
11.0667 598
11.0833 600
11.1 602
11.1167 604
11.1333 605
11.15 607
11.1667 609
11.1833 611
11.2 613
11.2167 615
11.2333 617
11.25 619
11.2667 620
11.2833 622
11.3 624
11.3167 626
11.3333 627
11.35 629
11.3667 631
11.3833 632
11.4 634
11.4167 636
11.4333 637
11.45 639
11.4667 641
11.4833 642
11.5 644
11.5167 645
11.5333 647
11.55 648
11.5667 650
11.5833 651
11.6 653
11.6167 654
11.6333 656
11.65 657
11.6667 658
11.6833 660
11.7 661
11.7167 662
11.7333 664
11.75 665
11.7667 666
11.7833 668
11.8 669
11.8167 670
11.8333 671
11.85 672
11.8667 674
11.8833 675
11.9 676
11.9167 677
11.9333 678
11.95 679
11.9667 680
11.9833 681
12.0 682
12.0167 683
12.0333 684
12.05 685
12.0667 686
12.0833 687
12.1 688
12.1167 689
12.1333 690
12.15 691
12.1667 691
12.1833 692
12.2 693
12.2167 694
12.2333 695
12.25 695
12.2667 696
12.2833 697
12.3 697
12.3167 698
12.3333 699
12.35 699
12.3667 700
12.3833 701
12.4 701
12.4167 702
12.4333 702
12.45 703
12.4667 703
12.4833 704
12.5 704
12.5167 705
12.5333 705
12.55 705
12.5667 706
12.5833 706
12.6 706
12.6167 707
12.6333 707
12.65 707
12.6667 708
12.6833 708
12.7 708
12.7167 708
12.7333 708
12.75 709
12.7667 709
12.7833 709
12.8 709
12.8167 709
12.8333 709
12.85 709
12.8667 709
12.8833 709
12.9 709
12.9167 709
12.9333 709
12.95 709
12.9667 709
12.9833 709
13.0 709
13.0167 709
13.0333 709
13.05 708
13.0667 708
13.0833 708
13.1 708
13.1167 707
13.1333 707
13.15 707
13.1667 707
13.1833 706
13.2 706
13.2167 705
13.2333 705
13.25 705
13.2667 704
13.2833 704
13.3 703
13.3167 703
13.3333 702
13.35 702
13.3667 701
13.3833 701
13.4 700
13.4167 699
13.4333 699
13.45 698
13.4667 698
13.4833 697
13.5 696
13.5167 695
13.5333 695
13.55 694
13.5667 693
13.5833 692
13.6 692
13.6167 691
13.6333 690
13.65 689
13.6667 688
13.6833 687
13.7 686
13.7167 685
13.7333 684
13.75 683
13.7667 682
13.7833 681
13.8 680
13.8167 679
13.8333 678
13.85 677
13.8667 676
13.8833 675
13.9 674
13.9167 673
13.9333 671
13.95 670
13.9667 669
13.9833 668
14.0 667
14.0167 665
14.0333 664
14.05 663
14.0667 661
14.0833 660
14.1 659
14.1167 657
14.1333 656
14.15 654
14.1667 653
14.1833 652
14.2 650
14.2167 649
14.2333 647
14.25 646
14.2667 644
14.2833 643
14.3 641
14.3167 639
14.3333 638
14.35 636
14.3667 634
14.3833 633
14.4 631
14.4167 629
14.4333 628
14.45 626
14.4667 624
14.4833 623
14.5 621
14.5167 619
14.5333 617
14.55 615
14.5667 613
14.5833 612
14.6 610
14.6167 608
14.6333 606
14.65 604
14.6667 602
14.6833 600
14.7 598
14.7167 596
14.7333 594
14.75 592
14.7667 590
14.7833 588
14.8 586
14.8167 584
14.8333 582
14.85 580
14.8667 578
14.8833 575
14.9 573
14.9167 571
14.9333 569
14.95 567
14.9667 565
14.9833 562
15.0 561
15.0167 559
15.0333 556
15.05 554
15.0667 552
15.0833 549
15.1 547
15.1167 545
15.1333 542
15.15 540
15.1667 538
15.1833 535
15.2 533
15.2167 530
15.2333 528
15.25 526
15.2667 523
15.2833 521
15.3 518
15.3167 516
15.3333 513
15.35 511
15.3667 508
15.3833 505
15.4 503
15.4167 500
15.4333 498
15.45 495
15.4667 493
15.4833 490
15.5 487
15.5167 485
15.5333 482
15.55 479
15.5667 477
15.5833 474
15.6 471
15.6167 469
15.6333 466
15.65 463
15.6667 460
15.6833 458
15.7 455
15.7167 452
15.7333 449
15.75 446
15.7667 444
15.7833 441
15.8 438
15.8167 435
15.8333 432
15.85 429
15.8667 427
15.8833 424
15.9 421
15.9167 418
15.9333 415
15.95 412
15.9667 409
15.9833 406
