9.0 367
9.0167 372
9.0333 375
9.05 378
9.0667 382
9.0833 385
9.1 389
9.1167 392
9.1333 395
9.15 399
9.1667 402
9.1833 405
9.2 409
9.2167 412
9.2333 415
9.25 419
9.2667 422
9.2833 425
9.3 429
9.3167 432
9.3333 435
9.35 439
9.3667 442
9.3833 445
9.4 449
9.4167 452
9.4333 455
9.45 458
9.4667 462
9.4833 465
9.5 468
9.5167 471
9.5333 475
9.55 478
9.5667 481
9.5833 484
9.6 487
9.6167 490
9.6333 494
9.65 497
9.6667 500
9.6833 503
9.7 506
9.7167 509
9.7333 512
9.75 516
9.7667 519
9.7833 522
9.8 525
9.8167 528
9.8333 531
9.85 534
9.8667 537
9.8833 540
9.9 543
9.9167 546
9.9333 549
9.95 552
9.9667 555
9.9833 558
10.0 561
10.0167 564
10.0333 566
10.05 569
10.0667 572
10.0833 575
10.1 578
10.1167 581
10.1333 584
10.15 586
10.1667 589
10.1833 592
10.2 595
10.2167 597
10.2333 600
10.25 603
10.2667 606
10.2833 608
10.3 611
10.3167 614
10.3333 616
10.35 619
10.3667 622
10.3833 624
10.4 627
10.4167 630
10.4333 632
10.45 635
10.4667 637
10.4833 640
10.5 642
10.5167 645
10.5333 647
10.55 650
10.5667 652
10.5833 655
10.6 657
10.6167 660
10.6333 662
10.65 664
10.6667 667
10.6833 669
10.7 671
10.7167 674
10.7333 676
10.75 678
10.7667 681
10.7833 683
10.8 685
10.8167 687
10.8333 690
10.85 692
10.8667 694
10.8833 696
10.9 698
10.9167 700
10.9333 702
10.95 705
10.9667 707
10.9833 709
11.0 711
11.0167 713
11.0333 715
11.05 717
11.0667 719
11.0833 721
11.1 723
11.1167 725
11.1333 727
11.15 728
11.1667 730
11.1833 732
11.2 734
11.2167 736
11.2333 738
11.25 739
11.2667 741
11.2833 743
11.3 745
11.3167 746
11.3333 748
11.35 750
11.3667 751
11.3833 753
11.4 755
11.4167 756
11.4333 758
11.45 759
11.4667 761
11.4833 763
11.5 764
11.5167 766
11.5333 767
11.55 769
11.5667 770
11.5833 771
11.6 773
11.6167 774
11.6333 776
11.65 777
11.6667 778
11.6833 780
11.7 781
11.7167 782
11.7333 783
11.75 785
11.7667 786
11.7833 787
11.8 788
11.8167 789
11.8333 791
11.85 792
11.8667 793
11.8833 794
11.9 795
11.9167 796
11.9333 797
11.95 798
11.9667 799
11.9833 800
12.0 801
12.0167 802
12.0333 803
12.05 804
12.0667 804
12.0833 805
12.1 806
12.1167 807
12.1333 808
12.15 809
12.1667 809
12.1833 810
12.2 811
12.2167 811
12.2333 812
12.25 813
12.2667 813
12.2833 814
12.3 815
12.3167 815
12.3333 816
12.35 816
12.3667 817
12.3833 817
12.4 818
12.4167 818
12.4333 819
12.45 819
12.4667 820
12.4833 820
12.5 820
12.5167 821
12.5333 821
12.55 821
12.5667 822
12.5833 822
12.6 822
12.6167 822
12.6333 822
12.65 823
12.6667 823
12.6833 823
12.7 823
12.7167 823
12.7333 823
12.75 823
12.7667 823
12.7833 823
12.8 823
12.8167 823
12.8333 823
12.85 823
12.8667 823
12.8833 823
12.9 823
12.9167 823
12.9333 823
12.95 822
12.9667 822
12.9833 822
13.0 822
13.0167 822
13.0333 821
13.05 821
13.0667 821
13.0833 820
13.1 820
13.1167 820
13.1333 819
13.15 819
13.1667 818
13.1833 818
13.2 817
13.2167 817
13.2333 816
13.25 816
13.2667 815
13.2833 815
13.3 814
13.3167 814
13.3333 813
13.35 812
13.3667 812
13.3833 811
13.4 810
13.4167 809
13.4333 809
13.45 808
13.4667 807
13.4833 806
13.5 805
13.5167 805
13.5333 804
13.55 803
13.5667 802
13.5833 801
13.6 800
13.6167 799
13.6333 798
13.65 797
13.6667 796
13.6833 795
13.7 794
13.7167 793
13.7333 792
13.75 791
13.7667 790
13.7833 788
13.8 787
13.8167 786
13.8333 785
13.85 784
13.8667 782
13.8833 781
13.9 780
13.9167 778
13.9333 777
13.95 776
13.9667 774
13.9833 773
14.0 772
14.0167 770
14.0333 769
14.05 767
14.0667 766
14.0833 764
14.1 763
14.1167 761
14.1333 760
14.15 758
14.1667 757
14.1833 755
14.2 753
14.2167 752
14.2333 750
14.25 748
14.2667 747
14.2833 745
14.3 743
14.3167 741
14.3333 740
14.35 738
14.3667 736
14.3833 734
14.4 732
14.4167 731
14.4333 729
14.45 727
14.4667 725
14.4833 723
14.5 721
14.5167 719
14.5333 717
14.55 715
14.5667 713
14.5833 711
14.6 709
14.6167 707
14.6333 705
14.65 703
14.6667 701
14.6833 699
14.7 696
14.7167 694
14.7333 692
14.75 690
14.7667 688
14.7833 685
14.8 683
14.8167 681
14.8333 679
14.85 676
14.8667 674
14.8833 672
14.9 669
14.9167 667
14.9333 665
14.95 662
14.9667 660
14.9833 657
15.0 656
15.0167 653
15.0333 651
15.05 648
15.0667 646
15.0833 643
15.1 641
15.1167 638
15.1333 636
15.15 633
15.1667 630
15.1833 628
15.2 625
15.2167 623
15.2333 620
15.25 617
15.2667 615
15.2833 612
15.3 609
15.3167 607
15.3333 604
15.35 601
15.3667 598
15.3833 596
15.4 593
15.4167 590
15.4333 587
15.45 584
15.4667 582
15.4833 579
15.5 576
15.5167 573
15.5333 570
15.55 567
15.5667 564
15.5833 562
15.6 559
15.6167 556
15.6333 553
15.65 550
15.6667 547
15.6833 544
15.7 541
15.7167 538
15.7333 535
15.75 532
15.7667 529
15.7833 526
15.8 523
15.8167 520
15.8333 516
15.85 513
15.8667 510
15.8833 507
15.9 504
15.9167 501
15.9333 498
15.95 495
15.9667 491
15.9833 488
