9.0 379
9.0167 384
9.0333 387
9.05 390
9.0667 394
9.0833 397
9.1 401
9.1167 404
9.1333 408
9.15 411
9.1667 414
9.1833 418
9.2 421
9.2167 425
9.2333 428
9.25 431
9.2667 435
9.2833 438
9.3 441
9.3167 445
9.3333 448
9.35 451
9.3667 455
9.3833 458
9.4 461
9.4167 465
9.4333 468
9.45 471
9.4667 475
9.4833 478
9.5 481
9.5167 484
9.5333 488
9.55 491
9.5667 494
9.5833 497
9.6 501
9.6167 504
9.6333 507
9.65 510
9.6667 513
9.6833 516
9.7 520
9.7167 523
9.7333 526
9.75 529
9.7667 532
9.7833 535
9.8 538
9.8167 541
9.8333 544
9.85 547
9.8667 550
9.8833 554
9.9 557
9.9167 560
9.9333 563
9.95 566
9.9667 568
9.9833 571
10.0 574
10.0167 577
10.0333 580
10.05 583
10.0667 586
10.0833 589
10.1 592
10.1167 595
10.1333 598
10.15 600
10.1667 603
10.1833 606
10.2 609
10.2167 612
10.2333 614
10.25 617
10.2667 620
10.2833 623
10.3 625
10.3167 628
10.3333 631
10.35 633
10.3667 636
10.3833 639
10.4 641
10.4167 644
10.4333 646
10.45 649
10.4667 652
10.4833 654
10.5 657
10.5167 659
10.5333 662
10.55 664
10.5667 667
10.5833 669
10.6 672
10.6167 674
10.6333 676
10.65 679
10.6667 681
10.6833 683
10.7 686
10.7167 688
10.7333 690
10.75 693
10.7667 695
10.7833 697
10.8 700
10.8167 702
10.8333 704
10.85 706
10.8667 708
10.8833 711
10.9 713
10.9167 715
10.9333 717
10.95 719
10.9667 721
10.9833 723
11.0 725
11.0167 727
11.0333 729
11.05 731
11.0667 733
11.0833 735
11.1 737
11.1167 739
11.1333 741
11.15 743
11.1667 745
11.1833 747
11.2 749
11.2167 750
11.2333 752
11.25 754
11.2667 756
11.2833 758
11.3 759
11.3167 761
11.3333 763
11.35 764
11.3667 766
11.3833 768
11.4 769
11.4167 771
11.4333 773
11.45 774
11.4667 776
11.4833 777
11.5 779
11.5167 780
11.5333 782
11.55 783
11.5667 785
11.5833 786
11.6 788
11.6167 789
11.6333 790
11.65 792
11.6667 793
11.6833 794
11.7 796
11.7167 797
11.7333 798
11.75 799
11.7667 801
11.7833 802
11.8 803
11.8167 804
11.8333 805
11.85 806
11.8667 808
11.8833 809
11.9 810
11.9167 811
11.9333 812
11.95 813
11.9667 814
11.9833 815
12.0 816
12.0167 817
12.0333 817
12.05 818
12.0667 819
12.0833 820
12.1 821
12.1167 822
12.1333 823
12.15 823
12.1667 824
12.1833 825
12.2 826
12.2167 826
12.2333 827
12.25 828
12.2667 828
12.2833 829
12.3 829
12.3167 830
12.3333 831
12.35 831
12.3667 832
12.3833 832
12.4 833
12.4167 833
12.4333 833
12.45 834
12.4667 834
12.4833 835
12.5 835
12.5167 835
12.5333 836
12.55 836
12.5667 836
12.5833 836
12.6 837
12.6167 837
12.6333 837
12.65 837
12.6667 837
12.6833 838
12.7 838
12.7167 838
12.7333 838
12.75 838
12.7667 838
12.7833 838
12.8 838
12.8167 838
12.8333 838
12.85 838
12.8667 838
12.8833 838
12.9 838
12.9167 837
12.9333 837
12.95 837
12.9667 837
12.9833 837
13.0 836
13.0167 836
13.0333 836
13.05 836
13.0667 835
13.0833 835
13.1 834
13.1167 834
13.1333 834
13.15 833
13.1667 833
13.1833 832
13.2 832
13.2167 831
13.2333 831
13.25 830
13.2667 830
13.2833 829
13.3 829
13.3167 828
13.3333 827
13.35 827
13.3667 826
13.3833 825
13.4 824
13.4167 824
13.4333 823
13.45 822
13.4667 821
13.4833 821
13.5 820
13.5167 819
13.5333 818
13.55 817
13.5667 816
13.5833 815
13.6 814
13.6167 813
13.6333 812
13.65 811
13.6667 810
13.6833 809
13.7 808
13.7167 807
13.7333 806
13.75 805
13.7667 804
13.7833 802
13.8 801
13.8167 800
13.8333 799
13.85 798
13.8667 796
13.8833 795
13.9 794
13.9167 792
13.9333 791
13.95 790
13.9667 788
13.9833 787
14.0 786
14.0167 784
14.0333 783
14.05 781
14.0667 780
14.0833 778
14.1 777
14.1167 775
14.1333 773
14.15 772
14.1667 770
14.1833 769
14.2 767
14.2167 765
14.2333 764
14.25 762
14.2667 760
14.2833 759
14.3 757
14.3167 755
14.3333 753
14.35 751
14.3667 750
14.3833 748
14.4 746
14.4167 744
14.4333 742
14.45 740
14.4667 738
14.4833 736
14.5 734
14.5167 733
14.5333 731
14.55 729
14.5667 726
14.5833 724
14.6 722
14.6167 720
14.6333 718
14.65 716
14.6667 714
14.6833 712
14.7 710
14.7167 707
14.7333 705
14.75 703
14.7667 701
14.7833 699
14.8 696
14.8167 694
14.8333 692
14.85 689
14.8667 687
14.8833 685
14.9 682
14.9167 680
14.9333 678
14.95 675
14.9667 673
14.9833 670
15.0 668
15.0167 666
15.0333 664
15.05 661
15.0667 659
15.0833 656
15.1 653
15.1167 651
15.1333 648
15.15 646
15.1667 643
15.1833 641
15.2 638
15.2167 635
15.2333 633
15.25 630
15.2667 627
15.2833 625
15.3 622
15.3167 619
15.3333 616
15.35 614
15.3667 611
15.3833 608
15.4 605
15.4167 602
15.4333 600
15.45 597
15.4667 594
15.4833 591
15.5 588
15.5167 585
15.5333 582
15.55 579
15.5667 576
15.5833 574
15.6 571
15.6167 568
15.6333 565
15.65 562
15.6667 559
15.6833 556
15.7 553
15.7167 550
15.7333 547
15.75 543
15.7667 540
15.7833 537
15.8 534
15.8167 531
15.8333 528
15.85 525
15.8667 522
15.8833 519
15.9 515
15.9167 512
15.9333 509
15.95 506
15.9667 503
15.9833 500
