9.0 499
9.0167 503
9.0333 507
9.05 510
9.0667 514
9.0833 517
9.1 520
9.1167 524
9.1333 527
9.15 530
9.1667 534
9.1833 537
9.2 540
9.2167 544
9.2333 547
9.25 550
9.2667 554
9.2833 557
9.3 560
9.3167 563
9.3333 567
9.35 570
9.3667 573
9.3833 576
9.4 580
9.4167 583
9.4333 586
9.45 589
9.4667 592
9.4833 595
9.5 599
9.5167 602
9.5333 605
9.55 608
9.5667 611
9.5833 614
9.6 617
9.6167 620
9.6333 623
9.65 626
9.6667 629
9.6833 632
9.7 635
9.7167 639
9.7333 641
9.75 644
9.7667 647
9.7833 650
9.8 653
9.8167 656
9.8333 659
9.85 662
9.8667 665
9.8833 668
9.9 671
9.9167 674
9.9333 676
9.95 679
9.9667 682
9.9833 685
10.0 688
10.0167 690
10.0333 693
10.05 696
10.0667 699
10.0833 701
10.1 704
10.1167 707
10.1333 709
10.15 712
10.1667 715
10.1833 717
10.2 720
10.2167 723
10.2333 725
10.25 728
10.2667 730
10.2833 733
10.3 735
10.3167 738
10.3333 740
10.35 743
10.3667 745
10.3833 748
10.4 750
10.4167 753
10.4333 755
10.45 757
10.4667 760
10.4833 762
10.5 765
10.5167 767
10.5333 769
10.55 772
10.5667 774
10.5833 776
10.6 778
10.6167 781
10.6333 783
10.65 785
10.6667 787
10.6833 789
10.7 792
10.7167 794
10.7333 796
10.75 798
10.7667 800
10.7833 802
10.8 804
10.8167 806
10.8333 808
10.85 810
10.8667 812
10.8833 814
10.9 816
10.9167 818
10.9333 820
10.95 822
10.9667 824
10.9833 826
11.0 828
11.0167 829
11.0333 831
11.05 833
11.0667 835
11.0833 837
11.1 838
11.1167 840
11.1333 842
11.15 843
11.1667 845
11.1833 847
11.2 848
11.2167 850
11.2333 852
11.25 853
11.2667 855
11.2833 856
11.3 858
11.3167 860
11.3333 861
11.35 863
11.3667 864
11.3833 865
11.4 867
11.4167 868
11.4333 870
11.45 871
11.4667 872
11.4833 874
11.5 875
11.5167 876
11.5333 878
11.55 879
11.5667 880
11.5833 881
11.6 883
11.6167 884
11.6333 885
11.65 886
11.6667 887
11.6833 888
11.7 890
11.7167 891
11.7333 892
11.75 893
11.7667 894
11.7833 895
11.8 896
11.8167 897
11.8333 898
11.85 899
11.8667 900
11.8833 900
11.9 901
11.9167 902
11.9333 903
11.95 904
11.9667 905
11.9833 905
12.0 906
12.0167 907
12.0333 908
12.05 908
12.0667 909
12.0833 910
12.1 910
12.1167 911
12.1333 912
12.15 912
12.1667 913
12.1833 913
12.2 914
12.2167 914
12.2333 915
12.25 915
12.2667 916
12.2833 916
12.3 917
12.3167 917
12.3333 917
12.35 918
12.3667 918
12.3833 918
12.4 919
12.4167 919
12.4333 919
12.45 919
12.4667 920
12.4833 920
12.5 920
12.5167 920
12.5333 920
12.55 920
12.5667 921
12.5833 921
12.6 921
12.6167 921
12.6333 921
12.65 921
12.6667 921
12.6833 921
12.7 921
12.7167 921
12.7333 921
12.75 920
12.7667 920
12.7833 920
12.8 920
12.8167 920
12.8333 920
12.85 919
12.8667 919
12.8833 919
12.9 919
12.9167 918
12.9333 918
12.95 918
12.9667 917
12.9833 917
13.0 916
13.0167 916
13.0333 916
13.05 915
13.0667 915
13.0833 914
13.1 914
13.1167 913
13.1333 913
13.15 912
13.1667 911
13.1833 911
13.2 910
13.2167 909
13.2333 909
13.25 908
13.2667 907
13.2833 907
13.3 906
13.3167 905
13.3333 904
13.35 904
13.3667 903
13.3833 902
13.4 901
13.4167 900
13.4333 899
13.45 898
13.4667 897
13.4833 896
13.5 895
13.5167 894
13.5333 893
13.55 892
13.5667 891
13.5833 890
13.6 889
13.6167 888
13.6333 887
13.65 886
13.6667 885
13.6833 883
13.7 882
13.7167 881
13.7333 880
13.75 878
13.7667 877
13.7833 876
13.8 875
13.8167 873
13.8333 872
13.85 871
13.8667 869
13.8833 868
13.9 866
13.9167 865
13.9333 863
13.95 862
13.9667 860
13.9833 859
14.0 857
14.0167 856
14.0333 854
14.05 853
14.0667 851
14.0833 849
14.1 848
14.1167 846
14.1333 844
14.15 843
14.1667 841
14.1833 839
14.2 838
14.2167 836
14.2333 834
14.25 832
14.2667 830
14.2833 829
14.3 827
14.3167 825
14.3333 823
14.35 821
14.3667 819
14.3833 817
14.4 815
14.4167 813
14.4333 811
14.45 809
14.4667 807
14.4833 805
14.5 803
14.5167 801
14.5333 799
14.55 797
14.5667 795
14.5833 793
14.6 791
14.6167 788
14.6333 786
14.65 784
14.6667 782
14.6833 780
14.7 777
14.7167 775
14.7333 773
14.75 771
14.7667 768
14.7833 766
14.8 764
14.8167 761
14.8333 759
14.85 756
14.8667 754
14.8833 752
14.9 749
14.9167 747
14.9333 744
14.95 742
14.9667 739
14.9833 737
15.0 735
15.0167 732
15.0333 729
15.05 727
15.0667 724
15.0833 722
15.1 719
15.1167 716
15.1333 714
15.15 711
15.1667 709
15.1833 706
15.2 703
15.2167 700
15.2333 698
15.25 695
15.2667 692
15.2833 689
15.3 687
15.3167 684
15.3333 681
15.35 678
15.3667 675
15.3833 673
15.4 670
15.4167 667
15.4333 664
15.45 661
15.4667 658
15.4833 655
15.5 652
15.5167 649
15.5333 646
15.55 643
15.5667 640
15.5833 638
15.6 634
15.6167 631
15.6333 628
15.65 625
15.6667 622
15.6833 619
15.7 616
15.7167 613
15.7333 610
15.75 607
15.7667 604
15.7833 601
15.8 598
15.8167 594
15.8333 591
15.85 588
15.8667 585
15.8833 582
15.9 578
15.9167 575
15.9333 572
15.95 569
15.9667 566
15.9833 562
