9.0 558
9.0167 561
9.0333 565
9.05 568
9.0667 572
9.0833 575
9.1 579
9.1167 582
9.1333 585
9.15 589
9.1667 592
9.1833 595
9.2 599
9.2167 602
9.2333 605
9.25 609
9.2667 612
9.2833 615
9.3 619
9.3167 622
9.3333 625
9.35 628
9.3667 632
9.3833 635
9.4 638
9.4167 641
9.4333 644
9.45 648
9.4667 651
9.4833 654
9.5 657
9.5167 660
9.5333 663
9.55 666
9.5667 670
9.5833 673
9.6 676
9.6167 679
9.6333 682
9.65 685
9.6667 688
9.6833 691
9.7 694
9.7167 697
9.7333 700
9.75 703
9.7667 706
9.7833 709
9.8 712
9.8167 715
9.8333 717
9.85 720
9.8667 723
9.8833 726
9.9 729
9.9167 732
9.9333 735
9.95 737
9.9667 740
9.9833 743
10.0 746
10.0167 748
10.0333 751
10.05 754
10.0667 757
10.0833 759
10.1 762
10.1167 765
10.1333 767
10.15 770
10.1667 773
10.1833 775
10.2 778
10.2167 780
10.2333 783
10.25 785
10.2667 788
10.2833 791
10.3 793
10.3167 796
10.3333 798
10.35 800
10.3667 803
10.3833 805
10.4 808
10.4167 810
10.4333 813
10.45 815
10.4667 817
10.4833 820
10.5 822
10.5167 824
10.5333 827
10.55 829
10.5667 831
10.5833 833
10.6 836
10.6167 838
10.6333 840
10.65 842
10.6667 844
10.6833 846
10.7 849
10.7167 851
10.7333 853
10.75 855
10.7667 857
10.7833 859
10.8 861
10.8167 863
10.8333 865
10.85 867
10.8667 869
10.8833 871
10.9 873
10.9167 875
10.9333 877
10.95 878
10.9667 880
10.9833 882
11.0 884
11.0167 886
11.0333 888
11.05 889
11.0667 891
11.0833 893
11.1 895
11.1167 896
11.1333 898
11.15 900
11.1667 901
11.1833 903
11.2 905
11.2167 906
11.2333 908
11.25 909
11.2667 911
11.2833 912
11.3 914
11.3167 915
11.3333 917
11.35 918
11.3667 920
11.3833 921
11.4 923
11.4167 924
11.4333 925
11.45 927
11.4667 928
11.4833 929
11.5 931
11.5167 932
11.5333 933
11.55 934
11.5667 936
11.5833 937
11.6 938
11.6167 939
11.6333 940
11.65 941
11.6667 942
11.6833 944
11.7 945
11.7167 946
11.7333 947
11.75 948
11.7667 949
11.7833 950
11.8 951
11.8167 952
11.8333 953
11.85 953
11.8667 954
11.8833 955
11.9 956
11.9167 957
11.9333 958
11.95 958
11.9667 959
11.9833 960
12.0 961
12.0167 961
12.0333 962
12.05 963
12.0667 963
12.0833 964
12.1 965
12.1167 965
12.1333 966
12.15 966
12.1667 967
12.1833 967
12.2 968
12.2167 968
12.2333 969
12.25 969
12.2667 970
12.2833 970
12.3 971
12.3167 971
12.3333 971
12.35 972
12.3667 972
12.3833 972
12.4 973
12.4167 973
12.4333 973
12.45 973
12.4667 973
12.4833 974
12.5 974
12.5167 974
12.5333 974
12.55 974
12.5667 974
12.5833 974
12.6 974
12.6167 974
12.6333 974
12.65 974
12.6667 974
12.6833 974
12.7 974
12.7167 974
12.7333 974
12.75 974
12.7667 974
12.7833 973
12.8 973
12.8167 973
12.8333 973
12.85 973
12.8667 972
12.8833 972
12.9 972
12.9167 971
12.9333 971
12.95 971
12.9667 970
12.9833 970
13.0 969
13.0167 969
13.0333 968
13.05 968
13.0667 967
13.0833 967
13.1 966
13.1167 966
13.1333 965
13.15 965
13.1667 964
13.1833 963
13.2 963
13.2167 962
13.2333 961
13.25 961
13.2667 960
13.2833 959
13.3 958
13.3167 958
13.3333 957
13.35 956
13.3667 955
13.3833 954
13.4 953
13.4167 952
13.4333 952
13.45 951
13.4667 950
13.4833 949
13.5 948
13.5167 947
13.5333 946
13.55 945
13.5667 944
13.5833 942
13.6 941
13.6167 940
13.6333 939
13.65 938
13.6667 937
13.6833 936
13.7 934
13.7167 933
13.7333 932
13.75 931
13.7667 929
13.7833 928
13.8 927
13.8167 925
13.8333 924
13.85 922
13.8667 921
13.8833 920
13.9 918
13.9167 917
13.9333 915
13.95 914
13.9667 912
13.9833 911
14.0 909
14.0167 908
14.0333 906
14.05 904
14.0667 903
14.0833 901
14.1 900
14.1167 898
14.1333 896
14.15 895
14.1667 893
14.1833 891
14.2 889
14.2167 888
14.2333 886
14.25 884
14.2667 882
14.2833 880
14.3 878
14.3167 877
14.3333 875
14.35 873
14.3667 871
14.3833 869
14.4 867
14.4167 865
14.4333 863
14.45 861
14.4667 859
14.4833 857
14.5 855
14.5167 853
14.5333 851
14.55 848
14.5667 846
14.5833 844
14.6 842
14.6167 840
14.6333 838
14.65 835
14.6667 833
14.6833 831
14.7 829
14.7167 826
14.7333 824
14.75 822
14.7667 820
14.7833 817
14.8 815
14.8167 812
14.8333 810
14.85 808
14.8667 805
14.8833 803
14.9 800
14.9167 798
14.9333 795
14.95 793
14.9667 790
14.9833 788
15.0 786
15.0167 783
15.0333 780
15.05 778
15.0667 775
15.0833 773
15.1 770
15.1167 767
15.1333 765
15.15 762
15.1667 759
15.1833 757
15.2 754
15.2167 751
15.2333 749
15.25 746
15.2667 743
15.2833 740
15.3 737
15.3167 735
15.3333 732
15.35 729
15.3667 726
15.3833 723
15.4 720
15.4167 718
15.4333 715
15.45 712
15.4667 709
15.4833 706
15.5 703
15.5167 700
15.5333 697
15.55 694
15.5667 691
15.5833 688
15.6 685
15.6167 682
15.6333 679
15.65 676
15.6667 673
15.6833 670
15.7 667
15.7167 663
15.7333 660
15.75 657
15.7667 654
15.7833 651
15.8 648
15.8167 644
15.8333 641
15.85 638
15.8667 635
15.8833 632
15.9 628
15.9167 625
15.9333 622
15.95 619
15.9667 615
15.9833 612
