9.0 514
9.0167 517
9.0333 520
9.05 523
9.0667 526
9.0833 529
9.1 533
9.1167 536
9.1333 539
9.15 542
9.1667 545
9.1833 548
9.2 551
9.2167 554
9.2333 557
9.25 561
9.2667 564
9.2833 567
9.3 570
9.3167 573
9.3333 576
9.35 579
9.3667 582
9.3833 585
9.4 588
9.4167 591
9.4333 594
9.45 597
9.4667 600
9.4833 603
9.5 605
9.5167 608
9.5333 611
9.55 614
9.5667 617
9.5833 620
9.6 623
9.6167 626
9.6333 629
9.65 631
9.6667 634
9.6833 637
9.7 640
9.7167 643
9.7333 645
9.75 648
9.7667 651
9.7833 654
9.8 656
9.8167 659
9.8333 662
9.85 665
9.8667 667
9.8833 670
9.9 673
9.9167 675
9.9333 678
9.95 681
9.9667 683
9.9833 686
10.0 688
10.0167 691
10.0333 694
10.05 696
10.0667 699
10.0833 701
10.1 704
10.1167 706
10.1333 709
10.15 711
10.1667 714
10.1833 716
10.2 719
10.2167 721
10.2333 723
10.25 726
10.2667 728
10.2833 730
10.3 733
10.3167 735
10.3333 738
10.35 740
10.3667 742
10.3833 744
10.4 747
10.4167 749
10.4333 751
10.45 753
10.4667 756
10.4833 758
10.5 760
10.5167 762
10.5333 764
10.55 767
10.5667 769
10.5833 771
10.6 773
10.6167 775
10.6333 777
10.65 779
10.6667 781
10.6833 783
10.7 785
10.7167 787
10.7333 789
10.75 791
10.7667 793
10.7833 795
10.8 797
10.8167 799
10.8333 801
10.85 803
10.8667 805
10.8833 806
10.9 808
10.9167 810
10.9333 812
10.95 814
10.9667 815
10.9833 817
11.0 819
11.0167 821
11.0333 822
11.05 824
11.0667 826
11.0833 827
11.1 829
11.1167 831
11.1333 832
11.15 834
11.1667 835
11.1833 837
11.2 839
11.2167 840
11.2333 842
11.25 843
11.2667 845
11.2833 846
11.3 847
11.3167 849
11.3333 850
11.35 852
11.3667 853
11.3833 854
11.4 856
11.4167 857
11.4333 858
11.45 860
11.4667 861
11.4833 862
11.5 863
11.5167 865
11.5333 866
11.55 867
11.5667 868
11.5833 869
11.6 871
11.6167 872
11.6333 873
11.65 874
11.6667 875
11.6833 876
11.7 877
11.7167 878
11.7333 879
11.75 880
11.7667 881
11.7833 882
11.8 883
11.8167 884
11.8333 885
11.85 886
11.8667 887
11.8833 887
11.9 888
11.9167 889
11.9333 890
11.95 891
11.9667 891
11.9833 892
12.0 893
12.0167 893
12.0333 894
12.05 895
12.0667 896
12.0833 896
12.1 897
12.1167 897
12.1333 898
12.15 898
12.1667 899
12.1833 900
12.2 900
12.2167 901
12.2333 901
12.25 901
12.2667 902
12.2833 902
12.3 903
12.3167 903
12.3333 904
12.35 904
12.3667 904
12.3833 905
12.4 905
12.4167 905
12.4333 905
12.45 906
12.4667 906
12.4833 906
12.5 906
12.5167 906
12.5333 906
12.55 907
12.5667 907
12.5833 907
12.6 907
12.6167 907
12.6333 907
12.65 907
12.6667 907
12.6833 907
12.7 907
12.7167 907
12.7333 907
12.75 907
12.7667 907
12.7833 907
12.8 906
12.8167 906
12.8333 906
12.85 906
12.8667 906
12.8833 905
12.9 905
12.9167 905
12.9333 905
12.95 904
12.9667 904
12.9833 904
13.0 903
13.0167 903
13.0333 903
13.05 902
13.0667 902
13.0833 901
13.1 901
13.1167 900
13.1333 900
13.15 899
13.1667 899
13.1833 898
13.2 898
13.2167 897
13.2333 896
13.25 896
13.2667 895
13.2833 894
13.3 894
13.3167 893
13.3333 892
13.35 892
13.3667 891
13.3833 890
13.4 889
13.4167 888
13.4333 888
13.45 887
13.4667 886
13.4833 885
13.5 884
13.5167 883
13.5333 882
13.55 881
13.5667 880
13.5833 879
13.6 878
13.6167 877
13.6333 876
13.65 875
13.6667 874
13.6833 873
13.7 872
13.7167 871
13.7333 870
13.75 869
13.7667 868
13.7833 866
13.8 865
13.8167 864
13.8333 863
13.85 861
13.8667 860
13.8833 859
13.9 858
13.9167 856
13.9333 855
13.95 854
13.9667 852
13.9833 851
14.0 849
14.0167 848
14.0333 847
14.05 845
14.0667 844
14.0833 842
14.1 841
14.1167 839
14.1333 837
14.15 836
14.1667 834
14.1833 833
14.2 831
14.2167 830
14.2333 828
14.25 826
14.2667 825
14.2833 823
14.3 821
14.3167 820
14.3333 818
14.35 816
14.3667 814
14.3833 812
14.4 811
14.4167 809
14.4333 807
14.45 805
14.4667 803
14.4833 801
14.5 800
14.5167 798
14.5333 796
14.55 794
14.5667 792
14.5833 790
14.6 788
14.6167 786
14.6333 784
14.65 782
14.6667 780
14.6833 778
14.7 776
14.7167 774
14.7333 772
14.75 769
14.7667 767
14.7833 765
14.8 763
14.8167 761
14.8333 759
14.85 756
14.8667 754
14.8833 752
14.9 750
14.9167 748
14.9333 745
14.95 743
14.9667 741
14.9833 738
15.0 736
15.0167 734
15.0333 731
15.05 729
15.0667 727
15.0833 724
15.1 722
15.1167 719
15.1333 717
15.15 715
15.1667 712
15.1833 710
15.2 707
15.2167 705
15.2333 702
15.25 700
15.2667 697
15.2833 695
15.3 692
15.3167 689
15.3333 687
15.35 684
15.3667 682
15.3833 679
15.4 676
15.4167 674
15.4333 671
15.45 668
15.4667 666
15.4833 663
15.5 660
15.5167 658
15.5333 655
15.55 652
15.5667 649
15.5833 647
15.6 644
15.6167 641
15.6333 638
15.65 635
15.6667 633
15.6833 630
15.7 627
15.7167 624
15.7333 621
15.75 618
15.7667 615
15.7833 613
15.8 610
15.8167 607
15.8333 604
15.85 601
15.8667 598
15.8833 595
15.9 592
15.9167 589
15.9333 586
15.95 583
15.9667 580
15.9833 577
