9.0 467
9.0167 470
9.0333 473
9.05 476
9.0667 480
9.0833 483
9.1 486
9.1167 490
9.1333 493
9.15 496
9.1667 499
9.1833 503
9.2 506
9.2167 509
9.2333 512
9.25 516
9.2667 519
9.2833 522
9.3 525
9.3167 529
9.3333 532
9.35 535
9.3667 538
9.3833 541
9.4 544
9.4167 548
9.4333 551
9.45 554
9.4667 557
9.4833 560
9.5 563
9.5167 566
9.5333 569
9.55 572
9.5667 575
9.5833 579
9.6 582
9.6167 585
9.6333 588
9.65 591
9.6667 594
9.6833 597
9.7 600
9.7167 603
9.7333 606
9.75 609
9.7667 612
9.7833 614
9.8 617
9.8167 620
9.8333 623
9.85 626
9.8667 629
9.8833 632
9.9 635
9.9167 638
9.9333 640
9.95 643
9.9667 646
9.9833 649
10.0 652
10.0167 654
10.0333 657
10.05 660
10.0667 663
10.0833 665
10.1 668
10.1167 671
10.1333 673
10.15 676
10.1667 679
10.1833 681
10.2 684
10.2167 687
10.2333 689
10.25 692
10.2667 694
10.2833 697
10.3 700
10.3167 702
10.3333 705
10.35 707
10.3667 710
10.3833 712
10.4 715
10.4167 717
10.4333 720
10.45 722
10.4667 724
10.4833 727
10.5 729
10.5167 732
10.5333 734
10.55 736
10.5667 739
10.5833 741
10.6 743
10.6167 745
10.6333 748
10.65 750
10.6667 752
10.6833 754
10.7 757
10.7167 759
10.7333 761
10.75 763
10.7667 765
10.7833 768
10.8 770
10.8167 772
10.8333 774
10.85 776
10.8667 778
10.8833 780
10.9 782
10.9167 784
10.9333 786
10.95 788
10.9667 790
10.9833 792
11.0 794
11.0167 796
11.0333 798
11.05 800
11.0667 801
11.0833 803
11.1 805
11.1167 807
11.1333 809
11.15 811
11.1667 812
11.1833 814
11.2 816
11.2167 818
11.2333 819
11.25 821
11.2667 823
11.2833 824
11.3 826
11.3167 828
11.3333 829
11.35 831
11.3667 832
11.3833 834
11.4 835
11.4167 837
11.4333 838
11.45 840
11.4667 841
11.4833 843
11.5 844
11.5167 846
11.5333 847
11.55 848
11.5667 850
11.5833 851
11.6 853
11.6167 854
11.6333 855
11.65 856
11.6667 858
11.6833 859
11.7 860
11.7167 861
11.7333 863
11.75 864
11.7667 865
11.7833 866
11.8 867
11.8167 868
11.8333 869
11.85 870
11.8667 871
11.8833 872
11.9 873
11.9167 874
11.9333 875
11.95 876
11.9667 877
11.9833 878
12.0 879
12.0167 880
12.0333 881
12.05 882
12.0667 883
12.0833 883
12.1 884
12.1167 885
12.1333 886
12.15 886
12.1667 887
12.1833 888
12.2 889
12.2167 889
12.2333 890
12.25 890
12.2667 891
12.2833 892
12.3 892
12.3167 893
12.3333 893
12.35 894
12.3667 894
12.3833 895
12.4 895
12.4167 896
12.4333 896
12.45 897
12.4667 897
12.4833 897
12.5 898
12.5167 898
12.5333 898
12.55 899
12.5667 899
12.5833 899
12.6 899
12.6167 900
12.6333 900
12.65 900
12.6667 900
12.6833 900
12.7 900
12.7167 900
12.7333 901
12.75 901
12.7667 901
12.7833 901
12.8 901
12.8167 901
12.8333 901
12.85 901
12.8667 901
12.8833 900
12.9 900
12.9167 900
12.9333 900
12.95 900
12.9667 900
12.9833 900
13.0 899
13.0167 899
13.0333 899
13.05 899
13.0667 898
13.0833 898
13.1 898
13.1167 897
13.1333 897
13.15 897
13.1667 896
13.1833 896
13.2 895
13.2167 895
13.2333 894
13.25 894
13.2667 893
13.2833 893
13.3 892
13.3167 892
13.3333 891
13.35 891
13.3667 890
13.3833 889
13.4 889
13.4167 888
13.4333 887
13.45 887
13.4667 886
13.4833 885
13.5 884
13.5167 884
13.5333 883
13.55 882
13.5667 881
13.5833 880
13.6 879
13.6167 878
13.6333 878
13.65 877
13.6667 876
13.6833 875
13.7 874
13.7167 873
13.7333 872
13.75 871
13.7667 870
13.7833 868
13.8 867
13.8167 866
13.8333 865
13.85 864
13.8667 863
13.8833 862
13.9 860
13.9167 859
13.9333 858
13.95 857
13.9667 855
13.9833 854
14.0 853
14.0167 852
14.0333 850
14.05 849
14.0667 847
14.0833 846
14.1 845
14.1167 843
14.1333 842
14.15 840
14.1667 839
14.1833 837
14.2 836
14.2167 834
14.2333 833
14.25 831
14.2667 830
14.2833 828
14.3 826
14.3167 825
14.3333 823
14.35 821
14.3667 820
14.3833 818
14.4 816
14.4167 815
14.4333 813
14.45 811
14.4667 809
14.4833 807
14.5 806
14.5167 804
14.5333 802
14.55 800
14.5667 798
14.5833 796
14.6 794
14.6167 792
14.6333 791
14.65 789
14.6667 787
14.6833 785
14.7 783
14.7167 781
14.7333 778
14.75 776
14.7667 774
14.7833 772
14.8 770
14.8167 768
14.8333 766
14.85 764
14.8667 762
14.8833 759
14.9 757
14.9167 755
14.9333 753
14.95 751
14.9667 748
14.9833 746
15.0 744
15.0167 741
15.0333 739
15.05 737
15.0667 734
15.0833 732
15.1 730
15.1167 727
15.1333 725
15.15 722
15.1667 720
15.1833 717
15.2 715
15.2167 713
15.2333 710
15.25 708
15.2667 705
15.2833 702
15.3 700
15.3167 697
15.3333 695
15.35 692
15.3667 690
15.3833 687
15.4 684
15.4167 682
15.4333 679
15.45 676
15.4667 674
15.4833 671
15.5 668
15.5167 666
15.5333 663
15.55 660
15.5667 658
15.5833 655
15.6 652
15.6167 649
15.6333 646
15.65 644
15.6667 641
15.6833 638
15.7 635
15.7167 632
15.7333 629
15.75 627
15.7667 624
15.7833 621
15.8 618
15.8167 615
15.8333 612
15.85 609
15.8667 606
15.8833 603
15.9 600
15.9167 597
15.9333 594
15.95 591
15.9667 588
15.9833 585
