9.0 445
9.0167 448
9.0333 451
9.05 454
9.0667 458
9.0833 461
9.1 464
9.1167 467
9.1333 471
9.15 474
9.1667 477
9.1833 480
9.2 484
9.2167 487
9.2333 490
9.25 493
9.2667 496
9.2833 500
9.3 503
9.3167 506
9.3333 509
9.35 512
9.3667 515
9.3833 518
9.4 522
9.4167 525
9.4333 528
9.45 531
9.4667 534
9.4833 537
9.5 540
9.5167 543
9.5333 546
9.55 549
9.5667 552
9.5833 555
9.6 558
9.6167 562
9.6333 565
9.65 568
9.6667 570
9.6833 573
9.7 576
9.7167 579
9.7333 582
9.75 585
9.7667 588
9.7833 591
9.8 594
9.8167 597
9.8333 600
9.85 603
9.8667 605
9.8833 608
9.9 611
9.9167 614
9.9333 617
9.95 620
9.9667 622
9.9833 625
10.0 628
10.0167 631
10.0333 633
10.05 636
10.0667 639
10.0833 642
10.1 644
10.1167 647
10.1333 650
10.15 652
10.1667 655
10.1833 658
10.2 660
10.2167 663
10.2333 665
10.25 668
10.2667 670
10.2833 673
10.3 676
10.3167 678
10.3333 681
10.35 683
10.3667 686
10.3833 688
10.4 691
10.4167 693
10.4333 695
10.45 698
10.4667 700
10.4833 703
10.5 705
10.5167 707
10.5333 710
10.55 712
10.5667 714
10.5833 717
10.6 719
10.6167 721
10.6333 723
10.65 726
10.6667 728
10.6833 730
10.7 732
10.7167 735
10.7333 737
10.75 739
10.7667 741
10.7833 743
10.8 745
10.8167 747
10.8333 749
10.85 751
10.8667 753
10.8833 756
10.9 758
10.9167 760
10.9333 762
10.95 763
10.9667 765
10.9833 767
11.0 769
11.0167 771
11.0333 773
11.05 775
11.0667 777
11.0833 779
11.1 780
11.1167 782
11.1333 784
11.15 786
11.1667 788
11.1833 789
11.2 791
11.2167 793
11.2333 794
11.25 796
11.2667 798
11.2833 799
11.3 801
11.3167 803
11.3333 804
11.35 806
11.3667 807
11.3833 809
11.4 810
11.4167 812
11.4333 813
11.45 815
11.4667 816
11.4833 818
11.5 819
11.5167 821
11.5333 822
11.55 823
11.5667 825
11.5833 826
11.6 827
11.6167 829
11.6333 830
11.65 831
11.6667 833
11.6833 834
11.7 835
11.7167 836
11.7333 837
11.75 839
11.7667 840
11.7833 841
11.8 842
11.8167 843
11.8333 844
11.85 845
11.8667 846
11.8833 847
11.9 848
11.9167 849
11.9333 850
11.95 851
11.9667 852
11.9833 853
12.0 854
12.0167 855
12.0333 856
12.05 856
12.0667 857
12.0833 858
12.1 859
12.1167 860
12.1333 860
12.15 861
12.1667 862
12.1833 862
12.2 863
12.2167 864
12.2333 864
12.25 865
12.2667 866
12.2833 866
12.3 867
12.3167 867
12.3333 868
12.35 868
12.3667 869
12.3833 869
12.4 870
12.4167 870
12.4333 871
12.45 871
12.4667 871
12.4833 872
12.5 872
12.5167 872
12.5333 873
12.55 873
12.5667 873
12.5833 873
12.6 874
12.6167 874
12.6333 874
12.65 874
12.6667 874
12.6833 874
12.7 875
12.7167 875
12.7333 875
12.75 875
12.7667 875
12.7833 875
12.8 875
12.8167 875
12.8333 875
12.85 875
12.8667 875
12.8833 875
12.9 874
12.9167 874
12.9333 874
12.95 874
12.9667 874
12.9833 874
13.0 873
13.0167 873
13.0333 873
13.05 873
13.0667 872
13.0833 872
13.1 872
13.1167 871
13.1333 871
13.15 871
13.1667 870
13.1833 870
13.2 869
13.2167 869
13.2333 868
13.25 868
13.2667 867
13.2833 867
13.3 866
13.3167 866
13.3333 865
13.35 864
13.3667 864
13.3833 863
13.4 862
13.4167 862
13.4333 861
13.45 860
13.4667 860
13.4833 859
13.5 858
13.5167 857
13.5333 856
13.55 856
13.5667 855
13.5833 854
13.6 853
13.6167 852
13.6333 851
13.65 850
13.6667 849
13.6833 848
13.7 847
13.7167 846
13.7333 845
13.75 844
13.7667 843
13.7833 842
13.8 841
13.8167 840
13.8333 839
13.85 837
13.8667 836
13.8833 835
13.9 834
13.9167 833
13.9333 831
13.95 830
13.9667 829
13.9833 827
14.0 826
14.0167 825
14.0333 823
14.05 822
14.0667 821
14.0833 819
14.1 818
14.1167 816
14.1333 815
14.15 814
14.1667 812
14.1833 811
14.2 809
14.2167 807
14.2333 806
14.25 804
14.2667 803
14.2833 801
14.3 799
14.3167 798
14.3333 796
14.35 795
14.3667 793
14.3833 791
14.4 789
14.4167 788
14.4333 786
14.45 784
14.4667 782
14.4833 781
14.5 779
14.5167 777
14.5333 775
14.55 773
14.5667 771
14.5833 769
14.6 767
14.6167 765
14.6333 764
14.65 762
14.6667 760
14.6833 758
14.7 756
14.7167 753
14.7333 751
14.75 749
14.7667 747
14.7833 745
14.8 743
14.8167 741
14.8333 739
14.85 737
14.8667 735
14.8833 732
14.9 730
14.9167 728
14.9333 726
14.95 723
14.9667 721
14.9833 719
15.0 716
15.0167 714
15.0333 712
15.05 709
15.0667 707
15.0833 705
15.1 702
15.1167 700
15.1333 698
15.15 695
15.1667 693
15.1833 690
15.2 688
15.2167 685
15.2333 683
15.25 680
15.2667 678
15.2833 675
15.3 673
15.3167 670
15.3333 668
15.35 665
15.3667 662
15.3833 660
15.4 657
15.4167 655
15.4333 652
15.45 649
15.4667 647
15.4833 644
15.5 641
15.5167 639
15.5333 636
15.55 633
15.5667 630
15.5833 628
15.6 625
15.6167 622
15.6333 619
15.65 616
15.6667 614
15.6833 611
15.7 608
15.7167 605
15.7333 602
15.75 599
15.7667 597
15.7833 594
15.8 591
15.8167 588
15.8333 585
15.85 582
15.8667 579
15.8833 576
15.9 573
15.9167 570
15.9333 567
15.95 564
15.9667 561
15.9833 558
