9.0 445
9.0167 449
9.0333 452
9.05 455
9.0667 458
9.0833 462
9.1 465
9.1167 468
9.1333 471
9.15 475
9.1667 478
9.1833 481
9.2 484
9.2167 487
9.2333 491
9.25 494
9.2667 497
9.2833 500
9.3 503
9.3167 507
9.3333 510
9.35 513
9.3667 516
9.3833 519
9.4 522
9.4167 525
9.4333 528
9.45 532
9.4667 535
9.4833 538
9.5 541
9.5167 544
9.5333 547
9.55 550
9.5667 553
9.5833 556
9.6 559
9.6167 562
9.6333 565
9.65 568
9.6667 571
9.6833 574
9.7 577
9.7167 580
9.7333 583
9.75 586
9.7667 589
9.7833 592
9.8 595
9.8167 597
9.8333 600
9.85 603
9.8667 606
9.8833 609
9.9 612
9.9167 614
9.9333 617
9.95 620
9.9667 623
9.9833 626
10.0 628
10.0167 631
10.0333 634
10.05 637
10.0667 639
10.0833 642
10.1 645
10.1167 647
10.1333 650
10.15 653
10.1667 655
10.1833 658
10.2 661
10.2167 663
10.2333 666
10.25 668
10.2667 671
10.2833 673
10.3 676
10.3167 679
10.3333 681
10.35 684
10.3667 686
10.3833 688
10.4 691
10.4167 693
10.4333 696
10.45 698
10.4667 701
10.4833 703
10.5 705
10.5167 708
10.5333 710
10.55 712
10.5667 715
10.5833 717
10.6 719
10.6167 722
10.6333 724
10.65 726
10.6667 728
10.6833 731
10.7 733
10.7167 735
10.7333 737
10.75 739
10.7667 741
10.7833 743
10.8 746
10.8167 748
10.8333 750
10.85 752
10.8667 754
10.8833 756
10.9 758
10.9167 760
10.9333 762
10.95 764
10.9667 766
10.9833 768
11.0 770
11.0167 772
11.0333 773
11.05 775
11.0667 777
11.0833 779
11.1 781
11.1167 783
11.1333 784
11.15 786
11.1667 788
11.1833 790
11.2 791
11.2167 793
11.2333 795
11.25 797
11.2667 798
11.2833 800
11.3 801
11.3167 803
11.3333 805
11.35 806
11.3667 808
11.3833 809
11.4 811
11.4167 812
11.4333 814
11.45 815
11.4667 817
11.4833 818
11.5 820
11.5167 821
11.5333 822
11.55 824
11.5667 825
11.5833 827
11.6 828
11.6167 829
11.6333 830
11.65 832
11.6667 833
11.6833 834
11.7 835
11.7167 837
11.7333 838
11.75 839
11.7667 840
11.7833 841
11.8 842
11.8167 843
11.8333 844
11.85 845
11.8667 847
11.8833 848
11.9 849
11.9167 850
11.9333 850
11.95 851
11.9667 852
11.9833 853
12.0 854
12.0167 855
12.0333 856
12.05 857
12.0667 858
12.0833 858
12.1 859
12.1167 860
12.1333 861
12.15 861
12.1667 862
12.1833 863
12.2 863
12.2167 864
12.2333 865
12.25 865
12.2667 866
12.2833 867
12.3 867
12.3167 868
12.3333 868
12.35 869
12.3667 869
12.3833 870
12.4 870
12.4167 870
12.4333 871
12.45 871
12.4667 872
12.4833 872
12.5 872
12.5167 873
12.5333 873
12.55 873
12.5667 874
12.5833 874
12.6 874
12.6167 874
12.6333 874
12.65 875
12.6667 875
12.6833 875
12.7 875
12.7167 875
12.7333 875
12.75 875
12.7667 875
12.7833 875
12.8 875
12.8167 875
12.8333 875
12.85 875
12.8667 875
12.8833 875
12.9 875
12.9167 875
12.9333 875
12.95 874
12.9667 874
12.9833 874
13.0 874
13.0167 874
13.0333 873
13.05 873
13.0667 873
13.0833 872
13.1 872
13.1167 872
13.1333 871
13.15 871
13.1667 871
13.1833 870
13.2 870
13.2167 869
13.2333 869
13.25 868
13.2667 868
13.2833 867
13.3 867
13.3167 866
13.3333 866
13.35 865
13.3667 864
13.3833 864
13.4 863
13.4167 862
13.4333 862
13.45 861
13.4667 860
13.4833 859
13.5 859
13.5167 858
13.5333 857
13.55 856
13.5667 855
13.5833 854
13.6 854
13.6167 853
13.6333 852
13.65 851
13.6667 850
13.6833 849
13.7 848
13.7167 847
13.7333 846
13.75 845
13.7667 844
13.7833 843
13.8 841
13.8167 840
13.8333 839
13.85 838
13.8667 837
13.8833 836
13.9 834
13.9167 833
13.9333 832
13.95 831
13.9667 829
13.9833 828
14.0 827
14.0167 826
14.0333 824
14.05 823
14.0667 821
14.0833 820
14.1 819
14.1167 817
14.1333 816
14.15 814
14.1667 813
14.1833 811
14.2 810
14.2167 808
14.2333 807
14.25 805
14.2667 803
14.2833 802
14.3 800
14.3167 799
14.3333 797
14.35 795
14.3667 794
14.3833 792
14.4 790
14.4167 788
14.4333 787
14.45 785
14.4667 783
14.4833 781
14.5 780
14.5167 778
14.5333 776
14.55 774
14.5667 772
14.5833 770
14.6 768
14.6167 766
14.6333 764
14.65 762
14.6667 760
14.6833 758
14.7 756
14.7167 754
14.7333 752
14.75 750
14.7667 748
14.7833 746
14.8 744
14.8167 742
14.8333 740
14.85 738
14.8667 735
14.8833 733
14.9 731
14.9167 729
14.9333 727
14.95 724
14.9667 722
14.9833 720
15.0 717
15.0167 715
15.0333 713
15.05 710
15.0667 708
15.0833 706
15.1 703
15.1167 701
15.1333 699
15.15 696
15.1667 694
15.1833 691
15.2 689
15.2167 686
15.2333 684
15.25 681
15.2667 679
15.2833 676
15.3 674
15.3167 671
15.3333 669
15.35 666
15.3667 664
15.3833 661
15.4 658
15.4167 656
15.4333 653
15.45 650
15.4667 648
15.4833 645
15.5 642
15.5167 640
15.5333 637
15.55 634
15.5667 632
15.5833 629
15.6 626
15.6167 623
15.6333 620
15.65 618
15.6667 615
15.6833 612
15.7 609
15.7167 606
15.7333 604
15.75 601
15.7667 598
15.7833 595
15.8 592
15.8167 589
15.8333 586
15.85 583
15.8667 580
15.8833 577
15.9 574
15.9167 571
15.9333 568
15.95 565
15.9667 562
15.9833 559
