9.0 459
9.0167 463
9.0333 466
9.05 470
9.0667 473
9.0833 477
9.1 480
9.1167 483
9.1333 487
9.15 490
9.1667 494
9.1833 497
9.2 500
9.2167 504
9.2333 507
9.25 511
9.2667 514
9.2833 517
9.3 521
9.3167 524
9.3333 527
9.35 531
9.3667 534
9.3833 537
9.4 540
9.4167 544
9.4333 547
9.45 550
9.4667 553
9.4833 557
9.5 560
9.5167 563
9.5333 566
9.55 570
9.5667 573
9.5833 576
9.6 579
9.6167 582
9.6333 585
9.65 588
9.6667 592
9.6833 595
9.7 598
9.7167 601
9.7333 604
9.75 607
9.7667 610
9.7833 613
9.8 616
9.8167 619
9.8333 622
9.85 625
9.8667 628
9.8833 631
9.9 634
9.9167 637
9.9333 640
9.95 643
9.9667 646
9.9833 649
10.0 651
10.0167 654
10.0333 657
10.05 660
10.0667 663
10.0833 666
10.1 668
10.1167 671
10.1333 674
10.15 677
10.1667 679
10.1833 682
10.2 685
10.2167 688
10.2333 690
10.25 693
10.2667 696
10.2833 698
10.3 701
10.3167 703
10.3333 706
10.35 709
10.3667 711
10.3833 714
10.4 716
10.4167 719
10.4333 721
10.45 724
10.4667 726
10.4833 729
10.5 731
10.5167 734
10.5333 736
10.55 738
10.5667 741
10.5833 743
10.6 745
10.6167 748
10.6333 750
10.65 752
10.6667 755
10.6833 757
10.7 759
10.7167 761
10.7333 764
10.75 766
10.7667 768
10.7833 770
10.8 772
10.8167 775
10.8333 777
10.85 779
10.8667 781
10.8833 783
10.9 785
10.9167 787
10.9333 789
10.95 791
10.9667 793
10.9833 795
11.0 797
11.0167 799
11.0333 801
11.05 803
11.0667 805
11.0833 806
11.1 808
11.1167 810
11.1333 812
11.15 814
11.1667 815
11.1833 817
11.2 819
11.2167 821
11.2333 822
11.25 824
11.2667 826
11.2833 827
11.3 829
11.3167 831
11.3333 832
11.35 834
11.3667 835
11.3833 837
11.4 838
11.4167 840
11.4333 841
11.45 843
11.4667 844
11.4833 846
11.5 847
11.5167 849
11.5333 850
11.55 851
11.5667 853
11.5833 854
11.6 855
11.6167 857
11.6333 858
11.65 859
11.6667 860
11.6833 861
11.7 863
11.7167 864
11.7333 865
11.75 866
11.7667 867
11.7833 868
11.8 869
11.8167 870
11.8333 871
11.85 872
11.8667 873
11.8833 874
11.9 875
11.9167 876
11.9333 877
11.95 878
11.9667 879
11.9833 880
12.0 881
12.0167 882
12.0333 882
12.05 883
12.0667 884
12.0833 885
12.1 885
12.1167 886
12.1333 887
12.15 887
12.1667 888
12.1833 889
12.2 889
12.2167 890
12.2333 891
12.25 891
12.2667 892
12.2833 892
12.3 893
12.3167 893
12.3333 893
12.35 894
12.3667 894
12.3833 895
12.4 895
12.4167 895
12.4333 896
12.45 896
12.4667 896
12.4833 897
12.5 897
12.5167 897
12.5333 897
12.55 898
12.5667 898
12.5833 898
12.6 898
12.6167 898
12.6333 898
12.65 898
12.6667 898
12.6833 898
12.7 898
12.7167 898
12.7333 898
12.75 898
12.7667 898
12.7833 898
12.8 898
12.8167 898
12.8333 898
12.85 898
12.8667 897
12.8833 897
12.9 897
12.9167 897
12.9333 896
12.95 896
12.9667 896
12.9833 896
13.0 895
13.0167 895
13.0333 895
13.05 894
13.0667 894
13.0833 893
13.1 893
13.1167 892
13.1333 892
13.15 891
13.1667 891
13.1833 890
13.2 890
13.2167 889
13.2333 888
13.25 888
13.2667 887
13.2833 886
13.3 886
13.3167 885
13.3333 884
13.35 883
13.3667 883
13.3833 882
13.4 881
13.4167 880
13.4333 879
13.45 879
13.4667 878
13.4833 877
13.5 876
13.5167 875
13.5333 874
13.55 873
13.5667 872
13.5833 871
13.6 870
13.6167 869
13.6333 868
13.65 867
13.6667 865
13.6833 864
13.7 863
13.7167 862
13.7333 861
13.75 860
13.7667 858
13.7833 857
13.8 856
13.8167 854
13.8333 853
13.85 852
13.8667 850
13.8833 849
13.9 848
13.9167 846
13.9333 845
13.95 843
13.9667 842
13.9833 841
14.0 839
14.0167 838
14.0333 836
14.05 834
14.0667 833
14.0833 831
14.1 830
14.1167 828
14.1333 826
14.15 825
14.1667 823
14.1833 821
14.2 820
14.2167 818
14.2333 816
14.25 814
14.2667 813
14.2833 811
14.3 809
14.3167 807
14.3333 805
14.35 803
14.3667 802
14.3833 800
14.4 798
14.4167 796
14.4333 794
14.45 792
14.4667 790
14.4833 788
14.5 786
14.5167 784
14.5333 782
14.55 780
14.5667 777
14.5833 775
14.6 773
14.6167 771
14.6333 769
14.65 767
14.6667 765
14.6833 762
14.7 760
14.7167 758
14.7333 756
14.75 753
14.7667 751
14.7833 749
14.8 746
14.8167 744
14.8333 742
14.85 739
14.8667 737
14.8833 735
14.9 732
14.9167 730
14.9333 727
14.95 725
14.9667 722
14.9833 720
15.0 718
15.0167 715
15.0333 712
15.05 710
15.0667 707
15.0833 705
15.1 702
15.1167 700
15.1333 697
15.15 694
15.1667 692
15.1833 689
15.2 686
15.2167 684
15.2333 681
15.25 678
15.2667 675
15.2833 673
15.3 670
15.3167 667
15.3333 664
15.35 661
15.3667 659
15.3833 656
15.4 653
15.4167 650
15.4333 647
15.45 644
15.4667 641
15.4833 638
15.5 635
15.5167 633
15.5333 630
15.55 627
15.5667 624
15.5833 621
15.6 618
15.6167 615
15.6333 612
15.65 609
15.6667 605
15.6833 602
15.7 599
15.7167 596
15.7333 593
15.75 590
15.7667 587
15.7833 584
15.8 581
15.8167 577
15.8333 574
15.85 571
15.8667 568
15.8833 565
15.9 561
15.9167 558
15.9333 555
15.95 552
15.9667 549
15.9833 545
