9.0 454
9.0167 457
9.0333 460
9.05 463
9.0667 466
9.0833 469
9.1 472
9.1167 475
9.1333 478
9.15 481
9.1667 484
9.1833 487
9.2 490
9.2167 493
9.2333 496
9.25 499
9.2667 502
9.2833 504
9.3 507
9.3167 510
9.3333 513
9.35 516
9.3667 519
9.3833 522
9.4 525
9.4167 528
9.4333 530
9.45 533
9.4667 536
9.4833 539
9.5 542
9.5167 544
9.5333 547
9.55 550
9.5667 553
9.5833 556
9.6 558
9.6167 561
9.6333 564
9.65 567
9.6667 569
9.6833 572
9.7 575
9.7167 577
9.7333 580
9.75 583
9.7667 586
9.7833 588
9.8 591
9.8167 593
9.8333 596
9.85 599
9.8667 601
9.8833 604
9.9 606
9.9167 609
9.9333 612
9.95 614
9.9667 617
9.9833 619
10.0 622
10.0167 624
10.0333 627
10.05 629
10.0667 632
10.0833 634
10.1 637
10.1167 639
10.1333 641
10.15 644
10.1667 646
10.1833 649
10.2 651
10.2167 653
10.2333 656
10.25 658
10.2667 660
10.2833 663
10.3 665
10.3167 667
10.3333 670
10.35 672
10.3667 674
10.3833 676
10.4 679
10.4167 681
10.4333 683
10.45 685
10.4667 687
10.4833 690
10.5 692
10.5167 694
10.5333 696
10.55 698
10.5667 700
10.5833 702
10.6 704
10.6167 706
10.6333 708
10.65 711
10.6667 713
10.6833 715
10.7 717
10.7167 719
10.7333 720
10.75 722
10.7667 724
10.7833 726
10.8 728
10.8167 730
10.8333 732
10.85 734
10.8667 736
10.8833 737
10.9 739
10.9167 741
10.9333 743
10.95 745
10.9667 746
10.9833 748
11.0 750
11.0167 752
11.0333 753
11.05 755
11.0667 757
11.0833 758
11.1 760
11.1167 762
11.1333 763
11.15 765
11.1667 766
11.1833 768
11.2 769
11.2167 771
11.2333 772
11.25 774
11.2667 775
11.2833 777
11.3 778
11.3167 780
11.3333 781
11.35 783
11.3667 784
11.3833 785
11.4 787
11.4167 788
11.4333 789
11.45 791
11.4667 792
11.4833 793
11.5 794
11.5167 796
11.5333 797
11.55 798
11.5667 799
11.5833 800
11.6 802
11.6167 803
11.6333 804
11.65 805
11.6667 806
11.6833 807
11.7 808
11.7167 809
11.7333 810
11.75 811
11.7667 812
11.7833 813
11.8 814
11.8167 815
11.8333 816
11.85 817
11.8667 818
11.8833 819
11.9 820
11.9167 821
11.9333 821
11.95 822
11.9667 823
11.9833 824
12.0 824
12.0167 825
12.0333 826
12.05 827
12.0667 827
12.0833 828
12.1 829
12.1167 829
12.1333 830
12.15 831
12.1667 831
12.1833 832
12.2 832
12.2167 833
12.2333 833
12.25 834
12.2667 834
12.2833 835
12.3 835
12.3167 836
12.3333 836
12.35 836
12.3667 837
12.3833 837
12.4 838
12.4167 838
12.4333 838
12.45 839
12.4667 839
12.4833 839
12.5 839
12.5167 840
12.5333 840
12.55 840
12.5667 840
12.5833 840
12.6 840
12.6167 840
12.6333 841
12.65 841
12.6667 841
12.6833 841
12.7 841
12.7167 841
12.7333 841
12.75 841
12.7667 841
12.7833 841
12.8 841
12.8167 841
12.8333 840
12.85 840
12.8667 840
12.8833 840
12.9 840
12.9167 840
12.9333 839
12.95 839
12.9667 839
12.9833 839
13.0 838
13.0167 838
13.0333 838
13.05 837
13.0667 837
13.0833 837
13.1 836
13.1167 836
13.1333 836
13.15 835
13.1667 835
13.1833 834
13.2 834
13.2167 833
13.2333 833
13.25 832
13.2667 832
13.2833 831
13.3 830
13.3167 830
13.3333 829
13.35 829
13.3667 828
13.3833 827
13.4 826
13.4167 826
13.4333 825
13.45 824
13.4667 824
13.4833 823
13.5 822
13.5167 821
13.5333 820
13.55 819
13.5667 819
13.5833 818
13.6 817
13.6167 816
13.6333 815
13.65 814
13.6667 813
13.6833 812
13.7 811
13.7167 810
13.7333 809
13.75 808
13.7667 807
13.7833 806
13.8 805
13.8167 804
13.8333 803
13.85 801
13.8667 800
13.8833 799
13.9 798
13.9167 797
13.9333 795
13.95 794
13.9667 793
13.9833 792
14.0 790
14.0167 789
14.0333 788
14.05 786
14.0667 785
14.0833 784
14.1 782
14.1167 781
14.1333 779
14.15 778
14.1667 776
14.1833 775
14.2 774
14.2167 772
14.2333 770
14.25 769
14.2667 767
14.2833 766
14.3 764
14.3167 763
14.3333 761
14.35 759
14.3667 758
14.3833 756
14.4 754
14.4167 753
14.4333 751
14.45 749
14.4667 748
14.4833 746
14.5 744
14.5167 742
14.5333 741
14.55 739
14.5667 737
14.5833 735
14.6 733
14.6167 731
14.6333 730
14.65 728
14.6667 726
14.6833 724
14.7 722
14.7167 720
14.7333 718
14.75 716
14.7667 714
14.7833 712
14.8 710
14.8167 708
14.8333 706
14.85 704
14.8667 702
14.8833 700
14.9 698
14.9167 695
14.9333 693
14.95 691
14.9667 689
14.9833 687
15.0 685
15.0167 683
15.0333 680
15.05 678
15.0667 676
15.0833 674
15.1 671
15.1167 669
15.1333 667
15.15 665
15.1667 662
15.1833 660
15.2 658
15.2167 655
15.2333 653
15.25 651
15.2667 648
15.2833 646
15.3 643
15.3167 641
15.3333 639
15.35 636
15.3667 634
15.3833 631
15.4 629
15.4167 626
15.4333 624
15.45 621
15.4667 619
15.4833 616
15.5 614
15.5167 611
15.5333 609
15.55 606
15.5667 603
15.5833 601
15.6 598
15.6167 596
15.6333 593
15.65 590
15.6667 588
15.6833 585
15.7 582
15.7167 580
15.7333 577
15.75 574
15.7667 572
15.7833 569
15.8 566
15.8167 563
15.8333 561
15.85 558
15.8667 555
15.8833 552
15.9 550
15.9167 547
15.9333 544
15.95 541
15.9667 538
15.9833 535
