9.0 528
9.0167 531
9.0333 535
9.05 538
9.0667 541
9.0833 544
9.1 547
9.1167 551
9.1333 554
9.15 557
9.1667 560
9.1833 563
9.2 566
9.2167 569
9.2333 573
9.25 576
9.2667 579
9.2833 582
9.3 585
9.3167 588
9.3333 591
9.35 594
9.3667 597
9.3833 600
9.4 603
9.4167 606
9.4333 609
9.45 612
9.4667 615
9.4833 618
9.5 621
9.5167 624
9.5333 627
9.55 630
9.5667 633
9.5833 636
9.6 639
9.6167 642
9.6333 645
9.65 647
9.6667 650
9.6833 653
9.7 656
9.7167 659
9.7333 662
9.75 664
9.7667 667
9.7833 670
9.8 673
9.8167 676
9.8333 678
9.85 681
9.8667 684
9.8833 686
9.9 689
9.9167 692
9.9333 695
9.95 697
9.9667 700
9.9833 703
10.0 705
10.0167 708
10.0333 710
10.05 713
10.0667 716
10.0833 718
10.1 721
10.1167 723
10.1333 726
10.15 728
10.1667 731
10.1833 733
10.2 736
10.2167 738
10.2333 741
10.25 743
10.2667 745
10.2833 748
10.3 750
10.3167 753
10.3333 755
10.35 757
10.3667 760
10.3833 762
10.4 764
10.4167 767
10.4333 769
10.45 771
10.4667 773
10.4833 776
10.5 778
10.5167 780
10.5333 782
10.55 784
10.5667 787
10.5833 789
10.6 791
10.6167 793
10.6333 795
10.65 797
10.6667 799
10.6833 801
10.7 803
10.7167 805
10.7333 807
10.75 809
10.7667 811
10.7833 813
10.8 815
10.8167 817
10.8333 819
10.85 821
10.8667 823
10.8833 825
10.9 827
10.9167 829
10.9333 830
10.95 832
10.9667 834
10.9833 836
11.0 838
11.0167 839
11.0333 841
11.05 843
11.0667 845
11.0833 846
11.1 848
11.1167 850
11.1333 851
11.15 853
11.1667 854
11.1833 856
11.2 858
11.2167 859
11.2333 861
11.25 862
11.2667 864
11.2833 865
11.3 867
11.3167 868
11.3333 870
11.35 871
11.3667 872
11.3833 874
11.4 875
11.4167 877
11.4333 878
11.45 879
11.4667 881
11.4833 882
11.5 883
11.5167 884
11.5333 886
11.55 887
11.5667 888
11.5833 889
11.6 890
11.6167 892
11.6333 893
11.65 894
11.6667 895
11.6833 896
11.7 897
11.7167 898
11.7333 899
11.75 900
11.7667 901
11.7833 902
11.8 903
11.8167 904
11.8333 905
11.85 906
11.8667 907
11.8833 908
11.9 908
11.9167 909
11.9333 910
11.95 911
11.9667 912
11.9833 913
12.0 913
12.0167 914
12.0333 915
12.05 915
12.0667 916
12.0833 917
12.1 917
12.1167 918
12.1333 919
12.15 919
12.1667 920
12.1833 920
12.2 921
12.2167 921
12.2333 922
12.25 922
12.2667 923
12.2833 923
12.3 924
12.3167 924
12.3333 925
12.35 925
12.3667 925
12.3833 926
12.4 926
12.4167 926
12.4333 927
12.45 927
12.4667 927
12.4833 927
12.5 928
12.5167 928
12.5333 928
12.55 928
12.5667 928
12.5833 928
12.6 928
12.6167 929
12.6333 929
12.65 929
12.6667 929
12.6833 929
12.7 929
12.7167 929
12.7333 929
12.75 929
12.7667 929
12.7833 928
12.8 928
12.8167 928
12.8333 928
12.85 928
12.8667 928
12.8833 927
12.9 927
12.9167 927
12.9333 927
12.95 926
12.9667 926
12.9833 926
13.0 925
13.0167 925
13.0333 925
13.05 924
13.0667 924
13.0833 924
13.1 923
13.1167 923
13.1333 922
13.15 922
13.1667 921
13.1833 921
13.2 920
13.2167 920
13.2333 919
13.25 918
13.2667 918
13.2833 917
13.3 916
13.3167 916
13.3333 915
13.35 914
13.3667 914
13.3833 913
13.4 912
13.4167 911
13.4333 911
13.45 910
13.4667 909
13.4833 908
13.5 907
13.5167 906
13.5333 905
13.55 904
13.5667 904
13.5833 903
13.6 902
13.6167 901
13.6333 900
13.65 899
13.6667 897
13.6833 896
13.7 895
13.7167 894
13.7333 893
13.75 892
13.7667 891
13.7833 890
13.8 889
13.8167 887
13.8333 886
13.85 885
13.8667 884
13.8833 882
13.9 881
13.9167 880
13.9333 878
13.95 877
13.9667 876
13.9833 874
14.0 873
14.0167 872
14.0333 870
14.05 869
14.0667 867
14.0833 866
14.1 864
14.1167 863
14.1333 861
14.15 860
14.1667 858
14.1833 857
14.2 855
14.2167 854
14.2333 852
14.25 850
14.2667 849
14.2833 847
14.3 845
14.3167 844
14.3333 842
14.35 840
14.3667 838
14.3833 837
14.4 835
14.4167 833
14.4333 831
14.45 829
14.4667 828
14.4833 826
14.5 824
14.5167 822
14.5333 820
14.55 818
14.5667 816
14.5833 814
14.6 812
14.6167 810
14.6333 808
14.65 806
14.6667 804
14.6833 802
14.7 800
14.7167 798
14.7333 796
14.75 794
14.7667 792
14.7833 790
14.8 788
14.8167 785
14.8333 783
14.85 781
14.8667 779
14.8833 777
14.9 774
14.9167 772
14.9333 770
14.95 768
14.9667 765
14.9833 763
15.0 761
15.0167 758
15.0333 756
15.05 754
15.0667 751
15.0833 749
15.1 747
15.1167 744
15.1333 742
15.15 739
15.1667 737
15.1833 734
15.2 732
15.2167 729
15.2333 727
15.25 724
15.2667 722
15.2833 719
15.3 717
15.3167 714
15.3333 712
15.35 709
15.3667 706
15.3833 704
15.4 701
15.4167 699
15.4333 696
15.45 693
15.4667 691
15.4833 688
15.5 685
15.5167 682
15.5333 680
15.55 677
15.5667 674
15.5833 671
15.6 669
15.6167 666
15.6333 663
15.65 660
15.6667 657
15.6833 655
15.7 652
15.7167 649
15.7333 646
15.75 643
15.7667 640
15.7833 637
15.8 634
15.8167 631
15.8333 629
15.85 626
15.8667 623
15.8833 620
15.9 617
15.9167 614
15.9333 611
15.95 608
15.9667 605
15.9833 602
