9.0 513
9.0167 516
9.0333 519
9.05 522
9.0667 526
9.0833 529
9.1 532
9.1167 535
9.1333 538
9.15 541
9.1667 545
9.1833 548
9.2 551
9.2167 554
9.2333 557
9.25 560
9.2667 563
9.2833 566
9.3 569
9.3167 572
9.3333 575
9.35 578
9.3667 581
9.3833 584
9.4 587
9.4167 590
9.4333 593
9.45 596
9.4667 599
9.4833 602
9.5 605
9.5167 608
9.5333 611
9.55 614
9.5667 617
9.5833 620
9.6 623
9.6167 626
9.6333 629
9.65 631
9.6667 634
9.6833 637
9.7 640
9.7167 643
9.7333 645
9.75 648
9.7667 651
9.7833 654
9.8 657
9.8167 659
9.8333 662
9.85 665
9.8667 668
9.8833 670
9.9 673
9.9167 676
9.9333 678
9.95 681
9.9667 684
9.9833 686
10.0 689
10.0167 691
10.0333 694
10.05 697
10.0667 699
10.0833 702
10.1 704
10.1167 707
10.1333 709
10.15 712
10.1667 714
10.1833 717
10.2 719
10.2167 722
10.2333 724
10.25 726
10.2667 729
10.2833 731
10.3 734
10.3167 736
10.3333 738
10.35 741
10.3667 743
10.3833 745
10.4 748
10.4167 750
10.4333 752
10.45 754
10.4667 757
10.4833 759
10.5 761
10.5167 763
10.5333 765
10.55 768
10.5667 770
10.5833 772
10.6 774
10.6167 776
10.6333 778
10.65 780
10.6667 782
10.6833 784
10.7 787
10.7167 789
10.7333 791
10.75 793
10.7667 795
10.7833 796
10.8 798
10.8167 800
10.8333 802
10.85 804
10.8667 806
10.8833 808
10.9 810
10.9167 812
10.9333 813
10.95 815
10.9667 817
10.9833 819
11.0 821
11.0167 822
11.0333 824
11.05 826
11.0667 827
11.0833 829
11.1 831
11.1167 832
11.1333 834
11.15 836
11.1667 837
11.1833 839
11.2 840
11.2167 842
11.2333 844
11.25 845
11.2667 847
11.2833 848
11.3 850
11.3167 851
11.3333 852
11.35 854
11.3667 855
11.3833 857
11.4 858
11.4167 859
11.4333 861
11.45 862
11.4667 863
11.4833 865
11.5 866
11.5167 867
11.5333 868
11.55 870
11.5667 871
11.5833 872
11.6 873
11.6167 874
11.6333 875
11.65 876
11.6667 878
11.6833 879
11.7 880
11.7167 881
11.7333 882
11.75 883
11.7667 884
11.7833 885
11.8 886
11.8167 887
11.8333 888
11.85 888
11.8667 889
11.8833 890
11.9 891
11.9167 892
11.9333 893
11.95 894
11.9667 894
11.9833 895
12.0 896
12.0167 897
12.0333 897
12.05 898
12.0667 899
12.0833 899
12.1 900
12.1167 901
12.1333 901
12.15 902
12.1667 902
12.1833 903
12.2 903
12.2167 904
12.2333 904
12.25 905
12.2667 905
12.2833 906
12.3 906
12.3167 907
12.3333 907
12.35 907
12.3667 908
12.3833 908
12.4 908
12.4167 909
12.4333 909
12.45 909
12.4667 909
12.4833 910
12.5 910
12.5167 910
12.5333 910
12.55 910
12.5667 911
12.5833 911
12.6 911
12.6167 911
12.6333 911
12.65 911
12.6667 911
12.6833 911
12.7 911
12.7167 911
12.7333 911
12.75 911
12.7667 911
12.7833 911
12.8 910
12.8167 910
12.8333 910
12.85 910
12.8667 910
12.8833 910
12.9 909
12.9167 909
12.9333 909
12.95 909
12.9667 908
12.9833 908
13.0 908
13.0167 907
13.0333 907
13.05 906
13.0667 906
13.0833 906
13.1 905
13.1167 905
13.1333 904
13.15 904
13.1667 903
13.1833 903
13.2 902
13.2167 902
13.2333 901
13.25 900
13.2667 900
13.2833 899
13.3 898
13.3167 898
13.3333 897
13.35 896
13.3667 896
13.3833 895
13.4 894
13.4167 893
13.4333 892
13.45 892
13.4667 891
13.4833 890
13.5 889
13.5167 888
13.5333 887
13.55 886
13.5667 885
13.5833 884
13.6 883
13.6167 882
13.6333 881
13.65 880
13.6667 879
13.6833 878
13.7 877
13.7167 876
13.7333 875
13.75 874
13.7667 873
13.7833 872
13.8 870
13.8167 869
13.8333 868
13.85 867
13.8667 865
13.8833 864
13.9 863
13.9167 862
13.9333 860
13.95 859
13.9667 858
13.9833 856
14.0 855
14.0167 853
14.0333 852
14.05 851
14.0667 849
14.0833 848
14.1 846
14.1167 845
14.1333 843
14.15 842
14.1667 840
14.1833 838
14.2 837
14.2167 835
14.2333 834
14.25 832
14.2667 830
14.2833 829
14.3 827
14.3167 825
14.3333 824
14.35 822
14.3667 820
14.3833 818
14.4 817
14.4167 815
14.4333 813
14.45 811
14.4667 809
14.4833 807
14.5 806
14.5167 804
14.5333 802
14.55 800
14.5667 798
14.5833 796
14.6 794
14.6167 792
14.6333 790
14.65 788
14.6667 786
14.6833 784
14.7 782
14.7167 780
14.7333 778
14.75 776
14.7667 773
14.7833 771
14.8 769
14.8167 767
14.8333 765
14.85 763
14.8667 760
14.8833 758
14.9 756
14.9167 754
14.9333 752
14.95 749
14.9667 747
14.9833 745
15.0 742
15.0167 740
15.0333 738
15.05 735
15.0667 733
15.0833 731
15.1 728
15.1167 726
15.1333 723
15.15 721
15.1667 719
15.1833 716
15.2 714
15.2167 711
15.2333 709
15.25 706
15.2667 704
15.2833 701
15.3 699
15.3167 696
15.3333 693
15.35 691
15.3667 688
15.3833 686
15.4 683
15.4167 680
15.4333 678
15.45 675
15.4667 672
15.4833 670
15.5 667
15.5167 664
15.5333 661
15.55 659
15.5667 656
15.5833 653
15.6 650
15.6167 648
15.6333 645
15.65 642
15.6667 639
15.6833 636
15.7 634
15.7167 631
15.7333 628
15.75 625
15.7667 622
15.7833 619
15.8 616
15.8167 613
15.8333 611
15.85 608
15.8667 605
15.8833 602
15.9 599
15.9167 596
15.9333 593
15.95 590
15.9667 587
15.9833 584
