9.0 402
9.0167 405
9.0333 409
9.05 412
9.0667 415
9.0833 418
9.1 422
9.1167 425
9.1333 428
9.15 431
9.1667 435
9.1833 438
9.2 441
9.2167 444
9.2333 447
9.25 451
9.2667 454
9.2833 457
9.3 460
9.3167 463
9.3333 466
9.35 470
9.3667 473
9.3833 476
9.4 479
9.4167 482
9.4333 485
9.45 488
9.4667 491
9.4833 494
9.5 498
9.5167 501
9.5333 504
9.55 507
9.5667 510
9.5833 513
9.6 516
9.6167 519
9.6333 522
9.65 525
9.6667 528
9.6833 530
9.7 533
9.7167 536
9.7333 539
9.75 542
9.7667 545
9.7833 548
9.8 551
9.8167 554
9.8333 556
9.85 559
9.8667 562
9.8833 565
9.9 568
9.9167 570
9.9333 573
9.95 576
9.9667 579
9.9833 581
10.0 584
10.0167 587
10.0333 589
10.05 592
10.0667 595
10.0833 597
10.1 600
10.1167 603
10.1333 605
10.15 608
10.1667 610
10.1833 613
10.2 615
10.2167 618
10.2333 620
10.25 623
10.2667 625
10.2833 628
10.3 630
10.3167 633
10.3333 635
10.35 638
10.3667 640
10.3833 642
10.4 645
10.4167 647
10.4333 649
10.45 652
10.4667 654
10.4833 656
10.5 658
10.5167 661
10.5333 663
10.55 665
10.5667 667
10.5833 670
10.6 672
10.6167 674
10.6333 676
10.65 678
10.6667 680
10.6833 682
10.7 684
10.7167 686
10.7333 688
10.75 690
10.7667 692
10.7833 694
10.8 696
10.8167 698
10.8333 700
10.85 702
10.8667 704
10.8833 706
10.9 708
10.9167 710
10.9333 712
10.95 713
10.9667 715
10.9833 717
11.0 719
11.0167 720
11.0333 722
11.05 724
11.0667 726
11.0833 727
11.1 729
11.1167 731
11.1333 732
11.15 734
11.1667 735
11.1833 737
11.2 738
11.2167 740
11.2333 742
11.25 743
11.2667 744
11.2833 746
11.3 747
11.3167 749
11.3333 750
11.35 752
11.3667 753
11.3833 754
11.4 756
11.4167 757
11.4333 758
11.45 760
11.4667 761
11.4833 762
11.5 763
11.5167 764
11.5333 766
11.55 767
11.5667 768
11.5833 769
11.6 770
11.6167 771
11.6333 772
11.65 773
11.6667 774
11.6833 775
11.7 776
11.7167 777
11.7333 778
11.75 779
11.7667 780
11.7833 781
11.8 782
11.8167 783
11.8333 784
11.85 784
11.8667 785
11.8833 786
11.9 787
11.9167 787
11.9333 788
11.95 789
11.9667 790
11.9833 790
12.0 791
12.0167 791
12.0333 792
12.05 793
12.0667 793
12.0833 794
12.1 794
12.1167 795
12.1333 795
12.15 796
12.1667 796
12.1833 797
12.2 797
12.2167 797
12.2333 798
12.25 798
12.2667 798
12.2833 799
12.3 799
12.3167 799
12.3333 800
12.35 800
12.3667 800
12.3833 800
12.4 800
12.4167 801
12.4333 801
12.45 801
12.4667 801
12.4833 801
12.5 801
12.5167 801
12.5333 801
12.55 801
12.5667 801
12.5833 801
12.6 801
12.6167 801
12.6333 801
12.65 801
12.6667 800
12.6833 800
12.7 800
12.7167 800
12.7333 800
12.75 799
12.7667 799
12.7833 799
12.8 798
12.8167 798
12.8333 798
12.85 797
12.8667 797
12.8833 797
12.9 796
12.9167 796
12.9333 795
12.95 795
12.9667 794
12.9833 794
13.0 793
13.0167 793
13.0333 792
13.05 792
13.0667 791
13.0833 790
13.1 790
13.1167 789
13.1333 788
13.15 788
13.1667 787
13.1833 786
13.2 785
13.2167 784
13.2333 784
13.25 783
13.2667 782
13.2833 781
13.3 780
13.3167 779
13.3333 778
13.35 777
13.3667 776
13.3833 775
13.4 774
13.4167 773
13.4333 772
13.45 771
13.4667 770
13.4833 769
13.5 768
13.5167 767
13.5333 766
13.55 765
13.5667 763
13.5833 762
13.6 761
13.6167 760
13.6333 758
13.65 757
13.6667 756
13.6833 754
13.7 753
13.7167 752
13.7333 750
13.75 749
13.7667 748
13.7833 746
13.8 745
13.8167 743
13.8333 742
13.85 740
13.8667 739
13.8833 737
13.9 736
13.9167 734
13.9333 732
13.95 731
13.9667 729
13.9833 727
14.0 726
14.0167 724
14.0333 722
14.05 721
14.0667 719
14.0833 717
14.1 715
14.1167 714
14.1333 712
14.15 710
14.1667 708
14.1833 706
14.2 704
14.2167 702
14.2333 701
14.25 699
14.2667 697
14.2833 695
14.3 693
14.3167 691
14.3333 689
14.35 687
14.3667 685
14.3833 683
14.4 680
14.4167 678
14.4333 676
14.45 674
14.4667 672
14.4833 670
14.5 668
14.5167 665
14.5333 663
14.55 661
14.5667 659
14.5833 656
14.6 654
14.6167 652
14.6333 650
14.65 647
14.6667 645
14.6833 643
14.7 640
14.7167 638
14.7333 635
14.75 633
14.7667 631
14.7833 628
14.8 626
14.8167 623
14.8333 621
14.85 618
14.8667 616
14.8833 613
14.9 611
14.9167 608
14.9333 605
14.95 603
14.9667 600
14.9833 598
15.0 594
15.0167 591
15.0333 589
15.05 586
15.0667 583
15.0833 581
15.1 578
15.1167 575
15.1333 572
15.15 570
15.1667 567
15.1833 564
15.2 561
15.2167 559
15.2333 556
15.25 553
15.2667 550
15.2833 547
15.3 544
15.3167 541
15.3333 539
15.35 536
15.3667 533
15.3833 530
15.4 527
15.4167 524
15.4333 521
15.45 518
15.4667 515
15.4833 512
15.5 509
15.5167 506
15.5333 503
15.55 500
15.5667 497
15.5833 494
15.6 491
15.6167 488
15.6333 485
15.65 481
15.6667 478
15.6833 475
15.7 472
15.7167 469
15.7333 466
15.75 463
15.7667 460
15.7833 456
15.8 453
15.8167 450
15.8333 447
15.85 444
15.8667 440
15.8833 437
15.9 434
15.9167 431
15.9333 427
15.95 424
15.9667 421
15.9833 418
