9.0 426
9.0167 429
9.0333 432
9.05 436
9.0667 439
9.0833 442
9.1 446
9.1167 449
9.1333 452
9.15 456
9.1667 459
9.1833 463
9.2 466
9.2167 469
9.2333 473
9.25 476
9.2667 479
9.2833 482
9.3 486
9.3167 489
9.3333 492
9.35 496
9.3667 499
9.3833 502
9.4 505
9.4167 508
9.4333 512
9.45 515
9.4667 518
9.4833 521
9.5 524
9.5167 527
9.5333 531
9.55 534
9.5667 537
9.5833 540
9.6 543
9.6167 546
9.6333 549
9.65 552
9.6667 555
9.6833 558
9.7 561
9.7167 564
9.7333 567
9.75 570
9.7667 573
9.7833 576
9.8 579
9.8167 582
9.8333 585
9.85 588
9.8667 591
9.8833 594
9.9 596
9.9167 599
9.9333 602
9.95 605
9.9667 608
9.9833 611
10.0 613
10.0167 616
10.0333 619
10.05 622
10.0667 624
10.0833 627
10.1 630
10.1167 632
10.1333 635
10.15 638
10.1667 640
10.1833 643
10.2 645
10.2167 648
10.2333 651
10.25 653
10.2667 656
10.2833 658
10.3 661
10.3167 663
10.3333 666
10.35 668
10.3667 671
10.3833 673
10.4 675
10.4167 678
10.4333 680
10.45 683
10.4667 685
10.4833 687
10.5 690
10.5167 692
10.5333 694
10.55 696
10.5667 699
10.5833 701
10.6 703
10.6167 705
10.6333 707
10.65 710
10.6667 712
10.6833 714
10.7 716
10.7167 718
10.7333 720
10.75 722
10.7667 724
10.7833 726
10.8 728
10.8167 730
10.8333 732
10.85 734
10.8667 736
10.8833 738
10.9 740
10.9167 742
10.9333 744
10.95 746
10.9667 747
10.9833 749
11.0 751
11.0167 753
11.0333 755
11.05 756
11.0667 758
11.0833 760
11.1 761
11.1167 763
11.1333 765
11.15 766
11.1667 768
11.1833 769
11.2 771
11.2167 773
11.2333 774
11.25 776
11.2667 777
11.2833 779
11.3 780
11.3167 782
11.3333 783
11.35 784
11.3667 786
11.3833 787
11.4 788
11.4167 790
11.4333 791
11.45 792
11.4667 794
11.4833 795
11.5 796
11.5167 797
11.5333 799
11.55 800
11.5667 801
11.5833 802
11.6 803
11.6167 804
11.6333 805
11.65 806
11.6667 807
11.6833 808
11.7 809
11.7167 810
11.7333 811
11.75 812
11.7667 813
11.7833 814
11.8 815
11.8167 816
11.8333 817
11.85 817
11.8667 818
11.8833 819
11.9 820
11.9167 821
11.9333 821
11.95 822
11.9667 823
11.9833 823
12.0 824
12.0167 825
12.0333 825
12.05 826
12.0667 826
12.0833 827
12.1 827
12.1167 828
12.1333 828
12.15 829
12.1667 829
12.1833 830
12.2 830
12.2167 830
12.2333 831
12.25 831
12.2667 831
12.2833 832
12.3 832
12.3167 832
12.3333 833
12.35 833
12.3667 833
12.3833 833
12.4 833
12.4167 833
12.4333 834
12.45 834
12.4667 834
12.4833 834
12.5 834
12.5167 834
12.5333 834
12.55 834
12.5667 834
12.5833 834
12.6 834
12.6167 833
12.6333 833
12.65 833
12.6667 833
12.6833 833
12.7 833
12.7167 832
12.7333 832
12.75 832
12.7667 832
12.7833 831
12.8 831
12.8167 831
12.8333 830
12.85 830
12.8667 829
12.8833 829
12.9 829
12.9167 828
12.9333 828
12.95 827
12.9667 827
12.9833 826
13.0 825
13.0167 825
13.0333 824
13.05 824
13.0667 823
13.0833 822
13.1 822
13.1167 821
13.1333 820
13.15 819
13.1667 819
13.1833 818
13.2 817
13.2167 816
13.2333 815
13.25 815
13.2667 814
13.2833 813
13.3 812
13.3167 811
13.3333 810
13.35 809
13.3667 808
13.3833 807
13.4 806
13.4167 805
13.4333 804
13.45 803
13.4667 801
13.4833 800
13.5 799
13.5167 798
13.5333 797
13.55 796
13.5667 794
13.5833 793
13.6 792
13.6167 790
13.6333 789
13.65 788
13.6667 786
13.6833 785
13.7 784
13.7167 782
13.7333 781
13.75 779
13.7667 778
13.7833 776
13.8 775
13.8167 773
13.8333 772
13.85 770
13.8667 769
13.8833 767
13.9 766
13.9167 764
13.9333 762
13.95 761
13.9667 759
13.9833 757
14.0 755
14.0167 754
14.0333 752
14.05 750
14.0667 748
14.0833 747
14.1 745
14.1167 743
14.1333 741
14.15 739
14.1667 737
14.1833 735
14.2 733
14.2167 731
14.2333 729
14.25 727
14.2667 725
14.2833 723
14.3 721
14.3167 719
14.3333 717
14.35 715
14.3667 713
14.3833 711
14.4 709
14.4167 706
14.4333 704
14.45 702
14.4667 700
14.4833 698
14.5 695
14.5167 693
14.5333 691
14.55 688
14.5667 686
14.5833 684
14.6 681
14.6167 679
14.6333 677
14.65 674
14.6667 672
14.6833 669
14.7 667
14.7167 665
14.7333 662
14.75 660
14.7667 657
14.7833 655
14.8 652
14.8167 649
14.8333 647
14.85 644
14.8667 642
14.8833 639
14.9 636
14.9167 634
14.9333 631
14.95 628
14.9667 626
14.9833 623
15.0 619
15.0167 616
15.0333 614
15.05 611
15.0667 608
15.0833 605
15.1 603
15.1167 600
15.1333 597
15.15 594
15.1667 591
15.1833 588
15.2 585
15.2167 583
15.2333 580
15.25 577
15.2667 574
15.2833 571
15.3 568
15.3167 565
15.3333 562
15.35 559
15.3667 556
15.3833 553
15.4 550
15.4167 547
15.4333 544
15.45 541
15.4667 537
15.4833 534
15.5 531
15.5167 528
15.5333 525
15.55 522
15.5667 519
15.5833 515
15.6 512
15.6167 509
15.6333 506
15.65 503
15.6667 499
15.6833 496
15.7 493
15.7167 490
15.7333 486
15.75 483
15.7667 480
15.7833 477
15.8 473
15.8167 470
15.8333 467
15.85 463
15.8667 460
15.8833 457
15.9 453
15.9167 450
15.9333 446
15.95 443
15.9667 440
15.9833 436
