9.0 568
9.0167 572
9.0333 575
9.05 579
9.0667 582
9.0833 586
9.1 590
9.1167 593
9.1333 597
9.15 600
9.1667 604
9.1833 607
9.2 611
9.2167 614
9.2333 618
9.25 621
9.2667 624
9.2833 628
9.3 631
9.3167 635
9.3333 638
9.35 642
9.3667 645
9.3833 648
9.4 652
9.4167 655
9.4333 658
9.45 662
9.4667 665
9.4833 668
9.5 672
9.5167 675
9.5333 678
9.55 681
9.5667 685
9.5833 688
9.6 691
9.6167 694
9.6333 698
9.65 701
9.6667 704
9.6833 707
9.7 710
9.7167 713
9.7333 716
9.75 720
9.7667 723
9.7833 726
9.8 729
9.8167 732
9.8333 735
9.85 738
9.8667 741
9.8833 744
9.9 747
9.9167 750
9.9333 753
9.95 756
9.9667 759
9.9833 762
10.0 765
10.0167 768
10.0333 771
10.05 773
10.0667 776
10.0833 779
10.1 782
10.1167 785
10.1333 788
10.15 790
10.1667 793
10.1833 796
10.2 799
10.2167 801
10.2333 804
10.25 807
10.2667 810
10.2833 812
10.3 815
10.3167 818
10.3333 820
10.35 823
10.3667 825
10.3833 828
10.4 831
10.4167 833
10.4333 836
10.45 838
10.4667 841
10.4833 843
10.5 846
10.5167 848
10.5333 851
10.55 853
10.5667 856
10.5833 858
10.6 860
10.6167 863
10.6333 865
10.65 867
10.6667 870
10.6833 872
10.7 874
10.7167 877
10.7333 879
10.75 881
10.7667 883
10.7833 886
10.8 888
10.8167 890
10.8333 892
10.85 894
10.8667 896
10.8833 898
10.9 901
10.9167 903
10.9333 905
10.95 907
10.9667 909
10.9833 911
11.0 913
11.0167 915
11.0333 917
11.05 919
11.0667 921
11.0833 922
11.1 924
11.1167 926
11.1333 928
11.15 930
11.1667 932
11.1833 934
11.2 935
11.2167 937
11.2333 939
11.25 941
11.2667 942
11.2833 944
11.3 946
11.3167 947
11.3333 949
11.35 951
11.3667 952
11.3833 954
11.4 955
11.4167 957
11.4333 959
11.45 960
11.4667 962
11.4833 963
11.5 965
11.5167 966
11.5333 967
11.55 969
11.5667 970
11.5833 972
11.6 973
11.6167 974
11.6333 976
11.65 977
11.6667 978
11.6833 979
11.7 981
11.7167 982
11.7333 983
11.75 984
11.7667 986
11.7833 987
11.8 988
11.8167 989
11.8333 990
11.85 991
11.8667 992
11.8833 993
11.9 994
11.9167 995
11.9333 996
11.95 997
11.9667 998
11.9833 999
12.0 1000
12.0167 1001
12.0333 1002
12.05 1003
12.0667 1003
12.0833 1004
12.1 1005
12.1167 1006
12.1333 1007
12.15 1007
12.1667 1008
12.1833 1009
12.2 1009
12.2167 1010
12.2333 1011
12.25 1011
12.2667 1012
12.2833 1013
12.3 1013
12.3167 1014
12.3333 1014
12.35 1015
12.3667 1015
12.3833 1016
12.4 1016
12.4167 1017
12.4333 1017
12.45 1017
12.4667 1018
12.4833 1018
12.5 1018
12.5167 1019
12.5333 1019
12.55 1019
12.5667 1020
12.5833 1020
12.6 1020
12.6167 1020
12.6333 1020
12.65 1021
12.6667 1021
12.6833 1021
12.7 1021
12.7167 1021
12.7333 1021
12.75 1021
12.7667 1021
12.7833 1021
12.8 1021
12.8167 1021
12.8333 1021
12.85 1021
12.8667 1021
12.8833 1021
12.9 1021
12.9167 1021
12.9333 1020
12.95 1020
12.9667 1020
12.9833 1020
13.0 1020
13.0167 1019
13.0333 1019
13.05 1019
13.0667 1018
13.0833 1018
13.1 1018
13.1167 1017
13.1333 1017
13.15 1016
13.1667 1016
13.1833 1016
13.2 1015
13.2167 1015
13.2333 1014
13.25 1014
13.2667 1013
13.2833 1012
13.3 1012
13.3167 1011
13.3333 1011
13.35 1010
13.3667 1009
13.3833 1009
13.4 1008
13.4167 1007
13.4333 1006
13.45 1006
13.4667 1005
13.4833 1004
13.5 1003
13.5167 1002
13.5333 1002
13.55 1001
13.5667 1000
13.5833 999
13.6 998
13.6167 997
13.6333 996
13.65 995
13.6667 994
13.6833 993
13.7 992
13.7167 991
13.7333 990
13.75 989
13.7667 988
13.7833 986
13.8 985
13.8167 984
13.8333 983
13.85 982
13.8667 980
13.8833 979
13.9 978
13.9167 977
13.9333 975
13.95 974
13.9667 973
13.9833 971
14.0 970
14.0167 968
14.0333 967
14.05 966
14.0667 964
14.0833 963
14.1 961
14.1167 960
14.1333 958
14.15 957
14.1667 955
14.1833 954
14.2 952
14.2167 950
14.2333 949
14.25 947
14.2667 945
14.2833 944
14.3 942
14.3167 940
14.3333 939
14.35 937
14.3667 935
14.3833 933
14.4 931
14.4167 930
14.4333 928
14.45 926
14.4667 924
14.4833 922
14.5 920
14.5167 918
14.5333 916
14.55 914
14.5667 912
14.5833 910
14.6 908
14.6167 906
14.6333 904
14.65 902
14.6667 900
14.6833 898
14.7 896
14.7167 894
14.7333 892
14.75 889
14.7667 887
14.7833 885
14.8 883
14.8167 881
14.8333 878
14.85 876
14.8667 874
14.8833 872
14.9 869
14.9167 867
14.9333 865
14.95 862
14.9667 860
14.9833 857
15.0 855
15.0167 852
15.0333 850
15.05 847
15.0667 845
15.0833 842
15.1 840
15.1167 837
15.1333 835
15.15 832
15.1667 830
15.1833 827
15.2 825
15.2167 822
15.2333 819
15.25 817
15.2667 814
15.2833 811
15.3 809
15.3167 806
15.3333 803
15.35 801
15.3667 798
15.3833 795
15.4 792
15.4167 790
15.4333 787
15.45 784
15.4667 781
15.4833 778
15.5 775
15.5167 772
15.5333 770
15.55 767
15.5667 764
15.5833 761
15.6 758
15.6167 755
15.6333 752
15.65 749
15.6667 746
15.6833 743
15.7 740
15.7167 737
15.7333 734
15.75 731
15.7667 728
15.7833 725
15.8 722
15.8167 719
15.8333 715
15.85 712
15.8667 709
15.8833 706
15.9 703
15.9167 700
15.9333 696
15.95 693
15.9667 690
15.9833 687
