9.0 283
9.0167 285
9.0333 288
9.05 291
9.0667 293
9.0833 296
9.1 299
9.1167 302
9.1333 304
9.15 307
9.1667 310
9.1833 313
9.2 316
9.2167 318
9.2333 321
9.25 324
9.2667 327
9.2833 329
9.3 332
9.3167 335
9.3333 337
9.35 340
9.3667 343
9.3833 345
9.4 348
9.4167 351
9.4333 354
9.45 356
9.4667 359
9.4833 362
9.5 364
9.5167 367
9.5333 369
9.55 372
9.5667 375
9.5833 377
9.6 380
9.6167 382
9.6333 385
9.65 388
9.6667 390
9.6833 393
9.7 395
9.7167 398
9.7333 400
9.75 403
9.7667 405
9.7833 408
9.8 410
9.8167 413
9.8333 415
9.85 418
9.8667 420
9.8833 423
9.9 425
9.9167 427
9.9333 430
9.95 432
9.9667 435
9.9833 437
10.0 439
10.0167 442
10.0333 444
10.05 446
10.0667 449
10.0833 451
10.1 453
10.1167 455
10.1333 458
10.15 460
10.1667 462
10.1833 464
10.2 467
10.2167 469
10.2333 471
10.25 473
10.2667 475
10.2833 477
10.3 480
10.3167 482
10.3333 484
10.35 486
10.3667 488
10.3833 490
10.4 492
10.4167 494
10.4333 496
10.45 498
10.4667 500
10.4833 502
10.5 504
10.5167 506
10.5333 508
10.55 510
10.5667 512
10.5833 514
10.6 516
10.6167 517
10.6333 519
10.65 521
10.6667 523
10.6833 525
10.7 527
10.7167 528
10.7333 530
10.75 532
10.7667 534
10.7833 535
10.8 537
10.8167 539
10.8333 540
10.85 542
10.8667 544
10.8833 545
10.9 547
10.9167 548
10.9333 550
10.95 552
10.9667 553
10.9833 555
11.0 556
11.0167 558
11.0333 559
11.05 561
11.0667 562
11.0833 563
11.1 565
11.1167 566
11.1333 568
11.15 569
11.1667 570
11.1833 572
11.2 573
11.2167 574
11.2333 576
11.25 577
11.2667 578
11.2833 579
11.3 580
11.3167 582
11.3333 583
11.35 584
11.3667 585
11.3833 586
11.4 587
11.4167 588
11.4333 589
11.45 591
11.4667 592
11.4833 593
11.5 594
11.5167 595
11.5333 596
11.55 596
11.5667 597
11.5833 598
11.6 599
11.6167 600
11.6333 601
11.65 602
11.6667 603
11.6833 603
11.7 604
11.7167 605
11.7333 606
11.75 606
11.7667 607
11.7833 608
11.8 609
11.8167 609
11.8333 610
11.85 610
11.8667 611
11.8833 612
11.9 612
11.9167 613
11.9333 613
11.95 614
11.9667 614
11.9833 615
12.0 615
12.0167 616
12.0333 616
12.05 617
12.0667 617
12.0833 617
12.1 618
12.1167 618
12.1333 618
12.15 619
12.1667 619
12.1833 619
12.2 619
12.2167 620
12.2333 620
12.25 620
12.2667 620
12.2833 620
12.3 620
12.3167 621
12.3333 621
12.35 621
12.3667 621
12.3833 621
12.4 621
12.4167 621
12.4333 621
12.45 621
12.4667 621
12.4833 621
12.5 621
12.5167 620
12.5333 620
12.55 620
12.5667 620
12.5833 620
12.6 620
12.6167 619
12.6333 619
12.65 619
12.6667 619
12.6833 618
12.7 618
12.7167 618
12.7333 617
12.75 617
12.7667 617
12.7833 616
12.8 616
12.8167 615
12.8333 615
12.85 614
12.8667 614
12.8833 613
12.9 613
12.9167 612
12.9333 612
12.95 611
12.9667 611
12.9833 610
13.0 609
13.0167 609
13.0333 608
13.05 607
13.0667 607
13.0833 606
13.1 605
13.1167 604
13.1333 603
13.15 603
13.1667 602
13.1833 601
13.2 600
13.2167 599
13.2333 598
13.25 597
13.2667 597
13.2833 596
13.3 595
13.3167 594
13.3333 593
13.35 592
13.3667 591
13.3833 590
13.4 589
13.4167 587
13.4333 586
13.45 585
13.4667 584
13.4833 583
13.5 582
13.5167 581
13.5333 579
13.55 578
13.5667 577
13.5833 576
13.6 574
13.6167 573
13.6333 572
13.65 570
13.6667 569
13.6833 568
13.7 566
13.7167 565
13.7333 564
13.75 562
13.7667 561
13.7833 559
13.8 558
13.8167 556
13.8333 555
13.85 553
13.8667 552
13.8833 550
13.9 549
13.9167 547
13.9333 545
13.95 544
13.9667 542
13.9833 541
14.0 539
14.0167 537
14.0333 536
14.05 534
14.0667 532
14.0833 530
14.1 529
14.1167 527
14.1333 525
14.15 523
14.1667 521
14.1833 520
14.2 518
14.2167 516
14.2333 514
14.25 512
14.2667 510
14.2833 508
14.3 506
14.3167 504
14.3333 502
14.35 500
14.3667 498
14.3833 496
14.4 494
14.4167 492
14.4333 490
14.45 488
14.4667 486
14.4833 484
14.5 482
14.5167 480
14.5333 478
14.55 476
14.5667 473
14.5833 471
14.6 469
14.6167 467
14.6333 465
14.65 462
14.6667 460
14.6833 458
14.7 456
14.7167 453
14.7333 451
14.75 449
14.7667 447
14.7833 444
14.8 442
14.8167 440
14.8333 437
14.85 435
14.8667 432
14.8833 430
14.9 428
14.9167 425
14.9333 423
14.95 420
14.9667 418
14.9833 416
15.0 412
15.0167 410
15.0333 407
15.05 405
15.0667 402
15.0833 400
15.1 397
15.1167 395
15.1333 392
15.15 390
15.1667 387
15.1833 385
15.2 382
15.2167 379
15.2333 377
15.25 374
15.2667 372
15.2833 369
15.3 366
15.3167 364
15.3333 361
15.35 358
15.3667 356
15.3833 353
15.4 350
15.4167 348
15.4333 345
15.45 342
15.4667 340
15.4833 337
15.5 334
15.5167 332
15.5333 329
15.55 326
15.5667 323
15.5833 321
15.6 318
15.6167 315
15.6333 312
15.65 310
15.6667 307
15.6833 304
15.7 301
15.7167 299
15.7333 296
15.75 293
15.7667 290
15.7833 287
15.8 285
15.8167 282
15.8333 279
15.85 276
15.8667 273
15.8833 271
15.9 268
15.9167 265
15.9333 262
15.95 259
15.9667 257
15.9833 254
