9.0 375
9.0167 379
9.0333 382
9.05 384
9.0667 387
9.0833 390
9.1 393
9.1167 396
9.1333 399
9.15 402
9.1667 404
9.1833 407
9.2 410
9.2167 413
9.2333 416
9.25 419
9.2667 421
9.2833 424
9.3 427
9.3167 430
9.3333 433
9.35 435
9.3667 438
9.3833 441
9.4 444
9.4167 446
9.4333 449
9.45 452
9.4667 455
9.4833 457
9.5 460
9.5167 463
9.5333 466
9.55 468
9.5667 471
9.5833 474
9.6 476
9.6167 479
9.6333 482
9.65 484
9.6667 487
9.6833 490
9.7 492
9.7167 495
9.7333 497
9.75 500
9.7667 503
9.7833 505
9.8 508
9.8167 510
9.8333 513
9.85 515
9.8667 518
9.8833 520
9.9 523
9.9167 525
9.9333 528
9.95 530
9.9667 533
9.9833 535
10.0 538
10.0167 540
10.0333 543
10.05 545
10.0667 548
10.0833 550
10.1 552
10.1167 555
10.1333 557
10.15 559
10.1667 562
10.1833 564
10.2 566
10.2167 569
10.2333 571
10.25 573
10.2667 576
10.2833 578
10.3 580
10.3167 582
10.3333 585
10.35 587
10.3667 589
10.3833 591
10.4 593
10.4167 595
10.4333 598
10.45 600
10.4667 602
10.4833 604
10.5 606
10.5167 608
10.5333 610
10.55 612
10.5667 614
10.5833 616
10.6 618
10.6167 620
10.6333 622
10.65 624
10.6667 626
10.6833 628
10.7 630
10.7167 632
10.7333 634
10.75 636
10.7667 638
10.7833 640
10.8 641
10.8167 643
10.8333 645
10.85 647
10.8667 649
10.8833 650
10.9 652
10.9167 654
10.9333 656
10.95 657
10.9667 659
10.9833 661
11.0 662
11.0167 664
11.0333 666
11.05 667
11.0667 669
11.0833 671
11.1 672
11.1167 674
11.1333 675
11.15 677
11.1667 678
11.1833 680
11.2 681
11.2167 683
11.2333 684
11.25 686
11.2667 687
11.2833 689
11.3 690
11.3167 691
11.3333 693
11.35 694
11.3667 695
11.3833 697
11.4 698
11.4167 699
11.4333 700
11.45 702
11.4667 703
11.4833 704
11.5 705
11.5167 707
11.5333 708
11.55 709
11.5667 710
11.5833 711
11.6 712
11.6167 713
11.6333 714
11.65 715
11.6667 716
11.6833 717
11.7 718
11.7167 719
11.7333 720
11.75 721
11.7667 722
11.7833 723
11.8 724
11.8167 725
11.8333 726
11.85 727
11.8667 727
11.8833 728
11.9 729
11.9167 730
11.9333 731
11.95 731
11.9667 732
11.9833 733
12.0 733
12.0167 734
12.0333 735
12.05 735
12.0667 736
12.0833 737
12.1 737
12.1167 738
12.1333 738
12.15 739
12.1667 739
12.1833 740
12.2 740
12.2167 741
12.2333 741
12.25 742
12.2667 742
12.2833 743
12.3 743
12.3167 743
12.3333 744
12.35 744
12.3667 744
12.3833 745
12.4 745
12.4167 745
12.4333 745
12.45 745
12.4667 746
12.4833 746
12.5 746
12.5167 746
12.5333 746
12.55 746
12.5667 747
12.5833 747
12.6 747
12.6167 747
12.6333 747
12.65 747
12.6667 747
12.6833 747
12.7 747
12.7167 747
12.7333 746
12.75 746
12.7667 746
12.7833 746
12.8 746
12.8167 746
12.8333 746
12.85 745
12.8667 745
12.8833 745
12.9 745
12.9167 744
12.9333 744
12.95 744
12.9667 743
12.9833 743
13.0 743
13.0167 742
13.0333 742
13.05 741
13.0667 741
13.0833 741
13.1 740
13.1167 740
13.1333 739
13.15 739
13.1667 738
13.1833 737
13.2 737
13.2167 736
13.2333 736
13.25 735
13.2667 734
13.2833 734
13.3 733
13.3167 732
13.3333 732
13.35 731
13.3667 730
13.3833 729
13.4 729
13.4167 728
13.4333 727
13.45 726
13.4667 725
13.4833 724
13.5 724
13.5167 723
13.5333 722
13.55 721
13.5667 720
13.5833 719
13.6 718
13.6167 717
13.6333 716
13.65 715
13.6667 714
13.6833 713
13.7 712
13.7167 710
13.7333 709
13.75 708
13.7667 707
13.7833 706
13.8 705
13.8167 703
13.8333 702
13.85 701
13.8667 700
13.8833 698
13.9 697
13.9167 696
13.9333 694
13.95 693
13.9667 692
13.9833 690
14.0 689
14.0167 688
14.0333 686
14.05 685
14.0667 683
14.0833 682
14.1 680
14.1167 679
14.1333 677
14.15 676
14.1667 674
14.1833 673
14.2 671
14.2167 670
14.2333 668
14.25 666
14.2667 665
14.2833 663
14.3 661
14.3167 660
14.3333 658
14.35 656
14.3667 655
14.3833 653
14.4 651
14.4167 649
14.4333 648
14.45 646
14.4667 644
14.4833 642
14.5 640
14.5167 638
14.5333 637
14.55 635
14.5667 633
14.5833 631
14.6 629
14.6167 627
14.6333 625
14.65 623
14.6667 621
14.6833 619
14.7 617
14.7167 615
14.7333 613
14.75 611
14.7667 609
14.7833 607
14.8 605
14.8167 603
14.8333 600
14.85 598
14.8667 596
14.8833 594
14.9 592
14.9167 590
14.9333 588
14.95 585
14.9667 583
14.9833 581
15.0 579
15.0167 577
15.0333 574
15.05 572
15.0667 570
15.0833 567
15.1 565
15.1167 563
15.1333 560
15.15 558
15.1667 556
15.1833 553
15.2 551
15.2167 549
15.2333 546
15.25 544
15.2667 541
15.2833 539
15.3 536
15.3167 534
15.3333 532
15.35 529
15.3667 527
15.3833 524
15.4 522
15.4167 519
15.4333 517
15.45 514
15.4667 511
15.4833 509
15.5 506
15.5167 504
15.5333 501
15.55 499
15.5667 496
15.5833 493
15.6 491
15.6167 488
15.6333 485
15.65 483
15.6667 480
15.6833 477
15.7 475
15.7167 472
15.7333 469
15.75 467
15.7667 464
15.7833 461
15.8 459
15.8167 456
15.8333 453
15.85 450
15.8667 448
15.8833 445
15.9 442
15.9167 439
15.9333 437
15.95 434
15.9667 431
15.9833 428
