9.0 637
9.0167 640
9.0333 644
9.05 647
9.0667 651
9.0833 654
9.1 658
9.1167 661
9.1333 664
9.15 668
9.1667 671
9.1833 675
9.2 678
9.2167 681
9.2333 685
9.25 688
9.2667 691
9.2833 695
9.3 698
9.3167 701
9.3333 705
9.35 708
9.3667 711
9.3833 714
9.4 718
9.4167 721
9.4333 724
9.45 727
9.4667 731
9.4833 734
9.5 737
9.5167 740
9.5333 743
9.55 747
9.5667 750
9.5833 753
9.6 756
9.6167 759
9.6333 762
9.65 765
9.6667 768
9.6833 771
9.7 774
9.7167 777
9.7333 780
9.75 783
9.7667 786
9.7833 789
9.8 792
9.8167 795
9.8333 798
9.85 801
9.8667 804
9.8833 807
9.9 810
9.9167 813
9.9333 816
9.95 819
9.9667 821
9.9833 824
10.0 827
10.0167 830
10.0333 833
10.05 835
10.0667 838
10.0833 841
10.1 844
10.1167 846
10.1333 849
10.15 852
10.1667 854
10.1833 857
10.2 860
10.2167 862
10.2333 865
10.25 868
10.2667 870
10.2833 873
10.3 875
10.3167 878
10.3333 880
10.35 883
10.3667 885
10.3833 888
10.4 890
10.4167 893
10.4333 895
10.45 898
10.4667 900
10.4833 903
10.5 905
10.5167 907
10.5333 910
10.55 912
10.5667 914
10.5833 917
10.6 919
10.6167 921
10.6333 923
10.65 926
10.6667 928
10.6833 930
10.7 932
10.7167 935
10.7333 937
10.75 939
10.7667 941
10.7833 943
10.8 945
10.8167 947
10.8333 949
10.85 952
10.8667 954
10.8833 956
10.9 958
10.9167 960
10.9333 962
10.95 964
10.9667 965
10.9833 967
11.0 969
11.0167 971
11.0333 973
11.05 975
11.0667 977
11.0833 979
11.1 980
11.1167 982
11.1333 984
11.15 986
11.1667 988
11.1833 989
11.2 991
11.2167 993
11.2333 994
11.25 996
11.2667 998
11.2833 999
11.3 1001
11.3167 1002
11.3333 1004
11.35 1006
11.3667 1007
11.3833 1009
11.4 1010
11.4167 1012
11.4333 1013
11.45 1015
11.4667 1016
11.4833 1017
11.5 1019
11.5167 1020
11.5333 1022
11.55 1023
11.5667 1024
11.5833 1026
11.6 1027
11.6167 1028
11.6333 1029
11.65 1031
11.6667 1032
11.6833 1033
11.7 1034
11.7167 1035
11.7333 1037
11.75 1038
11.7667 1039
11.7833 1040
11.8 1041
11.8167 1042
11.8333 1043
11.85 1044
11.8667 1045
11.8833 1046
11.9 1047
11.9167 1048
11.9333 1049
11.95 1050
11.9667 1051
11.9833 1052
12.0 1053
12.0167 1053
12.0333 1054
12.05 1055
12.0667 1056
12.0833 1057
12.1 1057
12.1167 1058
12.1333 1059
12.15 1060
12.1667 1060
12.1833 1061
12.2 1061
12.2167 1062
12.2333 1063
12.25 1063
12.2667 1064
12.2833 1064
12.3 1065
12.3167 1065
12.3333 1066
12.35 1066
12.3667 1067
12.3833 1067
12.4 1068
12.4167 1068
12.4333 1069
12.45 1069
12.4667 1069
12.4833 1070
12.5 1070
12.5167 1070
12.5333 1070
12.55 1071
12.5667 1071
12.5833 1071
12.6 1071
12.6167 1072
12.6333 1072
12.65 1072
12.6667 1072
12.6833 1072
12.7 1072
12.7167 1072
12.7333 1072
12.75 1072
12.7667 1072
12.7833 1072
12.8 1072
12.8167 1072
12.8333 1072
12.85 1072
12.8667 1072
12.8833 1072
12.9 1072
12.9167 1072
12.9333 1071
12.95 1071
12.9667 1071
12.9833 1071
13.0 1071
13.0167 1070
13.0333 1070
13.05 1070
13.0667 1069
13.0833 1069
13.1 1069
13.1167 1068
13.1333 1068
13.15 1067
13.1667 1067
13.1833 1067
13.2 1066
13.2167 1066
13.2333 1065
13.25 1065
13.2667 1064
13.2833 1063
13.3 1063
13.3167 1062
13.3333 1062
13.35 1061
13.3667 1060
13.3833 1060
13.4 1059
13.4167 1058
13.4333 1057
13.45 1057
13.4667 1056
13.4833 1055
13.5 1054
13.5167 1054
13.5333 1053
13.55 1052
13.5667 1051
13.5833 1050
13.6 1049
13.6167 1048
13.6333 1047
13.65 1046
13.6667 1045
13.6833 1044
13.7 1043
13.7167 1042
13.7333 1041
13.75 1040
13.7667 1039
13.7833 1038
13.8 1037
13.8167 1036
13.8333 1034
13.85 1033
13.8667 1032
13.8833 1031
13.9 1030
13.9167 1028
13.9333 1027
13.95 1026
13.9667 1024
13.9833 1023
14.0 1022
14.0167 1020
14.0333 1019
14.05 1018
14.0667 1016
14.0833 1015
14.1 1013
14.1167 1012
14.1333 1010
14.15 1009
14.1667 1007
14.1833 1006
14.2 1004
14.2167 1003
14.2333 1001
14.25 999
14.2667 998
14.2833 996
14.3 995
14.3167 993
14.3333 991
14.35 989
14.3667 988
14.3833 986
14.4 984
14.4167 982
14.4333 981
14.45 979
14.4667 977
14.4833 975
14.5 973
14.5167 971
14.5333 970
14.55 968
14.5667 966
14.5833 964
14.6 962
14.6167 960
14.6333 958
14.65 956
14.6667 954
14.6833 952
14.7 950
14.7167 948
14.7333 946
14.75 943
14.7667 941
14.7833 939
14.8 937
14.8167 935
14.8333 933
14.85 930
14.8667 928
14.8833 926
14.9 924
14.9167 922
14.9333 919
14.95 917
14.9667 915
14.9833 912
15.0 910
15.0167 908
15.0333 905
15.05 903
15.0667 901
15.0833 898
15.1 896
15.1167 893
15.1333 891
15.15 888
15.1667 886
15.1833 883
15.2 881
15.2167 878
15.2333 876
15.25 873
15.2667 871
15.2833 868
15.3 865
15.3167 863
15.3333 860
15.35 857
15.3667 855
15.3833 852
15.4 849
15.4167 847
15.4333 844
15.45 841
15.4667 839
15.4833 836
15.5 833
15.5167 830
15.5333 827
15.55 825
15.5667 822
15.5833 819
15.6 816
15.6167 813
15.6333 810
15.65 807
15.6667 805
15.6833 802
15.7 799
15.7167 796
15.7333 793
15.75 790
15.7667 787
15.7833 784
15.8 781
15.8167 778
15.8333 775
15.85 772
15.8667 769
15.8833 766
15.9 763
15.9167 759
15.9333 756
15.95 753
15.9667 750
15.9833 747
