9.0 551
9.0167 554
9.0333 558
9.05 561
9.0667 565
9.0833 569
9.1 572
9.1167 576
9.1333 579
9.15 583
9.1667 587
9.1833 590
9.2 594
9.2167 597
9.2333 601
9.25 605
9.2667 608
9.2833 612
9.3 615
9.3167 619
9.3333 622
9.35 626
9.3667 629
9.3833 632
9.4 636
9.4167 639
9.4333 643
9.45 646
9.4667 650
9.4833 653
9.5 656
9.5167 660
9.5333 663
9.55 666
9.5667 670
9.5833 673
9.6 676
9.6167 679
9.6333 683
9.65 686
9.6667 689
9.6833 692
9.7 695
9.7167 699
9.7333 702
9.75 705
9.7667 708
9.7833 711
9.8 714
9.8167 717
9.8333 720
9.85 724
9.8667 727
9.8833 730
9.9 733
9.9167 736
9.9333 739
9.95 742
9.9667 745
9.9833 748
10.0 750
10.0167 753
10.0333 756
10.05 759
10.0667 762
10.0833 765
10.1 768
10.1167 770
10.1333 773
10.15 776
10.1667 779
10.1833 782
10.2 784
10.2167 787
10.2333 790
10.25 792
10.2667 795
10.2833 798
10.3 800
10.3167 803
10.3333 806
10.35 808
10.3667 811
10.3833 813
10.4 816
10.4167 818
10.4333 821
10.45 823
10.4667 826
10.4833 828
10.5 831
10.5167 833
10.5333 836
10.55 838
10.5667 840
10.5833 843
10.6 845
10.6167 847
10.6333 850
10.65 852
10.6667 854
10.6833 856
10.7 859
10.7167 861
10.7333 863
10.75 865
10.7667 867
10.7833 869
10.8 872
10.8167 874
10.8333 876
10.85 878
10.8667 880
10.8833 882
10.9 884
10.9167 886
10.9333 888
10.95 890
10.9667 892
10.9833 894
11.0 896
11.0167 897
11.0333 899
11.05 901
11.0667 903
11.0833 905
11.1 907
11.1167 908
11.1333 910
11.15 912
11.1667 913
11.1833 915
11.2 917
11.2167 918
11.2333 920
11.25 922
11.2667 923
11.2833 925
11.3 926
11.3167 928
11.3333 929
11.35 931
11.3667 932
11.3833 934
11.4 935
11.4167 937
11.4333 938
11.45 940
11.4667 941
11.4833 942
11.5 944
11.5167 945
11.5333 946
11.55 947
11.5667 949
11.5833 950
11.6 951
11.6167 952
11.6333 953
11.65 955
11.6667 956
11.6833 957
11.7 958
11.7167 959
11.7333 960
11.75 961
11.7667 962
11.7833 963
11.8 964
11.8167 965
11.8333 966
11.85 967
11.8667 967
11.8833 968
11.9 969
11.9167 970
11.9333 971
11.95 972
11.9667 972
11.9833 973
12.0 974
12.0167 974
12.0333 975
12.05 976
12.0667 976
12.0833 977
12.1 978
12.1167 978
12.1333 979
12.15 979
12.1667 980
12.1833 980
12.2 981
12.2167 981
12.2333 982
12.25 982
12.2667 982
12.2833 983
12.3 983
12.3167 983
12.3333 984
12.35 984
12.3667 984
12.3833 985
12.4 985
12.4167 985
12.4333 985
12.45 985
12.4667 985
12.4833 986
12.5 986
12.5167 986
12.5333 986
12.55 986
12.5667 986
12.5833 986
12.6 986
12.6167 986
12.6333 986
12.65 986
12.6667 985
12.6833 985
12.7 985
12.7167 985
12.7333 985
12.75 985
12.7667 984
12.7833 984
12.8 984
12.8167 984
12.8333 983
12.85 983
12.8667 983
12.8833 982
12.9 982
12.9167 981
12.9333 981
12.95 980
12.9667 980
12.9833 979
13.0 979
13.0167 978
13.0333 978
13.05 977
13.0667 977
13.0833 976
13.1 975
13.1167 975
13.1333 974
13.15 973
13.1667 973
13.1833 972
13.2 971
13.2167 970
13.2333 969
13.25 969
13.2667 968
13.2833 967
13.3 966
13.3167 965
13.3333 964
13.35 963
13.3667 962
13.3833 961
13.4 960
13.4167 959
13.4333 958
13.45 957
13.4667 956
13.4833 955
13.5 954
13.5167 953
13.5333 951
13.55 950
13.5667 949
13.5833 948
13.6 947
13.6167 945
13.6333 944
13.65 943
13.6667 941
13.6833 940
13.7 939
13.7167 937
13.7333 936
13.75 934
13.7667 933
13.7833 931
13.8 930
13.8167 928
13.8333 927
13.85 925
13.8667 924
13.8833 922
13.9 921
13.9167 919
13.9333 917
13.95 916
13.9667 914
13.9833 912
14.0 911
14.0167 909
14.0333 907
14.05 905
14.0667 904
14.0833 902
14.1 900
14.1167 898
14.1333 896
14.15 894
14.1667 892
14.1833 890
14.2 889
14.2167 887
14.2333 885
14.25 883
14.2667 881
14.2833 878
14.3 876
14.3167 874
14.3333 872
14.35 870
14.3667 868
14.3833 866
14.4 864
14.4167 862
14.4333 859
14.45 857
14.4667 855
14.4833 853
14.5 850
14.5167 848
14.5333 846
14.55 843
14.5667 841
14.5833 839
14.6 836
14.6167 834
14.6333 832
14.65 829
14.6667 827
14.6833 824
14.7 822
14.7167 819
14.7333 817
14.75 814
14.7667 812
14.7833 809
14.8 806
14.8167 804
14.8333 801
14.85 799
14.8667 796
14.8833 793
14.9 791
14.9167 788
14.9333 785
14.95 782
14.9667 780
14.9833 777
15.0 773
15.0167 770
15.0333 768
15.05 765
15.0667 762
15.0833 759
15.1 756
15.1167 753
15.1333 750
15.15 747
15.1667 744
15.1833 742
15.2 739
15.2167 736
15.2333 733
15.25 730
15.2667 727
15.2833 723
15.3 720
15.3167 717
15.3333 714
15.35 711
15.3667 708
15.3833 705
15.4 702
15.4167 699
15.4333 695
15.45 692
15.4667 689
15.4833 686
15.5 683
15.5167 679
15.5333 676
15.55 673
15.5667 669
15.5833 666
15.6 663
15.6167 660
15.6333 656
15.65 653
15.6667 649
15.6833 646
15.7 643
15.7167 639
15.7333 636
15.75 632
15.7667 629
15.7833 626
15.8 622
15.8167 619
15.8333 615
15.85 612
15.8667 608
15.8833 605
15.9 601
15.9167 597
15.9333 594
15.95 590
15.9667 587
15.9833 583
