9.0 334
9.0167 338
9.0333 342
9.05 346
9.0667 350
9.0833 353
9.1 357
9.1167 361
9.1333 365
9.15 368
9.1667 372
9.1833 376
9.2 379
9.2167 383
9.2333 387
9.25 391
9.2667 394
9.2833 398
9.3 402
9.3167 405
9.3333 409
9.35 412
9.3667 416
9.3833 420
9.4 423
9.4167 427
9.4333 431
9.45 434
9.4667 438
9.4833 441
9.5 445
9.5167 448
9.5333 452
9.55 455
9.5667 459
9.5833 462
9.6 466
9.6167 469
9.6333 473
9.65 476
9.6667 480
9.6833 483
9.7 487
9.7167 490
9.7333 493
9.75 497
9.7667 500
9.7833 504
9.8 507
9.8167 510
9.8333 514
9.85 517
9.8667 520
9.8833 523
9.9 527
9.9167 530
9.9333 533
9.95 537
9.9667 540
9.9833 543
10.0 546
10.0167 549
10.0333 552
10.05 556
10.0667 559
10.0833 562
10.1 565
10.1167 568
10.1333 571
10.15 574
10.1667 577
10.1833 580
10.2 583
10.2167 586
10.2333 589
10.25 592
10.2667 595
10.2833 598
10.3 601
10.3167 604
10.3333 607
10.35 610
10.3667 613
10.3833 616
10.4 619
10.4167 622
10.4333 624
10.45 627
10.4667 630
10.4833 633
10.5 636
10.5167 638
10.5333 641
10.55 644
10.5667 646
10.5833 649
10.6 652
10.6167 654
10.6333 657
10.65 660
10.6667 662
10.6833 665
10.7 667
10.7167 670
10.7333 673
10.75 675
10.7667 678
10.7833 680
10.8 683
10.8167 685
10.8333 687
10.85 690
10.8667 692
10.8833 695
10.9 697
10.9167 699
10.9333 702
10.95 704
10.9667 706
10.9833 709
11.0 711
11.0167 713
11.0333 715
11.05 718
11.0667 720
11.0833 722
11.1 724
11.1167 726
11.1333 728
11.15 730
11.1667 733
11.1833 735
11.2 737
11.2167 739
11.2333 741
11.25 743
11.2667 745
11.2833 747
11.3 749
11.3167 750
11.3333 752
11.35 754
11.3667 756
11.3833 758
11.4 760
11.4167 762
11.4333 763
11.45 765
11.4667 767
11.4833 769
11.5 770
11.5167 772
11.5333 774
11.55 775
11.5667 777
11.5833 779
11.6 780
11.6167 782
11.6333 784
11.65 785
11.6667 787
11.6833 788
11.7 790
11.7167 791
11.7333 793
11.75 794
11.7667 795
11.7833 797
11.8 798
11.8167 799
11.8333 801
11.85 802
11.8667 803
11.8833 805
11.9 806
11.9167 807
11.9333 808
11.95 810
11.9667 811
11.9833 812
12.0 813
12.0167 814
12.0333 815
12.05 816
12.0667 817
12.0833 818
12.1 819
12.1167 820
12.1333 821
12.15 822
12.1667 823
12.1833 824
12.2 825
12.2167 826
12.2333 827
12.25 828
12.2667 829
12.2833 829
12.3 830
12.3167 831
12.3333 832
12.35 832
12.3667 833
12.3833 834
12.4 834
12.4167 835
12.4333 836
12.45 836
12.4667 837
12.4833 837
12.5 838
12.5167 838
12.5333 839
12.55 839
12.5667 840
12.5833 840
12.6 841
12.6167 841
12.6333 841
12.65 842
12.6667 842
12.6833 842
12.7 843
12.7167 843
12.7333 843
12.75 843
12.7667 844
12.7833 844
12.8 844
12.8167 844
12.8333 844
12.85 844
12.8667 844
12.8833 844
12.9 845
12.9167 845
12.9333 845
12.95 845
12.9667 845
12.9833 844
13.0 844
13.0167 844
13.0333 844
13.05 844
13.0667 844
13.0833 844
13.1 843
13.1167 843
13.1333 843
13.15 843
13.1667 842
13.1833 842
13.2 842
13.2167 841
13.2333 841
13.25 841
13.2667 840
13.2833 840
13.3 839
13.3167 839
13.3333 838
13.35 838
13.3667 837
13.3833 837
13.4 836
13.4167 836
13.4333 835
13.45 834
13.4667 834
13.4833 833
13.5 832
13.5167 832
13.5333 831
13.55 830
13.5667 829
13.5833 829
13.6 828
13.6167 827
13.6333 826
13.65 825
13.6667 824
13.6833 823
13.7 822
13.7167 821
13.7333 821
13.75 820
13.7667 818
13.7833 817
13.8 816
13.8167 815
13.8333 814
13.85 813
13.8667 812
13.8833 811
13.9 810
13.9167 808
13.9333 807
13.95 806
13.9667 805
13.9833 803
14.0 802
14.0167 801
14.0333 800
14.05 798
14.0667 797
14.0833 795
14.1 794
14.1167 793
14.1333 791
14.15 790
14.1667 788
14.1833 787
14.2 785
14.2167 784
14.2333 782
14.25 780
14.2667 779
14.2833 777
14.3 776
14.3167 774
14.3333 772
14.35 770
14.3667 769
14.3833 767
14.4 765
14.4167 763
14.4333 762
14.45 760
14.4667 758
14.4833 756
14.5 754
14.5167 752
14.5333 751
14.55 749
14.5667 747
14.5833 745
14.6 743
14.6167 741
14.6333 739
14.65 737
14.6667 735
14.6833 733
14.7 730
14.7167 728
14.7333 726
14.75 724
14.7667 722
14.7833 720
14.8 718
14.8167 715
14.8333 713
14.85 711
14.8667 709
14.8833 706
14.9 704
14.9167 702
14.9333 699
14.95 697
14.9667 695
14.9833 692
15.0 691
15.0167 688
15.0333 686
15.05 684
15.0667 681
15.0833 679
15.1 676
15.1167 674
15.1333 671
15.15 669
15.1667 666
15.1833 663
15.2 661
15.2167 658
15.2333 656
15.25 653
15.2667 650
15.2833 647
15.3 645
15.3167 642
15.3333 639
15.35 637
15.3667 634
15.3833 631
15.4 628
15.4167 625
15.4333 623
15.45 620
15.4667 617
15.4833 614
15.5 611
15.5167 608
15.5333 605
15.55 602
15.5667 599
15.5833 597
15.6 594
15.6167 591
15.6333 588
15.65 585
15.6667 581
15.6833 578
15.7 575
15.7167 572
15.7333 569
15.75 566
15.7667 563
15.7833 560
15.8 557
15.8167 554
15.8333 550
15.85 547
15.8667 544
15.8833 541
15.9 538
15.9167 534
15.9333 531
15.95 528
15.9667 525
15.9833 521
