9.0 638
9.0167 642
9.0333 645
9.05 649
9.0667 653
9.0833 656
9.1 660
9.1167 663
9.1333 667
9.15 670
9.1667 674
9.1833 677
9.2 681
9.2167 684
9.2333 688
9.25 691
9.2667 695
9.2833 698
9.3 702
9.3167 705
9.3333 708
9.35 712
9.3667 715
9.3833 719
9.4 722
9.4167 725
9.4333 729
9.45 732
9.4667 735
9.4833 739
9.5 742
9.5167 745
9.5333 748
9.55 752
9.5667 755
9.5833 758
9.6 761
9.6167 765
9.6333 768
9.65 771
9.6667 774
9.6833 777
9.7 780
9.7167 784
9.7333 787
9.75 790
9.7667 793
9.7833 796
9.8 799
9.8167 802
9.8333 805
9.85 808
9.8667 811
9.8833 814
9.9 817
9.9167 820
9.9333 823
9.95 826
9.9667 829
9.9833 832
10.0 834
10.0167 837
10.0333 840
10.05 843
10.0667 846
10.0833 849
10.1 851
10.1167 854
10.1333 857
10.15 860
10.1667 862
10.1833 865
10.2 868
10.2167 870
10.2333 873
10.25 876
10.2667 878
10.2833 881
10.3 884
10.3167 886
10.3333 889
10.35 891
10.3667 894
10.3833 896
10.4 899
10.4167 901
10.4333 904
10.45 906
10.4667 909
10.4833 911
10.5 914
10.5167 916
10.5333 918
10.55 921
10.5667 923
10.5833 925
10.6 928
10.6167 930
10.6333 932
10.65 935
10.6667 937
10.6833 939
10.7 941
10.7167 943
10.7333 946
10.75 948
10.7667 950
10.7833 952
10.8 954
10.8167 956
10.8333 958
10.85 960
10.8667 962
10.8833 964
10.9 966
10.9167 968
10.9333 970
10.95 972
10.9667 974
10.9833 976
11.0 978
11.0167 980
11.0333 982
11.05 984
11.0667 985
11.0833 987
11.1 989
11.1167 991
11.1333 993
11.15 994
11.1667 996
11.1833 998
11.2 999
11.2167 1001
11.2333 1003
11.25 1004
11.2667 1006
11.2833 1007
11.3 1009
11.3167 1011
11.3333 1012
11.35 1014
11.3667 1015
11.3833 1017
11.4 1018
11.4167 1020
11.4333 1021
11.45 1022
11.4667 1024
11.4833 1025
11.5 1026
11.5167 1028
11.5333 1029
11.55 1030
11.5667 1032
11.5833 1033
11.6 1034
11.6167 1035
11.6333 1036
11.65 1038
11.6667 1039
11.6833 1040
11.7 1041
11.7167 1042
11.7333 1043
11.75 1044
11.7667 1045
11.7833 1046
11.8 1047
11.8167 1048
11.8333 1049
11.85 1050
11.8667 1051
11.8833 1052
11.9 1053
11.9167 1054
11.9333 1055
11.95 1055
11.9667 1056
11.9833 1057
12.0 1058
12.0167 1059
12.0333 1059
12.05 1060
12.0667 1061
12.0833 1061
12.1 1062
12.1167 1063
12.1333 1063
12.15 1064
12.1667 1064
12.1833 1065
12.2 1065
12.2167 1066
12.2333 1066
12.25 1067
12.2667 1067
12.2833 1068
12.3 1068
12.3167 1069
12.3333 1069
12.35 1069
12.3667 1070
12.3833 1070
12.4 1070
12.4167 1070
12.4333 1071
12.45 1071
12.4667 1071
12.4833 1071
12.5 1072
12.5167 1072
12.5333 1072
12.55 1072
12.5667 1072
12.5833 1072
12.6 1072
12.6167 1072
12.6333 1072
12.65 1072
12.6667 1072
12.6833 1072
12.7 1072
12.7167 1072
12.7333 1072
12.75 1072
12.7667 1072
12.7833 1071
12.8 1071
12.8167 1071
12.8333 1071
12.85 1071
12.8667 1070
12.8833 1070
12.9 1070
12.9167 1069
12.9333 1069
12.95 1069
12.9667 1068
12.9833 1068
13.0 1067
13.0167 1067
13.0333 1067
13.05 1066
13.0667 1066
13.0833 1065
13.1 1065
13.1167 1064
13.1333 1063
13.15 1063
13.1667 1062
13.1833 1062
13.2 1061
13.2167 1060
13.2333 1059
13.25 1059
13.2667 1058
13.2833 1057
13.3 1056
13.3167 1056
13.3333 1055
13.35 1054
13.3667 1053
13.3833 1052
13.4 1051
13.4167 1051
13.4333 1050
13.45 1049
13.4667 1048
13.4833 1047
13.5 1046
13.5167 1045
13.5333 1044
13.55 1042
13.5667 1041
13.5833 1040
13.6 1039
13.6167 1038
13.6333 1037
13.65 1036
13.6667 1034
13.6833 1033
13.7 1032
13.7167 1031
13.7333 1029
13.75 1028
13.7667 1027
13.7833 1025
13.8 1024
13.8167 1023
13.8333 1021
13.85 1020
13.8667 1019
13.8833 1017
13.9 1016
13.9167 1014
13.9333 1013
13.95 1011
13.9667 1010
13.9833 1008
14.0 1006
14.0167 1005
14.0333 1003
14.05 1002
14.0667 1000
14.0833 998
14.1 997
14.1167 995
14.1333 993
14.15 991
14.1667 990
14.1833 988
14.2 986
14.2167 984
14.2333 982
14.25 981
14.2667 979
14.2833 977
14.3 975
14.3167 973
14.3333 971
14.35 969
14.3667 967
14.3833 965
14.4 963
14.4167 961
14.4333 959
14.45 957
14.4667 955
14.4833 953
14.5 951
14.5167 948
14.5333 946
14.55 944
14.5667 942
14.5833 940
14.6 938
14.6167 935
14.6333 933
14.65 931
14.6667 928
14.6833 926
14.7 924
14.7167 921
14.7333 919
14.75 917
14.7667 914
14.7833 912
14.8 910
14.8167 907
14.8333 905
14.85 902
14.8667 900
14.8833 897
14.9 895
14.9167 892
14.9333 890
14.95 887
14.9667 884
14.9833 882
15.0 879
15.0167 877
15.0333 874
15.05 871
15.0667 869
15.0833 866
15.1 863
15.1167 861
15.1333 858
15.15 855
15.1667 852
15.1833 850
15.2 847
15.2167 844
15.2333 841
15.25 838
15.2667 835
15.2833 833
15.3 830
15.3167 827
15.3333 824
15.35 821
15.3667 818
15.3833 815
15.4 812
15.4167 809
15.4333 806
15.45 803
15.4667 800
15.4833 797
15.5 794
15.5167 791
15.5333 788
15.55 785
15.5667 782
15.5833 778
15.6 775
15.6167 772
15.6333 769
15.65 766
15.6667 763
15.6833 759
15.7 756
15.7167 753
15.7333 750
15.75 746
15.7667 743
15.7833 740
15.8 737
15.8167 733
15.8333 730
15.85 727
15.8667 723
15.8833 720
15.9 717
15.9167 713
15.9333 710
15.95 706
15.9667 703
15.9833 699
