9.0 601
9.0167 604
9.0333 608
9.05 611
9.0667 615
9.0833 619
9.1 622
9.1167 626
9.1333 629
9.15 633
9.1667 637
9.1833 640
9.2 644
9.2167 647
9.2333 651
9.25 654
9.2667 658
9.2833 661
9.3 665
9.3167 668
9.3333 672
9.35 675
9.3667 679
9.3833 682
9.4 685
9.4167 689
9.4333 692
9.45 696
9.4667 699
9.4833 702
9.5 706
9.5167 709
9.5333 712
9.55 716
9.5667 719
9.5833 722
9.6 726
9.6167 729
9.6333 732
9.65 735
9.6667 739
9.6833 742
9.7 745
9.7167 748
9.7333 751
9.75 755
9.7667 758
9.7833 761
9.8 764
9.8167 767
9.8333 770
9.85 773
9.8667 776
9.8833 779
9.9 782
9.9167 785
9.9333 788
9.95 791
9.9667 794
9.9833 797
10.0 800
10.0167 803
10.0333 806
10.05 809
10.0667 812
10.0833 815
10.1 818
10.1167 821
10.1333 824
10.15 826
10.1667 829
10.1833 832
10.2 835
10.2167 838
10.2333 840
10.25 843
10.2667 846
10.2833 848
10.3 851
10.3167 854
10.3333 857
10.35 859
10.3667 862
10.3833 864
10.4 867
10.4167 870
10.4333 872
10.45 875
10.4667 877
10.4833 880
10.5 882
10.5167 885
10.5333 887
10.55 890
10.5667 892
10.5833 895
10.6 897
10.6167 899
10.6333 902
10.65 904
10.6667 907
10.6833 909
10.7 911
10.7167 914
10.7333 916
10.75 918
10.7667 920
10.7833 923
10.8 925
10.8167 927
10.8333 929
10.85 931
10.8667 933
10.8833 936
10.9 938
10.9167 940
10.9333 942
10.95 944
10.9667 946
10.9833 948
11.0 950
11.0167 952
11.0333 954
11.05 956
11.0667 958
11.0833 960
11.1 962
11.1167 964
11.1333 965
11.15 967
11.1667 969
11.1833 971
11.2 973
11.2167 975
11.2333 976
11.25 978
11.2667 980
11.2833 982
11.3 983
11.3167 985
11.3333 987
11.35 988
11.3667 990
11.3833 991
11.4 993
11.4167 995
11.4333 996
11.45 998
11.4667 999
11.4833 1001
11.5 1002
11.5167 1004
11.5333 1005
11.55 1006
11.5667 1008
11.5833 1009
11.6 1011
11.6167 1012
11.6333 1013
11.65 1015
11.6667 1016
11.6833 1017
11.7 1018
11.7167 1020
11.7333 1021
11.75 1022
11.7667 1023
11.7833 1024
11.8 1025
11.8167 1027
11.8333 1028
11.85 1029
11.8667 1030
11.8833 1031
11.9 1032
11.9167 1033
11.9333 1034
11.95 1035
11.9667 1036
11.9833 1037
12.0 1038
12.0167 1038
12.0333 1039
12.05 1040
12.0667 1041
12.0833 1042
12.1 1043
12.1167 1043
12.1333 1044
12.15 1045
12.1667 1046
12.1833 1046
12.2 1047
12.2167 1048
12.2333 1048
12.25 1049
12.2667 1049
12.2833 1050
12.3 1051
12.3167 1051
12.3333 1052
12.35 1052
12.3667 1053
12.3833 1053
12.4 1054
12.4167 1054
12.4333 1054
12.45 1055
12.4667 1055
12.4833 1055
12.5 1056
12.5167 1056
12.5333 1056
12.55 1057
12.5667 1057
12.5833 1057
12.6 1057
12.6167 1057
12.6333 1058
12.65 1058
12.6667 1058
12.6833 1058
12.7 1058
12.7167 1058
12.7333 1058
12.75 1058
12.7667 1058
12.7833 1058
12.8 1058
12.8167 1058
12.8333 1058
12.85 1058
12.8667 1058
12.8833 1058
12.9 1058
12.9167 1057
12.9333 1057
12.95 1057
12.9667 1057
12.9833 1057
13.0 1056
13.0167 1056
13.0333 1056
13.05 1055
13.0667 1055
13.0833 1055
13.1 1054
13.1167 1054
13.1333 1053
13.15 1053
13.1667 1053
13.1833 1052
13.2 1052
13.2167 1051
13.2333 1051
13.25 1050
13.2667 1049
13.2833 1049
13.3 1048
13.3167 1048
13.3333 1047
13.35 1046
13.3667 1045
13.3833 1045
13.4 1044
13.4167 1043
13.4333 1043
13.45 1042
13.4667 1041
13.4833 1040
13.5 1039
13.5167 1038
13.5333 1037
13.55 1037
13.5667 1036
13.5833 1035
13.6 1034
13.6167 1033
13.6333 1032
13.65 1031
13.6667 1030
13.6833 1029
13.7 1028
13.7167 1026
13.7333 1025
13.75 1024
13.7667 1023
13.7833 1022
13.8 1021
13.8167 1019
13.8333 1018
13.85 1017
13.8667 1016
13.8833 1014
13.9 1013
13.9167 1012
13.9333 1010
13.95 1009
13.9667 1008
13.9833 1006
14.0 1005
14.0167 1003
14.0333 1002
14.05 1000
14.0667 999
14.0833 997
14.1 996
14.1167 994
14.1333 993
14.15 991
14.1667 990
14.1833 988
14.2 986
14.2167 985
14.2333 983
14.25 981
14.2667 980
14.2833 978
14.3 976
14.3167 974
14.3333 973
14.35 971
14.3667 969
14.3833 967
14.4 965
14.4167 963
14.4333 962
14.45 960
14.4667 958
14.4833 956
14.5 954
14.5167 952
14.5333 950
14.55 948
14.5667 946
14.5833 944
14.6 942
14.6167 940
14.6333 937
14.65 935
14.6667 933
14.6833 931
14.7 929
14.7167 927
14.7333 925
14.75 922
14.7667 920
14.7833 918
14.8 916
14.8167 913
14.8333 911
14.85 909
14.8667 906
14.8833 904
14.9 902
14.9167 899
14.9333 897
14.95 894
14.9667 892
14.9833 890
15.0 887
15.0167 884
15.0333 882
15.05 879
15.0667 877
15.0833 874
15.1 872
15.1167 869
15.1333 866
15.15 864
15.1667 861
15.1833 859
15.2 856
15.2167 853
15.2333 851
15.25 848
15.2667 845
15.2833 842
15.3 840
15.3167 837
15.3333 834
15.35 831
15.3667 828
15.3833 826
15.4 823
15.4167 820
15.4333 817
15.45 814
15.4667 811
15.4833 808
15.5 806
15.5167 803
15.5333 800
15.55 797
15.5667 794
15.5833 791
15.6 788
15.6167 785
15.6333 782
15.65 779
15.6667 776
15.6833 772
15.7 769
15.7167 766
15.7333 763
15.75 760
15.7667 757
15.7833 754
15.8 751
15.8167 747
15.8333 744
15.85 741
15.8667 738
15.8833 735
15.9 731
15.9167 728
15.9333 725
15.95 722
15.9667 718
15.9833 715
