9.0 658
9.0167 662
9.0333 665
9.05 669
9.0667 672
9.0833 676
9.1 679
9.1167 683
9.1333 686
9.15 690
9.1667 693
9.1833 696
9.2 700
9.2167 703
9.2333 707
9.25 710
9.2667 713
9.2833 717
9.3 720
9.3167 723
9.3333 727
9.35 730
9.3667 733
9.3833 737
9.4 740
9.4167 743
9.4333 746
9.45 750
9.4667 753
9.4833 756
9.5 759
9.5167 762
9.5333 765
9.55 769
9.5667 772
9.5833 775
9.6 778
9.6167 781
9.6333 784
9.65 787
9.6667 790
9.6833 793
9.7 796
9.7167 799
9.7333 802
9.75 805
9.7667 808
9.7833 811
9.8 814
9.8167 817
9.8333 820
9.85 823
9.8667 826
9.8833 829
9.9 832
9.9167 835
9.9333 838
9.95 840
9.9667 843
9.9833 846
10.0 849
10.0167 852
10.0333 854
10.05 857
10.0667 860
10.0833 862
10.1 865
10.1167 868
10.1333 871
10.15 873
10.1667 876
10.1833 878
10.2 881
10.2167 884
10.2333 886
10.25 889
10.2667 891
10.2833 894
10.3 896
10.3167 899
10.3333 901
10.35 904
10.3667 906
10.3833 909
10.4 911
10.4167 914
10.4333 916
10.45 918
10.4667 921
10.4833 923
10.5 925
10.5167 928
10.5333 930
10.55 932
10.5667 935
10.5833 937
10.6 939
10.6167 941
10.6333 944
10.65 946
10.6667 948
10.6833 950
10.7 952
10.7167 954
10.7333 956
10.75 959
10.7667 961
10.7833 963
10.8 965
10.8167 967
10.8333 969
10.85 971
10.8667 973
10.8833 975
10.9 977
10.9167 978
10.9333 980
10.95 982
10.9667 984
10.9833 986
11.0 988
11.0167 990
11.0333 991
11.05 993
11.0667 995
11.0833 997
11.1 998
11.1167 1000
11.1333 1002
11.15 1003
11.1667 1005
11.1833 1007
11.2 1008
11.2167 1010
11.2333 1012
11.25 1013
11.2667 1015
11.2833 1016
11.3 1018
11.3167 1019
11.3333 1021
11.35 1022
11.3667 1024
11.3833 1025
11.4 1026
11.4167 1028
11.4333 1029
11.45 1031
11.4667 1032
11.4833 1033
11.5 1035
11.5167 1036
11.5333 1037
11.55 1038
11.5667 1039
11.5833 1041
11.6 1042
11.6167 1043
11.6333 1044
11.65 1045
11.6667 1046
11.6833 1048
11.7 1049
11.7167 1050
11.7333 1051
11.75 1052
11.7667 1053
11.7833 1054
11.8 1055
11.8167 1056
11.8333 1057
11.85 1057
11.8667 1058
11.8833 1059
11.9 1060
11.9167 1061
11.9333 1062
11.95 1062
11.9667 1063
11.9833 1064
12.0 1065
12.0167 1065
12.0333 1066
12.05 1067
12.0667 1067
12.0833 1068
12.1 1069
12.1167 1069
12.1333 1070
12.15 1070
12.1667 1071
12.1833 1072
12.2 1072
12.2167 1073
12.2333 1073
12.25 1073
12.2667 1074
12.2833 1074
12.3 1075
12.3167 1075
12.3333 1075
12.35 1076
12.3667 1076
12.3833 1076
12.4 1077
12.4167 1077
12.4333 1077
12.45 1077
12.4667 1077
12.4833 1078
12.5 1078
12.5167 1078
12.5333 1078
12.55 1078
12.5667 1078
12.5833 1078
12.6 1078
12.6167 1078
12.6333 1078
12.65 1078
12.6667 1078
12.6833 1078
12.7 1078
12.7167 1078
12.7333 1078
12.75 1078
12.7667 1078
12.7833 1078
12.8 1077
12.8167 1077
12.8333 1077
12.85 1077
12.8667 1076
12.8833 1076
12.9 1076
12.9167 1076
12.9333 1075
12.95 1075
12.9667 1074
12.9833 1074
13.0 1074
13.0167 1073
13.0333 1073
13.05 1072
13.0667 1072
13.0833 1071
13.1 1071
13.1167 1070
13.1333 1070
13.15 1069
13.1667 1068
13.1833 1068
13.2 1067
13.2167 1066
13.2333 1066
13.25 1065
13.2667 1064
13.2833 1064
13.3 1063
13.3167 1062
13.3333 1061
13.35 1060
13.3667 1060
13.3833 1059
13.4 1058
13.4167 1057
13.4333 1056
13.45 1055
13.4667 1054
13.4833 1053
13.5 1052
13.5167 1051
13.5333 1050
13.55 1049
13.5667 1048
13.5833 1047
13.6 1046
13.6167 1045
13.6333 1044
13.65 1042
13.6667 1041
13.6833 1040
13.7 1039
13.7167 1038
13.7333 1036
13.75 1035
13.7667 1034
13.7833 1033
13.8 1031
13.8167 1030
13.8333 1029
13.85 1027
13.8667 1026
13.8833 1024
13.9 1023
13.9167 1021
13.9333 1020
13.95 1018
13.9667 1017
13.9833 1015
14.0 1014
14.0167 1012
14.0333 1011
14.05 1009
14.0667 1008
14.0833 1006
14.1 1004
14.1167 1003
14.1333 1001
14.15 999
14.1667 998
14.1833 996
14.2 994
14.2167 992
14.2333 990
14.25 989
14.2667 987
14.2833 985
14.3 983
14.3167 981
14.3333 979
14.35 977
14.3667 976
14.3833 974
14.4 972
14.4167 970
14.4333 968
14.45 966
14.4667 964
14.4833 962
14.5 960
14.5167 957
14.5333 955
14.55 953
14.5667 951
14.5833 949
14.6 947
14.6167 945
14.6333 942
14.65 940
14.6667 938
14.6833 936
14.7 933
14.7167 931
14.7333 929
14.75 927
14.7667 924
14.7833 922
14.8 920
14.8167 917
14.8333 915
14.85 912
14.8667 910
14.8833 908
14.9 905
14.9167 903
14.9333 900
14.95 898
14.9667 895
14.9833 893
15.0 890
15.0167 888
15.0333 885
15.05 882
15.0667 880
15.0833 877
15.1 875
15.1167 872
15.1333 869
15.15 867
15.1667 864
15.1833 861
15.2 859
15.2167 856
15.2333 853
15.25 850
15.2667 847
15.2833 845
15.3 842
15.3167 839
15.3333 836
15.35 833
15.3667 830
15.3833 828
15.4 825
15.4167 822
15.4333 819
15.45 816
15.4667 813
15.4833 810
15.5 807
15.5167 804
15.5333 801
15.55 798
15.5667 795
15.5833 792
15.6 789
15.6167 786
15.6333 783
15.65 780
15.6667 777
15.6833 773
15.7 770
15.7167 767
15.7333 764
15.75 761
15.7667 758
15.7833 754
15.8 751
15.8167 748
15.8333 745
15.85 742
15.8667 738
15.8833 735
15.9 732
15.9167 728
15.9333 725
15.95 722
15.9667 719
15.9833 715
