9.0 620
9.0167 623
9.0333 627
9.05 630
9.0667 634
9.0833 637
9.1 641
9.1167 644
9.1333 647
9.15 651
9.1667 654
9.1833 657
9.2 661
9.2167 664
9.2333 668
9.25 671
9.2667 674
9.2833 677
9.3 681
9.3167 684
9.3333 687
9.35 691
9.3667 694
9.3833 697
9.4 700
9.4167 704
9.4333 707
9.45 710
9.4667 713
9.4833 716
9.5 719
9.5167 723
9.5333 726
9.55 729
9.5667 732
9.5833 735
9.6 738
9.6167 741
9.6333 744
9.65 747
9.6667 750
9.6833 754
9.7 757
9.7167 760
9.7333 763
9.75 766
9.7667 769
9.7833 771
9.8 774
9.8167 777
9.8333 780
9.85 783
9.8667 786
9.8833 789
9.9 792
9.9167 795
9.9333 798
9.95 800
9.9667 803
9.9833 806
10.0 809
10.0167 812
10.0333 814
10.05 817
10.0667 820
10.0833 823
10.1 825
10.1167 828
10.1333 831
10.15 833
10.1667 836
10.1833 839
10.2 841
10.2167 844
10.2333 847
10.25 849
10.2667 852
10.2833 854
10.3 857
10.3167 859
10.3333 862
10.35 864
10.3667 867
10.3833 869
10.4 872
10.4167 874
10.4333 877
10.45 879
10.4667 881
10.4833 884
10.5 886
10.5167 889
10.5333 891
10.55 893
10.5667 896
10.5833 898
10.6 900
10.6167 902
10.6333 905
10.65 907
10.6667 909
10.6833 911
10.7 913
10.7167 916
10.7333 918
10.75 920
10.7667 922
10.7833 924
10.8 926
10.8167 928
10.8333 930
10.85 932
10.8667 934
10.8833 936
10.9 938
10.9167 940
10.9333 942
10.95 944
10.9667 946
10.9833 948
11.0 950
11.0167 952
11.0333 954
11.05 956
11.0667 957
11.0833 959
11.1 961
11.1167 963
11.1333 965
11.15 966
11.1667 968
11.1833 970
11.2 972
11.2167 973
11.2333 975
11.25 977
11.2667 978
11.2833 980
11.3 981
11.3167 983
11.3333 984
11.35 986
11.3667 988
11.3833 989
11.4 991
11.4167 992
11.4333 993
11.45 995
11.4667 996
11.4833 998
11.5 999
11.5167 1001
11.5333 1002
11.55 1003
11.5667 1005
11.5833 1006
11.6 1007
11.6167 1008
11.6333 1010
11.65 1011
11.6667 1012
11.6833 1013
11.7 1014
11.7167 1016
11.7333 1017
11.75 1018
11.7667 1019
11.7833 1020
11.8 1021
11.8167 1022
11.8333 1023
11.85 1024
11.8667 1025
11.8833 1026
11.9 1027
11.9167 1028
11.9333 1029
11.95 1030
11.9667 1031
11.9833 1032
12.0 1033
12.0167 1033
12.0333 1034
12.05 1035
12.0667 1036
12.0833 1036
12.1 1037
12.1167 1038
12.1333 1039
12.15 1039
12.1667 1040
12.1833 1041
12.2 1041
12.2167 1042
12.2333 1042
12.25 1043
12.2667 1044
12.2833 1044
12.3 1045
12.3167 1045
12.3333 1046
12.35 1046
12.3667 1047
12.3833 1047
12.4 1047
12.4167 1048
12.4333 1048
12.45 1049
12.4667 1049
12.4833 1049
12.5 1049
12.5167 1050
12.5333 1050
12.55 1050
12.5667 1051
12.5833 1051
12.6 1051
12.6167 1051
12.6333 1051
12.65 1051
12.6667 1051
12.6833 1052
12.7 1052
12.7167 1052
12.7333 1052
12.75 1052
12.7667 1052
12.7833 1052
12.8 1052
12.8167 1052
12.8333 1052
12.85 1052
12.8667 1051
12.8833 1051
12.9 1051
12.9167 1051
12.9333 1051
12.95 1051
12.9667 1050
12.9833 1050
13.0 1050
13.0167 1050
13.0333 1049
13.05 1049
13.0667 1049
13.0833 1048
13.1 1048
13.1167 1048
13.1333 1047
13.15 1047
13.1667 1046
13.1833 1046
13.2 1045
13.2167 1045
13.2333 1044
13.25 1044
13.2667 1043
13.2833 1043
13.3 1042
13.3167 1041
13.3333 1041
13.35 1040
13.3667 1040
13.3833 1039
13.4 1038
13.4167 1037
13.4333 1037
13.45 1036
13.4667 1035
13.4833 1034
13.5 1034
13.5167 1033
13.5333 1032
13.55 1031
13.5667 1030
13.5833 1029
13.6 1028
13.6167 1027
13.6333 1026
13.65 1025
13.6667 1024
13.6833 1023
13.7 1022
13.7167 1021
13.7333 1020
13.75 1019
13.7667 1018
13.7833 1017
13.8 1016
13.8167 1015
13.8333 1014
13.85 1012
13.8667 1011
13.8833 1010
13.9 1009
13.9167 1007
13.9333 1006
13.95 1005
13.9667 1004
13.9833 1002
14.0 1001
14.0167 999
14.0333 998
14.05 997
14.0667 995
14.0833 994
14.1 992
14.1167 991
14.1333 989
14.15 988
14.1667 986
14.1833 985
14.2 983
14.2167 982
14.2333 980
14.25 979
14.2667 977
14.2833 975
14.3 974
14.3167 972
14.3333 970
14.35 969
14.3667 967
14.3833 965
14.4 963
14.4167 962
14.4333 960
14.45 958
14.4667 956
14.4833 954
14.5 952
14.5167 951
14.5333 949
14.55 947
14.5667 945
14.5833 943
14.6 941
14.6167 939
14.6333 937
14.65 935
14.6667 933
14.6833 931
14.7 929
14.7167 927
14.7333 925
14.75 923
14.7667 920
14.7833 918
14.8 916
14.8167 914
14.8333 912
14.85 910
14.8667 907
14.8833 905
14.9 903
14.9167 901
14.9333 898
14.95 896
14.9667 894
14.9833 892
15.0 889
15.0167 887
15.0333 885
15.05 882
15.0667 880
15.0833 877
15.1 875
15.1167 873
15.1333 870
15.15 868
15.1667 865
15.1833 863
15.2 860
15.2167 858
15.2333 855
15.25 852
15.2667 850
15.2833 847
15.3 845
15.3167 842
15.3333 839
15.35 837
15.3667 834
15.3833 832
15.4 829
15.4167 826
15.4333 823
15.45 821
15.4667 818
15.4833 815
15.5 812
15.5167 810
15.5333 807
15.55 804
15.5667 801
15.5833 798
15.6 796
15.6167 793
15.6333 790
15.65 787
15.6667 784
15.6833 781
15.7 778
15.7167 775
15.7333 772
15.75 769
15.7667 766
15.7833 763
15.8 760
15.8167 757
15.8333 754
15.85 751
15.8667 748
15.8833 745
15.9 742
15.9167 739
15.9333 736
15.95 733
15.9667 730
15.9833 727
