9.0 624
9.0167 627
9.0333 631
9.05 634
9.0667 638
9.0833 641
9.1 645
9.1167 648
9.1333 652
9.15 655
9.1667 659
9.1833 662
9.2 666
9.2167 669
9.2333 672
9.25 676
9.2667 679
9.2833 683
9.3 686
9.3167 689
9.3333 693
9.35 696
9.3667 699
9.3833 703
9.4 706
9.4167 709
9.4333 713
9.45 716
9.4667 719
9.4833 722
9.5 726
9.5167 729
9.5333 732
9.55 735
9.5667 738
9.5833 742
9.6 745
9.6167 748
9.6333 751
9.65 754
9.6667 757
9.6833 760
9.7 764
9.7167 767
9.7333 770
9.75 773
9.7667 776
9.7833 779
9.8 782
9.8167 785
9.8333 788
9.85 791
9.8667 794
9.8833 797
9.9 800
9.9167 803
9.9333 806
9.95 809
9.9667 811
9.9833 814
10.0 817
10.0167 820
10.0333 823
10.05 826
10.0667 829
10.0833 831
10.1 834
10.1167 837
10.1333 840
10.15 842
10.1667 845
10.1833 848
10.2 851
10.2167 853
10.2333 856
10.25 859
10.2667 861
10.2833 864
10.3 866
10.3167 869
10.3333 872
10.35 874
10.3667 877
10.3833 879
10.4 882
10.4167 884
10.4333 887
10.45 889
10.4667 892
10.4833 894
10.5 897
10.5167 899
10.5333 901
10.55 904
10.5667 906
10.5833 909
10.6 911
10.6167 913
10.6333 916
10.65 918
10.6667 920
10.6833 922
10.7 925
10.7167 927
10.7333 929
10.75 931
10.7667 934
10.7833 936
10.8 938
10.8167 940
10.8333 942
10.85 944
10.8667 946
10.8833 948
10.9 950
10.9167 953
10.9333 955
10.95 957
10.9667 959
10.9833 960
11.0 962
11.0167 964
11.0333 966
11.05 968
11.0667 970
11.0833 972
11.1 974
11.1167 976
11.1333 978
11.15 979
11.1667 981
11.1833 983
11.2 985
11.2167 986
11.2333 988
11.25 990
11.2667 991
11.2833 993
11.3 995
11.3167 996
11.3333 998
11.35 1000
11.3667 1001
11.3833 1003
11.4 1004
11.4167 1006
11.4333 1007
11.45 1009
11.4667 1010
11.4833 1012
11.5 1013
11.5167 1015
11.5333 1016
11.55 1017
11.5667 1019
11.5833 1020
11.6 1022
11.6167 1023
11.6333 1024
11.65 1025
11.6667 1027
11.6833 1028
11.7 1029
11.7167 1030
11.7333 1032
11.75 1033
11.7667 1034
11.7833 1035
11.8 1036
11.8167 1037
11.8333 1038
11.85 1039
11.8667 1040
11.8833 1041
11.9 1042
11.9167 1043
11.9333 1044
11.95 1045
11.9667 1046
11.9833 1047
12.0 1048
12.0167 1049
12.0333 1050
12.05 1051
12.0667 1052
12.0833 1052
12.1 1053
12.1167 1054
12.1333 1055
12.15 1055
12.1667 1056
12.1833 1057
12.2 1057
12.2167 1058
12.2333 1059
12.25 1059
12.2667 1060
12.2833 1061
12.3 1061
12.3167 1062
12.3333 1062
12.35 1063
12.3667 1063
12.3833 1064
12.4 1064
12.4167 1065
12.4333 1065
12.45 1065
12.4667 1066
12.4833 1066
12.5 1066
12.5167 1067
12.5333 1067
12.55 1067
12.5667 1068
12.5833 1068
12.6 1068
12.6167 1068
12.6333 1068
12.65 1069
12.6667 1069
12.6833 1069
12.7 1069
12.7167 1069
12.7333 1069
12.75 1069
12.7667 1069
12.7833 1069
12.8 1069
12.8167 1069
12.8333 1069
12.85 1069
12.8667 1069
12.8833 1069
12.9 1069
12.9167 1069
12.9333 1069
12.95 1068
12.9667 1068
12.9833 1068
13.0 1068
13.0167 1067
13.0333 1067
13.05 1067
13.0667 1067
13.0833 1066
13.1 1066
13.1167 1066
13.1333 1065
13.15 1065
13.1667 1064
13.1833 1064
13.2 1063
13.2167 1063
13.2333 1063
13.25 1062
13.2667 1061
13.2833 1061
13.3 1060
13.3167 1060
13.3333 1059
13.35 1059
13.3667 1058
13.3833 1057
13.4 1057
13.4167 1056
13.4333 1055
13.45 1054
13.4667 1054
13.4833 1053
13.5 1052
13.5167 1051
13.5333 1050
13.55 1050
13.5667 1049
13.5833 1048
13.6 1047
13.6167 1046
13.6333 1045
13.65 1044
13.6667 1043
13.6833 1042
13.7 1041
13.7167 1040
13.7333 1039
13.75 1038
13.7667 1037
13.7833 1036
13.8 1035
13.8167 1033
13.8333 1032
13.85 1031
13.8667 1030
13.8833 1029
13.9 1028
13.9167 1026
13.9333 1025
13.95 1024
13.9667 1022
13.9833 1021
14.0 1020
14.0167 1018
14.0333 1017
14.05 1016
14.0667 1014
14.0833 1013
14.1 1011
14.1167 1010
14.1333 1008
14.15 1007
14.1667 1005
14.1833 1004
14.2 1002
14.2167 1001
14.2333 999
14.25 997
14.2667 996
14.2833 994
14.3 993
14.3167 991
14.3333 989
14.35 987
14.3667 986
14.3833 984
14.4 982
14.4167 980
14.4333 979
14.45 977
14.4667 975
14.4833 973
14.5 971
14.5167 969
14.5333 968
14.55 966
14.5667 964
14.5833 962
14.6 960
14.6167 958
14.6333 956
14.65 954
14.6667 952
14.6833 950
14.7 948
14.7167 946
14.7333 943
14.75 941
14.7667 939
14.7833 937
14.8 935
14.8167 933
14.8333 931
14.85 928
14.8667 926
14.8833 924
14.9 922
14.9167 919
14.9333 917
14.95 915
14.9667 912
14.9833 910
15.0 908
15.0167 905
15.0333 903
15.05 901
15.0667 898
15.0833 896
15.1 893
15.1167 891
15.1333 888
15.15 886
15.1667 883
15.1833 881
15.2 878
15.2167 876
15.2333 873
15.25 871
15.2667 868
15.2833 865
15.3 863
15.3167 860
15.3333 858
15.35 855
15.3667 852
15.3833 850
15.4 847
15.4167 844
15.4333 841
15.45 839
15.4667 836
15.4833 833
15.5 830
15.5167 827
15.5333 825
15.55 822
15.5667 819
15.5833 816
15.6 813
15.6167 810
15.6333 807
15.65 805
15.6667 802
15.6833 799
15.7 796
15.7167 793
15.7333 790
15.75 787
15.7667 784
15.7833 781
15.8 778
15.8167 775
15.8333 772
15.85 769
15.8667 765
15.8833 762
15.9 759
15.9167 756
15.9333 753
15.95 750
15.9667 747
15.9833 744
