9.0 602
9.0167 606
9.0333 610
9.05 614
9.0667 617
9.0833 621
9.1 625
9.1167 628
9.1333 632
9.15 636
9.1667 639
9.1833 643
9.2 646
9.2167 650
9.2333 653
9.25 657
9.2667 661
9.2833 664
9.3 668
9.3167 671
9.3333 675
9.35 678
9.3667 682
9.3833 685
9.4 689
9.4167 692
9.4333 695
9.45 699
9.4667 702
9.4833 706
9.5 709
9.5167 712
9.5333 716
9.55 719
9.5667 722
9.5833 726
9.6 729
9.6167 732
9.6333 735
9.65 739
9.6667 742
9.6833 745
9.7 748
9.7167 752
9.7333 755
9.75 758
9.7667 761
9.7833 764
9.8 767
9.8167 771
9.8333 774
9.85 777
9.8667 780
9.8833 783
9.9 786
9.9167 789
9.9333 792
9.95 795
9.9667 798
9.9833 801
10.0 804
10.0167 807
10.0333 810
10.05 813
10.0667 816
10.0833 818
10.1 821
10.1167 824
10.1333 827
10.15 830
10.1667 833
10.1833 835
10.2 838
10.2167 841
10.2333 844
10.25 846
10.2667 849
10.2833 852
10.3 855
10.3167 857
10.3333 860
10.35 863
10.3667 865
10.3833 868
10.4 870
10.4167 873
10.4333 875
10.45 878
10.4667 880
10.4833 883
10.5 885
10.5167 888
10.5333 890
10.55 893
10.5667 895
10.5833 898
10.6 900
10.6167 902
10.6333 905
10.65 907
10.6667 909
10.6833 912
10.7 914
10.7167 916
10.7333 919
10.75 921
10.7667 923
10.7833 925
10.8 927
10.8167 930
10.8333 932
10.85 934
10.8667 936
10.8833 938
10.9 940
10.9167 942
10.9333 944
10.95 946
10.9667 948
10.9833 950
11.0 952
11.0167 954
11.0333 956
11.05 958
11.0667 960
11.0833 962
11.1 964
11.1167 965
11.1333 967
11.15 969
11.1667 971
11.1833 973
11.2 974
11.2167 976
11.2333 978
11.25 979
11.2667 981
11.2833 983
11.3 984
11.3167 986
11.3333 988
11.35 989
11.3667 991
11.3833 992
11.4 994
11.4167 995
11.4333 997
11.45 998
11.4667 1000
11.4833 1001
11.5 1002
11.5167 1004
11.5333 1005
11.55 1007
11.5667 1008
11.5833 1009
11.6 1010
11.6167 1012
11.6333 1013
11.65 1014
11.6667 1015
11.6833 1017
11.7 1018
11.7167 1019
11.7333 1020
11.75 1021
11.7667 1022
11.7833 1023
11.8 1024
11.8167 1025
11.8333 1026
11.85 1027
11.8667 1028
11.8833 1029
11.9 1030
11.9167 1031
11.9333 1032
11.95 1033
11.9667 1034
11.9833 1035
12.0 1036
12.0167 1036
12.0333 1037
12.05 1038
12.0667 1039
12.0833 1039
12.1 1040
12.1167 1041
12.1333 1041
12.15 1042
12.1667 1043
12.1833 1043
12.2 1044
12.2167 1044
12.2333 1045
12.25 1045
12.2667 1046
12.2833 1046
12.3 1047
12.3167 1047
12.3333 1048
12.35 1048
12.3667 1048
12.3833 1049
12.4 1049
12.4167 1049
12.4333 1050
12.45 1050
12.4667 1050
12.4833 1051
12.5 1051
12.5167 1051
12.5333 1051
12.55 1051
12.5667 1051
12.5833 1051
12.6 1052
12.6167 1052
12.6333 1052
12.65 1052
12.6667 1052
12.6833 1052
12.7 1052
12.7167 1052
12.7333 1052
12.75 1052
12.7667 1051
12.7833 1051
12.8 1051
12.8167 1051
12.8333 1051
12.85 1051
12.8667 1050
12.8833 1050
12.9 1050
12.9167 1050
12.9333 1049
12.95 1049
12.9667 1049
12.9833 1048
13.0 1048
13.0167 1047
13.0333 1047
13.05 1046
13.0667 1046
13.0833 1046
13.1 1045
13.1167 1044
13.1333 1044
13.15 1043
13.1667 1043
13.1833 1042
13.2 1042
13.2167 1041
13.2333 1040
13.25 1039
13.2667 1039
13.2833 1038
13.3 1037
13.3167 1037
13.3333 1036
13.35 1035
13.3667 1034
13.3833 1033
13.4 1032
13.4167 1031
13.4333 1031
13.45 1030
13.4667 1029
13.4833 1028
13.5 1027
13.5167 1026
13.5333 1025
13.55 1024
13.5667 1023
13.5833 1021
13.6 1020
13.6167 1019
13.6333 1018
13.65 1017
13.6667 1016
13.6833 1015
13.7 1013
13.7167 1012
13.7333 1011
13.75 1009
13.7667 1008
13.7833 1007
13.8 1006
13.8167 1004
13.8333 1003
13.85 1001
13.8667 1000
13.8833 999
13.9 997
13.9167 996
13.9333 994
13.95 993
13.9667 991
13.9833 989
14.0 988
14.0167 986
14.0333 985
14.05 983
14.0667 981
14.0833 980
14.1 978
14.1167 976
14.1333 975
14.15 973
14.1667 971
14.1833 969
14.2 968
14.2167 966
14.2333 964
14.25 962
14.2667 960
14.2833 958
14.3 956
14.3167 955
14.3333 953
14.35 951
14.3667 949
14.3833 947
14.4 945
14.4167 943
14.4333 941
14.45 938
14.4667 936
14.4833 934
14.5 932
14.5167 930
14.5333 928
14.55 926
14.5667 923
14.5833 921
14.6 919
14.6167 917
14.6333 915
14.65 912
14.6667 910
14.6833 908
14.7 905
14.7167 903
14.7333 901
14.75 898
14.7667 896
14.7833 893
14.8 891
14.8167 889
14.8333 886
14.85 884
14.8667 881
14.8833 879
14.9 876
14.9167 874
14.9333 871
14.95 868
14.9667 866
14.9833 863
15.0 861
15.0167 858
15.0333 855
15.05 853
15.0667 850
15.0833 847
15.1 845
15.1167 842
15.1333 839
15.15 836
15.1667 834
15.1833 831
15.2 828
15.2167 825
15.2333 822
15.25 819
15.2667 817
15.2833 814
15.3 811
15.3167 808
15.3333 805
15.35 802
15.3667 799
15.3833 796
15.4 793
15.4167 790
15.4333 787
15.45 784
15.4667 781
15.4833 778
15.5 775
15.5167 772
15.5333 768
15.55 765
15.5667 762
15.5833 759
15.6 756
15.6167 753
15.6333 749
15.65 746
15.6667 743
15.6833 740
15.7 737
15.7167 733
15.7333 730
15.75 727
15.7667 723
15.7833 720
15.8 717
15.8167 713
15.8333 710
15.85 707
15.8667 703
15.8833 700
15.9 696
15.9167 693
15.9333 690
15.95 686
15.9667 683
15.9833 679
