9.0 564
9.0167 568
9.0333 571
9.05 574
9.0667 578
9.0833 581
9.1 584
9.1167 587
9.1333 591
9.15 594
9.1667 597
9.1833 600
9.2 604
9.2167 607
9.2333 610
9.25 613
9.2667 616
9.2833 620
9.3 623
9.3167 626
9.3333 629
9.35 632
9.3667 635
9.3833 638
9.4 642
9.4167 645
9.4333 648
9.45 651
9.4667 654
9.4833 657
9.5 660
9.5167 663
9.5333 666
9.55 669
9.5667 672
9.5833 675
9.6 678
9.6167 681
9.6333 684
9.65 687
9.6667 690
9.6833 693
9.7 696
9.7167 699
9.7333 701
9.75 704
9.7667 707
9.7833 710
9.8 713
9.8167 716
9.8333 718
9.85 721
9.8667 724
9.8833 727
9.9 730
9.9167 732
9.9333 735
9.95 738
9.9667 740
9.9833 743
10.0 746
10.0167 748
10.0333 751
10.05 754
10.0667 756
10.0833 759
10.1 762
10.1167 764
10.1333 767
10.15 769
10.1667 772
10.1833 774
10.2 777
10.2167 779
10.2333 782
10.25 784
10.2667 787
10.2833 789
10.3 792
10.3167 794
10.3333 796
10.35 799
10.3667 801
10.3833 804
10.4 806
10.4167 808
10.4333 811
10.45 813
10.4667 815
10.4833 817
10.5 820
10.5167 822
10.5333 824
10.55 826
10.5667 829
10.5833 831
10.6 833
10.6167 835
10.6333 837
10.65 839
10.6667 841
10.6833 843
10.7 846
10.7167 848
10.7333 850
10.75 852
10.7667 854
10.7833 856
10.8 858
10.8167 860
10.8333 862
10.85 863
10.8667 865
10.8833 867
10.9 869
10.9167 871
10.9333 873
10.95 875
10.9667 876
10.9833 878
11.0 880
11.0167 882
11.0333 884
11.05 885
11.0667 887
11.0833 889
11.1 890
11.1167 892
11.1333 894
11.15 895
11.1667 897
11.1833 898
11.2 900
11.2167 902
11.2333 903
11.25 905
11.2667 906
11.2833 908
11.3 909
11.3167 911
11.3333 912
11.35 913
11.3667 915
11.3833 916
11.4 918
11.4167 919
11.4333 920
11.45 922
11.4667 923
11.4833 924
11.5 926
11.5167 927
11.5333 928
11.55 929
11.5667 930
11.5833 932
11.6 933
11.6167 934
11.6333 935
11.65 936
11.6667 937
11.6833 938
11.7 939
11.7167 940
11.7333 941
11.75 942
11.7667 943
11.7833 944
11.8 945
11.8167 946
11.8333 947
11.85 948
11.8667 949
11.8833 950
11.9 951
11.9167 951
11.9333 952
11.95 953
11.9667 954
11.9833 954
12.0 955
12.0167 956
12.0333 957
12.05 957
12.0667 958
12.0833 959
12.1 959
12.1167 960
12.1333 960
12.15 961
12.1667 962
12.1833 962
12.2 963
12.2167 963
12.2333 963
12.25 964
12.2667 964
12.2833 965
12.3 965
12.3167 966
12.3333 966
12.35 966
12.3667 967
12.3833 967
12.4 967
12.4167 967
12.4333 968
12.45 968
12.4667 968
12.4833 968
12.5 969
12.5167 969
12.5333 969
12.55 969
12.5667 969
12.5833 969
12.6 969
12.6167 969
12.6333 969
12.65 969
12.6667 969
12.6833 969
12.7 969
12.7167 969
12.7333 969
12.75 969
12.7667 969
12.7833 969
12.8 968
12.8167 968
12.8333 968
12.85 968
12.8667 968
12.8833 967
12.9 967
12.9167 967
12.9333 966
12.95 966
12.9667 966
12.9833 965
13.0 965
13.0167 965
13.0333 964
13.05 964
13.0667 963
13.0833 963
13.1 962
13.1167 962
13.1333 961
13.15 961
13.1667 960
13.1833 960
13.2 959
13.2167 958
13.2333 958
13.25 957
13.2667 956
13.2833 956
13.3 955
13.3167 954
13.3333 953
13.35 953
13.3667 952
13.3833 951
13.4 950
13.4167 949
13.4333 948
13.45 948
13.4667 947
13.4833 946
13.5 945
13.5167 944
13.5333 943
13.55 942
13.5667 941
13.5833 940
13.6 939
13.6167 938
13.6333 937
13.65 936
13.6667 934
13.6833 933
13.7 932
13.7167 931
13.7333 930
13.75 929
13.7667 927
13.7833 926
13.8 925
13.8167 924
13.8333 922
13.85 921
13.8667 920
13.8833 918
13.9 917
13.9167 916
13.9333 914
13.95 913
13.9667 911
13.9833 910
14.0 908
14.0167 907
14.0333 905
14.05 904
14.0667 902
14.0833 901
14.1 899
14.1167 898
14.1333 896
14.15 894
14.1667 893
14.1833 891
14.2 890
14.2167 888
14.2333 886
14.25 884
14.2667 883
14.2833 881
14.3 879
14.3167 877
14.3333 876
14.35 874
14.3667 872
14.3833 870
14.4 868
14.4167 866
14.4333 864
14.45 862
14.4667 861
14.4833 859
14.5 857
14.5167 855
14.5333 853
14.55 851
14.5667 849
14.5833 847
14.6 845
14.6167 842
14.6333 840
14.65 838
14.6667 836
14.6833 834
14.7 832
14.7167 830
14.7333 827
14.75 825
14.7667 823
14.7833 821
14.8 819
14.8167 816
14.8333 814
14.85 812
14.8667 809
14.8833 807
14.9 805
14.9167 802
14.9333 800
14.95 798
14.9667 795
14.9833 793
15.0 791
15.0167 788
15.0333 786
15.05 783
15.0667 781
15.0833 778
15.1 776
15.1167 773
15.1333 771
15.15 768
15.1667 766
15.1833 763
15.2 760
15.2167 758
15.2333 755
15.25 753
15.2667 750
15.2833 747
15.3 745
15.3167 742
15.3333 739
15.35 737
15.3667 734
15.3833 731
15.4 728
15.4167 726
15.4333 723
15.45 720
15.4667 717
15.4833 714
15.5 712
15.5167 709
15.5333 706
15.55 703
15.5667 700
15.5833 697
15.6 694
15.6167 691
15.6333 689
15.65 686
15.6667 683
15.6833 680
15.7 677
15.7167 674
15.7333 671
15.75 668
15.7667 665
15.7833 662
15.8 659
15.8167 656
15.8333 653
15.85 649
15.8667 646
15.8833 643
15.9 640
15.9167 637
15.9333 634
15.95 631
15.9667 628
15.9833 625
