9.0 542
9.0167 546
9.0333 549
9.05 552
9.0667 556
9.0833 559
9.1 562
9.1167 566
9.1333 569
9.15 572
9.1667 575
9.1833 579
9.2 582
9.2167 585
9.2333 588
9.25 591
9.2667 595
9.2833 598
9.3 601
9.3167 604
9.3333 607
9.35 610
9.3667 613
9.3833 617
9.4 620
9.4167 623
9.4333 626
9.45 629
9.4667 632
9.4833 635
9.5 638
9.5167 641
9.5333 644
9.55 647
9.5667 650
9.5833 653
9.6 656
9.6167 659
9.6333 662
9.65 665
9.6667 668
9.6833 671
9.7 674
9.7167 677
9.7333 680
9.75 682
9.7667 685
9.7833 688
9.8 691
9.8167 694
9.8333 697
9.85 699
9.8667 702
9.8833 705
9.9 708
9.9167 710
9.9333 713
9.95 716
9.9667 719
9.9833 721
10.0 724
10.0167 727
10.0333 729
10.05 732
10.0667 735
10.0833 737
10.1 740
10.1167 742
10.1333 745
10.15 747
10.1667 750
10.1833 753
10.2 755
10.2167 758
10.2333 760
10.25 763
10.2667 765
10.2833 767
10.3 770
10.3167 772
10.3333 775
10.35 777
10.3667 779
10.3833 782
10.4 784
10.4167 786
10.4333 789
10.45 791
10.4667 793
10.4833 796
10.5 798
10.5167 800
10.5333 802
10.55 805
10.5667 807
10.5833 809
10.6 811
10.6167 813
10.6333 815
10.65 817
10.6667 820
10.6833 822
10.7 824
10.7167 826
10.7333 828
10.75 830
10.7667 832
10.7833 834
10.8 836
10.8167 838
10.8333 840
10.85 842
10.8667 844
10.8833 845
10.9 847
10.9167 849
10.9333 851
10.95 853
10.9667 855
10.9833 856
11.0 858
11.0167 860
11.0333 862
11.05 863
11.0667 865
11.0833 867
11.1 869
11.1167 870
11.1333 872
11.15 873
11.1667 875
11.1833 877
11.2 878
11.2167 880
11.2333 881
11.25 883
11.2667 884
11.2833 886
11.3 887
11.3167 889
11.3333 890
11.35 892
11.3667 893
11.3833 894
11.4 896
11.4167 897
11.4333 898
11.45 900
11.4667 901
11.4833 902
11.5 904
11.5167 905
11.5333 906
11.55 907
11.5667 908
11.5833 910
11.6 911
11.6167 912
11.6333 913
11.65 914
11.6667 915
11.6833 916
11.7 917
11.7167 918
11.7333 919
11.75 920
11.7667 921
11.7833 922
11.8 923
11.8167 924
11.8333 925
11.85 926
11.8667 927
11.8833 928
11.9 928
11.9167 929
11.9333 930
11.95 931
11.9667 932
11.9833 932
12.0 933
12.0167 934
12.0333 934
12.05 935
12.0667 936
12.0833 936
12.1 937
12.1167 938
12.1333 938
12.15 939
12.1667 939
12.1833 940
12.2 940
12.2167 941
12.2333 941
12.25 942
12.2667 942
12.2833 942
12.3 943
12.3167 943
12.3333 943
12.35 944
12.3667 944
12.3833 944
12.4 945
12.4167 945
12.4333 945
12.45 945
12.4667 946
12.4833 946
12.5 946
12.5167 946
12.5333 946
12.55 946
12.5667 946
12.5833 946
12.6 946
12.6167 946
12.6333 946
12.65 946
12.6667 946
12.6833 946
12.7 946
12.7167 946
12.7333 946
12.75 946
12.7667 946
12.7833 946
12.8 946
12.8167 945
12.8333 945
12.85 945
12.8667 945
12.8833 944
12.9 944
12.9167 944
12.9333 943
12.95 943
12.9667 943
12.9833 942
13.0 942
13.0167 941
13.0333 941
13.05 940
13.0667 940
13.0833 940
13.1 939
13.1167 938
13.1333 938
13.15 937
13.1667 937
13.1833 936
13.2 935
13.2167 935
13.2333 934
13.25 933
13.2667 933
13.2833 932
13.3 931
13.3167 931
13.3333 930
13.35 929
13.3667 928
13.3833 927
13.4 926
13.4167 926
13.4333 925
13.45 924
13.4667 923
13.4833 922
13.5 921
13.5167 920
13.5333 919
13.55 918
13.5667 917
13.5833 916
13.6 915
13.6167 914
13.6333 913
13.65 911
13.6667 910
13.6833 909
13.7 908
13.7167 907
13.7333 906
13.75 904
13.7667 903
13.7833 902
13.8 901
13.8167 899
13.8333 898
13.85 897
13.8667 895
13.8833 894
13.9 892
13.9167 891
13.9333 890
13.95 888
13.9667 887
13.9833 885
14.0 884
14.0167 882
14.0333 881
14.05 879
14.0667 878
14.0833 876
14.1 874
14.1167 873
14.1333 871
14.15 870
14.1667 868
14.1833 866
14.2 865
14.2167 863
14.2333 861
14.25 859
14.2667 858
14.2833 856
14.3 854
14.3167 852
14.3333 850
14.35 849
14.3667 847
14.3833 845
14.4 843
14.4167 841
14.4333 839
14.45 837
14.4667 835
14.4833 833
14.5 831
14.5167 829
14.5333 827
14.55 825
14.5667 823
14.5833 821
14.6 819
14.6167 817
14.6333 815
14.65 812
14.6667 810
14.6833 808
14.7 806
14.7167 804
14.7333 802
14.75 799
14.7667 797
14.7833 795
14.8 793
14.8167 790
14.8333 788
14.85 786
14.8667 783
14.8833 781
14.9 779
14.9167 776
14.9333 774
14.95 771
14.9667 769
14.9833 767
15.0 764
15.0167 762
15.0333 759
15.05 757
15.0667 754
15.0833 752
15.1 749
15.1167 747
15.1333 744
15.15 742
15.1667 739
15.1833 736
15.2 734
15.2167 731
15.2333 728
15.25 726
15.2667 723
15.2833 720
15.3 718
15.3167 715
15.3333 712
15.35 710
15.3667 707
15.3833 704
15.4 701
15.4167 699
15.4333 696
15.45 693
15.4667 690
15.4833 687
15.5 684
15.5167 682
15.5333 679
15.55 676
15.5667 673
15.5833 670
15.6 667
15.6167 664
15.6333 661
15.65 658
15.6667 655
15.6833 652
15.7 649
15.7167 646
15.7333 643
15.75 640
15.7667 637
15.7833 634
15.8 631
15.8167 628
15.8333 625
15.85 622
15.8667 619
15.8833 616
15.9 613
15.9167 609
15.9333 606
15.95 603
15.9667 600
15.9833 597
