9.0 642
9.0167 645
9.0333 649
9.05 652
9.0667 656
9.0833 659
9.1 662
9.1167 666
9.1333 669
9.15 672
9.1667 676
9.1833 679
9.2 682
9.2167 686
9.2333 689
9.25 692
9.2667 695
9.2833 699
9.3 702
9.3167 705
9.3333 708
9.35 712
9.3667 715
9.3833 718
9.4 721
9.4167 724
9.4333 728
9.45 731
9.4667 734
9.4833 737
9.5 740
9.5167 743
9.5333 746
9.55 749
9.5667 752
9.5833 755
9.6 758
9.6167 761
9.6333 765
9.65 768
9.6667 771
9.6833 773
9.7 776
9.7167 779
9.7333 782
9.75 785
9.7667 788
9.7833 791
9.8 794
9.8167 797
9.8333 800
9.85 803
9.8667 805
9.8833 808
9.9 811
9.9167 814
9.9333 817
9.95 819
9.9667 822
9.9833 825
10.0 828
10.0167 830
10.0333 833
10.05 836
10.0667 838
10.0833 841
10.1 844
10.1167 846
10.1333 849
10.15 851
10.1667 854
10.1833 857
10.2 859
10.2167 862
10.2333 864
10.25 867
10.2667 869
10.2833 872
10.3 874
10.3167 877
10.3333 879
10.35 882
10.3667 884
10.3833 886
10.4 889
10.4167 891
10.4333 893
10.45 896
10.4667 898
10.4833 900
10.5 903
10.5167 905
10.5333 907
10.55 909
10.5667 912
10.5833 914
10.6 916
10.6167 918
10.6333 920
10.65 923
10.6667 925
10.6833 927
10.7 929
10.7167 931
10.7333 933
10.75 935
10.7667 937
10.7833 939
10.8 941
10.8167 943
10.8333 945
10.85 947
10.8667 949
10.8833 951
10.9 953
10.9167 955
10.9333 957
10.95 959
10.9667 960
10.9833 962
11.0 964
11.0167 966
11.0333 968
11.05 969
11.0667 971
11.0833 973
11.1 975
11.1167 976
11.1333 978
11.15 980
11.1667 981
11.1833 983
11.2 984
11.2167 986
11.2333 988
11.25 989
11.2667 991
11.2833 992
11.3 994
11.3167 995
11.3333 997
11.35 998
11.3667 1000
11.3833 1001
11.4 1002
11.4167 1004
11.4333 1005
11.45 1006
11.4667 1008
11.4833 1009
11.5 1010
11.5167 1012
11.5333 1013
11.55 1014
11.5667 1015
11.5833 1016
11.6 1018
11.6167 1019
11.6333 1020
11.65 1021
11.6667 1022
11.6833 1023
11.7 1024
11.7167 1025
11.7333 1027
11.75 1028
11.7667 1029
11.7833 1030
11.8 1030
11.8167 1031
11.8333 1032
11.85 1033
11.8667 1034
11.8833 1035
11.9 1036
11.9167 1037
11.9333 1038
11.95 1038
11.9667 1039
11.9833 1040
12.0 1041
12.0167 1041
12.0333 1042
12.05 1043
12.0667 1044
12.0833 1044
12.1 1045
12.1167 1045
12.1333 1046
12.15 1047
12.1667 1047
12.1833 1048
12.2 1048
12.2167 1049
12.2333 1049
12.25 1050
12.2667 1050
12.2833 1051
12.3 1051
12.3167 1051
12.3333 1052
12.35 1052
12.3667 1052
12.3833 1053
12.4 1053
12.4167 1053
12.4333 1054
12.45 1054
12.4667 1054
12.4833 1054
12.5 1055
12.5167 1055
12.5333 1055
12.55 1055
12.5667 1055
12.5833 1055
12.6 1055
12.6167 1055
12.6333 1055
12.65 1055
12.6667 1055
12.6833 1055
12.7 1055
12.7167 1055
12.7333 1055
12.75 1055
12.7667 1055
12.7833 1055
12.8 1055
12.8167 1055
12.8333 1054
12.85 1054
12.8667 1054
12.8833 1054
12.9 1054
12.9167 1053
12.9333 1053
12.95 1053
12.9667 1052
12.9833 1052
13.0 1052
13.0167 1051
13.0333 1051
13.05 1050
13.0667 1050
13.0833 1050
13.1 1049
13.1167 1049
13.1333 1048
13.15 1048
13.1667 1047
13.1833 1046
13.2 1046
13.2167 1045
13.2333 1045
13.25 1044
13.2667 1043
13.2833 1043
13.3 1042
13.3167 1041
13.3333 1040
13.35 1040
13.3667 1039
13.3833 1038
13.4 1037
13.4167 1037
13.4333 1036
13.45 1035
13.4667 1034
13.4833 1033
13.5 1032
13.5167 1031
13.5333 1030
13.55 1029
13.5667 1028
13.5833 1027
13.6 1026
13.6167 1025
13.6333 1024
13.65 1023
13.6667 1022
13.6833 1021
13.7 1020
13.7167 1019
13.7333 1017
13.75 1016
13.7667 1015
13.7833 1014
13.8 1012
13.8167 1011
13.8333 1010
13.85 1009
13.8667 1007
13.8833 1006
13.9 1005
13.9167 1003
13.9333 1002
13.95 1001
13.9667 999
13.9833 998
14.0 996
14.0167 995
14.0333 993
14.05 992
14.0667 990
14.0833 989
14.1 987
14.1167 986
14.1333 984
14.15 982
14.1667 981
14.1833 979
14.2 977
14.2167 976
14.2333 974
14.25 972
14.2667 971
14.2833 969
14.3 967
14.3167 965
14.3333 964
14.35 962
14.3667 960
14.3833 958
14.4 956
14.4167 954
14.4333 952
14.45 950
14.4667 949
14.4833 947
14.5 945
14.5167 943
14.5333 941
14.55 939
14.5667 937
14.5833 935
14.6 933
14.6167 930
14.6333 928
14.65 926
14.6667 924
14.6833 922
14.7 920
14.7167 918
14.7333 916
14.75 913
14.7667 911
14.7833 909
14.8 907
14.8167 904
14.8333 902
14.85 900
14.8667 897
14.8833 895
14.9 893
14.9167 890
14.9333 888
14.95 886
14.9667 883
14.9833 881
15.0 879
15.0167 876
15.0333 874
15.05 871
15.0667 869
15.0833 866
15.1 864
15.1167 861
15.1333 859
15.15 856
15.1667 853
15.1833 851
15.2 848
15.2167 846
15.2333 843
15.25 840
15.2667 838
15.2833 835
15.3 832
15.3167 830
15.3333 827
15.35 824
15.3667 821
15.3833 819
15.4 816
15.4167 813
15.4333 810
15.45 808
15.4667 805
15.4833 802
15.5 799
15.5167 796
15.5333 793
15.55 790
15.5667 787
15.5833 785
15.6 782
15.6167 779
15.6333 776
15.65 773
15.6667 770
15.6833 767
15.7 764
15.7167 761
15.7333 758
15.75 755
15.7667 752
15.7833 749
15.8 746
15.8167 742
15.8333 739
15.85 736
15.8667 733
15.8833 730
15.9 727
15.9167 724
15.9333 721
15.95 717
15.9667 714
15.9833 711
