9.0 550
9.0167 554
9.0333 557
9.05 561
9.0667 565
9.0833 568
9.1 572
9.1167 575
9.1333 579
9.15 582
9.1667 586
9.1833 589
9.2 593
9.2167 597
9.2333 600
9.25 603
9.2667 607
9.2833 610
9.3 614
9.3167 617
9.3333 621
9.35 624
9.3667 628
9.3833 631
9.4 634
9.4167 638
9.4333 641
9.45 644
9.4667 648
9.4833 651
9.5 654
9.5167 658
9.5333 661
9.55 664
9.5667 668
9.5833 671
9.6 674
9.6167 677
9.6333 681
9.65 684
9.6667 687
9.6833 690
9.7 693
9.7167 697
9.7333 700
9.75 703
9.7667 706
9.7833 709
9.8 712
9.8167 715
9.8333 718
9.85 721
9.8667 724
9.8833 727
9.9 731
9.9167 734
9.9333 737
9.95 739
9.9667 742
9.9833 745
10.0 748
10.0167 751
10.0333 754
10.05 757
10.0667 760
10.0833 763
10.1 766
10.1167 769
10.1333 771
10.15 774
10.1667 777
10.1833 780
10.2 783
10.2167 785
10.2333 788
10.25 791
10.2667 794
10.2833 796
10.3 799
10.3167 802
10.3333 804
10.35 807
10.3667 809
10.3833 812
10.4 815
10.4167 817
10.4333 820
10.45 822
10.4667 825
10.4833 827
10.5 830
10.5167 832
10.5333 835
10.55 837
10.5667 840
10.5833 842
10.6 845
10.6167 847
10.6333 849
10.65 852
10.6667 854
10.6833 856
10.7 859
10.7167 861
10.7333 863
10.75 865
10.7667 868
10.7833 870
10.8 872
10.8167 874
10.8333 877
10.85 879
10.8667 881
10.8833 883
10.9 885
10.9167 887
10.9333 889
10.95 891
10.9667 893
10.9833 895
11.0 897
11.0167 899
11.0333 901
11.05 903
11.0667 905
11.0833 907
11.1 909
11.1167 911
11.1333 913
11.15 915
11.1667 916
11.1833 918
11.2 920
11.2167 922
11.2333 924
11.25 925
11.2667 927
11.2833 929
11.3 930
11.3167 932
11.3333 934
11.35 935
11.3667 937
11.3833 939
11.4 940
11.4167 942
11.4333 943
11.45 945
11.4667 946
11.4833 948
11.5 949
11.5167 951
11.5333 952
11.55 954
11.5667 955
11.5833 956
11.6 958
11.6167 959
11.6333 960
11.65 962
11.6667 963
11.6833 964
11.7 966
11.7167 967
11.7333 968
11.75 969
11.7667 970
11.7833 971
11.8 973
11.8167 974
11.8333 975
11.85 976
11.8667 977
11.8833 978
11.9 979
11.9167 980
11.9333 981
11.95 982
11.9667 983
11.9833 984
12.0 985
12.0167 986
12.0333 987
12.05 987
12.0667 988
12.0833 989
12.1 990
12.1167 991
12.1333 991
12.15 992
12.1667 993
12.1833 993
12.2 994
12.2167 995
12.2333 995
12.25 996
12.2667 997
12.2833 997
12.3 998
12.3167 998
12.3333 999
12.35 999
12.3667 1000
12.3833 1000
12.4 1001
12.4167 1001
12.4333 1002
12.45 1002
12.4667 1002
12.4833 1003
12.5 1003
12.5167 1003
12.5333 1004
12.55 1004
12.5667 1004
12.5833 1004
12.6 1005
12.6167 1005
12.6333 1005
12.65 1005
12.6667 1005
12.6833 1005
12.7 1005
12.7167 1005
12.7333 1005
12.75 1005
12.7667 1006
12.7833 1005
12.8 1005
12.8167 1005
12.8333 1005
12.85 1005
12.8667 1005
12.8833 1005
12.9 1005
12.9167 1005
12.9333 1005
12.95 1004
12.9667 1004
12.9833 1004
13.0 1004
13.0167 1003
13.0333 1003
13.05 1003
13.0667 1002
13.0833 1002
13.1 1002
13.1167 1001
13.1333 1001
13.15 1000
13.1667 1000
13.1833 999
13.2 999
13.2167 998
13.2333 998
13.25 997
13.2667 997
13.2833 996
13.3 995
13.3167 995
13.3333 994
13.35 994
13.3667 993
13.3833 992
13.4 991
13.4167 991
13.4333 990
13.45 989
13.4667 988
13.4833 987
13.5 987
13.5167 986
13.5333 985
13.55 984
13.5667 983
13.5833 982
13.6 981
13.6167 980
13.6333 979
13.65 978
13.6667 977
13.6833 976
13.7 975
13.7167 974
13.7333 973
13.75 972
13.7667 970
13.7833 969
13.8 968
13.8167 967
13.8333 966
13.85 964
13.8667 963
13.8833 962
13.9 961
13.9167 959
13.9333 958
13.95 956
13.9667 955
13.9833 954
14.0 952
14.0167 951
14.0333 949
14.05 948
14.0667 946
14.0833 945
14.1 943
14.1167 942
14.1333 940
14.15 939
14.1667 937
14.1833 936
14.2 934
14.2167 932
14.2333 931
14.25 929
14.2667 927
14.2833 925
14.3 924
14.3167 922
14.3333 920
14.35 918
14.3667 917
14.3833 915
14.4 913
14.4167 911
14.4333 909
14.45 907
14.4667 905
14.4833 903
14.5 901
14.5167 899
14.5333 897
14.55 895
14.5667 893
14.5833 891
14.6 889
14.6167 887
14.6333 885
14.65 883
14.6667 881
14.6833 879
14.7 877
14.7167 874
14.7333 872
14.75 870
14.7667 868
14.7833 866
14.8 863
14.8167 861
14.8333 859
14.85 856
14.8667 854
14.8833 852
14.9 849
14.9167 847
14.9333 845
14.95 842
14.9667 840
14.9833 837
15.0 835
15.0167 832
15.0333 830
15.05 827
15.0667 825
15.0833 822
15.1 820
15.1167 817
15.1333 814
15.15 812
15.1667 809
15.1833 807
15.2 804
15.2167 801
15.2333 799
15.25 796
15.2667 793
15.2833 791
15.3 788
15.3167 785
15.3333 782
15.35 780
15.3667 777
15.3833 774
15.4 771
15.4167 768
15.4333 765
15.45 763
15.4667 760
15.4833 757
15.5 754
15.5167 751
15.5333 748
15.55 745
15.5667 742
15.5833 739
15.6 736
15.6167 733
15.6333 730
15.65 727
15.6667 724
15.6833 721
15.7 718
15.7167 715
15.7333 712
15.75 709
15.7667 706
15.7833 703
15.8 699
15.8167 696
15.8333 693
15.85 690
15.8667 687
15.8833 683
15.9 680
15.9167 677
15.9333 674
15.95 671
15.9667 667
15.9833 664
