9.0 537
9.0167 540
9.0333 544
9.05 548
9.0667 551
9.0833 555
9.1 558
9.1167 562
9.1333 565
9.15 569
9.1667 572
9.1833 576
9.2 579
9.2167 583
9.2333 586
9.25 590
9.2667 593
9.2833 597
9.3 600
9.3167 604
9.3333 607
9.35 610
9.3667 614
9.3833 617
9.4 621
9.4167 624
9.4333 627
9.45 631
9.4667 634
9.4833 637
9.5 641
9.5167 644
9.5333 647
9.55 650
9.5667 654
9.5833 657
9.6 660
9.6167 663
9.6333 667
9.65 670
9.6667 673
9.6833 676
9.7 679
9.7167 683
9.7333 686
9.75 689
9.7667 692
9.7833 695
9.8 698
9.8167 701
9.8333 704
9.85 707
9.8667 710
9.8833 713
9.9 716
9.9167 719
9.9333 722
9.95 725
9.9667 728
9.9833 731
10.0 734
10.0167 737
10.0333 740
10.05 743
10.0667 746
10.0833 749
10.1 751
10.1167 754
10.1333 757
10.15 760
10.1667 763
10.1833 766
10.2 768
10.2167 771
10.2333 774
10.25 776
10.2667 779
10.2833 782
10.3 785
10.3167 787
10.3333 790
10.35 792
10.3667 795
10.3833 798
10.4 800
10.4167 803
10.4333 805
10.45 808
10.4667 810
10.4833 813
10.5 815
10.5167 818
10.5333 820
10.55 823
10.5667 825
10.5833 828
10.6 830
10.6167 832
10.6333 835
10.65 837
10.6667 839
10.6833 842
10.7 844
10.7167 846
10.7333 848
10.75 851
10.7667 853
10.7833 855
10.8 857
10.8167 860
10.8333 862
10.85 864
10.8667 866
10.8833 868
10.9 870
10.9167 872
10.9333 874
10.95 876
10.9667 878
10.9833 880
11.0 882
11.0167 884
11.0333 886
11.05 888
11.0667 890
11.0833 892
11.1 894
11.1167 896
11.1333 898
11.15 900
11.1667 901
11.1833 903
11.2 905
11.2167 907
11.2333 908
11.25 910
11.2667 912
11.2833 914
11.3 915
11.3167 917
11.3333 919
11.35 920
11.3667 922
11.3833 923
11.4 925
11.4167 926
11.4333 928
11.45 929
11.4667 931
11.4833 932
11.5 934
11.5167 935
11.5333 937
11.55 938
11.5667 939
11.5833 941
11.6 942
11.6167 944
11.6333 945
11.65 946
11.6667 947
11.6833 949
11.7 950
11.7167 951
11.7333 952
11.75 953
11.7667 955
11.7833 956
11.8 957
11.8167 958
11.8333 959
11.85 960
11.8667 961
11.8833 962
11.9 963
11.9167 964
11.9333 965
11.95 966
11.9667 967
11.9833 968
12.0 969
12.0167 970
12.0333 970
12.05 971
12.0667 972
12.0833 973
12.1 974
12.1167 974
12.1333 975
12.15 976
12.1667 977
12.1833 977
12.2 978
12.2167 979
12.2333 979
12.25 980
12.2667 980
12.2833 981
12.3 981
12.3167 982
12.3333 982
12.35 983
12.3667 983
12.3833 984
12.4 984
12.4167 985
12.4333 985
12.45 985
12.4667 986
12.4833 986
12.5 986
12.5167 987
12.5333 987
12.55 987
12.5667 987
12.5833 988
12.6 988
12.6167 988
12.6333 988
12.65 988
12.6667 988
12.6833 988
12.7 988
12.7167 988
12.7333 989
12.75 989
12.7667 988
12.7833 988
12.8 988
12.8167 988
12.8333 988
12.85 988
12.8667 988
12.8833 988
12.9 988
12.9167 987
12.9333 987
12.95 987
12.9667 987
12.9833 987
13.0 986
13.0167 986
13.0333 986
13.05 985
13.0667 985
13.0833 985
13.1 984
13.1167 984
13.1333 983
13.15 983
13.1667 982
13.1833 982
13.2 981
13.2167 981
13.2333 980
13.25 980
13.2667 979
13.2833 978
13.3 978
13.3167 977
13.3333 976
13.35 976
13.3667 975
13.3833 974
13.4 973
13.4167 973
13.4333 972
13.45 971
13.4667 970
13.4833 969
13.5 968
13.5167 968
13.5333 967
13.55 966
13.5667 965
13.5833 964
13.6 963
13.6167 962
13.6333 961
13.65 960
13.6667 959
13.6833 958
13.7 957
13.7167 955
13.7333 954
13.75 953
13.7667 952
13.7833 951
13.8 949
13.8167 948
13.8333 947
13.85 946
13.8667 944
13.8833 943
13.9 942
13.9167 940
13.9333 939
13.95 938
13.9667 936
13.9833 935
14.0 933
14.0167 932
14.0333 930
14.05 929
14.0667 927
14.0833 926
14.1 924
14.1167 923
14.1333 921
14.15 920
14.1667 918
14.1833 916
14.2 915
14.2167 913
14.2333 911
14.25 910
14.2667 908
14.2833 906
14.3 904
14.3167 903
14.3333 901
14.35 899
14.3667 897
14.3833 895
14.4 893
14.4167 892
14.4333 890
14.45 888
14.4667 886
14.4833 884
14.5 882
14.5167 880
14.5333 878
14.55 876
14.5667 874
14.5833 872
14.6 870
14.6167 867
14.6333 865
14.65 863
14.6667 861
14.6833 859
14.7 857
14.7167 855
14.7333 852
14.75 850
14.7667 848
14.7833 846
14.8 843
14.8167 841
14.8333 839
14.85 836
14.8667 834
14.8833 832
14.9 829
14.9167 827
14.9333 824
14.95 822
14.9667 820
14.9833 817
15.0 814
15.0167 812
15.0333 809
15.05 807
15.0667 804
15.0833 802
15.1 799
15.1167 796
15.1333 794
15.15 791
15.1667 789
15.1833 786
15.2 783
15.2167 781
15.2333 778
15.25 775
15.2667 772
15.2833 770
15.3 767
15.3167 764
15.3333 761
15.35 759
15.3667 756
15.3833 753
15.4 750
15.4167 747
15.4333 744
15.45 742
15.4667 739
15.4833 736
15.5 733
15.5167 730
15.5333 727
15.55 724
15.5667 721
15.5833 718
15.6 715
15.6167 712
15.6333 709
15.65 706
15.6667 703
15.6833 700
15.7 697
15.7167 694
15.7333 690
15.75 687
15.7667 684
15.7833 681
15.8 678
15.8167 675
15.8333 672
15.85 668
15.8667 665
15.8833 662
15.9 659
15.9167 655
15.9333 652
15.95 649
15.9667 646
15.9833 642
