9.0 579
9.0167 583
9.0333 586
9.05 590
9.0667 594
9.0833 597
9.1 601
9.1167 605
9.1333 608
9.15 612
9.1667 616
9.1833 619
9.2 623
9.2167 626
9.2333 630
9.25 633
9.2667 637
9.2833 640
9.3 644
9.3167 648
9.3333 651
9.35 654
9.3667 658
9.3833 661
9.4 665
9.4167 668
9.4333 672
9.45 675
9.4667 679
9.4833 682
9.5 685
9.5167 689
9.5333 692
9.55 695
9.5667 699
9.5833 702
9.6 705
9.6167 709
9.6333 712
9.65 715
9.6667 719
9.6833 722
9.7 725
9.7167 728
9.7333 731
9.75 735
9.7667 738
9.7833 741
9.8 744
9.8167 747
9.8333 750
9.85 753
9.8667 757
9.8833 760
9.9 763
9.9167 766
9.9333 769
9.95 772
9.9667 775
9.9833 778
10.0 781
10.0167 784
10.0333 787
10.05 790
10.0667 793
10.0833 795
10.1 798
10.1167 801
10.1333 804
10.15 807
10.1667 810
10.1833 813
10.2 815
10.2167 818
10.2333 821
10.25 824
10.2667 826
10.2833 829
10.3 832
10.3167 835
10.3333 837
10.35 840
10.3667 843
10.3833 845
10.4 848
10.4167 850
10.4333 853
10.45 856
10.4667 858
10.4833 861
10.5 863
10.5167 866
10.5333 868
10.55 871
10.5667 873
10.5833 875
10.6 878
10.6167 880
10.6333 883
10.65 885
10.6667 887
10.6833 890
10.7 892
10.7167 894
10.7333 897
10.75 899
10.7667 901
10.7833 903
10.8 906
10.8167 908
10.8333 910
10.85 912
10.8667 914
10.8833 916
10.9 919
10.9167 921
10.9333 923
10.95 925
10.9667 927
10.9833 929
11.0 931
11.0167 933
11.0333 935
11.05 937
11.0667 939
11.0833 941
11.1 942
11.1167 944
11.1333 946
11.15 948
11.1667 950
11.1833 952
11.2 953
11.2167 955
11.2333 957
11.25 959
11.2667 960
11.2833 962
11.3 964
11.3167 965
11.3333 967
11.35 969
11.3667 970
11.3833 972
11.4 973
11.4167 975
11.4333 977
11.45 978
11.4667 980
11.4833 981
11.5 982
11.5167 984
11.5333 985
11.55 987
11.5667 988
11.5833 989
11.6 991
11.6167 992
11.6333 993
11.65 995
11.6667 996
11.6833 997
11.7 998
11.7167 1000
11.7333 1001
11.75 1002
11.7667 1003
11.7833 1004
11.8 1005
11.8167 1006
11.8333 1007
11.85 1008
11.8667 1010
11.8833 1011
11.9 1012
11.9167 1012
11.9333 1013
11.95 1014
11.9667 1015
11.9833 1016
12.0 1017
12.0167 1018
12.0333 1019
12.05 1020
12.0667 1020
12.0833 1021
12.1 1022
12.1167 1023
12.1333 1023
12.15 1024
12.1667 1025
12.1833 1025
12.2 1026
12.2167 1027
12.2333 1027
12.25 1028
12.2667 1028
12.2833 1029
12.3 1029
12.3167 1030
12.3333 1030
12.35 1031
12.3667 1031
12.3833 1032
12.4 1032
12.4167 1032
12.4333 1033
12.45 1033
12.4667 1033
12.4833 1034
12.5 1034
12.5167 1034
12.5333 1034
12.55 1035
12.5667 1035
12.5833 1035
12.6 1035
12.6167 1035
12.6333 1035
12.65 1035
12.6667 1036
12.6833 1036
12.7 1036
12.7167 1036
12.7333 1036
12.75 1036
12.7667 1036
12.7833 1036
12.8 1035
12.8167 1035
12.8333 1035
12.85 1035
12.8667 1035
12.8833 1035
12.9 1034
12.9167 1034
12.9333 1034
12.95 1034
12.9667 1033
12.9833 1033
13.0 1033
13.0167 1032
13.0333 1032
13.05 1032
13.0667 1031
13.0833 1031
13.1 1030
13.1167 1030
13.1333 1029
13.15 1029
13.1667 1028
13.1833 1028
13.2 1027
13.2167 1027
13.2333 1026
13.25 1026
13.2667 1025
13.2833 1024
13.3 1024
13.3167 1023
13.3333 1022
13.35 1021
13.3667 1021
13.3833 1020
13.4 1019
13.4167 1018
13.4333 1017
13.45 1016
13.4667 1016
13.4833 1015
13.5 1014
13.5167 1013
13.5333 1012
13.55 1011
13.5667 1010
13.5833 1009
13.6 1008
13.6167 1007
13.6333 1006
13.65 1005
13.6667 1003
13.6833 1002
13.7 1001
13.7167 1000
13.7333 999
13.75 998
13.7667 996
13.7833 995
13.8 994
13.8167 992
13.8333 991
13.85 990
13.8667 988
13.8833 987
13.9 986
13.9167 984
13.9333 983
13.95 981
13.9667 980
13.9833 979
14.0 977
14.0167 975
14.0333 974
14.05 972
14.0667 971
14.0833 969
14.1 968
14.1167 966
14.1333 964
14.15 963
14.1667 961
14.1833 959
14.2 958
14.2167 956
14.2333 954
14.25 952
14.2667 950
14.2833 949
14.3 947
14.3167 945
14.3333 943
14.35 941
14.3667 939
14.3833 937
14.4 935
14.4167 933
14.4333 931
14.45 929
14.4667 927
14.4833 925
14.5 923
14.5167 921
14.5333 919
14.55 917
14.5667 915
14.5833 913
14.6 911
14.6167 908
14.6333 906
14.65 904
14.6667 902
14.6833 900
14.7 897
14.7167 895
14.7333 893
14.75 890
14.7667 888
14.7833 886
14.8 883
14.8167 881
14.8333 879
14.85 876
14.8667 874
14.8833 871
14.9 869
14.9167 866
14.9333 864
14.95 861
14.9667 859
14.9833 856
15.0 853
15.0167 851
15.0333 848
15.05 845
15.0667 843
15.0833 840
15.1 837
15.1167 835
15.1333 832
15.15 829
15.1667 827
15.1833 824
15.2 821
15.2167 818
15.2333 816
15.25 813
15.2667 810
15.2833 807
15.3 804
15.3167 801
15.3333 799
15.35 796
15.3667 793
15.3833 790
15.4 787
15.4167 784
15.4333 781
15.45 778
15.4667 775
15.4833 772
15.5 769
15.5167 766
15.5333 763
15.55 760
15.5667 757
15.5833 754
15.6 751
15.6167 748
15.6333 744
15.65 741
15.6667 738
15.6833 735
15.7 732
15.7167 729
15.7333 725
15.75 722
15.7667 719
15.7833 716
15.8 712
15.8167 709
15.8333 706
15.85 702
15.8667 699
15.8833 696
15.9 692
15.9167 689
15.9333 686
15.95 682
15.9667 679
15.9833 676
