9.0 220
9.0167 223
9.0333 226
9.05 229
9.0667 233
9.0833 236
9.1 239
9.1167 242
9.1333 245
9.15 248
9.1667 251
9.1833 255
9.2 258
9.2167 261
9.2333 264
9.25 267
9.2667 270
9.2833 273
9.3 277
9.3167 280
9.3333 283
9.35 286
9.3667 289
9.3833 292
9.4 295
9.4167 298
9.4333 302
9.45 305
9.4667 308
9.4833 311
9.5 314
9.5167 317
9.5333 320
9.55 323
9.5667 326
9.5833 329
9.6 332
9.6167 336
9.6333 339
9.65 342
9.6667 345
9.6833 348
9.7 351
9.7167 354
9.7333 357
9.75 360
9.7667 363
9.7833 366
9.8 369
9.8167 372
9.8333 375
9.85 378
9.8667 380
9.8833 383
9.9 386
9.9167 389
9.9333 392
9.95 395
9.9667 398
9.9833 401
10.0 404
10.0167 407
10.0333 409
10.05 412
10.0667 415
10.0833 418
10.1 421
10.1167 423
10.1333 426
10.15 429
10.1667 432
10.1833 435
10.2 437
10.2167 440
10.2333 443
10.25 445
10.2667 448
10.2833 451
10.3 453
10.3167 456
10.3333 459
10.35 461
10.3667 464
10.3833 467
10.4 469
10.4167 472
10.4333 474
10.45 477
10.4667 479
10.4833 482
10.5 484
10.5167 487
10.5333 489
10.55 492
10.5667 494
10.5833 497
10.6 499
10.6167 502
10.6333 504
10.65 507
10.6667 509
10.6833 511
10.7 514
10.7167 516
10.7333 518
10.75 521
10.7667 523
10.7833 525
10.8 527
10.8167 530
10.8333 532
10.85 534
10.8667 536
10.8833 538
10.9 541
10.9167 543
10.9333 545
10.95 547
10.9667 549
10.9833 551
11.0 553
11.0167 555
11.0333 557
11.05 559
11.0667 561
11.0833 563
11.1 565
11.1167 567
11.1333 569
11.15 571
11.1667 573
11.1833 575
11.2 577
11.2167 579
11.2333 581
11.25 583
11.2667 584
11.2833 586
11.3 588
11.3167 590
11.3333 591
11.35 593
11.3667 595
11.3833 597
11.4 598
11.4167 600
11.4333 602
11.45 603
11.4667 605
11.4833 606
11.5 608
11.5167 610
11.5333 611
11.55 613
11.5667 614
11.5833 616
11.6 617
11.6167 619
11.6333 620
11.65 621
11.6667 623
11.6833 624
11.7 626
11.7167 627
11.7333 628
11.75 630
11.7667 631
11.7833 632
11.8 633
11.8167 635
11.8333 636
11.85 637
11.8667 638
11.8833 639
11.9 641
11.9167 642
11.9333 643
11.95 644
11.9667 645
11.9833 646
12.0 647
12.0167 648
12.0333 649
12.05 650
12.0667 651
12.0833 652
12.1 653
12.1167 654
12.1333 655
12.15 656
12.1667 656
12.1833 657
12.2 658
12.2167 659
12.2333 660
12.25 660
12.2667 661
12.2833 662
12.3 663
12.3167 663
12.3333 664
12.35 665
12.3667 665
12.3833 666
12.4 666
12.4167 667
12.4333 667
12.45 668
12.4667 668
12.4833 669
12.5 669
12.5167 670
12.5333 670
12.55 671
12.5667 671
12.5833 671
12.6 672
12.6167 672
12.6333 672
12.65 673
12.6667 673
12.6833 673
12.7 674
12.7167 674
12.7333 674
12.75 674
12.7667 674
12.7833 674
12.8 675
12.8167 675
12.8333 675
12.85 675
12.8667 675
12.8833 675
12.9 675
12.9167 675
12.9333 675
12.95 675
12.9667 675
12.9833 675
13.0 674
13.0167 674
13.0333 674
13.05 674
13.0667 674
13.0833 674
13.1 673
13.1167 673
13.1333 673
13.15 673
13.1667 672
13.1833 672
13.2 672
13.2167 671
13.2333 671
13.25 670
13.2667 670
13.2833 670
13.3 669
13.3167 669
13.3333 668
13.35 668
13.3667 667
13.3833 667
13.4 666
13.4167 665
13.4333 665
13.45 664
13.4667 664
13.4833 663
13.5 662
13.5167 661
13.5333 661
13.55 660
13.5667 659
13.5833 658
13.6 658
13.6167 657
13.6333 656
13.65 655
13.6667 654
13.6833 653
13.7 652
13.7167 651
13.7333 651
13.75 650
13.7667 649
13.7833 648
13.8 647
13.8167 645
13.8333 644
13.85 643
13.8667 642
13.8833 641
13.9 640
13.9167 639
13.9333 638
13.95 636
13.9667 635
13.9833 634
14.0 633
14.0167 631
14.0333 630
14.05 629
14.0667 628
14.0833 626
14.1 625
14.1167 623
14.1333 622
14.15 621
14.1667 619
14.1833 618
14.2 616
14.2167 615
14.2333 613
14.25 612
14.2667 610
14.2833 609
14.3 607
14.3167 606
14.3333 604
14.35 602
14.3667 601
14.3833 599
14.4 597
14.4167 596
14.4333 594
14.45 592
14.4667 591
14.4833 589
14.5 587
14.5167 585
14.5333 583
14.55 582
14.5667 580
14.5833 578
14.6 576
14.6167 574
14.6333 572
14.65 570
14.6667 568
14.6833 566
14.7 564
14.7167 562
14.7333 560
14.75 558
14.7667 556
14.7833 554
14.8 552
14.8167 550
14.8333 548
14.85 546
14.8667 544
14.8833 542
14.9 539
14.9167 537
14.9333 535
14.95 533
14.9667 531
14.9833 528
15.0 527
15.0167 525
15.0333 523
15.05 520
15.0667 518
15.0833 516
15.1 513
15.1167 511
15.1333 509
15.15 506
15.1667 504
15.1833 501
15.2 499
15.2167 496
15.2333 494
15.25 492
15.2667 489
15.2833 487
15.3 484
15.3167 481
15.3333 479
15.35 476
15.3667 474
15.3833 471
15.4 469
15.4167 466
15.4333 463
15.45 461
15.4667 458
15.4833 456
15.5 453
15.5167 450
15.5333 448
15.55 445
15.5667 442
15.5833 439
15.6 437
15.6167 434
15.6333 431
15.65 428
15.6667 426
15.6833 423
15.7 420
15.7167 417
15.7333 414
15.75 412
15.7667 409
15.7833 406
15.8 403
15.8167 400
15.8333 397
15.85 394
15.8667 391
15.8833 389
15.9 386
15.9167 383
15.9333 380
15.95 377
15.9667 374
15.9833 371
