9.0 200
9.0167 202
9.0333 204
9.05 207
9.0667 210
9.0833 212
9.1 215
9.1167 217
9.1333 220
9.15 223
9.1667 225
9.1833 228
9.2 231
9.2167 233
9.2333 236
9.25 238
9.2667 241
9.2833 243
9.3 246
9.3167 249
9.3333 251
9.35 254
9.3667 256
9.3833 259
9.4 262
9.4167 264
9.4333 267
9.45 269
9.4667 272
9.4833 274
9.5 277
9.5167 280
9.5333 282
9.55 285
9.5667 287
9.5833 290
9.6 292
9.6167 295
9.6333 297
9.65 300
9.6667 302
9.6833 305
9.7 307
9.7167 310
9.7333 312
9.75 315
9.7667 317
9.7833 320
9.8 322
9.8167 324
9.8333 327
9.85 329
9.8667 332
9.8833 334
9.9 336
9.9167 339
9.9333 341
9.95 344
9.9667 346
9.9833 348
10.0 351
10.0167 353
10.0333 355
10.05 358
10.0667 360
10.0833 362
10.1 365
10.1167 367
10.1333 369
10.15 371
10.1667 374
10.1833 376
10.2 378
10.2167 380
10.2333 382
10.25 385
10.2667 387
10.2833 389
10.3 391
10.3167 393
10.3333 395
10.35 397
10.3667 400
10.3833 402
10.4 404
10.4167 406
10.4333 408
10.45 410
10.4667 412
10.4833 414
10.5 416
10.5167 418
10.5333 420
10.55 422
10.5667 424
10.5833 426
10.6 428
10.6167 430
10.6333 432
10.65 433
10.6667 435
10.6833 437
10.7 439
10.7167 441
10.7333 443
10.75 445
10.7667 446
10.7833 448
10.8 450
10.8167 452
10.8333 453
10.85 455
10.8667 457
10.8833 459
10.9 460
10.9167 462
10.9333 464
10.95 465
10.9667 467
10.9833 468
11.0 470
11.0167 472
11.0333 473
11.05 475
11.0667 476
11.0833 478
11.1 479
11.1167 481
11.1333 482
11.15 484
11.1667 485
11.1833 487
11.2 488
11.2167 489
11.2333 491
11.25 492
11.2667 493
11.2833 495
11.3 496
11.3167 497
11.3333 499
11.35 500
11.3667 501
11.3833 502
11.4 504
11.4167 505
11.4333 506
11.45 507
11.4667 508
11.4833 509
11.5 511
11.5167 512
11.5333 513
11.55 514
11.5667 515
11.5833 516
11.6 517
11.6167 518
11.6333 519
11.65 520
11.6667 521
11.6833 522
11.7 523
11.7167 524
11.7333 525
11.75 525
11.7667 526
11.7833 527
11.8 528
11.8167 529
11.8333 530
11.85 530
11.8667 531
11.8833 532
11.9 532
11.9167 533
11.9333 534
11.95 535
11.9667 535
11.9833 536
12.0 536
12.0167 537
12.0333 538
12.05 538
12.0667 539
12.0833 539
12.1 540
12.1167 540
12.1333 541
12.15 541
12.1667 542
12.1833 542
12.2 542
12.2167 543
12.2333 543
12.25 543
12.2667 544
12.2833 544
12.3 544
12.3167 545
12.3333 545
12.35 545
12.3667 545
12.3833 546
12.4 546
12.4167 546
12.4333 546
12.45 546
12.4667 546
12.4833 547
12.5 547
12.5167 547
12.5333 547
12.55 547
12.5667 547
12.5833 547
12.6 547
12.6167 547
12.6333 547
12.65 547
12.6667 546
12.6833 546
12.7 546
12.7167 546
12.7333 546
12.75 546
12.7667 546
12.7833 545
12.8 545
12.8167 545
12.8333 545
12.85 544
12.8667 544
12.8833 544
12.9 543
12.9167 543
12.9333 543
12.95 542
12.9667 542
12.9833 541
13.0 541
13.0167 540
13.0333 540
13.05 539
13.0667 539
13.0833 538
13.1 538
13.1167 537
13.1333 537
13.15 536
13.1667 535
13.1833 535
13.2 534
13.2167 533
13.2333 533
13.25 532
13.2667 531
13.2833 531
13.3 530
13.3167 529
13.3333 528
13.35 527
13.3667 527
13.3833 526
13.4 525
13.4167 524
13.4333 523
13.45 522
13.4667 521
13.4833 520
13.5 519
13.5167 518
13.5333 517
13.55 516
13.5667 515
13.5833 514
13.6 513
13.6167 512
13.6333 511
13.65 510
13.6667 509
13.6833 508
13.7 506
13.7167 505
13.7333 504
13.75 503
13.7667 502
13.7833 500
13.8 499
13.8167 498
13.8333 497
13.85 495
13.8667 494
13.8833 493
13.9 491
13.9167 490
13.9333 489
13.95 487
13.9667 486
13.9833 484
14.0 483
14.0167 481
14.0333 480
14.05 478
14.0667 477
14.0833 475
14.1 474
14.1167 472
14.1333 471
14.15 469
14.1667 467
14.1833 466
14.2 464
14.2167 463
14.2333 461
14.25 459
14.2667 458
14.2833 456
14.3 454
14.3167 452
14.3333 451
14.35 449
14.3667 447
14.3833 445
14.4 443
14.4167 442
14.4333 440
14.45 438
14.4667 436
14.4833 434
14.5 432
14.5167 430
14.5333 429
14.55 427
14.5667 425
14.5833 423
14.6 421
14.6167 419
14.6333 417
14.65 415
14.6667 413
14.6833 411
14.7 409
14.7167 407
14.7333 405
14.75 403
14.7667 400
14.7833 398
14.8 396
14.8167 394
14.8333 392
14.85 390
14.8667 388
14.8833 385
14.9 383
14.9167 381
14.9333 379
14.95 377
14.9667 374
14.9833 372
15.0 370
15.0167 368
15.0333 365
15.05 363
15.0667 361
15.0833 359
15.1 356
15.1167 354
15.1333 352
15.15 349
15.1667 347
15.1833 345
15.2 342
15.2167 340
15.2333 338
15.25 335
15.2667 333
15.2833 330
15.3 328
15.3167 325
15.3333 323
15.35 321
15.3667 318
15.3833 316
15.4 313
15.4167 311
15.4333 308
15.45 306
15.4667 303
15.4833 301
15.5 298
15.5167 296
15.5333 293
15.55 291
15.5667 288
15.5833 286
15.6 283
15.6167 281
15.6333 278
15.65 276
15.6667 273
15.6833 270
15.7 268
15.7167 265
15.7333 263
15.75 260
15.7667 258
15.7833 255
15.8 252
15.8167 250
15.8333 247
15.85 245
15.8667 242
15.8833 239
15.9 237
15.9167 234
15.9333 232
15.95 229
15.9667 226
15.9833 224
