9.0 570
9.0167 574
9.0333 578
9.05 581
9.0667 585
9.0833 589
9.1 592
9.1167 596
9.1333 599
9.15 603
9.1667 606
9.1833 610
9.2 613
9.2167 617
9.2333 620
9.25 623
9.2667 627
9.2833 630
9.3 634
9.3167 637
9.3333 640
9.35 644
9.3667 647
9.3833 651
9.4 654
9.4167 657
9.4333 660
9.45 664
9.4667 667
9.4833 670
9.5 674
9.5167 677
9.5333 680
9.55 683
9.5667 687
9.5833 690
9.6 693
9.6167 696
9.6333 699
9.65 702
9.6667 706
9.6833 709
9.7 712
9.7167 715
9.7333 718
9.75 721
9.7667 724
9.7833 727
9.8 730
9.8167 733
9.8333 736
9.85 739
9.8667 742
9.8833 745
9.9 748
9.9167 751
9.9333 754
9.95 757
9.9667 760
9.9833 763
10.0 766
10.0167 769
10.0333 771
10.05 774
10.0667 777
10.0833 780
10.1 783
10.1167 785
10.1333 788
10.15 791
10.1667 794
10.1833 796
10.2 799
10.2167 802
10.2333 804
10.25 807
10.2667 810
10.2833 812
10.3 815
10.3167 817
10.3333 820
10.35 823
10.3667 825
10.3833 828
10.4 830
10.4167 833
10.4333 835
10.45 838
10.4667 840
10.4833 842
10.5 845
10.5167 847
10.5333 850
10.55 852
10.5667 854
10.5833 857
10.6 859
10.6167 861
10.6333 864
10.65 866
10.6667 868
10.6833 870
10.7 872
10.7167 875
10.7333 877
10.75 879
10.7667 881
10.7833 883
10.8 885
10.8167 887
10.8333 890
10.85 892
10.8667 894
10.8833 896
10.9 898
10.9167 900
10.9333 902
10.95 904
10.9667 906
10.9833 907
11.0 909
11.0167 911
11.0333 913
11.05 915
11.0667 917
11.0833 919
11.1 920
11.1167 922
11.1333 924
11.15 926
11.1667 927
11.1833 929
11.2 931
11.2167 932
11.2333 934
11.25 936
11.2667 937
11.2833 939
11.3 940
11.3167 942
11.3333 944
11.35 945
11.3667 947
11.3833 948
11.4 950
11.4167 951
11.4333 952
11.45 954
11.4667 955
11.4833 957
11.5 958
11.5167 959
11.5333 961
11.55 962
11.5667 963
11.5833 964
11.6 966
11.6167 967
11.6333 968
11.65 969
11.6667 970
11.6833 972
11.7 973
11.7167 974
11.7333 975
11.75 976
11.7667 977
11.7833 978
11.8 979
11.8167 980
11.8333 981
11.85 982
11.8667 983
11.8833 984
11.9 985
11.9167 986
11.9333 986
11.95 987
11.9667 988
11.9833 989
12.0 990
12.0167 990
12.0333 991
12.05 992
12.0667 993
12.0833 993
12.1 994
12.1167 994
12.1333 995
12.15 996
12.1667 996
12.1833 997
12.2 997
12.2167 998
12.2333 998
12.25 999
12.2667 999
12.2833 1000
12.3 1000
12.3167 1001
12.3333 1001
12.35 1001
12.3667 1002
12.3833 1002
12.4 1002
12.4167 1003
12.4333 1003
12.45 1003
12.4667 1003
12.4833 1004
12.5 1004
12.5167 1004
12.5333 1004
12.55 1004
12.5667 1004
12.5833 1004
12.6 1004
12.6167 1004
12.6333 1004
12.65 1004
12.6667 1004
12.6833 1004
12.7 1004
12.7167 1004
12.7333 1004
12.75 1004
12.7667 1004
12.7833 1004
12.8 1004
12.8167 1003
12.8333 1003
12.85 1003
12.8667 1003
12.8833 1002
12.9 1002
12.9167 1002
12.9333 1002
12.95 1001
12.9667 1001
12.9833 1000
13.0 1000
13.0167 1000
13.0333 999
13.05 999
13.0667 998
13.0833 998
13.1 997
13.1167 997
13.1333 996
13.15 995
13.1667 995
13.1833 994
13.2 993
13.2167 993
13.2333 992
13.25 991
13.2667 991
13.2833 990
13.3 989
13.3167 988
13.3333 988
13.35 987
13.3667 986
13.3833 985
13.4 984
13.4167 983
13.4333 982
13.45 981
13.4667 980
13.4833 979
13.5 978
13.5167 977
13.5333 976
13.55 975
13.5667 974
13.5833 973
13.6 972
13.6167 971
13.6333 970
13.65 969
13.6667 967
13.6833 966
13.7 965
13.7167 964
13.7333 962
13.75 961
13.7667 960
13.7833 959
13.8 957
13.8167 956
13.8333 954
13.85 953
13.8667 952
13.8833 950
13.9 949
13.9167 947
13.9333 946
13.95 944
13.9667 943
13.9833 941
14.0 940
14.0167 938
14.0333 936
14.05 935
14.0667 933
14.0833 931
14.1 930
14.1167 928
14.1333 926
14.15 925
14.1667 923
14.1833 921
14.2 919
14.2167 918
14.2333 916
14.25 914
14.2667 912
14.2833 910
14.3 908
14.3167 906
14.3333 904
14.35 902
14.3667 901
14.3833 899
14.4 897
14.4167 895
14.4333 892
14.45 890
14.4667 888
14.4833 886
14.5 884
14.5167 882
14.5333 880
14.55 878
14.5667 876
14.5833 873
14.6 871
14.6167 869
14.6333 867
14.65 865
14.6667 862
14.6833 860
14.7 858
14.7167 855
14.7333 853
14.75 851
14.7667 848
14.7833 846
14.8 843
14.8167 841
14.8333 839
14.85 836
14.8667 834
14.8833 831
14.9 829
14.9167 826
14.9333 824
14.95 821
14.9667 819
14.9833 816
15.0 814
15.0167 811
15.0333 808
15.05 806
15.0667 803
15.0833 800
15.1 798
15.1167 795
15.1333 792
15.15 790
15.1667 787
15.1833 784
15.2 781
15.2167 778
15.2333 776
15.25 773
15.2667 770
15.2833 767
15.3 764
15.3167 761
15.3333 759
15.35 756
15.3667 753
15.3833 750
15.4 747
15.4167 744
15.4333 741
15.45 738
15.4667 735
15.4833 732
15.5 729
15.5167 726
15.5333 723
15.55 720
15.5667 717
15.5833 713
15.6 710
15.6167 707
15.6333 704
15.65 701
15.6667 698
15.6833 695
15.7 691
15.7167 688
15.7333 685
15.75 682
15.7667 679
15.7833 675
15.8 672
15.8167 669
15.8333 665
15.85 662
15.8667 659
15.8833 656
15.9 652
15.9167 649
15.9333 646
15.95 642
15.9667 639
15.9833 635
