9.0 412
9.0167 417
9.0333 421
9.05 425
9.0667 428
9.0833 432
9.1 436
9.1167 439
9.1333 443
9.15 447
9.1667 450
9.1833 454
9.2 458
9.2167 461
9.2333 465
9.25 468
9.2667 472
9.2833 476
9.3 479
9.3167 483
9.3333 486
9.35 490
9.3667 494
9.3833 497
9.4 501
9.4167 504
9.4333 508
9.45 511
9.4667 515
9.4833 518
9.5 522
9.5167 525
9.5333 528
9.55 532
9.5667 535
9.5833 539
9.6 542
9.6167 546
9.6333 549
9.65 552
9.6667 556
9.6833 559
9.7 562
9.7167 566
9.7333 569
9.75 572
9.7667 576
9.7833 579
9.8 582
9.8167 585
9.8333 589
9.85 592
9.8667 595
9.8833 598
9.9 601
9.9167 605
9.9333 608
9.95 611
9.9667 614
9.9833 617
10.0 620
10.0167 623
10.0333 626
10.05 630
10.0667 633
10.0833 636
10.1 639
10.1167 642
10.1333 645
10.15 648
10.1667 651
10.1833 654
10.2 657
10.2167 660
10.2333 662
10.25 665
10.2667 668
10.2833 671
10.3 674
10.3167 677
10.3333 680
10.35 682
10.3667 685
10.3833 688
10.4 691
10.4167 693
10.4333 696
10.45 699
10.4667 702
10.4833 704
10.5 707
10.5167 710
10.5333 712
10.55 715
10.5667 718
10.5833 720
10.6 723
10.6167 725
10.6333 728
10.65 730
10.6667 733
10.6833 735
10.7 738
10.7167 740
10.7333 743
10.75 745
10.7667 747
10.7833 750
10.8 752
10.8167 755
10.8333 757
10.85 759
10.8667 762
10.8833 764
10.9 766
10.9167 768
10.9333 771
10.95 773
10.9667 775
10.9833 777
11.0 779
11.0167 782
11.0333 784
11.05 786
11.0667 788
11.0833 790
11.1 792
11.1167 794
11.1333 796
11.15 798
11.1667 800
11.1833 802
11.2 804
11.2167 806
11.2333 808
11.25 810
11.2667 812
11.2833 813
11.3 815
11.3167 817
11.3333 819
11.35 821
11.3667 822
11.3833 824
11.4 826
11.4167 828
11.4333 829
11.45 831
11.4667 833
11.4833 834
11.5 836
11.5167 837
11.5333 839
11.55 840
11.5667 842
11.5833 844
11.6 845
11.6167 847
11.6333 848
11.65 849
11.6667 851
11.6833 852
11.7 854
11.7167 855
11.7333 856
11.75 858
11.7667 859
11.7833 860
11.8 861
11.8167 863
11.8333 864
11.85 865
11.8667 866
11.8833 867
11.9 869
11.9167 870
11.9333 871
11.95 872
11.9667 873
11.9833 874
12.0 875
12.0167 876
12.0333 877
12.05 878
12.0667 879
12.0833 880
12.1 881
12.1167 882
12.1333 882
12.15 883
12.1667 884
12.1833 885
12.2 886
12.2167 886
12.2333 887
12.25 888
12.2667 889
12.2833 889
12.3 890
12.3167 891
12.3333 891
12.35 892
12.3667 892
12.3833 893
12.4 893
12.4167 894
12.4333 894
12.45 895
12.4667 895
12.4833 896
12.5 896
12.5167 897
12.5333 897
12.55 897
12.5667 898
12.5833 898
12.6 898
12.6167 898
12.6333 899
12.65 899
12.6667 899
12.6833 899
12.7 899
12.7167 900
12.7333 900
12.75 900
12.7667 900
12.7833 900
12.8 900
12.8167 900
12.8333 900
12.85 900
12.8667 900
12.8833 900
12.9 900
12.9167 900
12.9333 900
12.95 899
12.9667 899
12.9833 899
13.0 899
13.0167 899
13.0333 898
13.05 898
13.0667 898
13.0833 897
13.1 897
13.1167 897
13.1333 896
13.15 896
13.1667 896
13.1833 895
13.2 895
13.2167 894
13.2333 894
13.25 893
13.2667 893
13.2833 892
13.3 891
13.3167 891
13.3333 890
13.35 890
13.3667 889
13.3833 888
13.4 888
13.4167 887
13.4333 886
13.45 885
13.4667 885
13.4833 884
13.5 883
13.5167 882
13.5333 881
13.55 880
13.5667 879
13.5833 878
13.6 878
13.6167 877
13.6333 876
13.65 875
13.6667 873
13.6833 872
13.7 871
13.7167 870
13.7333 869
13.75 868
13.7667 867
13.7833 866
13.8 865
13.8167 863
13.8333 862
13.85 861
13.8667 860
13.8833 858
13.9 857
13.9167 856
13.9333 854
13.95 853
13.9667 852
13.9833 850
14.0 849
14.0167 847
14.0333 846
14.05 844
14.0667 843
14.0833 841
14.1 840
14.1167 838
14.1333 837
14.15 835
14.1667 833
14.1833 832
14.2 830
14.2167 828
14.2333 827
14.25 825
14.2667 823
14.2833 822
14.3 820
14.3167 818
14.3333 816
14.35 814
14.3667 813
14.3833 811
14.4 809
14.4167 807
14.4333 805
14.45 803
14.4667 801
14.4833 799
14.5 797
14.5167 795
14.5333 793
14.55 791
14.5667 789
14.5833 787
14.6 785
14.6167 783
14.6333 781
14.65 778
14.6667 776
14.6833 774
14.7 772
14.7167 770
14.7333 767
14.75 765
14.7667 763
14.7833 761
14.8 758
14.8167 756
14.8333 754
14.85 751
14.8667 749
14.8833 746
14.9 744
14.9167 742
14.9333 739
14.95 737
14.9667 734
14.9833 732
15.0 730
15.0167 727
15.0333 725
15.05 722
15.0667 720
15.0833 717
15.1 714
15.1167 712
15.1333 709
15.15 706
15.1667 704
15.1833 701
15.2 698
15.2167 696
15.2333 693
15.25 690
15.2667 687
15.2833 685
15.3 682
15.3167 679
15.3333 676
15.35 673
15.3667 670
15.3833 668
15.4 665
15.4167 662
15.4333 659
15.45 656
15.4667 653
15.4833 650
15.5 647
15.5167 644
15.5333 641
15.55 638
15.5667 635
15.5833 632
15.6 629
15.6167 626
15.6333 623
15.65 620
15.6667 616
15.6833 613
15.7 610
15.7167 607
15.7333 604
15.75 601
15.7667 597
15.7833 594
15.8 591
15.8167 588
15.8333 585
15.85 581
15.8667 578
15.8833 575
15.9 571
15.9167 568
15.9333 565
15.95 561
15.9667 558
15.9833 555
