9.0 529
9.0167 532
9.0333 535
9.05 539
9.0667 542
9.0833 545
9.1 548
9.1167 551
9.1333 555
9.15 558
9.1667 561
9.1833 564
9.2 567
9.2167 571
9.2333 574
9.25 577
9.2667 580
9.2833 583
9.3 586
9.3167 589
9.3333 593
9.35 596
9.3667 599
9.3833 602
9.4 605
9.4167 608
9.4333 611
9.45 614
9.4667 617
9.4833 620
9.5 623
9.5167 626
9.5333 629
9.55 632
9.5667 635
9.5833 638
9.6 641
9.6167 644
9.6333 647
9.65 650
9.6667 653
9.6833 656
9.7 659
9.7167 661
9.7333 664
9.75 667
9.7667 670
9.7833 673
9.8 676
9.8167 678
9.8333 681
9.85 684
9.8667 687
9.8833 690
9.9 692
9.9167 695
9.9333 698
9.95 700
9.9667 703
9.9833 706
10.0 709
10.0167 711
10.0333 714
10.05 717
10.0667 719
10.0833 722
10.1 724
10.1167 727
10.1333 730
10.15 732
10.1667 735
10.1833 737
10.2 740
10.2167 742
10.2333 745
10.25 747
10.2667 750
10.2833 752
10.3 755
10.3167 757
10.3333 759
10.35 762
10.3667 764
10.3833 767
10.4 769
10.4167 771
10.4333 774
10.45 776
10.4667 778
10.4833 781
10.5 783
10.5167 785
10.5333 787
10.55 790
10.5667 792
10.5833 794
10.6 796
10.6167 798
10.6333 801
10.65 803
10.6667 805
10.6833 807
10.7 809
10.7167 811
10.7333 813
10.75 815
10.7667 817
10.7833 819
10.8 821
10.8167 823
10.8333 825
10.85 827
10.8667 829
10.8833 831
10.9 833
10.9167 835
10.9333 837
10.95 839
10.9667 841
10.9833 842
11.0 844
11.0167 846
11.0333 848
11.05 850
11.0667 851
11.0833 853
11.1 855
11.1167 857
11.1333 858
11.15 860
11.1667 862
11.1833 863
11.2 865
11.2167 866
11.2333 868
11.25 870
11.2667 871
11.2833 873
11.3 874
11.3167 876
11.3333 877
11.35 879
11.3667 880
11.3833 882
11.4 883
11.4167 885
11.4333 886
11.45 887
11.4667 889
11.4833 890
11.5 891
11.5167 893
11.5333 894
11.55 895
11.5667 897
11.5833 898
11.6 899
11.6167 900
11.6333 901
11.65 903
11.6667 904
11.6833 905
11.7 906
11.7167 907
11.7333 908
11.75 909
11.7667 910
11.7833 911
11.8 912
11.8167 913
11.8333 914
11.85 915
11.8667 916
11.8833 917
11.9 918
11.9167 919
11.9333 920
11.95 921
11.9667 922
11.9833 923
12.0 923
12.0167 924
12.0333 925
12.05 926
12.0667 926
12.0833 927
12.1 928
12.1167 929
12.1333 929
12.15 930
12.1667 931
12.1833 931
12.2 932
12.2167 932
12.2333 933
12.25 933
12.2667 934
12.2833 934
12.3 935
12.3167 935
12.3333 936
12.35 936
12.3667 937
12.3833 937
12.4 938
12.4167 938
12.4333 938
12.45 939
12.4667 939
12.4833 939
12.5 939
12.5167 940
12.5333 940
12.55 940
12.5667 940
12.5833 941
12.6 941
12.6167 941
12.6333 941
12.65 941
12.6667 941
12.6833 941
12.7 941
12.7167 941
12.7333 941
12.75 941
12.7667 941
12.7833 941
12.8 941
12.8167 941
12.8333 941
12.85 941
12.8667 941
12.8833 941
12.9 941
12.9167 940
12.9333 940
12.95 940
12.9667 940
12.9833 939
13.0 939
13.0167 939
13.0333 939
13.05 938
13.0667 938
13.0833 938
13.1 937
13.1167 937
13.1333 936
13.15 936
13.1667 935
13.1833 935
13.2 934
13.2167 934
13.2333 933
13.25 933
13.2667 932
13.2833 932
13.3 931
13.3167 931
13.3333 930
13.35 929
13.3667 929
13.3833 928
13.4 927
13.4167 926
13.4333 926
13.45 925
13.4667 924
13.4833 923
13.5 923
13.5167 922
13.5333 921
13.55 920
13.5667 919
13.5833 918
13.6 917
13.6167 916
13.6333 915
13.65 915
13.6667 914
13.6833 913
13.7 911
13.7167 910
13.7333 909
13.75 908
13.7667 907
13.7833 906
13.8 905
13.8167 904
13.8333 903
13.85 902
13.8667 900
13.8833 899
13.9 898
13.9167 897
13.9333 895
13.95 894
13.9667 893
13.9833 891
14.0 890
14.0167 889
14.0333 887
14.05 886
14.0667 885
14.0833 883
14.1 882
14.1167 880
14.1333 879
14.15 877
14.1667 876
14.1833 874
14.2 873
14.2167 871
14.2333 870
14.25 868
14.2667 867
14.2833 865
14.3 863
14.3167 862
14.3333 860
14.35 858
14.3667 857
14.3833 855
14.4 853
14.4167 851
14.4333 850
14.45 848
14.4667 846
14.4833 844
14.5 842
14.5167 841
14.5333 839
14.55 837
14.5667 835
14.5833 833
14.6 831
14.6167 829
14.6333 827
14.65 825
14.6667 823
14.6833 821
14.7 819
14.7167 817
14.7333 815
14.75 813
14.7667 811
14.7833 809
14.8 807
14.8167 805
14.8333 803
14.85 801
14.8667 798
14.8833 796
14.9 794
14.9167 792
14.9333 790
14.95 787
14.9667 785
14.9833 783
15.0 781
15.0167 778
15.0333 776
15.05 774
15.0667 771
15.0833 769
15.1 767
15.1167 764
15.1333 762
15.15 760
15.1667 757
15.1833 755
15.2 752
15.2167 750
15.2333 747
15.25 745
15.2667 742
15.2833 740
15.3 737
15.3167 735
15.3333 732
15.35 730
15.3667 727
15.3833 725
15.4 722
15.4167 719
15.4333 717
15.45 714
15.4667 711
15.4833 709
15.5 706
15.5167 703
15.5333 701
15.55 698
15.5667 695
15.5833 693
15.6 690
15.6167 687
15.6333 684
15.65 681
15.6667 679
15.6833 676
15.7 673
15.7167 670
15.7333 667
15.75 664
15.7667 662
15.7833 659
15.8 656
15.8167 653
15.8333 650
15.85 647
15.8667 644
15.8833 641
15.9 638
15.9167 635
15.9333 632
15.95 629
15.9667 626
15.9833 623
