9.0 284
9.0167 287
9.0333 290
9.05 293
9.0667 296
9.0833 299
9.1 302
9.1167 305
9.1333 309
9.15 312
9.1667 315
9.1833 318
9.2 321
9.2167 324
9.2333 327
9.25 330
9.2667 333
9.2833 336
9.3 339
9.3167 342
9.3333 345
9.35 348
9.3667 351
9.3833 354
9.4 357
9.4167 360
9.4333 363
9.45 366
9.4667 369
9.4833 372
9.5 375
9.5167 378
9.5333 381
9.55 384
9.5667 387
9.5833 389
9.6 392
9.6167 395
9.6333 398
9.65 401
9.6667 404
9.6833 407
9.7 409
9.7167 412
9.7333 415
9.75 418
9.7667 420
9.7833 423
9.8 426
9.8167 429
9.8333 431
9.85 434
9.8667 437
9.8833 439
9.9 442
9.9167 445
9.9333 447
9.95 450
9.9667 453
9.9833 455
10.0 458
10.0167 460
10.0333 463
10.05 466
10.0667 468
10.0833 471
10.1 473
10.1167 476
10.1333 478
10.15 481
10.1667 483
10.1833 485
10.2 488
10.2167 490
10.2333 493
10.25 495
10.2667 497
10.2833 500
10.3 502
10.3167 504
10.3333 507
10.35 509
10.3667 511
10.3833 514
10.4 516
10.4167 518
10.4333 520
10.45 523
10.4667 525
10.4833 527
10.5 529
10.5167 531
10.5333 533
10.55 536
10.5667 538
10.5833 540
10.6 542
10.6167 544
10.6333 546
10.65 548
10.6667 550
10.6833 552
10.7 554
10.7167 556
10.7333 558
10.75 560
10.7667 562
10.7833 563
10.8 565
10.8167 567
10.8333 569
10.85 571
10.8667 573
10.8833 574
10.9 576
10.9167 578
10.9333 580
10.95 581
10.9667 583
10.9833 585
11.0 587
11.0167 588
11.0333 590
11.05 591
11.0667 593
11.0833 595
11.1 596
11.1167 598
11.1333 599
11.15 601
11.1667 602
11.1833 604
11.2 605
11.2167 607
11.2333 608
11.25 610
11.2667 611
11.2833 612
11.3 614
11.3167 615
11.3333 616
11.35 618
11.3667 619
11.3833 620
11.4 622
11.4167 623
11.4333 624
11.45 625
11.4667 626
11.4833 627
11.5 629
11.5167 630
11.5333 631
11.55 632
11.5667 633
11.5833 634
11.6 635
11.6167 636
11.6333 637
11.65 638
11.6667 639
11.6833 640
11.7 641
11.7167 642
11.7333 643
11.75 644
11.7667 644
11.7833 645
11.8 646
11.8167 647
11.8333 648
11.85 648
11.8667 649
11.8833 650
11.9 651
11.9167 651
11.9333 652
11.95 653
11.9667 653
11.9833 654
12.0 654
12.0167 655
12.0333 655
12.05 656
12.0667 656
12.0833 657
12.1 657
12.1167 658
12.1333 658
12.15 659
12.1667 659
12.1833 659
12.2 660
12.2167 660
12.2333 660
12.25 661
12.2667 661
12.2833 661
12.3 662
12.3167 662
12.3333 662
12.35 662
12.3667 662
12.3833 662
12.4 663
12.4167 663
12.4333 663
12.45 663
12.4667 663
12.4833 663
12.5 663
12.5167 663
12.5333 663
12.55 663
12.5667 663
12.5833 663
12.6 663
12.6167 663
12.6333 662
12.65 662
12.6667 662
12.6833 662
12.7 662
12.7167 661
12.7333 661
12.75 661
12.7667 661
12.7833 660
12.8 660
12.8167 660
12.8333 659
12.85 659
12.8667 658
12.8833 658
12.9 657
12.9167 657
12.9333 657
12.95 656
12.9667 656
12.9833 655
13.0 654
13.0167 654
13.0333 653
13.05 653
13.0667 652
13.0833 651
13.1 651
13.1167 650
13.1333 649
13.15 649
13.1667 648
13.1833 647
13.2 646
13.2167 645
13.2333 645
13.25 644
13.2667 643
13.2833 642
13.3 641
13.3167 640
13.3333 639
13.35 638
13.3667 637
13.3833 636
13.4 635
13.4167 634
13.4333 633
13.45 632
13.4667 631
13.4833 630
13.5 629
13.5167 628
13.5333 627
13.55 625
13.5667 624
13.5833 623
13.6 622
13.6167 620
13.6333 619
13.65 618
13.6667 617
13.6833 615
13.7 614
13.7167 613
13.7333 611
13.75 610
13.7667 608
13.7833 607
13.8 606
13.8167 604
13.8333 603
13.85 601
13.8667 600
13.8833 598
13.9 597
13.9167 595
13.9333 593
13.95 592
13.9667 590
13.9833 588
14.0 587
14.0167 585
14.0333 583
14.05 582
14.0667 580
14.0833 578
14.1 577
14.1167 575
14.1333 573
14.15 571
14.1667 569
14.1833 568
14.2 566
14.2167 564
14.2333 562
14.25 560
14.2667 558
14.2833 556
14.3 554
14.3167 552
14.3333 550
14.35 548
14.3667 546
14.3833 544
14.4 542
14.4167 540
14.4333 538
14.45 536
14.4667 534
14.4833 532
14.5 529
14.5167 527
14.5333 525
14.55 523
14.5667 521
14.5833 519
14.6 516
14.6167 514
14.6333 512
14.65 509
14.6667 507
14.6833 505
14.7 503
14.7167 500
14.7333 498
14.75 496
14.7667 493
14.7833 491
14.8 488
14.8167 486
14.8333 483
14.85 481
14.8667 479
14.8833 476
14.9 474
14.9167 471
14.9333 469
14.95 466
14.9667 463
14.9833 461
15.0 458
15.0167 455
15.0333 453
15.05 450
15.0667 448
15.0833 445
15.1 442
15.1167 440
15.1333 437
15.15 434
15.1667 432
15.1833 429
15.2 426
15.2167 423
15.2333 421
15.25 418
15.2667 415
15.2833 412
15.3 410
15.3167 407
15.3333 404
15.35 401
15.3667 398
15.3833 396
15.4 393
15.4167 390
15.4333 387
15.45 384
15.4667 381
15.4833 378
15.5 375
15.5167 372
15.5333 369
15.55 366
15.5667 364
15.5833 361
15.6 358
15.6167 355
15.6333 352
15.65 349
15.6667 346
15.6833 343
15.7 340
15.7167 337
15.7333 334
15.75 330
15.7667 327
15.7833 324
15.8 321
15.8167 318
15.8333 315
15.85 312
15.8667 309
15.8833 306
15.9 303
15.9167 300
15.9333 296
15.95 293
15.9667 290
15.9833 287
