9.0 481
9.0167 486
9.0333 489
9.05 493
9.0667 496
9.0833 499
9.1 503
9.1167 506
9.1333 510
9.15 513
9.1667 517
9.1833 520
9.2 524
9.2167 527
9.2333 530
9.25 534
9.2667 537
9.2833 541
9.3 544
9.3167 547
9.3333 551
9.35 554
9.3667 557
9.3833 561
9.4 564
9.4167 567
9.4333 571
9.45 574
9.4667 577
9.4833 580
9.5 584
9.5167 587
9.5333 590
9.55 593
9.5667 597
9.5833 600
9.6 603
9.6167 606
9.6333 609
9.65 612
9.6667 616
9.6833 619
9.7 622
9.7167 625
9.7333 628
9.75 631
9.7667 634
9.7833 637
9.8 640
9.8167 643
9.8333 646
9.85 649
9.8667 652
9.8833 655
9.9 658
9.9167 661
9.9333 664
9.95 667
9.9667 670
9.9833 673
10.0 676
10.0167 679
10.0333 681
10.05 684
10.0667 687
10.0833 690
10.1 693
10.1167 696
10.1333 698
10.15 701
10.1667 704
10.1833 707
10.2 709
10.2167 712
10.2333 715
10.25 717
10.2667 720
10.2833 723
10.3 725
10.3167 728
10.3333 730
10.35 733
10.3667 736
10.3833 738
10.4 741
10.4167 743
10.4333 746
10.45 748
10.4667 751
10.4833 753
10.5 756
10.5167 758
10.5333 760
10.55 763
10.5667 765
10.5833 768
10.6 770
10.6167 772
10.6333 775
10.65 777
10.6667 779
10.6833 781
10.7 784
10.7167 786
10.7333 788
10.75 790
10.7667 792
10.7833 795
10.8 797
10.8167 799
10.8333 801
10.85 803
10.8667 805
10.8833 807
10.9 809
10.9167 811
10.9333 813
10.95 815
10.9667 817
10.9833 819
11.0 821
11.0167 823
11.0333 825
11.05 827
11.0667 829
11.0833 831
11.1 833
11.1167 834
11.1333 836
11.15 838
11.1667 840
11.1833 841
11.2 843
11.2167 845
11.2333 847
11.25 848
11.2667 850
11.2833 852
11.3 853
11.3167 855
11.3333 856
11.35 858
11.3667 860
11.3833 861
11.4 863
11.4167 864
11.4333 866
11.45 867
11.4667 868
11.4833 870
11.5 871
11.5167 873
11.5333 874
11.55 875
11.5667 877
11.5833 878
11.6 879
11.6167 881
11.6333 882
11.65 883
11.6667 884
11.6833 885
11.7 887
11.7167 888
11.7333 889
11.75 890
11.7667 891
11.7833 892
11.8 893
11.8167 894
11.8333 895
11.85 896
11.8667 897
11.8833 898
11.9 899
11.9167 900
11.9333 901
11.95 902
11.9667 903
11.9833 904
12.0 904
12.0167 905
12.0333 906
12.05 907
12.0667 908
12.0833 908
12.1 909
12.1167 910
12.1333 910
12.15 911
12.1667 912
12.1833 912
12.2 913
12.2167 913
12.2333 914
12.25 915
12.2667 915
12.2833 916
12.3 916
12.3167 916
12.3333 917
12.35 917
12.3667 918
12.3833 918
12.4 918
12.4167 919
12.4333 919
12.45 919
12.4667 920
12.4833 920
12.5 920
12.5167 920
12.5333 921
12.55 921
12.5667 921
12.5833 921
12.6 921
12.6167 921
12.6333 921
12.65 921
12.6667 921
12.6833 921
12.7 921
12.7167 921
12.7333 921
12.75 921
12.7667 921
12.7833 921
12.8 921
12.8167 921
12.8333 921
12.85 920
12.8667 920
12.8833 920
12.9 920
12.9167 920
12.9333 919
12.95 919
12.9667 919
12.9833 918
13.0 918
13.0167 918
13.0333 917
13.05 917
13.0667 916
13.0833 916
13.1 915
13.1167 915
13.1333 914
13.15 914
13.1667 913
13.1833 913
13.2 912
13.2167 911
13.2333 911
13.25 910
13.2667 909
13.2833 909
13.3 908
13.3167 907
13.3333 906
13.35 906
13.3667 905
13.3833 904
13.4 903
13.4167 902
13.4333 902
13.45 901
13.4667 900
13.4833 899
13.5 898
13.5167 897
13.5333 896
13.55 895
13.5667 894
13.5833 893
13.6 892
13.6167 891
13.6333 890
13.65 888
13.6667 887
13.6833 886
13.7 885
13.7167 884
13.7333 882
13.75 881
13.7667 880
13.7833 879
13.8 877
13.8167 876
13.8333 875
13.85 873
13.8667 872
13.8833 871
13.9 869
13.9167 868
13.9333 866
13.95 865
13.9667 863
13.9833 862
14.0 860
14.0167 859
14.0333 857
14.05 856
14.0667 854
14.0833 852
14.1 851
14.1167 849
14.1333 848
14.15 846
14.1667 844
14.1833 842
14.2 841
14.2167 839
14.2333 837
14.25 835
14.2667 834
14.2833 832
14.3 830
14.3167 828
14.3333 826
14.35 824
14.3667 822
14.3833 820
14.4 818
14.4167 816
14.4333 814
14.45 812
14.4667 810
14.4833 808
14.5 806
14.5167 804
14.5333 802
14.55 800
14.5667 798
14.5833 796
14.6 794
14.6167 791
14.6333 789
14.65 787
14.6667 785
14.6833 783
14.7 780
14.7167 778
14.7333 776
14.75 774
14.7667 771
14.7833 769
14.8 766
14.8167 764
14.8333 762
14.85 759
14.8667 757
14.8833 754
14.9 752
14.9167 750
14.9333 747
14.95 745
14.9667 742
14.9833 740
15.0 737
15.0167 735
15.0333 732
15.05 730
15.0667 727
15.0833 724
15.1 722
15.1167 719
15.1333 716
15.15 714
15.1667 711
15.1833 708
15.2 706
15.2167 703
15.2333 700
15.25 697
15.2667 695
15.2833 692
15.3 689
15.3167 686
15.3333 683
15.35 680
15.3667 678
15.3833 675
15.4 672
15.4167 669
15.4333 666
15.45 663
15.4667 660
15.4833 657
15.5 654
15.5167 651
15.5333 648
15.55 645
15.5667 642
15.5833 639
15.6 636
15.6167 633
15.6333 630
15.65 627
15.6667 624
15.6833 621
15.7 618
15.7167 614
15.7333 611
15.75 608
15.7667 605
15.7833 602
15.8 599
15.8167 595
15.8333 592
15.85 589
15.8667 586
15.8833 583
15.9 579
15.9167 576
15.9333 573
15.95 569
15.9667 566
15.9833 563
