9.0 475
9.0167 478
9.0333 481
9.05 485
9.0667 488
9.0833 491
9.1 495
9.1167 498
9.1333 501
9.15 505
9.1667 508
9.1833 512
9.2 515
9.2167 518
9.2333 522
9.25 525
9.2667 528
9.2833 531
9.3 535
9.3167 538
9.3333 541
9.35 545
9.3667 548
9.3833 551
9.4 554
9.4167 558
9.4333 561
9.45 564
9.4667 567
9.4833 570
9.5 573
9.5167 577
9.5333 580
9.55 583
9.5667 586
9.5833 589
9.6 592
9.6167 595
9.6333 599
9.65 602
9.6667 605
9.6833 608
9.7 611
9.7167 614
9.7333 617
9.75 620
9.7667 623
9.7833 626
9.8 629
9.8167 632
9.8333 635
9.85 638
9.8667 641
9.8833 644
9.9 646
9.9167 649
9.9333 652
9.95 655
9.9667 658
9.9833 661
10.0 664
10.0167 667
10.0333 669
10.05 672
10.0667 675
10.0833 678
10.1 680
10.1167 683
10.1333 686
10.15 689
10.1667 691
10.1833 694
10.2 697
10.2167 699
10.2333 702
10.25 705
10.2667 707
10.2833 710
10.3 712
10.3167 715
10.3333 718
10.35 720
10.3667 723
10.3833 725
10.4 728
10.4167 730
10.4333 733
10.45 735
10.4667 738
10.4833 740
10.5 742
10.5167 745
10.5333 747
10.55 750
10.5667 752
10.5833 754
10.6 757
10.6167 759
10.6333 761
10.65 763
10.6667 766
10.6833 768
10.7 770
10.7167 772
10.7333 775
10.75 777
10.7667 779
10.7833 781
10.8 783
10.8167 785
10.8333 787
10.85 790
10.8667 792
10.8833 794
10.9 796
10.9167 798
10.9333 800
10.95 802
10.9667 804
10.9833 806
11.0 808
11.0167 810
11.0333 811
11.05 813
11.0667 815
11.0833 817
11.1 819
11.1167 821
11.1333 823
11.15 824
11.1667 826
11.1833 828
11.2 830
11.2167 831
11.2333 833
11.25 835
11.2667 836
11.2833 838
11.3 840
11.3167 841
11.3333 843
11.35 844
11.3667 846
11.3833 848
11.4 849
11.4167 851
11.4333 852
11.45 854
11.4667 855
11.4833 857
11.5 858
11.5167 859
11.5333 861
11.55 862
11.5667 863
11.5833 865
11.6 866
11.6167 867
11.6333 869
11.65 870
11.6667 871
11.6833 872
11.7 874
11.7167 875
11.7333 876
11.75 877
11.7667 878
11.7833 879
11.8 880
11.8167 882
11.8333 883
11.85 884
11.8667 885
11.8833 886
11.9 887
11.9167 888
11.9333 889
11.95 889
11.9667 890
11.9833 891
12.0 892
12.0167 893
12.0333 894
12.05 895
12.0667 895
12.0833 896
12.1 897
12.1167 898
12.1333 898
12.15 899
12.1667 900
12.1833 900
12.2 901
12.2167 902
12.2333 902
12.25 903
12.2667 903
12.2833 904
12.3 905
12.3167 905
12.3333 906
12.35 906
12.3667 906
12.3833 907
12.4 907
12.4167 908
12.4333 908
12.45 908
12.4667 909
12.4833 909
12.5 909
12.5167 910
12.5333 910
12.55 910
12.5667 910
12.5833 911
12.6 911
12.6167 911
12.6333 911
12.65 911
12.6667 911
12.6833 911
12.7 912
12.7167 912
12.7333 912
12.75 912
12.7667 912
12.7833 912
12.8 912
12.8167 911
12.8333 911
12.85 911
12.8667 911
12.8833 911
12.9 911
12.9167 911
12.9333 910
12.95 910
12.9667 910
12.9833 910
13.0 909
13.0167 909
13.0333 909
13.05 909
13.0667 908
13.0833 908
13.1 907
13.1167 907
13.1333 907
13.15 906
13.1667 906
13.1833 905
13.2 905
13.2167 904
13.2333 904
13.25 903
13.2667 902
13.2833 902
13.3 901
13.3167 901
13.3333 900
13.35 899
13.3667 899
13.3833 898
13.4 897
13.4167 896
13.4333 896
13.45 895
13.4667 894
13.4833 893
13.5 892
13.5167 891
13.5333 890
13.55 890
13.5667 889
13.5833 888
13.6 887
13.6167 886
13.6333 885
13.65 884
13.6667 883
13.6833 882
13.7 881
13.7167 879
13.7333 878
13.75 877
13.7667 876
13.7833 875
13.8 874
13.8167 873
13.8333 871
13.85 870
13.8667 869
13.8833 868
13.9 866
13.9167 865
13.9333 864
13.95 862
13.9667 861
13.9833 860
14.0 858
14.0167 857
14.0333 855
14.05 854
14.0667 852
14.0833 851
14.1 849
14.1167 848
14.1333 846
14.15 845
14.1667 843
14.1833 842
14.2 840
14.2167 838
14.2333 837
14.25 835
14.2667 833
14.2833 832
14.3 830
14.3167 828
14.3333 826
14.35 825
14.3667 823
14.3833 821
14.4 819
14.4167 817
14.4333 816
14.45 814
14.4667 812
14.4833 810
14.5 808
14.5167 806
14.5333 804
14.55 802
14.5667 800
14.5833 798
14.6 796
14.6167 794
14.6333 792
14.65 790
14.6667 788
14.6833 786
14.7 784
14.7167 781
14.7333 779
14.75 777
14.7667 775
14.7833 773
14.8 771
14.8167 768
14.8333 766
14.85 764
14.8667 761
14.8833 759
14.9 757
14.9167 755
14.9333 752
14.95 750
14.9667 748
14.9833 745
15.0 742
15.0167 740
15.0333 737
15.05 735
15.0667 733
15.0833 730
15.1 728
15.1167 725
15.1333 723
15.15 720
15.1667 717
15.1833 715
15.2 712
15.2167 710
15.2333 707
15.25 704
15.2667 702
15.2833 699
15.3 697
15.3167 694
15.3333 691
15.35 688
15.3667 686
15.3833 683
15.4 680
15.4167 678
15.4333 675
15.45 672
15.4667 669
15.4833 666
15.5 664
15.5167 661
15.5333 658
15.55 655
15.5667 652
15.5833 649
15.6 646
15.6167 643
15.6333 641
15.65 638
15.6667 635
15.6833 632
15.7 629
15.7167 626
15.7333 623
15.75 620
15.7667 617
15.7833 614
15.8 611
15.8167 608
15.8333 605
15.85 602
15.8667 598
15.8833 595
15.9 592
15.9167 589
15.9333 586
15.95 583
15.9667 580
15.9833 577
