9.0 290
9.0167 292
9.0333 295
9.05 298
9.0667 302
9.0833 305
9.1 308
9.1167 311
9.1333 314
9.15 317
9.1667 320
9.1833 324
9.2 327
9.2167 330
9.2333 333
9.25 336
9.2667 339
9.2833 342
9.3 345
9.3167 348
9.3333 351
9.35 354
9.3667 357
9.3833 360
9.4 363
9.4167 366
9.4333 369
9.45 372
9.4667 375
9.4833 378
9.5 381
9.5167 384
9.5333 387
9.55 390
9.5667 393
9.5833 396
9.6 399
9.6167 402
9.6333 405
9.65 408
9.6667 410
9.6833 413
9.7 416
9.7167 419
9.7333 422
9.75 425
9.7667 427
9.7833 430
9.8 433
9.8167 436
9.8333 438
9.85 441
9.8667 444
9.8833 446
9.9 449
9.9167 452
9.9333 454
9.95 457
9.9667 460
9.9833 462
10.0 465
10.0167 468
10.0333 470
10.05 473
10.0667 475
10.0833 478
10.1 480
10.1167 483
10.1333 485
10.15 488
10.1667 490
10.1833 493
10.2 495
10.2167 498
10.2333 500
10.25 503
10.2667 505
10.2833 507
10.3 510
10.3167 512
10.3333 514
10.35 517
10.3667 519
10.3833 521
10.4 524
10.4167 526
10.4333 528
10.45 530
10.4667 532
10.4833 535
10.5 537
10.5167 539
10.5333 541
10.55 543
10.5667 545
10.5833 547
10.6 550
10.6167 552
10.6333 554
10.65 556
10.6667 558
10.6833 560
10.7 562
10.7167 564
10.7333 566
10.75 568
10.7667 570
10.7833 571
10.8 573
10.8167 575
10.8333 577
10.85 579
10.8667 581
10.8833 583
10.9 584
10.9167 586
10.9333 588
10.95 590
10.9667 591
10.9833 593
11.0 595
11.0167 596
11.0333 598
11.05 600
11.0667 601
11.0833 603
11.1 604
11.1167 606
11.1333 608
11.15 609
11.1667 611
11.1833 612
11.2 614
11.2167 615
11.2333 616
11.25 618
11.2667 619
11.2833 621
11.3 622
11.3167 623
11.3333 625
11.35 626
11.3667 627
11.3833 629
11.4 630
11.4167 631
11.4333 632
11.45 634
11.4667 635
11.4833 636
11.5 637
11.5167 638
11.5333 639
11.55 640
11.5667 642
11.5833 643
11.6 644
11.6167 645
11.6333 646
11.65 647
11.6667 648
11.6833 649
11.7 650
11.7167 650
11.7333 651
11.75 652
11.7667 653
11.7833 654
11.8 655
11.8167 656
11.8333 656
11.85 657
11.8667 658
11.8833 659
11.9 659
11.9167 660
11.9333 661
11.95 661
11.9667 662
11.9833 662
12.0 663
12.0167 664
12.0333 664
12.05 665
12.0667 665
12.0833 666
12.1 666
12.1167 667
12.1333 667
12.15 668
12.1667 668
12.1833 668
12.2 669
12.2167 669
12.2333 669
12.25 670
12.2667 670
12.2833 670
12.3 670
12.3167 671
12.3333 671
12.35 671
12.3667 671
12.3833 671
12.4 672
12.4167 672
12.4333 672
12.45 672
12.4667 672
12.4833 672
12.5 672
12.5167 672
12.5333 672
12.55 672
12.5667 672
12.5833 672
12.6 672
12.6167 671
12.6333 671
12.65 671
12.6667 671
12.6833 671
12.7 671
12.7167 670
12.7333 670
12.75 670
12.7667 670
12.7833 669
12.8 669
12.8167 669
12.8333 668
12.85 668
12.8667 667
12.8833 667
12.9 667
12.9167 666
12.9333 666
12.95 665
12.9667 665
12.9833 664
13.0 663
13.0167 663
13.0333 662
13.05 662
13.0667 661
13.0833 660
13.1 660
13.1167 659
13.1333 658
13.15 658
13.1667 657
13.1833 656
13.2 655
13.2167 654
13.2333 654
13.25 653
13.2667 652
13.2833 651
13.3 650
13.3167 649
13.3333 648
13.35 647
13.3667 646
13.3833 645
13.4 644
13.4167 643
13.4333 642
13.45 641
13.4667 640
13.4833 639
13.5 638
13.5167 637
13.5333 636
13.55 634
13.5667 633
13.5833 632
13.6 631
13.6167 630
13.6333 628
13.65 627
13.6667 626
13.6833 624
13.7 623
13.7167 622
13.7333 620
13.75 619
13.7667 618
13.7833 616
13.8 615
13.8167 613
13.8333 612
13.85 610
13.8667 609
13.8833 607
13.9 606
13.9167 604
13.9333 602
13.95 601
13.9667 599
13.9833 598
14.0 596
14.0167 594
14.0333 593
14.05 591
14.0667 589
14.0833 587
14.1 586
14.1167 584
14.1333 582
14.15 580
14.1667 578
14.1833 577
14.2 575
14.2167 573
14.2333 571
14.25 569
14.2667 567
14.2833 565
14.3 563
14.3167 561
14.3333 559
14.35 557
14.3667 555
14.3833 553
14.4 551
14.4167 549
14.4333 547
14.45 545
14.4667 543
14.4833 541
14.5 538
14.5167 536
14.5333 534
14.55 532
14.5667 530
14.5833 527
14.6 525
14.6167 523
14.6333 521
14.65 518
14.6667 516
14.6833 514
14.7 511
14.7167 509
14.7333 507
14.75 504
14.7667 502
14.7833 500
14.8 497
14.8167 495
14.8333 492
14.85 490
14.8667 487
14.8833 485
14.9 482
14.9167 480
14.9333 477
14.95 475
14.9667 472
14.9833 470
15.0 467
15.0167 464
15.0333 462
15.05 459
15.0667 456
15.0833 454
15.1 451
15.1167 448
15.1333 446
15.15 443
15.1667 440
15.1833 437
15.2 435
15.2167 432
15.2333 429
15.25 426
15.2667 424
15.2833 421
15.3 418
15.3167 415
15.3333 412
15.35 410
15.3667 407
15.3833 404
15.4 401
15.4167 398
15.4333 395
15.45 392
15.4667 389
15.4833 386
15.5 383
15.5167 380
15.5333 378
15.55 375
15.5667 372
15.5833 369
15.6 366
15.6167 363
15.6333 360
15.65 357
15.6667 353
15.6833 350
15.7 347
15.7167 344
15.7333 341
15.75 338
15.7667 335
15.7833 332
15.8 329
15.8167 326
15.8333 323
15.85 320
15.8667 316
15.8833 313
15.9 310
15.9167 307
15.9333 304
15.95 301
15.9667 298
15.9833 294
