0.5 1.00000004749745
1.5 1.00000004749745
2.5 1.00000004749745
3.5 1.00000004749745
4.5 1.00000004749745
5.5 1.00000004749745
6.5 45.0000017881393
7.5 184.000000357628
8.5 451.00000500679
9.5 324.999988079071
10.5 82.9999968409538
11.5 344.00001168251
12.5 133.000001311302
13.5 26.0000005364418
14.5 78.0000016093254
15.5 122.000001370907
16.5 101.000003516674
17.5 175.999999046326
18.5 37.0000004768372
19.5 7.00000021606684
20.5 1.00000004749745
21.5 1.00000004749745
22.5 1.00000004749745
23.5 1.00000004749745
