0.5 1.00000004749745
1.5 1.00000004749745
2.5 1.00000004749745
3.5 1.00000004749745
4.5 1.00000004749745
5.5 2.0000000949949
6.5 52.0000010728836
7.5 245.000004768372
8.5 465.999990701675
9.5 697.000026702881
10.5 870.999991893768
11.5 1001.0000467300399
12.5 1057.99996852875
13.5 1036.00001335144
14.5 953.000009059906
15.5 820.999979972839
16.5 609.000027179718
17.5 284.000009298325
18.5 41.9999994337559
19.5 10.9999999403954
20.5 1.00000004749745
21.5 1.00000004749745
22.5 1.00000004749745
23.5 1.00000004749745
