0.5 4.0000001899898106
1.5 4.0000001899898106
2.5 4.0000001899898106
3.5 4.0000001899898106
4.5 4.0000001899898106
5.5 4.0000001899898106
6.5 23.0000000447035
7.5 135.000005364418
8.5 246.999993920326
9.5 393.00000667572
10.5 680.999994277954
11.5 763.000011444092
12.5 908.999979496002
13.5 822.000026702881
14.5 615.99999666214
15.5 637.000024318695
16.5 476.99999809265097
17.5 216.999992728233
18.5 72.9999989271164
19.5 23.0000000447035
20.5 4.0000001899898106
21.5 4.0000001899898106
22.5 4.0000001899898106
23.5 4.0000001899898106
