0.5 4.0000001899898106
1.5 4.0000001899898106
2.5 6.00000005215406
3.5 4.0000001899898106
4.5 4.99999988824129
5.5 4.99999988824129
6.5 12.0000001043081
7.5 71.9999969005585
8.5 148.000001907349
9.5 270.999997854233
10.5 340.999990701675
11.5 810.000002384186
12.5 875.999987125397
13.5 163.000002503395
14.5 92.0000001788139
15.5 98.9999994635582
16.5 146.999999880791
17.5 81.00000023841861
18.5 18.9999993890524
19.5 4.0000001899898106
20.5 4.99999988824129
21.5 4.99999988824129
22.5 4.0000001899898106
23.5 4.0000001899898106
