0.5 4.000000189989805
1.5 4.000000189989805
2.5 4.000000189989805
3.5 4.000000189989805
4.5 4.000000189989805
5.5 3.000000026077032
6.5 4.000000189989805
7.5 39.000000804662704
8.5 164.000004529953
9.5 244.00000274181366
10.5 453.99999618530273
11.5 492.000013589859
12.5 764.9999856948853
13.5 670.0000166893005
14.5 384.0000033378601
15.5 312.00000643730164
16.5 164.000004529953
17.5 79.99999821186066
18.5 14.000000432133675
19.5 4.999999888241291
20.5 4.000000189989805
21.5 4.000000189989805
22.5 4.000000189989805
23.5 3.000000026077032
