0.5 4.000000189989805
1.5 6.000000052154064
2.5 4.999999888241291
3.5 4.000000189989805
4.5 4.999999888241291
5.5 6.000000052154064
6.5 6.000000052154064
7.5 45.00000178813934
8.5 136.99999451637268
9.5 214.00000154972076
10.5 354.99998927116394
11.5 569.9999928474426
12.5 736.0000014305115
13.5 778.9999842643738
14.5 625.0
15.5 335.999995470047
16.5 129.99999523162842
17.5 41.00000113248825
18.5 8.999999612569809
19.5 4.999999888241291
20.5 6.000000052154064
21.5 6.000000052154064
22.5 6.000000052154064
23.5 6.000000052154064
