0.5 3.000000026077032
1.5 3.000000026077032
2.5 3.000000026077032
3.5 3.000000026077032
4.5 3.000000026077032
5.5 3.000000026077032
6.5 4.000000189989805
7.5 54.999999701976776
8.5 187.00000643730164
9.5 435.0000023841858
10.5 634.0000033378601
11.5 754.0000081062317
12.5 818.0000185966492
13.5 776.0000228881836
14.5 717.9999947547913
15.5 488.99999260902405
16.5 52.000001072883606
17.5 28.00000086426735
18.5 4.999999888241291
19.5 3.000000026077032
20.5 3.000000026077032
21.5 3.000000026077032
22.5 4.999999888241291
23.5 6.000000052154064
