0.5 6.000000052154064
1.5 6.000000052154064
2.5 4.000000189989805
3.5 4.999999888241291
4.5 4.999999888241291
5.5 4.000000189989805
6.5 4.000000189989805
7.5 21.99999988079071
8.5 83.99999886751175
9.5 126.00000202655792
10.5 114.00000005960464
11.5 104.99999672174454
12.5 127.00000405311584
13.5 35.999998450279236
14.5 37.00000047683716
15.5 70.00000029802322
16.5 61.99999898672104
17.5 59.00000035762787
18.5 7.000000216066837
19.5 4.000000189989805
20.5 4.000000189989805
21.5 4.000000189989805
22.5 4.000000189989805
23.5 6.000000052154064
