0.5 3.00000002607703
1.5 4.0000001899898106
2.5 4.0000001899898106
3.5 4.0000001899898106
4.5 4.0000001899898106
5.5 4.99999988824129
6.5 4.99999988824129
7.5 13.0000002682209
8.5 71.9999969005585
9.5 266.999989748001
10.5 375.0
11.5 544.000029563904
12.5 419.999986886978
13.5 700.999975204468
14.5 623.000025749207
15.5 280.99998831749
16.5 46.9999983906746
17.5 23.0000000447035
18.5 4.0000001899898106
19.5 4.0000001899898106
20.5 3.00000002607703
21.5 3.00000002607703
22.5 4.0000001899898106
23.5 4.0000001899898106
