0.5 4.0000001899898106
1.5 4.0000001899898106
2.5 4.0000001899898106
3.5 4.0000001899898106
4.5 4.0000001899898106
5.5 4.0000001899898106
6.5 4.0000001899898106
7.5 8.99999961256981
8.5 75.0000029802322
9.5 56.0000017285347
10.5 127.00000405311602
11.5 70.0000002980232
12.5 108.000002801418
13.5 129.999995231628
14.5 65.9999996423721
15.5 18.9999993890524
16.5 10.9999999403954
17.5 8.00000037997961
18.5 4.0000001899898106
19.5 4.99999988824129
20.5 4.0000001899898106
21.5 4.0000001899898106
22.5 4.0000001899898106
23.5 4.0000001899898106
