0.5 4.0000001899898106
1.5 4.0000001899898106
2.5 4.0000001899898106
3.5 4.0000001899898106
4.5 4.0000001899898106
5.5 4.99999988824129
6.5 6.00000005215406
7.5 10.9999999403954
8.5 52.0000010728836
9.5 293.99999976158097
10.5 497.000008821487
11.5 615.000009536743
12.5 675.000011920929
13.5 643.00000667572
14.5 549.000024795532
15.5 173.99999499321
16.5 54.0000014007092
17.5 26.0000005364418
18.5 4.99999988824129
19.5 4.0000001899898106
20.5 4.0000001899898106
21.5 4.0000001899898106
22.5 4.0000001899898106
23.5 4.0000001899898106
