0.5 4.99999988824129
1.5 4.0000001899898106
2.5 4.0000001899898106
3.5 4.0000001899898106
4.5 4.0000001899898106
5.5 4.0000001899898106
6.5 6.00000005215406
7.5 8.99999961256981
8.5 28.0000008642673
9.5 97.9999974370003
10.5 158.000007271767
11.5 326.00000500679
12.5 352.999985218048
13.5 330.000013113022
14.5 492.000013589859
15.5 224.000006914139
16.5 87.9999995231628
17.5 34.000001847744
18.5 6.00000005215406
19.5 4.0000001899898106
20.5 4.0000001899898106
21.5 4.0000001899898106
22.5 4.0000001899898106
23.5 4.0000001899898106
