0.5 3.00000002607703
1.5 4.0000001899898106
2.5 4.99999988824129
3.5 4.0000001899898106
4.5 4.99999988824129
5.5 4.99999988824129
6.5 6.00000005215406
7.5 14.000000432133701
8.5 68.000003695488
9.5 333.00000429153397
10.5 524.999976158142
11.5 643.00000667572
12.5 702.000021934509
13.5 685.999989509583
14.5 611.000001430512
15.5 204.999998211861
16.5 39.9999991059303
17.5 21.9999998807907
18.5 4.99999988824129
19.5 4.99999988824129
20.5 4.99999988824129
21.5 6.00000005215406
22.5 4.99999988824129
23.5 6.00000005215406
