0.5 3.00000002607703
1.5 3.00000002607703
2.5 4.99999988824129
3.5 3.00000002607703
4.5 3.00000002607703
5.5 3.00000002607703
6.5 4.0000001899898106
7.5 8.00000037997961
8.5 63.000001013279004
9.5 244.000002741814
10.5 451.999992132187
11.5 575.999975204468
12.5 646.000027656555
13.5 634.999990463257
14.5 558.000028133392
15.5 416.99999570846603
16.5 86.9999974966049
17.5 37.0000004768372
18.5 8.99999961256981
19.5 8.99999961256981
20.5 6.00000005215406
21.5 4.0000001899898106
22.5 6.00000005215406
23.5 3.00000002607703
