0.5 4.0000001899898106
1.5 4.99999988824129
2.5 4.0000001899898106
3.5 6.00000005215406
4.5 4.99999988824129
5.5 4.99999988824129
6.5 6.00000005215406
7.5 13.0000002682209
8.5 104.99999672174499
9.5 284.999996423721
10.5 556.9999814033511
11.5 711.000025272369
12.5 799.000024795532
13.5 816.999971866608
14.5 765.999972820282
15.5 633.000016212463
16.5 293.99999976158097
17.5 43.9999997615814
18.5 19.9999995529652
19.5 6.00000005215406
20.5 6.00000005215406
21.5 4.0000001899898106
22.5 6.00000005215406
23.5 6.00000005215406
