0.5 4.0000001899898106
1.5 4.0000001899898106
2.5 4.0000001899898106
3.5 4.99999988824129
4.5 6.00000005215406
5.5 4.0000001899898106
6.5 4.99999988824129
7.5 7.00000021606684
8.5 27.0000007003546
9.5 59.9999986588955
10.5 150.000005960464
11.5 111.000001430511
12.5 78.0000016093254
13.5 94.9999988079071
14.5 79.9999982118607
15.5 61.999998986720996
16.5 34.000001847744
17.5 16.0000007599592
18.5 6.00000005215406
19.5 4.0000001899898106
20.5 4.0000001899898106
21.5 4.0000001899898106
22.5 4.0000001899898106
23.5 4.99999988824129
