0.5 6.00000005215406
1.5 6.00000005215406
2.5 6.00000005215406
3.5 6.00000005215406
4.5 6.00000005215406
5.5 6.00000005215406
6.5 7.00000021606684
7.5 14.9999996647239
8.5 29.9999993294477
9.5 59.9999986588955
10.5 137.999996542931
11.5 513.000011444092
12.5 702.000021934509
13.5 669.000029563904
14.5 486.999988555908
15.5 319.999992847443
16.5 363.999992609024
17.5 107.00000077486
18.5 21.9999998807907
19.5 6.00000005215406
20.5 6.00000005215406
21.5 6.00000005215406
22.5 6.00000005215406
23.5 6.00000005215406
