0.5 4.000000189989805
1.5 4.999999888241291
2.5 4.000000189989805
3.5 4.999999888241291
4.5 6.000000052154064
5.5 6.000000052154064
6.5 10.999999940395355
7.5 118.00000071525574
8.5 319.9999928474426
9.5 474.0000069141388
10.5 404.00001406669617
11.5 717.0000076293945
12.5 778.9999842643738
13.5 931.9999814033508
14.5 865.0000095367432
15.5 694.0000057220459
16.5 388.9999985694885
17.5 68.9999982714653
18.5 24.000000208616257
19.5 4.000000189989805
20.5 4.000000189989805
21.5 4.000000189989805
22.5 4.000000189989805
23.5 4.000000189989805
