0.5 6.000000052154064
1.5 4.000000189989805
2.5 4.000000189989805
3.5 4.000000189989805
4.5 4.000000189989805
5.5 4.000000189989805
6.5 4.000000189989805
7.5 17.999999225139618
8.5 150.00000596046448
9.5 377.00000405311584
10.5 615.9999966621399
11.5 261.9999945163727
12.5 941.9999718666077
13.5 1018.0000066757202
14.5 1008.9999437332153
15.5 911.0000133514404
16.5 750.9999871253967
17.5 435.9999895095825
18.5 122.00000137090683
19.5 21.99999988079071
20.5 4.000000189989805
21.5 4.000000189989805
22.5 4.000000189989805
23.5 4.000000189989805
