0.5 4.000000189989805
1.5 4.000000189989805
2.5 4.000000189989805
3.5 4.000000189989805
4.5 4.000000189989805
5.5 4.000000189989805
6.5 4.000000189989805
7.5 10.999999940395355
8.5 52.000001072883606
9.5 103.00000011920929
10.5 144.99999582767487
11.5 167.9999977350235
12.5 277.99999713897705
13.5 458.0000042915344
14.5 210.999995470047
15.5 119.99999731779099
16.5 180.00000715255737
17.5 119.00000274181366
18.5 90.00000357627869
19.5 37.00000047683716
20.5 6.000000052154064
21.5 4.999999888241291
22.5 6.000000052154064
23.5 4.000000189989805
