0.5 6.00000005215406
1.5 6.00000005215406
2.5 6.00000005215406
3.5 6.00000005215406
4.5 6.00000005215406
5.5 6.00000005215406
6.5 6.00000005215406
7.5 16.0000007599592
8.5 52.9999993741512
9.5 324.000000953674
10.5 685.999989509583
11.5 758.000016212463
12.5 774.999976158142
13.5 944.999992847443
14.5 994.000017642975
15.5 903.999984264374
16.5 736.999988555908
17.5 483.000010251999
18.5 168.999999761581
19.5 41.9999994337559
20.5 6.00000005215406
21.5 4.99999988824129
22.5 4.99999988824129
23.5 4.99999988824129
