0.5 6.00000005215406
1.5 6.00000005215406
2.5 6.00000005215406
3.5 4.99999988824129
4.5 6.00000005215406
5.5 6.00000005215406
6.5 4.99999988824129
7.5 61.0000006854534
8.5 216.999992728233
9.5 460.999995470047
10.5 677.999973297119
11.5 841.000020503998
12.5 964.999973773956
13.5 1021.0000276565601
14.5 1003.99994850159
15.5 925.000011920929
16.5 776.000022888184
17.5 573.000013828278
18.5 210.999995470047
19.5 39.9999991059303
20.5 7.00000021606684
21.5 4.0000001899898106
22.5 4.0000001899898106
23.5 4.0000001899898106
