0.5 6.00000005215406
1.5 6.00000005215406
2.5 6.00000005215406
3.5 6.00000005215406
4.5 6.00000005215406
5.5 6.00000005215406
6.5 7.00000021606684
7.5 64.9999976158142
8.5 248.999997973442
9.5 488.999992609024
10.5 672.999978065491
11.5 813.000023365021
12.5 920.000016689301
13.5 799.000024795532
14.5 796.000003814697
15.5 488.000005483627
16.5 469.00001168251
17.5 268.999993801117
18.5 188.999995589256
19.5 64.9999976158142
20.5 10.9999999403954
21.5 6.00000005215406
22.5 6.00000005215406
23.5 6.00000005215406
