0.5 7.000000216066837
1.5 7.000000216066837
2.5 7.000000216066837
3.5 7.000000216066837
4.5 7.000000216066837
5.5 7.000000216066837
6.5 8.00000037997961
7.5 64.99999761581421
8.5 259.0000033378601
9.5 437.99999356269836
10.5 698.0000138282776
11.5 853.9999723434448
12.5 972.9999899864197
13.5 1031.000018119812
14.5 1016.0000324249268
15.5 940.9999847412109
16.5 654.9999713897705
17.5 609.000027179718
18.5 229.0000021457672
19.5 52.000001072883606
20.5 14.999999664723873
21.5 7.000000216066837
22.5 7.000000216066837
23.5 7.000000216066837
