0.5 6.000000052154064
1.5 6.000000052154064
2.5 6.000000052154064
3.5 6.000000052154064
4.5 6.000000052154064
5.5 6.000000052154064
6.5 6.000000052154064
7.5 28.00000086426735
8.5 82.0000022649765
9.5 240.9999966621399
10.5 597.9999899864197
11.5 810.9999895095825
12.5 957.0000171661377
13.5 912.0000004768372
14.5 907.9999923706055
15.5 856.000006198883
16.5 587.9999995231628
17.5 344.9999988079071
18.5 261.9999945163727
19.5 68.9999982714653
20.5 14.999999664723873
21.5 6.000000052154064
22.5 6.000000052154064
23.5 6.000000052154064
