0.5 6.00000005215406
1.5 6.00000005215406
2.5 6.00000005215406
3.5 6.00000005215406
4.5 6.00000005215406
5.5 6.00000005215406
6.5 6.00000005215406
7.5 17.000000923872
8.5 138.999998569489
9.5 195.999994874001
10.5 533.999979496002
11.5 726.999998092651
12.5 893.00000667572
13.5 964.999973773956
14.5 963.99998664856
15.5 839.999973773956
16.5 404.000014066696
17.5 296.999990940094
18.5 211.999997496605
19.5 41.0000011324883
20.5 8.99999961256981
21.5 6.00000005215406
22.5 6.00000005215406
23.5 6.00000005215406
