0.5 4.0000001899898106
1.5 4.99999988824129
2.5 4.99999988824129
3.5 3.00000002607703
4.5 3.00000002607703
5.5 3.00000002607703
6.5 3.00000002607703
7.5 4.99999988824129
8.5 85.0000008940697
9.5 241.999998688698
10.5 580.999970436096
11.5 629.999995231628
12.5 785.000026226044
13.5 804.000020027161
14.5 767.000019550324
15.5 654.999971389771
16.5 351.00001096725504
17.5 57.0000000298023
18.5 27.0000007003546
19.5 4.0000001899898106
20.5 3.00000002607703
21.5 3.00000002607703
22.5 3.00000002607703
23.5 4.0000001899898106
