0.5 6.000000052154064
1.5 6.000000052154064
2.5 6.000000052154064
3.5 6.000000052154064
4.5 6.000000052154064
5.5 6.000000052154064
6.5 6.000000052154064
7.5 7.000000216066837
8.5 21.99999988079071
9.5 111.00000143051147
10.5 54.999999701976776
11.5 112.99999803304672
12.5 164.000004529953
13.5 150.9999930858612
14.5 93.99999678134918
15.5 52.99999937415123
16.5 37.99999877810478
17.5 16.00000075995922
18.5 8.00000037997961
19.5 6.000000052154064
20.5 6.000000052154064
21.5 6.000000052154064
22.5 6.000000052154064
23.5 6.000000052154064
