0.5 6.00000005215406
1.5 6.00000005215406
2.5 6.00000005215406
3.5 6.00000005215406
4.5 6.00000005215406
5.5 6.00000005215406
6.5 6.00000005215406
7.5 6.00000005215406
8.5 30.999999493360498
9.5 156.00000321865102
10.5 398.99998903274496
11.5 568.0000185966489
12.5 640.999972820282
13.5 0.0
14.5 0.0
15.5 528.999984264374
16.5 200.00000298023198
17.5 64.9999976158142
18.5 21.9999998807907
19.5 6.00000005215406
20.5 6.00000005215406
21.5 6.00000005215406
22.5 6.00000005215406
23.5 6.00000005215406
