0.5 6.000000052154064
1.5 6.000000052154064
2.5 6.000000052154064
3.5 6.000000052154064
4.5 6.000000052154064
5.5 6.000000052154064
6.5 6.000000052154064
7.5 7.000000216066837
8.5 23.000000044703484
9.5 101.00000351667404
10.5 193.00000369548798
11.5 259.99999046325684
12.5 572.0000267028809
13.5 621.999979019165
14.5 648.9999890327454
15.5 521.0000276565552
16.5 231.99999332427979
17.5 89.00000154972076
18.5 32.00000151991844
19.5 6.000000052154064
20.5 6.000000052154064
21.5 6.000000052154064
22.5 6.000000052154064
23.5 6.000000052154064
