0.5 6.000000052154064
1.5 6.000000052154064
2.5 6.000000052154064
3.5 6.000000052154064
4.5 6.000000052154064
5.5 6.000000052154064
6.5 6.000000052154064
7.5 7.000000216066837
8.5 59.99999865889549
9.5 195.99999487400055
10.5 455.00001311302185
11.5 619.0000176429749
12.5 709.9999785423279
13.5 739.0000224113464
14.5 686.9999766349792
15.5 586.0000252723694
16.5 222.00000286102295
17.5 56.0000017285347
18.5 24.000000208616257
19.5 6.000000052154064
20.5 6.000000052154064
21.5 6.000000052154064
22.5 6.000000052154064
23.5 6.000000052154064
