0.5 4.999999888241291
1.5 4.999999888241291
2.5 4.999999888241291
3.5 6.000000052154064
4.5 6.000000052154064
5.5 4.999999888241291
6.5 4.999999888241291
7.5 4.999999888241291
8.5 16.00000075995922
9.5 54.00000140070915
10.5 250.99998712539673
11.5 421.999990940094
12.5 615.0000095367432
13.5 605.0000190734863
14.5 545.0000166893005
15.5 372.0000088214874
16.5 202.9999941587448
17.5 71.99999690055847
18.5 23.000000044703484
19.5 4.999999888241291
20.5 4.999999888241291
21.5 4.999999888241291
22.5 4.999999888241291
23.5 4.999999888241291
