0.5 6.000000052154064
1.5 6.000000052154064
2.5 4.999999888241291
3.5 6.000000052154064
4.5 6.000000052154064
5.5 6.000000052154064
6.5 4.999999888241291
7.5 6.000000052154064
8.5 14.000000432133675
9.5 59.00000035762787
10.5 237.0000034570694
11.5 465.0000035762787
12.5 574.999988079071
13.5 663.9999747276306
14.5 657.0000052452087
15.5 577.0000219345093
16.5 217.99999475479126
17.5 54.999999701976776
18.5 39.000000804662704
19.5 6.000000052154064
20.5 6.000000052154064
21.5 6.000000052154064
22.5 6.000000052154064
23.5 6.000000052154064
