0.5 0.0
1.5 6.00000005215406
2.5 6.00000005215406
3.5 6.00000005215406
4.5 6.00000005215406
5.5 6.00000005215406
6.5 6.00000005215406
7.5 6.00000005215406
8.5 7.00000021606684
9.5 17.9999992251396
10.5 57.9999983310699
11.5 90.999998152256
12.5 94.9999988079071
13.5 79.0000036358833
14.5 72.9999989271164
15.5 61.0000006854534
16.5 37.9999987781048
17.5 21.9999998807907
18.5 10.9999999403954
19.5 6.00000005215406
20.5 6.00000005215406
21.5 6.00000005215406
22.5 6.00000005215406
23.5 6.00000005215406
