0.5 6.00000005215406
1.5 6.00000005215406
2.5 6.00000005215406
3.5 6.00000005215406
4.5 6.00000005215406
5.5 6.00000005215406
6.5 6.00000005215406
7.5 6.00000005215406
8.5 17.000000923872
9.5 98.9999994635582
10.5 172.999992966652
11.5 186.000004410744
12.5 194.999992847443
13.5 523.000001907349
14.5 708.999991416931
15.5 619.000017642975
16.5 561.999976634979
17.5 234.999999403954
18.5 57.9999983310699
19.5 14.9999996647239
20.5 6.00000005215406
21.5 6.00000005215406
22.5 6.00000005215406
23.5 6.00000005215406
