0.5 6.00000005215406
1.5 7.00000021606684
2.5 7.00000021606684
3.5 7.00000021606684
4.5 6.00000005215406
5.5 7.00000021606684
6.5 6.00000005215406
7.5 6.00000005215406
8.5 48.9999987185001
9.5 217.999994754791
10.5 289.000004529953
11.5 569.999992847443
12.5 768.00000667572
13.5 833.000004291534
14.5 833.000004291534
15.5 754.000008106232
16.5 597.99998998642
17.5 280.99998831749
18.5 59.000000357627904
19.5 19.9999995529652
20.5 7.00000021606684
21.5 7.00000021606684
22.5 7.00000021606684
23.5 7.00000021606684
