0.5 4.999999888241291
1.5 4.999999888241291
2.5 4.999999888241291
3.5 4.999999888241291
4.5 4.999999888241291
5.5 4.999999888241291
6.5 4.999999888241291
7.5 24.000000208616257
8.5 90.99999815225601
9.5 287.00000047683716
10.5 317.9999887943268
11.5 256.99999928474426
12.5 270.00001072883606
13.5 409.0000092983246
14.5 326.9999921321869
15.5 303.0000030994415
16.5 266.00000262260437
17.5 216.0000056028366
18.5 114.00000005960464
19.5 64.99999761581421
20.5 13.000000268220901
21.5 4.999999888241291
22.5 4.999999888241291
23.5 4.999999888241291
