0.5 2.0000000949949026
1.5 2.0000000949949026
2.5 2.0000000949949026
3.5 2.0000000949949026
4.5 2.0000000949949026
5.5 2.0000000949949026
6.5 3.000000026077032
7.5 52.99999937415123
8.5 222.00000286102295
9.5 444.9999928474426
10.5 642.0000195503235
11.5 811.9999766349792
12.5 921.999990940094
13.5 985.0000143051147
14.5 976.9999980926514
15.5 735.0000143051147
16.5 217.99999475479126
17.5 430.0000071525574
18.5 291.00000858306885
19.5 52.000001072883606
20.5 7.000000216066837
21.5 3.000000026077032
22.5 3.000000026077032
23.5 3.000000026077032
