0.5 4.99999988824129
1.5 4.99999988824129
2.5 4.99999988824129
3.5 4.99999988824129
4.5 4.99999988824129
5.5 4.99999988824129
6.5 7.00000021606684
7.5 50.0000007450581
8.5 90.999998152256
9.5 140.000000596046
10.5 500.99998712539696
11.5 728.999972343445
12.5 902.000010013581
13.5 962.999999523163
14.5 875.0
15.5 767.000019550324
16.5 444.999992847443
17.5 601.999998092651
18.5 250.999987125397
19.5 54.0000014007092
20.5 12.0000001043081
21.5 4.99999988824129
22.5 4.99999988824129
23.5 4.99999988824129
