0.5 0.0
1.5 4.99999988824129
2.5 4.99999988824129
3.5 4.99999988824129
4.5 4.99999988824129
5.5 4.99999988824129
6.5 6.00000005215406
7.5 46.9999983906746
8.5 136.000007390976
9.5 386.999994516373
10.5 589.999973773956
11.5 730.000019073486
12.5 795.000016689301
13.5 839.999973773956
14.5 862.999975681305
15.5 852.999985218048
16.5 708.999991416931
17.5 518.00000667572
18.5 244.000002741814
19.5 59.000000357627904
20.5 10.9999999403954
21.5 4.99999988824129
22.5 4.99999988824129
23.5 4.99999988824129
