0.5 4.99999988824129
1.5 4.99999988824129
2.5 4.99999988824129
3.5 4.99999988824129
4.5 4.99999988824129
5.5 4.99999988824129
6.5 6.00000005215406
7.5 68.000003695488
8.5 234.999999403954
9.5 448.000013828278
10.5 666.000008583069
11.5 836.000025272369
12.5 978.999972343445
13.5 597.99998998642
14.5 386.999994516373
15.5 226.999998092651
16.5 335.00000834465
17.5 400.999993085861
18.5 216.999992728233
19.5 59.9999986588955
20.5 12.0000001043081
21.5 4.99999988824129
22.5 4.99999988824129
23.5 4.99999988824129
