0.5 4.999999888241291
1.5 4.999999888241291
2.5 4.999999888241291
3.5 4.999999888241291
4.5 4.999999888241291
5.5 4.999999888241291
6.5 4.999999888241291
7.5 23.000000044703484
8.5 103.00000011920929
9.5 335.999995470047
10.5 584.9999785423279
11.5 794.0000295639038
12.5 924.0000247955322
13.5 986.9999885559082
14.5 990.9999966621399
15.5 921.0000038146973
16.5 786.0000133514404
17.5 603.9999723434448
18.5 294.99998688697815
19.5 45.00000178813934
20.5 9.999999776482582
21.5 4.999999888241291
22.5 4.999999888241291
23.5 4.999999888241291
