0.5 4.0000001899898106
1.5 3.00000002607703
2.5 4.0000001899898106
3.5 4.0000001899898106
4.5 3.00000002607703
5.5 4.0000001899898106
6.5 4.0000001899898106
7.5 45.0000017881393
8.5 203.99999618530302
9.5 398.99998903274496
10.5 351.99999809265097
11.5 755.999982357025
12.5 958.000004291534
13.5 971.000015735626
14.5 861.999988555908
15.5 828.000009059906
16.5 615.99999666214
17.5 333.00000429153397
18.5 178.000003099442
19.5 83.9999988675118
20.5 4.99999988824129
21.5 4.0000001899898106
22.5 3.00000002607703
23.5 3.00000002607703
