0.5 2.0000000949949026
1.5 2.0000000949949026
2.5 3.000000026077032
3.5 3.000000026077032
4.5 3.000000026077032
5.5 3.000000026077032
6.5 3.000000026077032
7.5 35.999998450279236
8.5 128.9999932050705
9.5 248.99999797344208
10.5 568.0000185966492
11.5 736.9999885559082
12.5 904.9999713897705
13.5 957.0000171661377
14.5 981.9999933242798
15.5 662.9999876022339
16.5 495.0000047683716
17.5 460.00000834465027
18.5 305.0000071525574
19.5 63.00000101327896
20.5 13.000000268220901
21.5 2.0000000949949026
22.5 3.000000026077032
23.5 3.000000026077032
