0.5 2.0000000949949026
1.5 2.0000000949949026
2.5 2.0000000949949026
3.5 2.0000000949949026
4.5 2.0000000949949026
5.5 2.0000000949949026
6.5 2.0000000949949026
7.5 28.999999165534973
8.5 159.9999964237213
9.5 308.9999854564667
10.5 601.9999980926514
11.5 783.9999794960022
12.5 861.0000014305115
13.5 994.0000176429749
14.5 479.0000021457672
15.5 367.000013589859
16.5 367.000013589859
17.5 367.000013589859
18.5 367.000013589859
19.5 367.000013589859
20.5 367.000013589859
21.5 367.000013589859
22.5 367.000013589859
23.5 367.000013589859
