0.5 2.0000000949949
1.5 2.0000000949949
2.5 2.0000000949949
3.5 2.0000000949949
4.5 2.0000000949949
5.5 2.0000000949949
6.5 2.0000000949949
7.5 35.9999984502792
8.5 150.000005960464
9.5 395.000010728836
10.5 550.000011920929
11.5 739.000022411346
12.5 876.999974250793
13.5 952.000021934509
14.5 949.000000953674
15.5 815.999984741211
16.5 323.000013828278
17.5 555.999994277954
18.5 252.00000405311602
19.5 54.9999997019768
20.5 8.00000037997961
21.5 2.0000000949949
22.5 2.0000000949949
23.5 2.0000000949949
