0.5 4.99999988824129
1.5 4.99999988824129
2.5 4.99999988824129
3.5 4.99999988824129
4.5 4.99999988824129
5.5 4.99999988824129
6.5 4.99999988824129
7.5 25.000000372528998
8.5 135.000005364418
9.5 363.999992609024
10.5 609.000027179718
11.5 769.999980926514
12.5 899.999976158142
13.5 963.99998664856
14.5 982.999980449677
15.5 939.999997615814
16.5 573.000013828278
17.5 582.000017166138
18.5 160.999998450279
19.5 34.000001847744
20.5 6.00000005215406
21.5 4.99999988824129
22.5 4.99999988824129
23.5 4.99999988824129
