0.5 2.0000000949949026
1.5 2.0000000949949026
2.5 2.0000000949949026
3.5 2.0000000949949026
4.5 2.0000000949949026
5.5 2.0000000949949026
6.5 2.0000000949949026
7.5 7.000000216066837
8.5 43.0000014603138
9.5 136.00000739097595
10.5 158.00000727176666
11.5 189.9999976158142
12.5 593.999981880188
13.5 456.0000002384186
14.5 264.99998569488525
15.5 437.99999356269836
16.5 744.0000176429749
17.5 535.0000262260437
18.5 231.00000619888306
19.5 54.999999701976776
20.5 4.999999888241291
21.5 2.0000000949949026
22.5 2.0000000949949026
23.5 2.0000000949949026
