0.5 2.0000000949949026
1.5 2.0000000949949026
2.5 2.0000000949949026
3.5 2.0000000949949026
4.5 2.0000000949949026
5.5 2.0000000949949026
6.5 2.0000000949949026
7.5 37.99999877810478
8.5 194.0000057220459
9.5 407.00000524520874
10.5 620.0000047683716
11.5 782.0000052452087
12.5 945.9999799728394
13.5 933.0000281333923
14.5 943.0000185966492
15.5 912.9999876022339
16.5 769.9999809265137
17.5 568.0000185966492
18.5 254.0000081062317
19.5 48.00000041723251
20.5 6.000000052154064
21.5 2.0000000949949026
22.5 2.0000000949949026
23.5 2.0000000949949026
