0.5 4.999999888241291
1.5 4.999999888241291
2.5 4.999999888241291
3.5 4.999999888241291
4.5 4.999999888241291
5.5 4.999999888241291
6.5 4.999999888241291
7.5 9.999999776482582
8.5 50.999999046325684
9.5 130.99999725818634
10.5 231.99999332427979
11.5 363.0000054836273
12.5 284.9999964237213
13.5 648.0000019073486
14.5 338.99998664855957
15.5 416.00000858306885
16.5 286.00001335144043
17.5 174.99999701976776
18.5 82.0000022649765
19.5 16.00000075995922
20.5 4.999999888241291
21.5 4.999999888241291
22.5 4.999999888241291
23.5 4.999999888241291
