0.5 4.99999988824129
1.5 4.99999988824129
2.5 4.99999988824129
3.5 4.99999988824129
4.5 4.99999988824129
5.5 4.99999988824129
6.5 4.99999988824129
7.5 9.99999977648258
8.5 50.0000007450581
9.5 129.999995231628
10.5 266.000002622604
11.5 493.999987840652
12.5 662.999987602234
13.5 825.999975204468
14.5 802.999973297119
15.5 620.999991893768
16.5 340.999990701675
17.5 202.999994158745
18.5 35.0000001490116
19.5 7.00000021606684
20.5 4.99999988824129
21.5 4.99999988824129
22.5 4.99999988824129
23.5 4.99999988824129
