0.5 4.999999888241291
1.5 4.999999888241291
2.5 4.999999888241291
3.5 4.999999888241291
4.5 4.999999888241291
5.5 4.999999888241291
6.5 4.999999888241291
7.5 10.999999940395355
8.5 59.99999865889549
9.5 112.0000034570694
10.5 185.0000023841858
11.5 347.9999899864197
12.5 584.9999785423279
13.5 647.0000147819519
14.5 446.9999969005585
15.5 737.9999756813049
16.5 640.999972820282
17.5 157.00000524520874
18.5 45.00000178813934
19.5 8.999999612569809
20.5 4.999999888241291
21.5 4.999999888241291
22.5 4.999999888241291
23.5 4.999999888241291
