0.5 4.999999888241291
1.5 4.999999888241291
2.5 4.999999888241291
3.5 4.999999888241291
4.5 4.999999888241291
5.5 4.999999888241291
6.5 4.999999888241291
7.5 8.00000037997961
8.5 57.999998331069946
9.5 83.99999886751175
10.5 188.9999955892563
11.5 261.00000739097595
12.5 375.0
13.5 409.0000092983246
14.5 524.9999761581421
15.5 303.99999022483826
16.5 393.99999380111694
17.5 100.00000149011612
18.5 48.99999871850014
19.5 8.00000037997961
20.5 4.999999888241291
21.5 4.999999888241291
22.5 4.999999888241291
23.5 4.999999888241291
