0.5 2.0000000949949
1.5 2.0000000949949
2.5 2.0000000949949
3.5 2.0000000949949
4.5 2.0000000949949
5.5 2.0000000949949
6.5 2.0000000949949
7.5 2.0000000949949
8.5 4.0000001899898106
9.5 12.0000001043081
10.5 25.000000372528998
11.5 43.9999997615814
12.5 52.9999993741512
13.5 52.9999993741512
14.5 57.9999983310699
15.5 46.9999983906746
16.5 39.9999991059303
17.5 19.9999995529652
18.5 6.00000005215406
19.5 2.0000000949949
20.5 2.0000000949949
21.5 2.0000000949949
22.5 2.0000000949949
23.5 2.0000000949949
