0.5 2.0000000949949
1.5 2.0000000949949
2.5 2.0000000949949
3.5 2.0000000949949
4.5 2.0000000949949
5.5 2.0000000949949
6.5 2.0000000949949
7.5 2.0000000949949
8.5 14.9999996647239
9.5 46.9999983906746
10.5 368.000000715256
11.5 537.000000476837
12.5 643.9999938011171
13.5 679.000020027161
14.5 640.999972820282
15.5 523.999989032745
16.5 112.999998033047
17.5 39.0000008046627
18.5 16.0000007599592
19.5 2.0000000949949
20.5 2.0000000949949
21.5 2.0000000949949
22.5 2.0000000949949
23.5 2.0000000949949
