0.5 4.999999888241291
1.5 4.999999888241291
2.5 4.999999888241291
3.5 4.999999888241291
4.5 4.999999888241291
5.5 4.999999888241291
6.5 4.999999888241291
7.5 4.999999888241291
8.5 7.000000216066837
9.5 17.000000923871994
10.5 18.99999938905239
11.5 52.000001072883606
12.5 67.00000166893005
13.5 131.99999928474426
14.5 81.00000023841858
15.5 123.99999797344208
16.5 165.99999368190765
17.5 54.999999701976776
18.5 12.000000104308128
19.5 6.000000052154064
20.5 4.999999888241291
21.5 4.999999888241291
22.5 4.999999888241291
23.5 4.999999888241291
