0.5 4.999999888241291
1.5 4.999999888241291
2.5 4.999999888241291
3.5 4.999999888241291
4.5 4.999999888241291
5.5 4.999999888241291
6.5 4.999999888241291
7.5 4.999999888241291
8.5 7.000000216066837
9.5 28.00000086426735
10.5 68.00000369548798
11.5 114.00000005960464
12.5 104.99999672174454
13.5 112.0000034570694
14.5 90.00000357627869
15.5 108.99999737739563
16.5 104.99999672174454
17.5 26.000000536441803
18.5 14.000000432133675
19.5 6.000000052154064
20.5 4.999999888241291
21.5 4.999999888241291
22.5 4.999999888241291
23.5 4.999999888241291
