0.5 4.999999888241291
1.5 4.999999888241291
2.5 4.999999888241291
3.5 4.999999888241291
4.5 4.999999888241291
5.5 6.000000052154064
6.5 4.999999888241291
7.5 4.999999888241291
8.5 9.999999776482582
9.5 39.000000804662704
10.5 92.00000017881393
11.5 228.0000001192093
12.5 184.00000035762787
13.5 173.99999499320984
14.5 226.99999809265137
15.5 120.99999934434891
16.5 59.99999865889549
17.5 39.000000804662704
18.5 14.000000432133675
19.5 6.000000052154064
20.5 4.999999888241291
21.5 4.999999888241291
22.5 4.999999888241291
23.5 4.999999888241291
