0.5 4.999999888241291
1.5 4.999999888241291
2.5 4.999999888241291
3.5 4.999999888241291
4.5 4.999999888241291
5.5 4.999999888241291
6.5 4.999999888241291
7.5 4.999999888241291
8.5 9.999999776482582
9.5 52.99999937415123
10.5 133.00000131130219
11.5 164.000004529953
12.5 200.00000298023224
13.5 218.99999678134918
14.5 335.999995470047
15.5 505.99998235702515
16.5 400.9999930858612
17.5 172.0000058412552
18.5 82.99999684095383
19.5 9.999999776482582
20.5 4.999999888241291
21.5 4.999999888241291
22.5 4.999999888241291
23.5 4.999999888241291
