0.5 6.000000052154064
1.5 6.000000052154064
2.5 4.999999888241291
3.5 6.000000052154064
4.5 4.999999888241291
5.5 6.000000052154064
6.5 4.999999888241291
7.5 12.000000104308128
8.5 115.00000208616257
9.5 298.99999499320984
10.5 425.9999990463257
11.5 287.00000047683716
12.5 801.9999861717224
13.5 865.9999966621399
14.5 818.0000185966492
15.5 492.000013589859
16.5 224.0000069141388
17.5 43.0000014603138
18.5 50.00000074505806
19.5 14.999999664723873
20.5 6.000000052154064
21.5 6.000000052154064
22.5 6.000000052154064
23.5 6.000000052154064
