0.5 4.999999888241291
1.5 4.999999888241291
2.5 4.999999888241291
3.5 4.999999888241291
4.5 4.999999888241291
5.5 4.999999888241291
6.5 4.999999888241291
7.5 6.000000052154064
8.5 39.99999910593033
9.5 151.99999511241913
10.5 430.0000071525574
11.5 256.00001215934753
12.5 758.0000162124634
13.5 819.9999928474426
14.5 818.0000185966492
15.5 750.9999871253967
16.5 634.0000033378601
17.5 261.00000739097595
18.5 104.99999672174454
19.5 32.999999821186066
20.5 4.999999888241291
21.5 4.999999888241291
22.5 4.999999888241291
23.5 4.999999888241291
