0.5 6.000000052154064
1.5 6.000000052154064
2.5 6.000000052154064
3.5 6.000000052154064
4.5 6.000000052154064
5.5 6.000000052154064
6.5 6.000000052154064
7.5 6.000000052154064
8.5 9.999999776482582
9.5 27.000000700354576
10.5 89.00000154972076
11.5 128.9999932050705
12.5 96.00000083446503
13.5 56.0000017285347
14.5 156.00000321865082
15.5 82.0000022649765
16.5 52.99999937415123
17.5 82.0000022649765
18.5 43.99999976158142
19.5 12.000000104308128
20.5 6.000000052154064
21.5 6.000000052154064
22.5 6.000000052154064
23.5 6.000000052154064
