0.5 6.000000052154064
1.5 6.000000052154064
2.5 6.000000052154064
3.5 6.000000052154064
4.5 6.000000052154064
5.5 6.000000052154064
6.5 6.000000052154064
7.5 8.00000037997961
8.5 68.9999982714653
9.5 254.99999523162842
10.5 374.00001287460327
11.5 365.9999966621399
12.5 472.00000286102295
13.5 293.9999997615814
14.5 437.99999356269836
15.5 699.999988079071
16.5 564.0000104904175
17.5 152.99999713897705
18.5 83.99999886751175
19.5 17.999999225139618
20.5 6.000000052154064
21.5 6.000000052154064
22.5 6.000000052154064
23.5 6.000000052154064
