0.5 7.000000216066837
1.5 7.000000216066837
2.5 7.000000216066837
3.5 6.000000052154064
4.5 7.000000216066837
5.5 7.000000216066837
6.5 7.000000216066837
7.5 43.0000014603138
8.5 192.00000166893005
9.5 395.00001072883606
10.5 564.0000104904175
11.5 699.0000009536743
12.5 810.0000023841858
13.5 885.9999775886536
14.5 879.0000081062317
15.5 819.9999928474426
16.5 705.9999704360962
17.5 509.99999046325684
18.5 172.0000058412552
19.5 32.00000151991844
20.5 8.00000037997961
21.5 7.000000216066837
22.5 7.000000216066837
23.5 7.000000216066837
