0.5 6.000000052154064
1.5 6.000000052154064
2.5 6.000000052154064
3.5 6.000000052154064
4.5 6.000000052154064
5.5 6.000000052154064
6.5 7.000000216066837
7.5 32.00000151991844
8.5 64.00000303983688
9.5 120.99999934434891
10.5 270.9999978542328
11.5 465.9999907016754
12.5 449.99998807907104
13.5 611.9999885559082
14.5 846.0000157356262
15.5 181.99999630451202
16.5 140.00000059604645
17.5 128.00000607967377
18.5 128.9999932050705
19.5 52.000001072883606
20.5 8.999999612569809
21.5 6.000000052154064
22.5 6.000000052154064
23.5 6.000000052154064
