0.5 7.000000216066837
1.5 6.000000052154064
2.5 6.000000052154064
3.5 6.000000052154064
4.5 6.000000052154064
5.5 6.000000052154064
6.5 7.000000216066837
7.5 18.99999938905239
8.5 39.99999910593033
9.5 50.00000074505806
10.5 181.99999630451202
11.5 375.99998712539673
12.5 670.0000166893005
13.5 229.0000021457672
14.5 57.999998331069946
15.5 153.99999916553497
16.5 123.99999797344208
17.5 61.000000685453415
18.5 101.99999809265137
19.5 57.00000002980232
20.5 13.000000268220901
21.5 7.000000216066837
22.5 6.000000052154064
23.5 7.000000216066837
