0.5 0.0
1.5 6.000000052154064
2.5 6.000000052154064
3.5 7.000000216066837
4.5 6.000000052154064
5.5 6.000000052154064
6.5 6.000000052154064
7.5 41.00000113248825
8.5 125.0
9.5 372.99999594688416
10.5 598.9999771118164
11.5 745.9999918937683
12.5 856.9999933242798
13.5 904.9999713897705
14.5 903.9999842643738
15.5 814.0000104904175
16.5 634.0000033378601
17.5 446.00000977516174
18.5 165.99999368190765
19.5 52.000001072883606
20.5 8.999999612569809
21.5 7.000000216066837
22.5 7.000000216066837
23.5 7.000000216066837
