0.5 6.000000052154064
1.5 6.000000052154064
2.5 7.000000216066837
3.5 7.000000216066837
4.5 7.000000216066837
5.5 7.000000216066837
6.5 7.000000216066837
7.5 10.999999940395355
8.5 64.00000303983688
9.5 120.99999934434891
10.5 203.99999618530273
11.5 254.99999523162842
12.5 246.0000067949295
13.5 393.99999380111694
14.5 574.0000009536743
15.5 736.9999885559082
16.5 550.000011920929
17.5 437.00000643730164
18.5 186.0000044107437
19.5 45.00000178813934
20.5 8.999999612569809
21.5 7.000000216066837
22.5 7.000000216066837
23.5 7.000000216066837
