0.5 6.000000052154064
1.5 6.000000052154064
2.5 6.000000052154064
3.5 6.000000052154064
4.5 6.000000052154064
5.5 6.000000052154064
6.5 6.000000052154064
7.5 27.000000700354576
8.5 57.00000002980232
9.5 119.99999731779099
10.5 356.9999933242798
11.5 717.9999947547913
12.5 728.9999723434448
13.5 694.9999928474426
14.5 865.0000095367432
15.5 768.999993801117
16.5 465.0000035762787
17.5 68.00000369548798
18.5 30.99999949336052
19.5 17.000000923871994
20.5 8.00000037997961
21.5 6.000000052154064
22.5 6.000000052154064
23.5 6.000000052154064
