0.5 7.000000216066837
1.5 7.000000216066837
2.5 7.000000216066837
3.5 7.000000216066837
4.5 7.000000216066837
5.5 7.000000216066837
6.5 9.999999776482582
7.5 54.00000140070915
8.5 226.99999809265137
9.5 470.99998593330383
10.5 597.000002861023
11.5 665.0000214576721
12.5 805.0000071525574
13.5 888.0000114440918
14.5 978.9999723434448
15.5 898.0000019073486
16.5 497.0000088214874
17.5 574.999988079071
18.5 48.00000041723251
19.5 17.000000923871994
20.5 8.999999612569809
21.5 7.000000216066837
22.5 7.000000216066837
23.5 7.000000216066837
