0.5 6.000000052154064
1.5 7.000000216066837
2.5 7.000000216066837
3.5 7.000000216066837
4.5 7.000000216066837
5.5 7.000000216066837
6.5 8.00000037997961
7.5 61.000000685453415
8.5 236.00000143051147
9.5 444.9999928474426
10.5 634.0000033378601
11.5 790.0000214576721
12.5 904.9999713897705
13.5 958.9999914169312
14.5 950.9999752044678
15.5 861.9999885559082
16.5 728.9999723434448
17.5 527.999997138977
18.5 224.99999403953552
19.5 50.00000074505806
20.5 14.000000432133675
21.5 7.000000216066837
22.5 7.000000216066837
23.5 7.000000216066837
