0.5 6.000000052154064
1.5 6.000000052154064
2.5 6.000000052154064
3.5 6.000000052154064
4.5 6.000000052154064
5.5 6.000000052154064
6.5 6.000000052154064
7.5 17.000000923871994
8.5 52.000001072883606
9.5 90.00000357627869
10.5 298.0000078678131
11.5 586.0000252723694
12.5 483.0000102519989
13.5 588.9999866485596
14.5 669.0000295639038
15.5 820.9999799728394
16.5 629.0000081062317
17.5 448.0000138282776
18.5 247.99999594688416
19.5 54.999999701976776
20.5 13.000000268220901
21.5 6.000000052154064
22.5 6.000000052154064
23.5 6.000000052154064
