0.5 1.0000000474974513
1.5 1.0000000474974513
2.5 1.0000000474974513
3.5 1.0000000474974513
4.5 1.0000000474974513
5.5 1.0000000474974513
6.5 2.0000000949949026
7.5 34.00000184774399
8.5 108.0000028014183
9.5 319.0000057220459
10.5 465.9999907016754
11.5 693.0000185966492
12.5 866.9999837875366
13.5 935.0000023841858
14.5 931.9999814033508
15.5 597.9999899864197
16.5 123.00000339746475
17.5 164.000004529953
18.5 148.00000190734863
19.5 67.00000166893005
20.5 8.999999612569809
21.5 1.0000000474974513
22.5 1.0000000474974513
23.5 1.0000000474974513
