0.5 1.0000000474974513
1.5 1.0000000474974513
2.5 1.0000000474974513
3.5 1.0000000474974513
4.5 1.0000000474974513
5.5 1.0000000474974513
6.5 1.0000000474974513
7.5 35.999998450279236
8.5 184.00000035762787
9.5 389.99998569488525
10.5 587.9999995231628
11.5 753.000020980835
12.5 884.0000033378601
13.5 962.9999995231628
14.5 862.9999756813049
15.5 935.9999895095825
16.5 407.99999237060547
17.5 497.99999594688416
18.5 275.0000059604645
19.5 46.99999839067459
20.5 7.000000216066837
21.5 2.0000000949949026
22.5 2.0000000949949026
23.5 2.0000000949949026
