0.5 6.000000052154064
1.5 6.000000052154064
2.5 6.000000052154064
3.5 6.000000052154064
4.5 6.000000052154064
5.5 6.000000052154064
6.5 6.000000052154064
7.5 28.999999165534973
8.5 134.0000033378601
9.5 312.99999356269836
10.5 504.0000081062317
11.5 773.0000019073486
12.5 870.9999918937683
13.5 940.9999847412109
14.5 921.999990940094
15.5 739.0000224113464
16.5 499.00001287460327
17.5 510.99997758865356
18.5 196.99999690055847
19.5 46.99999839067459
20.5 6.000000052154064
21.5 6.000000052154064
22.5 6.000000052154064
23.5 6.000000052154064
