9.0 182
9.0167 185
9.0333 188
9.05 191
9.0667 193
9.0833 196
9.1 199
9.1167 202
9.1333 204
9.15 207
9.1667 210
9.1833 213
9.2 216
9.2167 218
9.2333 221
9.25 224
9.2667 227
9.2833 229
9.3 232
9.3167 235
9.3333 238
9.35 241
9.3667 243
9.3833 246
9.4 249
9.4167 252
9.4333 254
9.45 257
9.4667 260
9.4833 263
9.5 265
9.5167 268
9.5333 271
9.55 274
9.5667 276
9.5833 279
9.6 282
9.6167 285
9.6333 287
9.65 290
9.6667 293
9.6833 296
9.7 298
9.7167 301
9.7333 304
9.75 306
9.7667 309
9.7833 312
9.8 315
9.8167 317
9.8333 320
9.85 323
9.8667 325
9.8833 328
9.9 331
9.9167 333
9.9333 336
9.95 338
9.9667 341
9.9833 344
10.0 346
10.0167 349
10.0333 351
10.05 354
10.0667 357
10.0833 359
10.1 362
10.1167 364
10.1333 367
10.15 369
10.1667 372
10.1833 374
10.2 377
10.2167 379
10.2333 382
10.25 384
10.2667 387
10.2833 389
10.3 392
10.3167 394
10.3333 396
10.35 399
10.3667 401
10.3833 404
10.4 406
10.4167 408
10.4333 411
10.45 413
10.4667 415
10.4833 418
10.5 420
10.5167 422
10.5333 425
10.55 427
10.5667 429
10.5833 431
10.6 434
10.6167 436
10.6333 438
10.65 440
10.6667 442
10.6833 445
10.7 447
10.7167 449
10.7333 451
10.75 453
10.7667 455
10.7833 457
10.8 459
10.8167 461
10.8333 463
10.85 465
10.8667 467
10.8833 469
10.9 471
10.9167 473
10.9333 475
10.95 477
10.9667 479
10.9833 481
11.0 483
11.0167 485
11.0333 487
11.05 489
11.0667 491
11.0833 492
11.1 494
11.1167 496
11.1333 498
11.15 499
11.1667 501
11.1833 503
11.2 505
11.2167 506
11.2333 508
11.25 510
11.2667 511
11.2833 513
11.3 515
11.3167 516
11.3333 518
11.35 519
11.3667 521
11.3833 523
11.4 524
11.4167 526
11.4333 527
11.45 529
11.4667 530
11.4833 531
11.5 533
11.5167 534
11.5333 536
11.55 537
11.5667 538
11.5833 540
11.6 541
11.6167 542
11.6333 544
11.65 545
11.6667 546
11.6833 548
11.7 549
11.7167 550
11.7333 551
11.75 552
11.7667 553
11.7833 555
11.8 556
11.8167 557
11.8333 558
11.85 559
11.8667 560
11.8833 561
11.9 562
11.9167 563
11.9333 564
11.95 565
11.9667 566
11.9833 567
12.0 568
12.0167 569
12.0333 570
12.05 570
12.0667 571
12.0833 572
12.1 573
12.1167 574
12.1333 574
12.15 575
12.1667 576
12.1833 577
12.2 577
12.2167 578
12.2333 579
12.25 579
12.2667 580
12.2833 581
12.3 581
12.3167 582
12.3333 582
12.35 583
12.3667 583
12.3833 584
12.4 584
12.4167 585
12.4333 585
12.45 586
12.4667 586
12.4833 586
12.5 587
12.5167 587
12.5333 587
12.55 588
12.5667 588
12.5833 588
12.6 589
12.6167 589
12.6333 589
12.65 589
12.6667 589
12.6833 590
12.7 590
12.7167 590
12.7333 590
12.75 590
12.7667 590
12.7833 590
12.8 590
12.8167 590
12.8333 590
12.85 590
12.8667 590
12.8833 590
12.9 590
12.9167 590
12.9333 590
12.95 590
12.9667 590
12.9833 589
13.0 589
13.0167 589
13.0333 589
13.05 589
13.0667 588
13.0833 588
13.1 588
13.1167 587
13.1333 587
13.15 587
13.1667 586
13.1833 586
13.2 585
13.2167 585
13.2333 585
13.25 584
13.2667 584
13.2833 583
13.3 583
13.3167 582
13.3333 582
13.35 581
13.3667 580
13.3833 580
13.4 579
13.4167 578
13.4333 578
13.45 577
13.4667 576
13.4833 576
13.5 575
13.5167 574
13.5333 573
13.55 573
13.5667 572
13.5833 571
13.6 570
13.6167 569
13.6333 568
13.65 567
13.6667 567
13.6833 566
13.7 565
13.7167 564
13.7333 563
13.75 562
13.7667 561
13.7833 560
13.8 559
13.8167 557
13.8333 556
13.85 555
13.8667 554
13.8833 553
13.9 552
13.9167 551
13.9333 549
13.95 548
13.9667 547
13.9833 546
14.0 544
14.0167 543
14.0333 542
14.05 541
14.0667 539
14.0833 538
14.1 537
14.1167 535
14.1333 534
14.15 532
14.1667 531
14.1833 529
14.2 528
14.2167 526
14.2333 525
14.25 523
14.2667 522
14.2833 520
14.3 519
14.3167 517
14.3333 516
14.35 514
14.3667 512
14.3833 511
14.4 509
14.4167 507
14.4333 506
14.45 504
14.4667 502
14.4833 501
14.5 499
14.5167 497
14.5333 495
14.55 493
14.5667 492
14.5833 490
14.6 488
14.6167 486
14.6333 484
14.65 482
14.6667 480
14.6833 478
14.7 476
14.7167 475
14.7333 473
14.75 471
14.7667 469
14.7833 467
14.8 465
14.8167 463
14.8333 460
14.85 458
14.8667 456
14.8833 454
14.9 452
14.9167 450
14.9333 448
14.95 446
14.9667 444
14.9833 441
15.0 440
15.0167 438
15.0333 436
15.05 433
15.0667 431
15.0833 429
15.1 427
15.1167 424
15.1333 422
15.15 420
15.1667 417
15.1833 415
15.2 413
15.2167 410
15.2333 408
15.25 406
15.2667 403
15.2833 401
15.3 399
15.3167 396
15.3333 394
15.35 391
15.3667 389
15.3833 386
15.4 384
15.4167 382
15.4333 379
15.45 377
15.4667 374
15.4833 372
15.5 369
15.5167 366
15.5333 364
15.55 361
15.5667 359
15.5833 356
15.6 354
15.6167 351
15.6333 349
15.65 346
15.6667 343
15.6833 341
15.7 338
15.7167 335
15.7333 333
15.75 330
15.7667 328
15.7833 325
15.8 322
15.8167 320
15.8333 317
15.85 314
15.8667 311
15.8833 309
15.9 306
15.9167 303
15.9333 301
15.95 298
15.9667 295
15.9833 292
