9.0 393
9.0167 397
9.0333 401
9.05 404
9.0667 407
9.0833 411
9.1 414
9.1167 418
9.1333 421
9.15 424
9.1667 428
9.1833 431
9.2 435
9.2167 438
9.2333 441
9.25 445
9.2667 448
9.2833 451
9.3 455
9.3167 458
9.3333 461
9.35 465
9.3667 468
9.3833 471
9.4 475
9.4167 478
9.4333 481
9.45 485
9.4667 488
9.4833 491
9.5 494
9.5167 498
9.5333 501
9.55 504
9.5667 507
9.5833 510
9.6 514
9.6167 517
9.6333 520
9.65 523
9.6667 526
9.6833 529
9.7 533
9.7167 536
9.7333 539
9.75 542
9.7667 545
9.7833 548
9.8 551
9.8167 554
9.8333 557
9.85 560
9.8667 563
9.8833 566
9.9 569
9.9167 572
9.9333 575
9.95 578
9.9667 581
9.9833 584
10.0 587
10.0167 590
10.0333 593
10.05 596
10.0667 599
10.0833 602
10.1 604
10.1167 607
10.1333 610
10.15 613
10.1667 616
10.1833 619
10.2 621
10.2167 624
10.2333 627
10.25 630
10.2667 632
10.2833 635
10.3 638
10.3167 640
10.3333 643
10.35 646
10.3667 648
10.3833 651
10.4 654
10.4167 656
10.4333 659
10.45 661
10.4667 664
10.4833 666
10.5 669
10.5167 671
10.5333 674
10.55 676
10.5667 679
10.5833 681
10.6 684
10.6167 686
10.6333 688
10.65 691
10.6667 693
10.6833 696
10.7 698
10.7167 700
10.7333 702
10.75 705
10.7667 707
10.7833 709
10.8 711
10.8167 714
10.8333 716
10.85 718
10.8667 720
10.8833 722
10.9 725
10.9167 727
10.9333 729
10.95 731
10.9667 733
10.9833 735
11.0 737
11.0167 739
11.0333 741
11.05 743
11.0667 745
11.0833 747
11.1 749
11.1167 751
11.1333 753
11.15 754
11.1667 756
11.1833 758
11.2 760
11.2167 762
11.2333 764
11.25 765
11.2667 767
11.2833 769
11.3 771
11.3167 772
11.3333 774
11.35 776
11.3667 777
11.3833 779
11.4 780
11.4167 782
11.4333 784
11.45 785
11.4667 787
11.4833 788
11.5 790
11.5167 791
11.5333 793
11.55 794
11.5667 796
11.5833 797
11.6 798
11.6167 800
11.6333 801
11.65 802
11.6667 804
11.6833 805
11.7 806
11.7167 807
11.7333 809
11.75 810
11.7667 811
11.7833 812
11.8 813
11.8167 815
11.8333 816
11.85 817
11.8667 818
11.8833 819
11.9 820
11.9167 821
11.9333 822
11.95 823
11.9667 824
11.9833 825
12.0 826
12.0167 827
12.0333 828
12.05 828
12.0667 829
12.0833 830
12.1 831
12.1167 832
12.1333 832
12.15 833
12.1667 834
12.1833 835
12.2 835
12.2167 836
12.2333 837
12.25 837
12.2667 838
12.2833 838
12.3 839
12.3167 840
12.3333 840
12.35 841
12.3667 841
12.3833 842
12.4 842
12.4167 842
12.4333 843
12.45 843
12.4667 844
12.4833 844
12.5 844
12.5167 845
12.5333 845
12.55 845
12.5667 845
12.5833 846
12.6 846
12.6167 846
12.6333 846
12.65 846
12.6667 846
12.6833 846
12.7 847
12.7167 847
12.7333 847
12.75 847
12.7667 847
12.7833 847
12.8 847
12.8167 847
12.8333 847
12.85 846
12.8667 846
12.8833 846
12.9 846
12.9167 846
12.9333 846
12.95 845
12.9667 845
12.9833 845
13.0 845
13.0167 844
13.0333 844
13.05 844
13.0667 843
13.0833 843
13.1 843
13.1167 842
13.1333 842
13.15 841
13.1667 841
13.1833 840
13.2 840
13.2167 839
13.2333 839
13.25 838
13.2667 838
13.2833 837
13.3 836
13.3167 836
13.3333 835
13.35 834
13.3667 834
13.3833 833
13.4 832
13.4167 831
13.4333 831
13.45 830
13.4667 829
13.4833 828
13.5 827
13.5167 826
13.5333 825
13.55 824
13.5667 823
13.5833 823
13.6 822
13.6167 821
13.6333 820
13.65 818
13.6667 817
13.6833 816
13.7 815
13.7167 814
13.7333 813
13.75 812
13.7667 811
13.7833 809
13.8 808
13.8167 807
13.8333 806
13.85 804
13.8667 803
13.8833 802
13.9 800
13.9167 799
13.9333 798
13.95 796
13.9667 795
13.9833 794
14.0 792
14.0167 791
14.0333 789
14.05 788
14.0667 786
14.0833 785
14.1 783
14.1167 781
14.1333 780
14.15 778
14.1667 777
14.1833 775
14.2 773
14.2167 772
14.2333 770
14.25 768
14.2667 766
14.2833 765
14.3 763
14.3167 761
14.3333 759
14.35 757
14.3667 756
14.3833 754
14.4 752
14.4167 750
14.4333 748
14.45 746
14.4667 744
14.4833 742
14.5 740
14.5167 738
14.5333 736
14.55 734
14.5667 732
14.5833 730
14.6 728
14.6167 726
14.6333 724
14.65 722
14.6667 719
14.6833 717
14.7 715
14.7167 713
14.7333 711
14.75 708
14.7667 706
14.7833 704
14.8 702
14.8167 699
14.8333 697
14.85 695
14.8667 692
14.8833 690
14.9 687
14.9167 685
14.9333 683
14.95 680
14.9667 678
14.9833 675
15.0 673
15.0167 671
15.0333 668
15.05 666
15.0667 663
15.0833 661
15.1 658
15.1167 656
15.1333 653
15.15 650
15.1667 648
15.1833 645
15.2 642
15.2167 640
15.2333 637
15.25 634
15.2667 632
15.2833 629
15.3 626
15.3167 623
15.3333 621
15.35 618
15.3667 615
15.3833 612
15.4 609
15.4167 607
15.4333 604
15.45 601
15.4667 598
15.4833 595
15.5 592
15.5167 589
15.5333 586
15.55 583
15.5667 581
15.5833 578
15.6 575
15.6167 572
15.6333 569
15.65 566
15.6667 563
15.6833 560
15.7 557
15.7167 553
15.7333 550
15.75 547
15.7667 544
15.7833 541
15.8 538
15.8167 535
15.8333 532
15.85 529
15.8667 525
15.8833 522
15.9 519
15.9167 516
15.9333 513
15.95 510
15.9667 506
15.9833 503
