9.0 374
9.0167 378
9.0333 382
9.05 385
9.0667 388
9.0833 392
9.1 395
9.1167 398
9.1333 402
9.15 405
9.1667 408
9.1833 412
9.2 415
9.2167 418
9.2333 422
9.25 425
9.2667 428
9.2833 432
9.3 435
9.3167 438
9.3333 441
9.35 445
9.3667 448
9.3833 451
9.4 454
9.4167 458
9.4333 461
9.45 464
9.4667 467
9.4833 471
9.5 474
9.5167 477
9.5333 480
9.55 483
9.5667 487
9.5833 490
9.6 493
9.6167 496
9.6333 499
9.65 502
9.6667 505
9.6833 508
9.7 512
9.7167 515
9.7333 518
9.75 521
9.7667 524
9.7833 527
9.8 530
9.8167 533
9.8333 536
9.85 539
9.8667 542
9.8833 545
9.9 548
9.9167 551
9.9333 554
9.95 557
9.9667 560
9.9833 563
10.0 566
10.0167 568
10.0333 571
10.05 574
10.0667 577
10.0833 580
10.1 583
10.1167 586
10.1333 588
10.15 591
10.1667 594
10.1833 597
10.2 599
10.2167 602
10.2333 605
10.25 608
10.2667 610
10.2833 613
10.3 616
10.3167 618
10.3333 621
10.35 624
10.3667 626
10.3833 629
10.4 631
10.4167 634
10.4333 637
10.45 639
10.4667 642
10.4833 644
10.5 647
10.5167 649
10.5333 652
10.55 654
10.5667 657
10.5833 659
10.6 661
10.6167 664
10.6333 666
10.65 668
10.6667 671
10.6833 673
10.7 675
10.7167 678
10.7333 680
10.75 682
10.7667 685
10.7833 687
10.8 689
10.8167 691
10.8333 693
10.85 696
10.8667 698
10.8833 700
10.9 702
10.9167 704
10.9333 706
10.95 708
10.9667 710
10.9833 712
11.0 714
11.0167 716
11.0333 718
11.05 720
11.0667 722
11.0833 724
11.1 726
11.1167 728
11.1333 730
11.15 732
11.1667 734
11.1833 736
11.2 737
11.2167 739
11.2333 741
11.25 743
11.2667 745
11.2833 746
11.3 748
11.3167 750
11.3333 751
11.35 753
11.3667 755
11.3833 756
11.4 758
11.4167 759
11.4333 761
11.45 763
11.4667 764
11.4833 766
11.5 767
11.5167 769
11.5333 770
11.55 771
11.5667 773
11.5833 774
11.6 776
11.6167 777
11.6333 778
11.65 780
11.6667 781
11.6833 782
11.7 784
11.7167 785
11.7333 786
11.75 787
11.7667 788
11.7833 790
11.8 791
11.8167 792
11.8333 793
11.85 794
11.8667 795
11.8833 796
11.9 797
11.9167 798
11.9333 799
11.95 800
11.9667 801
11.9833 802
12.0 803
12.0167 804
12.0333 805
12.05 806
12.0667 807
12.0833 808
12.1 808
12.1167 809
12.1333 810
12.15 811
12.1667 811
12.1833 812
12.2 813
12.2167 813
12.2333 814
12.25 815
12.2667 815
12.2833 816
12.3 817
12.3167 817
12.3333 818
12.35 818
12.3667 819
12.3833 819
12.4 820
12.4167 820
12.4333 820
12.45 821
12.4667 821
12.4833 822
12.5 822
12.5167 822
12.5333 823
12.55 823
12.5667 823
12.5833 823
12.6 824
12.6167 824
12.6333 824
12.65 824
12.6667 824
12.6833 824
12.7 824
12.7167 824
12.7333 825
12.75 825
12.7667 825
12.7833 825
12.8 825
12.8167 825
12.8333 824
12.85 824
12.8667 824
12.8833 824
12.9 824
12.9167 824
12.9333 824
12.95 823
12.9667 823
12.9833 823
13.0 823
13.0167 822
13.0333 822
13.05 822
13.0667 821
13.0833 821
13.1 821
13.1167 820
13.1333 820
13.15 819
13.1667 819
13.1833 819
13.2 818
13.2167 818
13.2333 817
13.25 816
13.2667 816
13.2833 815
13.3 815
13.3167 814
13.3333 813
13.35 813
13.3667 812
13.3833 811
13.4 811
13.4167 810
13.4333 809
13.45 808
13.4667 807
13.4833 807
13.5 806
13.5167 805
13.5333 804
13.55 803
13.5667 802
13.5833 801
13.6 800
13.6167 799
13.6333 798
13.65 797
13.6667 796
13.6833 795
13.7 794
13.7167 793
13.7333 792
13.75 791
13.7667 789
13.7833 788
13.8 787
13.8167 786
13.8333 785
13.85 783
13.8667 782
13.8833 781
13.9 779
13.9167 778
13.9333 777
13.95 775
13.9667 774
13.9833 773
14.0 771
14.0167 770
14.0333 768
14.05 767
14.0667 765
14.0833 764
14.1 762
14.1167 761
14.1333 759
14.15 758
14.1667 756
14.1833 754
14.2 753
14.2167 751
14.2333 749
14.25 748
14.2667 746
14.2833 744
14.3 742
14.3167 741
14.3333 739
14.35 737
14.3667 735
14.3833 733
14.4 732
14.4167 730
14.4333 728
14.45 726
14.4667 724
14.4833 722
14.5 720
14.5167 718
14.5333 716
14.55 714
14.5667 712
14.5833 710
14.6 708
14.6167 706
14.6333 704
14.65 702
14.6667 699
14.6833 697
14.7 695
14.7167 693
14.7333 691
14.75 689
14.7667 686
14.7833 684
14.8 682
14.8167 680
14.8333 677
14.85 675
14.8667 673
14.8833 670
14.9 668
14.9167 666
14.9333 663
14.95 661
14.9667 658
14.9833 656
15.0 654
15.0167 652
15.0333 649
15.05 647
15.0667 644
15.0833 642
15.1 639
15.1167 637
15.1333 634
15.15 631
15.1667 629
15.1833 626
15.2 624
15.2167 621
15.2333 618
15.25 616
15.2667 613
15.2833 610
15.3 608
15.3167 605
15.3333 602
15.35 599
15.3667 597
15.3833 594
15.4 591
15.4167 588
15.4333 585
15.45 583
15.4667 580
15.4833 577
15.5 574
15.5167 571
15.5333 568
15.55 565
15.5667 563
15.5833 560
15.6 557
15.6167 554
15.6333 551
15.65 548
15.6667 545
15.6833 542
15.7 539
15.7167 536
15.7333 533
15.75 530
15.7667 527
15.7833 524
15.8 521
15.8167 518
15.8333 515
15.85 511
15.8667 508
15.8833 505
15.9 502
15.9167 499
15.9333 496
15.95 493
15.9667 489
15.9833 486
