9.0 527
9.0167 531
9.0333 534
9.05 537
9.0667 541
9.0833 544
9.1 548
9.1167 551
9.1333 555
9.15 558
9.1667 562
9.1833 565
9.2 568
9.2167 572
9.2333 575
9.25 579
9.2667 582
9.2833 585
9.3 589
9.3167 592
9.3333 595
9.35 599
9.3667 602
9.3833 605
9.4 609
9.4167 612
9.4333 615
9.45 618
9.4667 622
9.4833 625
9.5 628
9.5167 631
9.5333 634
9.55 638
9.5667 641
9.5833 644
9.6 647
9.6167 650
9.6333 653
9.65 657
9.6667 660
9.6833 663
9.7 666
9.7167 669
9.7333 672
9.75 675
9.7667 678
9.7833 681
9.8 684
9.8167 687
9.8333 690
9.85 693
9.8667 696
9.8833 699
9.9 702
9.9167 705
9.9333 708
9.95 711
9.9667 714
9.9833 717
10.0 720
10.0167 722
10.0333 725
10.05 728
10.0667 731
10.0833 734
10.1 737
10.1167 739
10.1333 742
10.15 745
10.1667 748
10.1833 750
10.2 753
10.2167 756
10.2333 758
10.25 761
10.2667 764
10.2833 766
10.3 769
10.3167 772
10.3333 774
10.35 777
10.3667 779
10.3833 782
10.4 784
10.4167 787
10.4333 789
10.45 792
10.4667 794
10.4833 797
10.5 799
10.5167 802
10.5333 804
10.55 807
10.5667 809
10.5833 811
10.6 814
10.6167 816
10.6333 818
10.65 821
10.6667 823
10.6833 825
10.7 828
10.7167 830
10.7333 832
10.75 834
10.7667 836
10.7833 839
10.8 841
10.8167 843
10.8333 845
10.85 847
10.8667 849
10.8833 851
10.9 853
10.9167 856
10.9333 858
10.95 860
10.9667 862
10.9833 864
11.0 866
11.0167 868
11.0333 869
11.05 871
11.0667 873
11.0833 875
11.1 877
11.1167 879
11.1333 881
11.15 883
11.1667 884
11.1833 886
11.2 888
11.2167 890
11.2333 891
11.25 893
11.2667 895
11.2833 897
11.3 898
11.3167 900
11.3333 901
11.35 903
11.3667 905
11.3833 906
11.4 908
11.4167 909
11.4333 911
11.45 912
11.4667 914
11.4833 915
11.5 917
11.5167 918
11.5333 920
11.55 921
11.5667 922
11.5833 924
11.6 925
11.6167 927
11.6333 928
11.65 929
11.6667 930
11.6833 932
11.7 933
11.7167 934
11.7333 935
11.75 937
11.7667 938
11.7833 939
11.8 940
11.8167 941
11.8333 942
11.85 943
11.8667 944
11.8833 945
11.9 946
11.9167 947
11.9333 948
11.95 949
11.9667 950
11.9833 951
12.0 952
12.0167 953
12.0333 954
12.05 955
12.0667 956
12.0833 956
12.1 957
12.1167 958
12.1333 959
12.15 960
12.1667 960
12.1833 961
12.2 962
12.2167 962
12.2333 963
12.25 964
12.2667 964
12.2833 965
12.3 965
12.3167 966
12.3333 966
12.35 967
12.3667 967
12.3833 968
12.4 968
12.4167 969
12.4333 969
12.45 970
12.4667 970
12.4833 970
12.5 971
12.5167 971
12.5333 971
12.55 972
12.5667 972
12.5833 972
12.6 972
12.6167 973
12.6333 973
12.65 973
12.6667 973
12.6833 973
12.7 973
12.7167 973
12.7333 974
12.75 974
12.7667 974
12.7833 974
12.8 974
12.8167 974
12.8333 974
12.85 974
12.8667 973
12.8833 973
12.9 973
12.9167 973
12.9333 973
12.95 973
12.9667 973
12.9833 972
13.0 972
13.0167 972
13.0333 972
13.05 971
13.0667 971
13.0833 971
13.1 970
13.1167 970
13.1333 970
13.15 969
13.1667 969
13.1833 968
13.2 968
13.2167 967
13.2333 967
13.25 966
13.2667 966
13.2833 965
13.3 965
13.3167 964
13.3333 964
13.35 963
13.3667 962
13.3833 962
13.4 961
13.4167 960
13.4333 959
13.45 959
13.4667 958
13.4833 957
13.5 956
13.5167 956
13.5333 955
13.55 954
13.5667 953
13.5833 952
13.6 951
13.6167 950
13.6333 949
13.65 948
13.6667 947
13.6833 946
13.7 945
13.7167 944
13.7333 943
13.75 942
13.7667 941
13.7833 940
13.8 939
13.8167 938
13.8333 936
13.85 935
13.8667 934
13.8833 933
13.9 932
13.9167 930
13.9333 929
13.95 928
13.9667 926
13.9833 925
14.0 924
14.0167 922
14.0333 921
14.05 920
14.0667 918
14.0833 917
14.1 915
14.1167 914
14.1333 912
14.15 911
14.1667 909
14.1833 908
14.2 906
14.2167 905
14.2333 903
14.25 901
14.2667 900
14.2833 898
14.3 896
14.3167 895
14.3333 893
14.35 891
14.3667 890
14.3833 888
14.4 886
14.4167 884
14.4333 882
14.45 881
14.4667 879
14.4833 877
14.5 875
14.5167 873
14.5333 871
14.55 869
14.5667 867
14.5833 865
14.6 863
14.6167 861
14.6333 859
14.65 857
14.6667 855
14.6833 853
14.7 851
14.7167 849
14.7333 847
14.75 845
14.7667 843
14.7833 841
14.8 838
14.8167 836
14.8333 834
14.85 832
14.8667 830
14.8833 827
14.9 825
14.9167 823
14.9333 820
14.95 818
14.9667 816
14.9833 814
15.0 811
15.0167 809
15.0333 806
15.05 804
15.0667 801
15.0833 799
15.1 796
15.1167 794
15.1333 792
15.15 789
15.1667 787
15.1833 784
15.2 781
15.2167 779
15.2333 776
15.25 774
15.2667 771
15.2833 769
15.3 766
15.3167 763
15.3333 761
15.35 758
15.3667 755
15.3833 753
15.4 750
15.4167 747
15.4333 744
15.45 742
15.4667 739
15.4833 736
15.5 733
15.5167 730
15.5333 728
15.55 725
15.5667 722
15.5833 719
15.6 716
15.6167 713
15.6333 710
15.65 708
15.6667 705
15.6833 702
15.7 699
15.7167 696
15.7333 693
15.75 690
15.7667 687
15.7833 684
15.8 681
15.8167 678
15.8333 675
15.85 672
15.8667 669
15.8833 665
15.9 662
15.9167 659
15.9333 656
15.95 653
15.9667 650
15.9833 647
