9.0 517
9.0167 521
9.0333 524
9.05 528
9.0667 531
9.0833 535
9.1 538
9.1167 542
9.1333 545
9.15 549
9.1667 552
9.1833 556
9.2 559
9.2167 562
9.2333 566
9.25 569
9.2667 573
9.2833 576
9.3 580
9.3167 583
9.3333 586
9.35 590
9.3667 593
9.3833 596
9.4 600
9.4167 603
9.4333 606
9.45 610
9.4667 613
9.4833 616
9.5 619
9.5167 623
9.5333 626
9.55 629
9.5667 632
9.5833 636
9.6 639
9.6167 642
9.6333 645
9.65 648
9.6667 652
9.6833 655
9.7 658
9.7167 661
9.7333 664
9.75 667
9.7667 670
9.7833 673
9.8 676
9.8167 680
9.8333 683
9.85 686
9.8667 689
9.8833 692
9.9 695
9.9167 698
9.9333 701
9.95 703
9.9667 706
9.9833 709
10.0 712
10.0167 715
10.0333 718
10.05 721
10.0667 724
10.0833 727
10.1 729
10.1167 732
10.1333 735
10.15 738
10.1667 741
10.1833 743
10.2 746
10.2167 749
10.2333 751
10.25 754
10.2667 757
10.2833 760
10.3 762
10.3167 765
10.3333 767
10.35 770
10.3667 773
10.3833 775
10.4 778
10.4167 780
10.4333 783
10.45 785
10.4667 788
10.4833 790
10.5 793
10.5167 795
10.5333 798
10.55 800
10.5667 803
10.5833 805
10.6 807
10.6167 810
10.6333 812
10.65 815
10.6667 817
10.6833 819
10.7 821
10.7167 824
10.7333 826
10.75 828
10.7667 830
10.7833 833
10.8 835
10.8167 837
10.8333 839
10.85 841
10.8667 843
10.8833 846
10.9 848
10.9167 850
10.9333 852
10.95 854
10.9667 856
10.9833 858
11.0 860
11.0167 862
11.0333 864
11.05 866
11.0667 868
11.0833 870
11.1 871
11.1167 873
11.1333 875
11.15 877
11.1667 879
11.1833 881
11.2 882
11.2167 884
11.2333 886
11.25 888
11.2667 889
11.2833 891
11.3 893
11.3167 894
11.3333 896
11.35 898
11.3667 899
11.3833 901
11.4 902
11.4167 904
11.4333 906
11.45 907
11.4667 909
11.4833 910
11.5 911
11.5167 913
11.5333 914
11.55 916
11.5667 917
11.5833 919
11.6 920
11.6167 921
11.6333 923
11.65 924
11.6667 925
11.6833 926
11.7 928
11.7167 929
11.7333 930
11.75 931
11.7667 932
11.7833 934
11.8 935
11.8167 936
11.8333 937
11.85 938
11.8667 939
11.8833 940
11.9 941
11.9167 942
11.9333 943
11.95 944
11.9667 945
11.9833 946
12.0 947
12.0167 948
12.0333 949
12.05 949
12.0667 950
12.0833 951
12.1 952
12.1167 953
12.1333 953
12.15 954
12.1667 955
12.1833 956
12.2 956
12.2167 957
12.2333 958
12.25 958
12.2667 959
12.2833 959
12.3 960
12.3167 960
12.3333 961
12.35 961
12.3667 962
12.3833 962
12.4 963
12.4167 963
12.4333 964
12.45 964
12.4667 964
12.4833 965
12.5 965
12.5167 965
12.5333 966
12.55 966
12.5667 966
12.5833 966
12.6 967
12.6167 967
12.6333 967
12.65 967
12.6667 967
12.6833 967
12.7 968
12.7167 968
12.7333 968
12.75 968
12.7667 968
12.7833 968
12.8 968
12.8167 968
12.8333 968
12.85 968
12.8667 967
12.8833 967
12.9 967
12.9167 967
12.9333 967
12.95 967
12.9667 966
12.9833 966
13.0 966
13.0167 966
13.0333 965
13.05 965
13.0667 965
13.0833 964
13.1 964
13.1167 964
13.1333 963
13.15 963
13.1667 962
13.1833 962
13.2 961
13.2167 961
13.2333 960
13.25 960
13.2667 959
13.2833 959
13.3 958
13.3167 957
13.3333 957
13.35 956
13.3667 955
13.3833 955
13.4 954
13.4167 953
13.4333 952
13.45 952
13.4667 951
13.4833 950
13.5 949
13.5167 948
13.5333 948
13.55 947
13.5667 946
13.5833 945
13.6 944
13.6167 943
13.6333 942
13.65 941
13.6667 940
13.6833 939
13.7 938
13.7167 937
13.7333 936
13.75 934
13.7667 933
13.7833 932
13.8 931
13.8167 930
13.8333 929
13.85 927
13.8667 926
13.8833 925
13.9 924
13.9167 922
13.9333 921
13.95 920
13.9667 918
13.9833 917
14.0 915
14.0167 914
14.0333 913
14.05 911
14.0667 910
14.0833 908
14.1 907
14.1167 905
14.1333 904
14.15 902
14.1667 900
14.1833 899
14.2 897
14.2167 896
14.2333 894
14.25 892
14.2667 891
14.2833 889
14.3 887
14.3167 885
14.3333 884
14.35 882
14.3667 880
14.3833 878
14.4 877
14.4167 875
14.4333 873
14.45 871
14.4667 869
14.4833 867
14.5 865
14.5167 863
14.5333 861
14.55 859
14.5667 857
14.5833 855
14.6 853
14.6167 851
14.6333 849
14.65 847
14.6667 845
14.6833 843
14.7 841
14.7167 839
14.7333 836
14.75 834
14.7667 832
14.7833 830
14.8 828
14.8167 825
14.8333 823
14.85 821
14.8667 819
14.8833 816
14.9 814
14.9167 812
14.9333 809
14.95 807
14.9667 805
14.9833 802
15.0 799
15.0167 797
15.0333 794
15.05 792
15.0667 789
15.0833 787
15.1 784
15.1167 782
15.1333 779
15.15 777
15.1667 774
15.1833 772
15.2 769
15.2167 766
15.2333 764
15.25 761
15.2667 759
15.2833 756
15.3 753
15.3167 750
15.3333 748
15.35 745
15.3667 742
15.3833 740
15.4 737
15.4167 734
15.4333 731
15.45 728
15.4667 725
15.4833 723
15.5 720
15.5167 717
15.5333 714
15.55 711
15.5667 708
15.5833 705
15.6 702
15.6167 699
15.6333 696
15.65 693
15.6667 690
15.6833 687
15.7 684
15.7167 681
15.7333 678
15.75 675
15.7667 672
15.7833 669
15.8 666
15.8167 663
15.8333 660
15.85 657
15.8667 654
15.8833 650
15.9 647
15.9167 644
15.9333 641
15.95 638
15.9667 634
15.9833 631
