9.0 513
9.0167 516
9.0333 520
9.05 523
9.0667 527
9.0833 530
9.1 534
9.1167 537
9.1333 541
9.15 544
9.1667 548
9.1833 551
9.2 555
9.2167 558
9.2333 561
9.25 565
9.2667 568
9.2833 572
9.3 575
9.3167 578
9.3333 582
9.35 585
9.3667 588
9.3833 592
9.4 595
9.4167 598
9.4333 602
9.45 605
9.4667 608
9.4833 612
9.5 615
9.5167 618
9.5333 621
9.55 625
9.5667 628
9.5833 631
9.6 634
9.6167 637
9.6333 641
9.65 644
9.6667 647
9.6833 650
9.7 653
9.7167 656
9.7333 659
9.75 662
9.7667 665
9.7833 669
9.8 672
9.8167 675
9.8333 678
9.85 681
9.8667 684
9.8833 687
9.9 690
9.9167 693
9.9333 696
9.95 698
9.9667 701
9.9833 704
10.0 707
10.0167 710
10.0333 713
10.05 716
10.0667 719
10.0833 722
10.1 724
10.1167 727
10.1333 730
10.15 733
10.1667 735
10.1833 738
10.2 741
10.2167 744
10.2333 746
10.25 749
10.2667 752
10.2833 754
10.3 757
10.3167 760
10.3333 762
10.35 765
10.3667 768
10.3833 770
10.4 773
10.4167 775
10.4333 778
10.45 780
10.4667 783
10.4833 785
10.5 788
10.5167 790
10.5333 793
10.55 795
10.5667 797
10.5833 800
10.6 802
10.6167 805
10.6333 807
10.65 809
10.6667 812
10.6833 814
10.7 816
10.7167 818
10.7333 821
10.75 823
10.7667 825
10.7833 827
10.8 829
10.8167 832
10.8333 834
10.85 836
10.8667 838
10.8833 840
10.9 842
10.9167 844
10.9333 846
10.95 848
10.9667 850
10.9833 852
11.0 854
11.0167 856
11.0333 858
11.05 860
11.0667 862
11.0833 864
11.1 866
11.1167 868
11.1333 870
11.15 872
11.1667 873
11.1833 875
11.2 877
11.2167 879
11.2333 880
11.25 882
11.2667 884
11.2833 886
11.3 887
11.3167 889
11.3333 891
11.35 892
11.3667 894
11.3833 895
11.4 897
11.4167 899
11.4333 900
11.45 902
11.4667 903
11.4833 905
11.5 906
11.5167 907
11.5333 909
11.55 910
11.5667 912
11.5833 913
11.6 914
11.6167 916
11.6333 917
11.65 918
11.6667 920
11.6833 921
11.7 922
11.7167 923
11.7333 925
11.75 926
11.7667 927
11.7833 928
11.8 929
11.8167 930
11.8333 931
11.85 932
11.8667 934
11.8833 935
11.9 936
11.9167 937
11.9333 938
11.95 939
11.9667 939
11.9833 940
12.0 941
12.0167 942
12.0333 943
12.05 944
12.0667 945
12.0833 946
12.1 946
12.1167 947
12.1333 948
12.15 949
12.1667 949
12.1833 950
12.2 951
12.2167 951
12.2333 952
12.25 953
12.2667 953
12.2833 954
12.3 954
12.3167 955
12.3333 955
12.35 956
12.3667 956
12.3833 957
12.4 957
12.4167 958
12.4333 958
12.45 959
12.4667 959
12.4833 959
12.5 960
12.5167 960
12.5333 960
12.55 960
12.5667 961
12.5833 961
12.6 961
12.6167 961
12.6333 962
12.65 962
12.6667 962
12.6833 962
12.7 962
12.7167 962
12.7333 962
12.75 962
12.7667 962
12.7833 962
12.8 962
12.8167 962
12.8333 962
12.85 962
12.8667 962
12.8833 962
12.9 962
12.9167 962
12.9333 961
12.95 961
12.9667 961
12.9833 961
13.0 960
13.0167 960
13.0333 960
13.05 960
13.0667 959
13.0833 959
13.1 959
13.1167 958
13.1333 958
13.15 957
13.1667 957
13.1833 956
13.2 956
13.2167 955
13.2333 955
13.25 954
13.2667 954
13.2833 953
13.3 953
13.3167 952
13.3333 951
13.35 951
13.3667 950
13.3833 949
13.4 949
13.4167 948
13.4333 947
13.45 946
13.4667 946
13.4833 945
13.5 944
13.5167 943
13.5333 942
13.55 941
13.5667 940
13.5833 939
13.6 939
13.6167 938
13.6333 937
13.65 936
13.6667 935
13.6833 934
13.7 932
13.7167 931
13.7333 930
13.75 929
13.7667 928
13.7833 927
13.8 926
13.8167 925
13.8333 923
13.85 922
13.8667 921
13.8833 920
13.9 918
13.9167 917
13.9333 916
13.95 914
13.9667 913
13.9833 912
14.0 910
14.0167 909
14.0333 907
14.05 906
14.0667 905
14.0833 903
14.1 902
14.1167 900
14.1333 899
14.15 897
14.1667 895
14.1833 894
14.2 892
14.2167 891
14.2333 889
14.25 887
14.2667 886
14.2833 884
14.3 882
14.3167 880
14.3333 879
14.35 877
14.3667 875
14.3833 873
14.4 872
14.4167 870
14.4333 868
14.45 866
14.4667 864
14.4833 862
14.5 860
14.5167 858
14.5333 856
14.55 854
14.5667 852
14.5833 850
14.6 848
14.6167 846
14.6333 844
14.65 842
14.6667 840
14.6833 838
14.7 836
14.7167 834
14.7333 832
14.75 830
14.7667 827
14.7833 825
14.8 823
14.8167 821
14.8333 818
14.85 816
14.8667 814
14.8833 812
14.9 809
14.9167 807
14.9333 805
14.95 802
14.9667 800
14.9833 797
15.0 795
15.0167 792
15.0333 790
15.05 787
15.0667 785
15.0833 782
15.1 780
15.1167 777
15.1333 775
15.15 772
15.1667 770
15.1833 767
15.2 765
15.2167 762
15.2333 759
15.25 757
15.2667 754
15.2833 751
15.3 749
15.3167 746
15.3333 743
15.35 741
15.3667 738
15.3833 735
15.4 732
15.4167 730
15.4333 727
15.45 724
15.4667 721
15.4833 718
15.5 715
15.5167 713
15.5333 710
15.55 707
15.5667 704
15.5833 701
15.6 698
15.6167 695
15.6333 692
15.65 689
15.6667 686
15.6833 683
15.7 680
15.7167 677
15.7333 674
15.75 671
15.7667 668
15.7833 665
15.8 662
15.8167 659
15.8333 656
15.85 653
15.8667 650
15.8833 646
15.9 643
15.9167 640
15.9333 637
15.95 634
15.9667 631
15.9833 627
