9.0 278
9.0167 280
9.0333 284
9.05 287
9.0667 290
9.0833 293
9.1 297
9.1167 300
9.1333 303
9.15 306
9.1667 310
9.1833 313
9.2 316
9.2167 319
9.2333 323
9.25 326
9.2667 329
9.2833 332
9.3 335
9.3167 339
9.3333 342
9.35 345
9.3667 348
9.3833 351
9.4 354
9.4167 357
9.4333 361
9.45 364
9.4667 367
9.4833 370
9.5 373
9.5167 376
9.5333 379
9.55 382
9.5667 385
9.5833 388
9.6 391
9.6167 394
9.6333 397
9.65 400
9.6667 403
9.6833 406
9.7 409
9.7167 412
9.7333 415
9.75 418
9.7667 421
9.7833 424
9.8 427
9.8167 429
9.8333 432
9.85 435
9.8667 438
9.8833 441
9.9 444
9.9167 446
9.9333 449
9.95 452
9.9667 455
9.9833 457
10.0 460
10.0167 463
10.0333 465
10.05 468
10.0667 471
10.0833 474
10.1 476
10.1167 479
10.1333 481
10.15 484
10.1667 487
10.1833 489
10.2 492
10.2167 494
10.2333 497
10.25 499
10.2667 502
10.2833 504
10.3 507
10.3167 509
10.3333 512
10.35 514
10.3667 517
10.3833 519
10.4 521
10.4167 524
10.4333 526
10.45 528
10.4667 531
10.4833 533
10.5 535
10.5167 538
10.5333 540
10.55 542
10.5667 544
10.5833 547
10.6 549
10.6167 551
10.6333 553
10.65 555
10.6667 557
10.6833 560
10.7 562
10.7167 564
10.7333 566
10.75 568
10.7667 570
10.7833 572
10.8 574
10.8167 576
10.8333 578
10.85 580
10.8667 582
10.8833 584
10.9 586
10.9167 587
10.9333 589
10.95 591
10.9667 593
10.9833 595
11.0 597
11.0167 598
11.0333 600
11.05 602
11.0667 604
11.0833 605
11.1 607
11.1167 609
11.1333 610
11.15 612
11.1667 614
11.1833 615
11.2 617
11.2167 618
11.2333 620
11.25 622
11.2667 623
11.2833 625
11.3 626
11.3167 627
11.3333 629
11.35 630
11.3667 632
11.3833 633
11.4 635
11.4167 636
11.4333 637
11.45 639
11.4667 640
11.4833 641
11.5 642
11.5167 644
11.5333 645
11.55 646
11.5667 647
11.5833 648
11.6 650
11.6167 651
11.6333 652
11.65 653
11.6667 654
11.6833 655
11.7 656
11.7167 657
11.7333 658
11.75 659
11.7667 660
11.7833 661
11.8 662
11.8167 663
11.8333 664
11.85 665
11.8667 665
11.8833 666
11.9 667
11.9167 668
11.9333 669
11.95 669
11.9667 670
11.9833 671
12.0 672
12.0167 672
12.0333 673
12.05 674
12.0667 674
12.0833 675
12.1 675
12.1167 676
12.1333 676
12.15 677
12.1667 678
12.1833 678
12.2 678
12.2167 679
12.2333 679
12.25 680
12.2667 680
12.2833 681
12.3 681
12.3167 681
12.3333 682
12.35 682
12.3667 682
12.3833 682
12.4 683
12.4167 683
12.4333 683
12.45 683
12.4667 683
12.4833 683
12.5 684
12.5167 684
12.5333 684
12.55 684
12.5667 684
12.5833 684
12.6 684
12.6167 684
12.6333 684
12.65 684
12.6667 684
12.6833 684
12.7 683
12.7167 683
12.7333 683
12.75 683
12.7667 683
12.7833 683
12.8 682
12.8167 682
12.8333 682
12.85 682
12.8667 681
12.8833 681
12.9 681
12.9167 680
12.9333 680
12.95 679
12.9667 679
12.9833 679
13.0 678
13.0167 678
13.0333 677
13.05 677
13.0667 676
13.0833 675
13.1 675
13.1167 674
13.1333 674
13.15 673
13.1667 672
13.1833 672
13.2 671
13.2167 670
13.2333 670
13.25 669
13.2667 668
13.2833 667
13.3 666
13.3167 666
13.3333 665
13.35 664
13.3667 663
13.3833 662
13.4 661
13.4167 660
13.4333 659
13.45 658
13.4667 657
13.4833 656
13.5 655
13.5167 654
13.5333 653
13.55 652
13.5667 651
13.5833 650
13.6 649
13.6167 648
13.6333 646
13.65 645
13.6667 644
13.6833 643
13.7 641
13.7167 640
13.7333 639
13.75 638
13.7667 636
13.7833 635
13.8 633
13.8167 632
13.8333 631
13.85 629
13.8667 628
13.8833 626
13.9 625
13.9167 623
13.9333 622
13.95 620
13.9667 619
13.9833 617
14.0 616
14.0167 614
14.0333 612
14.05 611
14.0667 609
14.0833 607
14.1 606
14.1167 604
14.1333 602
14.15 601
14.1667 599
14.1833 597
14.2 595
14.2167 593
14.2333 592
14.25 590
14.2667 588
14.2833 586
14.3 584
14.3167 582
14.3333 580
14.35 578
14.3667 576
14.3833 574
14.4 572
14.4167 570
14.4333 568
14.45 566
14.4667 564
14.4833 562
14.5 560
14.5167 558
14.5333 556
14.55 554
14.5667 551
14.5833 549
14.6 547
14.6167 545
14.6333 543
14.65 540
14.6667 538
14.6833 536
14.7 534
14.7167 531
14.7333 529
14.75 527
14.7667 524
14.7833 522
14.8 520
14.8167 517
14.8333 515
14.85 512
14.8667 510
14.8833 507
14.9 505
14.9167 502
14.9333 500
14.95 497
14.9667 495
14.9833 492
15.0 490
15.0167 487
15.0333 485
15.05 482
15.0667 480
15.0833 477
15.1 474
15.1167 472
15.1333 469
15.15 466
15.1667 464
15.1833 461
15.2 458
15.2167 455
15.2333 453
15.25 450
15.2667 447
15.2833 444
15.3 441
15.3167 439
15.3333 436
15.35 433
15.3667 430
15.3833 427
15.4 424
15.4167 422
15.4333 419
15.45 416
15.4667 413
15.4833 410
15.5 407
15.5167 404
15.5333 401
15.55 398
15.5667 395
15.5833 392
15.6 389
15.6167 386
15.6333 383
15.65 380
15.6667 377
15.6833 374
15.7 371
15.7167 368
15.7333 365
15.75 361
15.7667 358
15.7833 355
15.8 352
15.8167 349
15.8333 346
15.85 343
15.8667 339
15.8833 336
15.9 333
15.9167 330
15.9333 327
15.95 324
15.9667 320
15.9833 317
