9.0 544
9.0167 548
9.0333 551
9.05 555
9.0667 558
9.0833 561
9.1 565
9.1167 568
9.1333 571
9.15 574
9.1667 578
9.1833 581
9.2 584
9.2167 587
9.2333 591
9.25 594
9.2667 597
9.2833 600
9.3 604
9.3167 607
9.3333 610
9.35 613
9.3667 616
9.3833 619
9.4 623
9.4167 626
9.4333 629
9.45 632
9.4667 635
9.4833 638
9.5 641
9.5167 644
9.5333 647
9.55 650
9.5667 653
9.5833 656
9.6 659
9.6167 662
9.6333 665
9.65 668
9.6667 671
9.6833 674
9.7 677
9.7167 680
9.7333 683
9.75 686
9.7667 689
9.7833 692
9.8 695
9.8167 697
9.8333 700
9.85 703
9.8667 706
9.8833 709
9.9 712
9.9167 714
9.9333 717
9.95 720
9.9667 723
9.9833 725
10.0 728
10.0167 731
10.0333 733
10.05 736
10.0667 739
10.0833 741
10.1 744
10.1167 747
10.1333 749
10.15 752
10.1667 754
10.1833 757
10.2 759
10.2167 762
10.2333 764
10.25 767
10.2667 769
10.2833 772
10.3 774
10.3167 777
10.3333 779
10.35 782
10.3667 784
10.3833 786
10.4 789
10.4167 791
10.4333 793
10.45 796
10.4667 798
10.4833 800
10.5 803
10.5167 805
10.5333 807
10.55 809
10.5667 812
10.5833 814
10.6 816
10.6167 818
10.6333 820
10.65 822
10.6667 824
10.6833 827
10.7 829
10.7167 831
10.7333 833
10.75 835
10.7667 837
10.7833 839
10.8 841
10.8167 843
10.8333 845
10.85 847
10.8667 849
10.8833 851
10.9 852
10.9167 854
10.9333 856
10.95 858
10.9667 860
10.9833 862
11.0 863
11.0167 865
11.0333 867
11.05 869
11.0667 870
11.0833 872
11.1 874
11.1167 875
11.1333 877
11.15 879
11.1667 880
11.1833 882
11.2 884
11.2167 885
11.2333 887
11.25 888
11.2667 890
11.2833 891
11.3 893
11.3167 894
11.3333 896
11.35 897
11.3667 898
11.3833 900
11.4 901
11.4167 903
11.4333 904
11.45 905
11.4667 907
11.4833 908
11.5 909
11.5167 910
11.5333 912
11.55 913
11.5667 914
11.5833 915
11.6 916
11.6167 917
11.6333 919
11.65 920
11.6667 921
11.6833 922
11.7 923
11.7167 924
11.7333 925
11.75 926
11.7667 927
11.7833 928
11.8 929
11.8167 930
11.8333 931
11.85 931
11.8667 932
11.8833 933
11.9 934
11.9167 935
11.9333 936
11.95 936
11.9667 937
11.9833 938
12.0 939
12.0167 939
12.0333 940
12.05 941
12.0667 941
12.0833 942
12.1 943
12.1167 943
12.1333 944
12.15 944
12.1667 945
12.1833 945
12.2 946
12.2167 946
12.2333 947
12.25 947
12.2667 948
12.2833 948
12.3 948
12.3167 949
12.3333 949
12.35 949
12.3667 950
12.3833 950
12.4 950
12.4167 950
12.4333 951
12.45 951
12.4667 951
12.4833 951
12.5 951
12.5167 952
12.5333 952
12.55 952
12.5667 952
12.5833 952
12.6 952
12.6167 952
12.6333 952
12.65 952
12.6667 952
12.6833 952
12.7 952
12.7167 952
12.7333 951
12.75 951
12.7667 951
12.7833 951
12.8 951
12.8167 951
12.8333 950
12.85 950
12.8667 950
12.8833 950
12.9 949
12.9167 949
12.9333 949
12.95 948
12.9667 948
12.9833 947
13.0 947
13.0167 947
13.0333 946
13.05 946
13.0667 945
13.0833 945
13.1 944
13.1167 944
13.1333 943
13.15 942
13.1667 942
13.1833 941
13.2 941
13.2167 940
13.2333 939
13.25 939
13.2667 938
13.2833 937
13.3 936
13.3167 936
13.3333 935
13.35 934
13.3667 933
13.3833 932
13.4 931
13.4167 930
13.4333 930
13.45 929
13.4667 928
13.4833 927
13.5 926
13.5167 925
13.5333 924
13.55 923
13.5667 922
13.5833 921
13.6 920
13.6167 918
13.6333 917
13.65 916
13.6667 915
13.6833 914
13.7 913
13.7167 911
13.7333 910
13.75 909
13.7667 908
13.7833 906
13.8 905
13.8167 904
13.8333 902
13.85 901
13.8667 900
13.8833 898
13.9 897
13.9167 895
13.9333 894
13.95 892
13.9667 891
13.9833 890
14.0 888
14.0167 886
14.0333 885
14.05 883
14.0667 882
14.0833 880
14.1 878
14.1167 877
14.1333 875
14.15 874
14.1667 872
14.1833 870
14.2 868
14.2167 867
14.2333 865
14.25 863
14.2667 861
14.2833 860
14.3 858
14.3167 856
14.3333 854
14.35 852
14.3667 850
14.3833 848
14.4 846
14.4167 844
14.4333 843
14.45 841
14.4667 839
14.4833 837
14.5 835
14.5167 832
14.5333 830
14.55 828
14.5667 826
14.5833 824
14.6 822
14.6167 820
14.6333 818
14.65 816
14.6667 813
14.6833 811
14.7 809
14.7167 807
14.7333 805
14.75 802
14.7667 800
14.7833 798
14.8 795
14.8167 793
14.8333 791
14.85 788
14.8667 786
14.8833 784
14.9 781
14.9167 779
14.9333 776
14.95 774
14.9667 771
14.9833 769
15.0 767
15.0167 764
15.0333 762
15.05 759
15.0667 757
15.0833 754
15.1 751
15.1167 749
15.1333 746
15.15 744
15.1667 741
15.1833 738
15.2 736
15.2167 733
15.2333 730
15.25 728
15.2667 725
15.2833 722
15.3 720
15.3167 717
15.3333 714
15.35 711
15.3667 708
15.3833 706
15.4 703
15.4167 700
15.4333 697
15.45 694
15.4667 691
15.4833 689
15.5 686
15.5167 683
15.5333 680
15.55 677
15.5667 674
15.5833 671
15.6 668
15.6167 665
15.6333 662
15.65 659
15.6667 656
15.6833 653
15.7 650
15.7167 647
15.7333 644
15.75 641
15.7667 638
15.7833 635
15.8 632
15.8167 629
15.8333 625
15.85 622
15.8667 619
15.8833 616
15.9 613
15.9167 610
15.9333 607
15.95 603
15.9667 600
15.9833 597
