9.0 530
9.0167 533
9.0333 536
9.05 540
9.0667 543
9.0833 546
9.1 549
9.1167 553
9.1333 556
9.15 559
9.1667 562
9.1833 565
9.2 568
9.2167 572
9.2333 575
9.25 578
9.2667 581
9.2833 584
9.3 587
9.3167 590
9.3333 593
9.35 597
9.3667 600
9.3833 603
9.4 606
9.4167 609
9.4333 612
9.45 615
9.4667 618
9.4833 621
9.5 624
9.5167 627
9.5333 630
9.55 633
9.5667 636
9.5833 639
9.6 642
9.6167 645
9.6333 647
9.65 650
9.6667 653
9.6833 656
9.7 659
9.7167 662
9.7333 665
9.75 668
9.7667 670
9.7833 673
9.8 676
9.8167 679
9.8333 682
9.85 684
9.8667 687
9.8833 690
9.9 692
9.9167 695
9.9333 698
9.95 701
9.9667 703
9.9833 706
10.0 709
10.0167 711
10.0333 714
10.05 716
10.0667 719
10.0833 722
10.1 724
10.1167 727
10.1333 729
10.15 732
10.1667 734
10.1833 737
10.2 739
10.2167 742
10.2333 744
10.25 747
10.2667 749
10.2833 752
10.3 754
10.3167 757
10.3333 759
10.35 761
10.3667 764
10.3833 766
10.4 768
10.4167 771
10.4333 773
10.45 775
10.4667 777
10.4833 780
10.5 782
10.5167 784
10.5333 786
10.55 789
10.5667 791
10.5833 793
10.6 795
10.6167 797
10.6333 799
10.65 802
10.6667 804
10.6833 806
10.7 808
10.7167 810
10.7333 812
10.75 814
10.7667 816
10.7833 818
10.8 820
10.8167 822
10.8333 824
10.85 826
10.8667 828
10.8833 829
10.9 831
10.9167 833
10.9333 835
10.95 837
10.9667 839
10.9833 841
11.0 842
11.0167 844
11.0333 846
11.05 848
11.0667 849
11.0833 851
11.1 853
11.1167 854
11.1333 856
11.15 858
11.1667 859
11.1833 861
11.2 862
11.2167 864
11.2333 866
11.25 867
11.2667 869
11.2833 870
11.3 872
11.3167 873
11.3333 875
11.35 876
11.3667 877
11.3833 879
11.4 880
11.4167 882
11.4333 883
11.45 884
11.4667 886
11.4833 887
11.5 888
11.5167 889
11.5333 891
11.55 892
11.5667 893
11.5833 894
11.6 896
11.6167 897
11.6333 898
11.65 899
11.6667 900
11.6833 901
11.7 902
11.7167 903
11.7333 904
11.75 905
11.7667 906
11.7833 907
11.8 908
11.8167 909
11.8333 910
11.85 911
11.8667 912
11.8833 913
11.9 914
11.9167 915
11.9333 915
11.95 916
11.9667 917
11.9833 918
12.0 919
12.0167 919
12.0333 920
12.05 921
12.0667 922
12.0833 922
12.1 923
12.1167 923
12.1333 924
12.15 925
12.1667 925
12.1833 926
12.2 926
12.2167 927
12.2333 927
12.25 928
12.2667 928
12.2833 929
12.3 929
12.3167 930
12.3333 930
12.35 930
12.3667 931
12.3833 931
12.4 932
12.4167 932
12.4333 932
12.45 932
12.4667 933
12.4833 933
12.5 933
12.5167 933
12.5333 933
12.55 934
12.5667 934
12.5833 934
12.6 934
12.6167 934
12.6333 934
12.65 934
12.6667 934
12.6833 934
12.7 934
12.7167 934
12.7333 934
12.75 934
12.7667 934
12.7833 934
12.8 934
12.8167 934
12.8333 934
12.85 933
12.8667 933
12.8833 933
12.9 933
12.9167 933
12.9333 932
12.95 932
12.9667 932
12.9833 931
13.0 931
13.0167 931
13.0333 930
13.05 930
13.0667 930
13.0833 929
13.1 929
13.1167 928
13.1333 928
13.15 927
13.1667 927
13.1833 926
13.2 926
13.2167 925
13.2333 925
13.25 924
13.2667 923
13.2833 923
13.3 922
13.3167 921
13.3333 921
13.35 920
13.3667 919
13.3833 919
13.4 918
13.4167 917
13.4333 916
13.45 915
13.4667 915
13.4833 914
13.5 913
13.5167 912
13.5333 911
13.55 910
13.5667 909
13.5833 908
13.6 907
13.6167 906
13.6333 905
13.65 904
13.6667 903
13.6833 902
13.7 901
13.7167 900
13.7333 899
13.75 898
13.7667 897
13.7833 895
13.8 894
13.8167 893
13.8333 892
13.85 891
13.8667 889
13.8833 888
13.9 887
13.9167 885
13.9333 884
13.95 883
13.9667 881
13.9833 880
14.0 879
14.0167 877
14.0333 876
14.05 874
14.0667 873
14.0833 871
14.1 870
14.1167 868
14.1333 867
14.15 865
14.1667 864
14.1833 862
14.2 861
14.2167 859
14.2333 857
14.25 856
14.2667 854
14.2833 852
14.3 851
14.3167 849
14.3333 847
14.35 846
14.3667 844
14.3833 842
14.4 840
14.4167 838
14.4333 837
14.45 835
14.4667 833
14.4833 831
14.5 829
14.5167 827
14.5333 825
14.55 823
14.5667 822
14.5833 820
14.6 818
14.6167 816
14.6333 814
14.65 812
14.6667 810
14.6833 808
14.7 805
14.7167 803
14.7333 801
14.75 799
14.7667 797
14.7833 795
14.8 793
14.8167 791
14.8333 788
14.85 786
14.8667 784
14.8833 782
14.9 779
14.9167 777
14.9333 775
14.95 773
14.9667 770
14.9833 768
15.0 766
15.0167 763
15.0333 761
15.05 759
15.0667 756
15.0833 754
15.1 752
15.1167 749
15.1333 747
15.15 744
15.1667 742
15.1833 739
15.2 737
15.2167 734
15.2333 732
15.25 729
15.2667 727
15.2833 724
15.3 721
15.3167 719
15.3333 716
15.35 714
15.3667 711
15.3833 708
15.4 706
15.4167 703
15.4333 700
15.45 698
15.4667 695
15.4833 692
15.5 690
15.5167 687
15.5333 684
15.55 681
15.5667 679
15.5833 676
15.6 673
15.6167 670
15.6333 667
15.65 664
15.6667 662
15.6833 659
15.7 656
15.7167 653
15.7333 650
15.75 647
15.7667 644
15.7833 641
15.8 638
15.8167 636
15.8333 633
15.85 630
15.8667 627
15.8833 624
15.9 621
15.9167 618
15.9333 615
15.95 612
15.9667 609
15.9833 606
