9.0 270
9.0167 274
9.0333 277
9.05 281
9.0667 284
9.0833 288
9.1 291
9.1167 294
9.1333 298
9.15 301
9.1667 304
9.1833 308
9.2 311
9.2167 314
9.2333 318
9.25 321
9.2667 325
9.2833 328
9.3 331
9.3167 335
9.3333 338
9.35 341
9.3667 345
9.3833 348
9.4 351
9.4167 354
9.4333 358
9.45 361
9.4667 364
9.4833 368
9.5 371
9.5167 374
9.5333 377
9.55 381
9.5667 384
9.5833 387
9.6 390
9.6167 394
9.6333 397
9.65 400
9.6667 403
9.6833 407
9.7 410
9.7167 413
9.7333 416
9.75 419
9.7667 423
9.7833 426
9.8 429
9.8167 432
9.8333 435
9.85 438
9.8667 441
9.8833 444
9.9 448
9.9167 451
9.9333 454
9.95 457
9.9667 460
9.9833 463
10.0 466
10.0167 469
10.0333 472
10.05 475
10.0667 478
10.0833 481
10.1 484
10.1167 487
10.1333 490
10.15 493
10.1667 496
10.1833 498
10.2 501
10.2167 504
10.2333 507
10.25 510
10.2667 513
10.2833 516
10.3 518
10.3167 521
10.3333 524
10.35 527
10.3667 530
10.3833 532
10.4 535
10.4167 538
10.4333 540
10.45 543
10.4667 546
10.4833 549
10.5 551
10.5167 554
10.5333 556
10.55 559
10.5667 562
10.5833 564
10.6 567
10.6167 569
10.6333 572
10.65 574
10.6667 577
10.6833 579
10.7 582
10.7167 584
10.7333 587
10.75 589
10.7667 592
10.7833 594
10.8 596
10.8167 599
10.8333 601
10.85 604
10.8667 606
10.8833 608
10.9 610
10.9167 613
10.9333 615
10.95 617
10.9667 619
10.9833 622
11.0 624
11.0167 626
11.0333 628
11.05 630
11.0667 632
11.0833 635
11.1 637
11.1167 639
11.1333 641
11.15 643
11.1667 645
11.1833 647
11.2 649
11.2167 651
11.2333 653
11.25 655
11.2667 657
11.2833 659
11.3 660
11.3167 662
11.3333 664
11.35 666
11.3667 668
11.3833 670
11.4 671
11.4167 673
11.4333 675
11.45 677
11.4667 678
11.4833 680
11.5 682
11.5167 683
11.5333 685
11.55 687
11.5667 688
11.5833 690
11.6 691
11.6167 693
11.6333 694
11.65 696
11.6667 697
11.6833 699
11.7 700
11.7167 702
11.7333 703
11.75 705
11.7667 706
11.7833 707
11.8 709
11.8167 710
11.8333 711
11.85 713
11.8667 714
11.8833 715
11.9 716
11.9167 717
11.9333 719
11.95 720
11.9667 721
11.9833 722
12.0 723
12.0167 724
12.0333 725
12.05 726
12.0667 727
12.0833 728
12.1 729
12.1167 730
12.1333 731
12.15 732
12.1667 733
12.1833 734
12.2 735
12.2167 736
12.2333 737
12.25 737
12.2667 738
12.2833 739
12.3 740
12.3167 740
12.3333 741
12.35 742
12.3667 743
12.3833 743
12.4 744
12.4167 744
12.4333 745
12.45 746
12.4667 746
12.4833 747
12.5 747
12.5167 748
12.5333 748
12.55 749
12.5667 749
12.5833 749
12.6 750
12.6167 750
12.6333 751
12.65 751
12.6667 751
12.6833 751
12.7 752
12.7167 752
12.7333 752
12.75 752
12.7667 753
12.7833 753
12.8 753
12.8167 753
12.8333 753
12.85 753
12.8667 753
12.8833 753
12.9 753
12.9167 753
12.9333 753
12.95 753
12.9667 753
12.9833 753
13.0 753
13.0167 753
13.0333 753
13.05 753
13.0667 753
13.0833 752
13.1 752
13.1167 752
13.1333 752
13.15 751
13.1667 751
13.1833 751
13.2 751
13.2167 750
13.2333 750
13.25 749
13.2667 749
13.2833 749
13.3 748
13.3167 748
13.3333 747
13.35 747
13.3667 746
13.3833 746
13.4 745
13.4167 744
13.4333 744
13.45 743
13.4667 742
13.4833 742
13.5 741
13.5167 740
13.5333 740
13.55 739
13.5667 738
13.5833 737
13.6 736
13.6167 736
13.6333 735
13.65 734
13.6667 733
13.6833 732
13.7 731
13.7167 730
13.7333 729
13.75 728
13.7667 727
13.7833 726
13.8 725
13.8167 724
13.8333 723
13.85 722
13.8667 721
13.8833 720
13.9 719
13.9167 717
13.9333 716
13.95 715
13.9667 714
13.9833 712
14.0 711
14.0167 710
14.0333 708
14.05 707
14.0667 706
14.0833 704
14.1 703
14.1167 702
14.1333 700
14.15 699
14.1667 697
14.1833 696
14.2 694
14.2167 693
14.2333 691
14.25 690
14.2667 688
14.2833 686
14.3 685
14.3167 683
14.3333 682
14.35 680
14.3667 678
14.3833 676
14.4 675
14.4167 673
14.4333 671
14.45 669
14.4667 668
14.4833 666
14.5 664
14.5167 662
14.5333 660
14.55 658
14.5667 656
14.5833 655
14.6 653
14.6167 651
14.6333 649
14.65 647
14.6667 645
14.6833 643
14.7 641
14.7167 639
14.7333 636
14.75 634
14.7667 632
14.7833 630
14.8 628
14.8167 626
14.8333 624
14.85 621
14.8667 619
14.8833 617
14.9 615
14.9167 613
14.9333 610
14.95 608
14.9667 606
14.9833 603
15.0 602
15.0167 600
15.0333 597
15.05 595
15.0667 592
15.0833 590
15.1 588
15.1167 585
15.1333 583
15.15 580
15.1667 578
15.1833 575
15.2 573
15.2167 570
15.2333 568
15.25 565
15.2667 562
15.2833 560
15.3 557
15.3167 555
15.3333 552
15.35 549
15.3667 547
15.3833 544
15.4 541
15.4167 538
15.4333 536
15.45 533
15.4667 530
15.4833 527
15.5 525
15.5167 522
15.5333 519
15.55 516
15.5667 513
15.5833 511
15.6 508
15.6167 505
15.6333 502
15.65 499
15.6667 496
15.6833 493
15.7 490
15.7167 487
15.7333 484
15.75 481
15.7667 478
15.7833 475
15.8 472
15.8167 469
15.8333 466
15.85 463
15.8667 460
15.8833 457
15.9 454
15.9167 451
15.9333 448
15.95 445
15.9667 442
15.9833 439
