9.0 243
9.0167 247
9.0333 250
9.05 254
9.0667 257
9.0833 260
9.1 263
9.1167 266
9.1333 270
9.15 273
9.1667 276
9.1833 279
9.2 283
9.2167 286
9.2333 289
9.25 292
9.2667 295
9.2833 299
9.3 302
9.3167 305
9.3333 308
9.35 311
9.3667 315
9.3833 318
9.4 321
9.4167 324
9.4333 327
9.45 331
9.4667 334
9.4833 337
9.5 340
9.5167 343
9.5333 346
9.55 350
9.5667 353
9.5833 356
9.6 359
9.6167 362
9.6333 365
9.65 368
9.6667 372
9.6833 375
9.7 378
9.7167 381
9.7333 384
9.75 387
9.7667 390
9.7833 393
9.8 396
9.8167 399
9.8333 402
9.85 405
9.8667 408
9.8833 411
9.9 414
9.9167 417
9.9333 420
9.95 423
9.9667 426
9.9833 429
10.0 432
10.0167 435
10.0333 438
10.05 441
10.0667 444
10.0833 447
10.1 450
10.1167 453
10.1333 456
10.15 458
10.1667 461
10.1833 464
10.2 467
10.2167 470
10.2333 472
10.25 475
10.2667 478
10.2833 481
10.3 484
10.3167 486
10.3333 489
10.35 492
10.3667 494
10.3833 497
10.4 500
10.4167 503
10.4333 505
10.45 508
10.4667 510
10.4833 513
10.5 516
10.5167 518
10.5333 521
10.55 523
10.5667 526
10.5833 528
10.6 531
10.6167 533
10.6333 536
10.65 538
10.6667 541
10.6833 543
10.7 546
10.7167 548
10.7333 551
10.75 553
10.7667 555
10.7833 558
10.8 560
10.8167 562
10.8333 565
10.85 567
10.8667 569
10.8833 572
10.9 574
10.9167 576
10.9333 578
10.95 580
10.9667 583
10.9833 585
11.0 587
11.0167 589
11.0333 591
11.05 593
11.0667 595
11.0833 597
11.1 600
11.1167 602
11.1333 604
11.15 606
11.1667 608
11.1833 610
11.2 612
11.2167 613
11.2333 615
11.25 617
11.2667 619
11.2833 621
11.3 623
11.3167 625
11.3333 627
11.35 628
11.3667 630
11.3833 632
11.4 634
11.4167 635
11.4333 637
11.45 639
11.4667 641
11.4833 642
11.5 644
11.5167 645
11.5333 647
11.55 649
11.5667 650
11.5833 652
11.6 653
11.6167 655
11.6333 656
11.65 658
11.6667 659
11.6833 661
11.7 662
11.7167 664
11.7333 665
11.75 666
11.7667 668
11.7833 669
11.8 670
11.8167 672
11.8333 673
11.85 674
11.8667 675
11.8833 677
11.9 678
11.9167 679
11.9333 680
11.95 681
11.9667 683
11.9833 684
12.0 685
12.0167 686
12.0333 687
12.05 688
12.0667 689
12.0833 690
12.1 691
12.1167 692
12.1333 693
12.15 694
12.1667 695
12.1833 695
12.2 696
12.2167 697
12.2333 698
12.25 699
12.2667 700
12.2833 700
12.3 701
12.3167 702
12.3333 703
12.35 703
12.3667 704
12.3833 705
12.4 705
12.4167 706
12.4333 706
12.45 707
12.4667 707
12.4833 708
12.5 709
12.5167 709
12.5333 709
12.55 710
12.5667 710
12.5833 711
12.6 711
12.6167 712
12.6333 712
12.65 712
12.6667 713
12.6833 713
12.7 713
12.7167 713
12.7333 714
12.75 714
12.7667 714
12.7833 714
12.8 714
12.8167 714
12.8333 715
12.85 715
12.8667 715
12.8833 715
12.9 715
12.9167 715
12.9333 715
12.95 715
12.9667 715
12.9833 715
13.0 715
13.0167 714
13.0333 714
13.05 714
13.0667 714
13.0833 714
13.1 714
13.1167 713
13.1333 713
13.15 713
13.1667 713
13.1833 712
13.2 712
13.2167 712
13.2333 711
13.25 711
13.2667 711
13.2833 710
13.3 710
13.3167 709
13.3333 709
13.35 708
13.3667 708
13.3833 707
13.4 707
13.4167 706
13.4333 705
13.45 705
13.4667 704
13.4833 703
13.5 703
13.5167 702
13.5333 701
13.55 701
13.5667 700
13.5833 699
13.6 698
13.6167 698
13.6333 697
13.65 696
13.6667 695
13.6833 694
13.7 693
13.7167 692
13.7333 691
13.75 690
13.7667 689
13.7833 688
13.8 687
13.8167 686
13.8333 685
13.85 684
13.8667 683
13.8833 682
13.9 681
13.9167 680
13.9333 678
13.95 677
13.9667 676
13.9833 675
14.0 673
14.0167 672
14.0333 671
14.05 670
14.0667 668
14.0833 667
14.1 666
14.1167 664
14.1333 663
14.15 661
14.1667 660
14.1833 658
14.2 657
14.2167 655
14.2333 654
14.25 652
14.2667 651
14.2833 649
14.3 648
14.3167 646
14.3333 645
14.35 643
14.3667 641
14.3833 640
14.4 638
14.4167 636
14.4333 634
14.45 633
14.4667 631
14.4833 629
14.5 627
14.5167 625
14.5333 624
14.55 622
14.5667 620
14.5833 618
14.6 616
14.6167 614
14.6333 612
14.65 610
14.6667 608
14.6833 606
14.7 604
14.7167 602
14.7333 600
14.75 598
14.7667 596
14.7833 594
14.8 592
14.8167 590
14.8333 588
14.85 586
14.8667 583
14.8833 581
14.9 579
14.9167 577
14.9333 575
14.95 572
14.9667 570
14.9833 568
15.0 567
15.0167 564
15.0333 562
15.05 560
15.0667 557
15.0833 555
15.1 552
15.1167 550
15.1333 548
15.15 545
15.1667 543
15.1833 540
15.2 538
15.2167 535
15.2333 533
15.25 530
15.2667 528
15.2833 525
15.3 523
15.3167 520
15.3333 518
15.35 515
15.3667 512
15.3833 510
15.4 507
15.4167 504
15.4333 502
15.45 499
15.4667 496
15.4833 494
15.5 491
15.5167 488
15.5333 486
15.55 483
15.5667 480
15.5833 477
15.6 475
15.6167 472
15.6333 469
15.65 466
15.6667 463
15.6833 460
15.7 458
15.7167 455
15.7333 452
15.75 449
15.7667 446
15.7833 443
15.8 440
15.8167 437
15.8333 434
15.85 431
15.8667 428
15.8833 425
15.9 422
15.9167 419
15.9333 416
15.95 413
15.9667 410
15.9833 407
