9.0 416
9.0167 420
9.0333 424
9.05 428
9.0667 431
9.0833 435
9.1 439
9.1167 442
9.1333 446
9.15 450
9.1667 453
9.1833 457
9.2 460
9.2167 464
9.2333 468
9.25 471
9.2667 475
9.2833 478
9.3 482
9.3167 485
9.3333 489
9.35 493
9.3667 496
9.3833 500
9.4 503
9.4167 507
9.4333 510
9.45 514
9.4667 517
9.4833 521
9.5 524
9.5167 527
9.5333 531
9.55 534
9.5667 538
9.5833 541
9.6 544
9.6167 548
9.6333 551
9.65 555
9.6667 558
9.6833 561
9.7 565
9.7167 568
9.7333 571
9.75 575
9.7667 578
9.7833 581
9.8 584
9.8167 588
9.8333 591
9.85 594
9.8667 597
9.8833 600
9.9 604
9.9167 607
9.9333 610
9.95 613
9.9667 616
9.9833 619
10.0 622
10.0167 625
10.0333 628
10.05 632
10.0667 635
10.0833 638
10.1 641
10.1167 644
10.1333 647
10.15 650
10.1667 653
10.1833 656
10.2 658
10.2167 661
10.2333 664
10.25 667
10.2667 670
10.2833 673
10.3 676
10.3167 679
10.3333 681
10.35 684
10.3667 687
10.3833 690
10.4 692
10.4167 695
10.4333 698
10.45 701
10.4667 703
10.4833 706
10.5 709
10.5167 711
10.5333 714
10.55 716
10.5667 719
10.5833 722
10.6 724
10.6167 727
10.6333 729
10.65 732
10.6667 734
10.6833 737
10.7 739
10.7167 742
10.7333 744
10.75 746
10.7667 749
10.7833 751
10.8 754
10.8167 756
10.8333 758
10.85 761
10.8667 763
10.8833 765
10.9 767
10.9167 770
10.9333 772
10.95 774
10.9667 776
10.9833 778
11.0 781
11.0167 783
11.0333 785
11.05 787
11.0667 789
11.0833 791
11.1 793
11.1167 795
11.1333 797
11.15 799
11.1667 801
11.1833 803
11.2 805
11.2167 807
11.2333 809
11.25 811
11.2667 812
11.2833 814
11.3 816
11.3167 818
11.3333 820
11.35 821
11.3667 823
11.3833 825
11.4 827
11.4167 828
11.4333 830
11.45 832
11.4667 833
11.4833 835
11.5 836
11.5167 838
11.5333 840
11.55 841
11.5667 843
11.5833 844
11.6 846
11.6167 847
11.6333 848
11.65 850
11.6667 851
11.6833 853
11.7 854
11.7167 855
11.7333 857
11.75 858
11.7667 859
11.7833 860
11.8 862
11.8167 863
11.8333 864
11.85 865
11.8667 866
11.8833 868
11.9 869
11.9167 870
11.9333 871
11.95 872
11.9667 873
11.9833 874
12.0 875
12.0167 876
12.0333 877
12.05 878
12.0667 879
12.0833 880
12.1 881
12.1167 881
12.1333 882
12.15 883
12.1667 884
12.1833 885
12.2 885
12.2167 886
12.2333 887
12.25 888
12.2667 888
12.2833 889
12.3 889
12.3167 890
12.3333 891
12.35 891
12.3667 892
12.3833 892
12.4 893
12.4167 893
12.4333 894
12.45 894
12.4667 895
12.4833 895
12.5 895
12.5167 896
12.5333 896
12.55 896
12.5667 897
12.5833 897
12.6 897
12.6167 898
12.6333 898
12.65 898
12.6667 898
12.6833 898
12.7 898
12.7167 899
12.7333 899
12.75 899
12.7667 899
12.7833 899
12.8 899
12.8167 899
12.8333 899
12.85 899
12.8667 899
12.8833 899
12.9 898
12.9167 898
12.9333 898
12.95 898
12.9667 898
12.9833 898
13.0 897
13.0167 897
13.0333 897
13.05 897
13.0667 896
13.0833 896
13.1 895
13.1167 895
13.1333 895
13.15 894
13.1667 894
13.1833 893
13.2 893
13.2167 892
13.2333 892
13.25 891
13.2667 891
13.2833 890
13.3 890
13.3167 889
13.3333 888
13.35 888
13.3667 887
13.3833 886
13.4 885
13.4167 885
13.4333 884
13.45 883
13.4667 882
13.4833 881
13.5 881
13.5167 880
13.5333 879
13.55 878
13.5667 877
13.5833 876
13.6 875
13.6167 874
13.6333 873
13.65 872
13.6667 871
13.6833 870
13.7 869
13.7167 868
13.7333 867
13.75 865
13.7667 864
13.7833 863
13.8 862
13.8167 861
13.8333 859
13.85 858
13.8667 857
13.8833 855
13.9 854
13.9167 853
13.9333 851
13.95 850
13.9667 849
13.9833 847
14.0 846
14.0167 844
14.0333 843
14.05 841
14.0667 840
14.0833 838
14.1 837
14.1167 835
14.1333 833
14.15 832
14.1667 830
14.1833 828
14.2 827
14.2167 825
14.2333 823
14.25 822
14.2667 820
14.2833 818
14.3 816
14.3167 814
14.3333 813
14.35 811
14.3667 809
14.3833 807
14.4 805
14.4167 803
14.4333 801
14.45 799
14.4667 797
14.4833 795
14.5 793
14.5167 791
14.5333 789
14.55 787
14.5667 785
14.5833 783
14.6 781
14.6167 779
14.6333 776
14.65 774
14.6667 772
14.6833 770
14.7 768
14.7167 765
14.7333 763
14.75 761
14.7667 758
14.7833 756
14.8 754
14.8167 751
14.8333 749
14.85 747
14.8667 744
14.8833 742
14.9 739
14.9167 737
14.9333 734
14.95 732
14.9667 729
14.9833 727
15.0 725
15.0167 722
15.0333 720
15.05 717
15.0667 715
15.0833 712
15.1 709
15.1167 707
15.1333 704
15.15 701
15.1667 699
15.1833 696
15.2 693
15.2167 690
15.2333 688
15.25 685
15.2667 682
15.2833 679
15.3 676
15.3167 674
15.3333 671
15.35 668
15.3667 665
15.3833 662
15.4 659
15.4167 656
15.4333 653
15.45 650
15.4667 647
15.4833 644
15.5 641
15.5167 638
15.5333 635
15.55 632
15.5667 629
15.5833 626
15.6 623
15.6167 620
15.6333 617
15.65 614
15.6667 611
15.6833 607
15.7 604
15.7167 601
15.7333 598
15.75 595
15.7667 591
15.7833 588
15.8 585
15.8167 582
15.8333 579
15.85 575
15.8667 572
15.8833 569
15.9 565
15.9167 562
15.9333 559
15.95 555
15.9667 552
15.9833 549
