9.0 528
9.0167 532
9.0333 535
9.05 539
9.0667 542
9.0833 546
9.1 549
9.1167 552
9.1333 556
9.15 559
9.1667 562
9.1833 566
9.2 569
9.2167 572
9.2333 576
9.25 579
9.2667 582
9.2833 586
9.3 589
9.3167 592
9.3333 595
9.35 599
9.3667 602
9.3833 605
9.4 608
9.4167 612
9.4333 615
9.45 618
9.4667 621
9.4833 624
9.5 628
9.5167 631
9.5333 634
9.55 637
9.5667 640
9.5833 643
9.6 646
9.6167 649
9.6333 652
9.65 655
9.6667 658
9.6833 661
9.7 665
9.7167 668
9.7333 670
9.75 673
9.7667 676
9.7833 679
9.8 682
9.8167 685
9.8333 688
9.85 691
9.8667 694
9.8833 697
9.9 700
9.9167 703
9.9333 705
9.95 708
9.9667 711
9.9833 714
10.0 717
10.0167 719
10.0333 722
10.05 725
10.0667 728
10.0833 730
10.1 733
10.1167 736
10.1333 738
10.15 741
10.1667 744
10.1833 746
10.2 749
10.2167 751
10.2333 754
10.25 757
10.2667 759
10.2833 762
10.3 764
10.3167 767
10.3333 769
10.35 772
10.3667 774
10.3833 777
10.4 779
10.4167 781
10.4333 784
10.45 786
10.4667 789
10.4833 791
10.5 793
10.5167 796
10.5333 798
10.55 800
10.5667 803
10.5833 805
10.6 807
10.6167 809
10.6333 811
10.65 814
10.6667 816
10.6833 818
10.7 820
10.7167 822
10.7333 824
10.75 826
10.7667 829
10.7833 831
10.8 833
10.8167 835
10.8333 837
10.85 839
10.8667 841
10.8833 843
10.9 845
10.9167 847
10.9333 848
10.95 850
10.9667 852
10.9833 854
11.0 856
11.0167 858
11.0333 860
11.05 861
11.0667 863
11.0833 865
11.1 867
11.1167 868
11.1333 870
11.15 872
11.1667 873
11.1833 875
11.2 877
11.2167 878
11.2333 880
11.25 881
11.2667 883
11.2833 885
11.3 886
11.3167 888
11.3333 889
11.35 891
11.3667 892
11.3833 893
11.4 895
11.4167 896
11.4333 898
11.45 899
11.4667 900
11.4833 902
11.5 903
11.5167 904
11.5333 906
11.55 907
11.5667 908
11.5833 909
11.6 910
11.6167 912
11.6333 913
11.65 914
11.6667 915
11.6833 916
11.7 917
11.7167 918
11.7333 919
11.75 920
11.7667 921
11.7833 922
11.8 923
11.8167 924
11.8333 925
11.85 926
11.8667 927
11.8833 928
11.9 929
11.9167 930
11.9333 930
11.95 931
11.9667 932
11.9833 933
12.0 934
12.0167 934
12.0333 935
12.05 936
12.0667 936
12.0833 937
12.1 938
12.1167 938
12.1333 939
12.15 939
12.1667 940
12.1833 940
12.2 941
12.2167 941
12.2333 942
12.25 942
12.2667 943
12.2833 943
12.3 944
12.3167 944
12.3333 944
12.35 945
12.3667 945
12.3833 945
12.4 946
12.4167 946
12.4333 946
12.45 946
12.4667 947
12.4833 947
12.5 947
12.5167 947
12.5333 947
12.55 947
12.5667 947
12.5833 947
12.6 947
12.6167 947
12.6333 947
12.65 947
12.6667 947
12.6833 947
12.7 947
12.7167 947
12.7333 947
12.75 947
12.7667 947
12.7833 947
12.8 946
12.8167 946
12.8333 946
12.85 946
12.8667 946
12.8833 945
12.9 945
12.9167 945
12.9333 944
12.95 944
12.9667 944
12.9833 943
13.0 943
13.0167 942
13.0333 942
13.05 941
13.0667 941
13.0833 940
13.1 940
13.1167 939
13.1333 939
13.15 938
13.1667 937
13.1833 937
13.2 936
13.2167 935
13.2333 935
13.25 934
13.2667 933
13.2833 933
13.3 932
13.3167 931
13.3333 930
13.35 929
13.3667 929
13.3833 928
13.4 927
13.4167 926
13.4333 925
13.45 924
13.4667 923
13.4833 922
13.5 921
13.5167 920
13.5333 919
13.55 918
13.5667 917
13.5833 916
13.6 915
13.6167 914
13.6333 912
13.65 911
13.6667 910
13.6833 909
13.7 908
13.7167 906
13.7333 905
13.75 904
13.7667 903
13.7833 901
13.8 900
13.8167 899
13.8333 897
13.85 896
13.8667 894
13.8833 893
13.9 892
13.9167 890
13.9333 889
13.95 887
13.9667 886
13.9833 884
14.0 883
14.0167 881
14.0333 879
14.05 878
14.0667 876
14.0833 875
14.1 873
14.1167 871
14.1333 870
14.15 868
14.1667 866
14.1833 864
14.2 863
14.2167 861
14.2333 859
14.25 857
14.2667 855
14.2833 854
14.3 852
14.3167 850
14.3333 848
14.35 846
14.3667 844
14.3833 842
14.4 840
14.4167 838
14.4333 836
14.45 834
14.4667 832
14.4833 830
14.5 828
14.5167 826
14.5333 824
14.55 822
14.5667 819
14.5833 817
14.6 815
14.6167 813
14.6333 811
14.65 809
14.6667 806
14.6833 804
14.7 802
14.7167 800
14.7333 797
14.75 795
14.7667 793
14.7833 790
14.8 788
14.8167 786
14.8333 783
14.85 781
14.8667 778
14.8833 776
14.9 773
14.9167 771
14.9333 768
14.95 766
14.9667 763
14.9833 761
15.0 759
15.0167 756
15.0333 753
15.05 751
15.0667 748
15.0833 746
15.1 743
15.1167 740
15.1333 738
15.15 735
15.1667 732
15.1833 730
15.2 727
15.2167 724
15.2333 721
15.25 719
15.2667 716
15.2833 713
15.3 710
15.3167 708
15.3333 705
15.35 702
15.3667 699
15.3833 696
15.4 693
15.4167 690
15.4333 687
15.45 685
15.4667 682
15.4833 679
15.5 676
15.5167 673
15.5333 670
15.55 667
15.5667 664
15.5833 661
15.6 658
15.6167 655
15.6333 652
15.65 649
15.6667 645
15.6833 642
15.7 639
15.7167 636
15.7333 633
15.75 630
15.7667 627
15.7833 624
15.8 620
15.8167 617
15.8333 614
15.85 611
15.8667 608
15.8833 604
15.9 601
15.9167 598
15.9333 595
15.95 591
15.9667 588
15.9833 585
