9.0 494
9.0167 497
9.0333 501
9.05 504
9.0667 508
9.0833 512
9.1 515
9.1167 519
9.1333 522
9.15 526
9.1667 529
9.1833 533
9.2 536
9.2167 540
9.2333 543
9.25 547
9.2667 550
9.2833 554
9.3 557
9.3167 561
9.3333 564
9.35 568
9.3667 571
9.3833 574
9.4 578
9.4167 581
9.4333 585
9.45 588
9.4667 591
9.4833 595
9.5 598
9.5167 601
9.5333 604
9.55 608
9.5667 611
9.5833 614
9.6 618
9.6167 621
9.6333 624
9.65 627
9.6667 630
9.6833 634
9.7 637
9.7167 640
9.7333 643
9.75 646
9.7667 649
9.7833 652
9.8 655
9.8167 659
9.8333 662
9.85 665
9.8667 668
9.8833 671
9.9 674
9.9167 677
9.9333 680
9.95 683
9.9667 686
9.9833 689
10.0 691
10.0167 694
10.0333 697
10.05 700
10.0667 703
10.0833 706
10.1 709
10.1167 711
10.1333 714
10.15 717
10.1667 720
10.1833 723
10.2 725
10.2167 728
10.2333 731
10.25 733
10.2667 736
10.2833 739
10.3 741
10.3167 744
10.3333 747
10.35 749
10.3667 752
10.3833 754
10.4 757
10.4167 759
10.4333 762
10.45 764
10.4667 767
10.4833 769
10.5 772
10.5167 774
10.5333 777
10.55 779
10.5667 782
10.5833 784
10.6 786
10.6167 789
10.6333 791
10.65 793
10.6667 795
10.6833 798
10.7 800
10.7167 802
10.7333 804
10.75 807
10.7667 809
10.7833 811
10.8 813
10.8167 815
10.8333 817
10.85 819
10.8667 821
10.8833 823
10.9 825
10.9167 828
10.9333 830
10.95 831
10.9667 833
10.9833 835
11.0 837
11.0167 839
11.0333 841
11.05 843
11.0667 845
11.0833 847
11.1 848
11.1167 850
11.1333 852
11.15 854
11.1667 856
11.1833 857
11.2 859
11.2167 861
11.2333 862
11.25 864
11.2667 866
11.2833 867
11.3 869
11.3167 870
11.3333 872
11.35 873
11.3667 875
11.3833 876
11.4 878
11.4167 879
11.4333 881
11.45 882
11.4667 884
11.4833 885
11.5 886
11.5167 888
11.5333 889
11.55 890
11.5667 892
11.5833 893
11.6 894
11.6167 895
11.6333 897
11.65 898
11.6667 899
11.6833 900
11.7 901
11.7167 902
11.7333 903
11.75 904
11.7667 905
11.7833 906
11.8 907
11.8167 908
11.8333 909
11.85 910
11.8667 911
11.8833 912
11.9 913
11.9167 914
11.9333 915
11.95 916
11.9667 916
11.9833 917
12.0 918
12.0167 919
12.0333 919
12.05 920
12.0667 921
12.0833 921
12.1 922
12.1167 923
12.1333 923
12.15 924
12.1667 925
12.1833 925
12.2 926
12.2167 926
12.2333 927
12.25 927
12.2667 927
12.2833 928
12.3 928
12.3167 929
12.3333 929
12.35 929
12.3667 930
12.3833 930
12.4 930
12.4167 930
12.4333 931
12.45 931
12.4667 931
12.4833 931
12.5 931
12.5167 932
12.5333 932
12.55 932
12.5667 932
12.5833 932
12.6 932
12.6167 932
12.6333 932
12.65 932
12.6667 932
12.6833 932
12.7 932
12.7167 932
12.7333 932
12.75 931
12.7667 931
12.7833 931
12.8 931
12.8167 931
12.8333 930
12.85 930
12.8667 930
12.8833 929
12.9 929
12.9167 929
12.9333 928
12.95 928
12.9667 928
12.9833 927
13.0 927
13.0167 926
13.0333 926
13.05 925
13.0667 925
13.0833 924
13.1 923
13.1167 923
13.1333 922
13.15 922
13.1667 921
13.1833 920
13.2 920
13.2167 919
13.2333 918
13.25 917
13.2667 917
13.2833 916
13.3 915
13.3167 914
13.3333 913
13.35 912
13.3667 911
13.3833 911
13.4 910
13.4167 909
13.4333 908
13.45 907
13.4667 906
13.4833 905
13.5 904
13.5167 902
13.5333 901
13.55 900
13.5667 899
13.5833 898
13.6 897
13.6167 896
13.6333 894
13.65 893
13.6667 892
13.6833 891
13.7 889
13.7167 888
13.7333 887
13.75 885
13.7667 884
13.7833 882
13.8 881
13.8167 880
13.8333 878
13.85 877
13.8667 875
13.8833 874
13.9 872
13.9167 871
13.9333 869
13.95 867
13.9667 866
13.9833 864
14.0 863
14.0167 861
14.0333 859
14.05 858
14.0667 856
14.0833 854
14.1 852
14.1167 851
14.1333 849
14.15 847
14.1667 845
14.1833 843
14.2 841
14.2167 840
14.2333 838
14.25 836
14.2667 834
14.2833 832
14.3 830
14.3167 828
14.3333 826
14.35 824
14.3667 822
14.3833 820
14.4 818
14.4167 816
14.4333 813
14.45 811
14.4667 809
14.4833 807
14.5 805
14.5167 803
14.5333 800
14.55 798
14.5667 796
14.5833 794
14.6 791
14.6167 789
14.6333 787
14.65 784
14.6667 782
14.6833 780
14.7 777
14.7167 775
14.7333 772
14.75 770
14.7667 767
14.7833 765
14.8 762
14.8167 760
14.8333 757
14.85 755
14.8667 752
14.8833 750
14.9 747
14.9167 745
14.9333 742
14.95 739
14.9667 737
14.9833 734
15.0 730
15.0167 728
15.0333 725
15.05 722
15.0667 719
15.0833 717
15.1 714
15.1167 711
15.1333 708
15.15 705
15.1667 703
15.1833 700
15.2 697
15.2167 694
15.2333 691
15.25 688
15.2667 685
15.2833 682
15.3 679
15.3167 676
15.3333 673
15.35 670
15.3667 667
15.3833 664
15.4 661
15.4167 658
15.4333 655
15.45 652
15.4667 649
15.4833 646
15.5 643
15.5167 640
15.5333 636
15.55 633
15.5667 630
15.5833 627
15.6 624
15.6167 620
15.6333 617
15.65 614
15.6667 611
15.6833 607
15.7 604
15.7167 601
15.7333 598
15.75 594
15.7667 591
15.7833 588
15.8 584
15.8167 581
15.8333 577
15.85 574
15.8667 571
15.8833 567
15.9 564
15.9167 560
15.9333 557
15.95 554
15.9667 550
15.9833 547
