9.0 459
9.0167 462
9.0333 465
9.05 469
9.0667 472
9.0833 476
9.1 479
9.1167 483
9.1333 486
9.15 490
9.1667 493
9.1833 497
9.2 500
9.2167 504
9.2333 507
9.25 511
9.2667 514
9.2833 517
9.3 521
9.3167 524
9.3333 527
9.35 531
9.3667 534
9.3833 537
9.4 541
9.4167 544
9.4333 547
9.45 551
9.4667 554
9.4833 557
9.5 560
9.5167 564
9.5333 567
9.55 570
9.5667 573
9.5833 576
9.6 580
9.6167 583
9.6333 586
9.65 589
9.6667 592
9.6833 595
9.7 598
9.7167 601
9.7333 604
9.75 607
9.7667 610
9.7833 613
9.8 616
9.8167 619
9.8333 622
9.85 625
9.8667 628
9.8833 631
9.9 634
9.9167 637
9.9333 640
9.95 643
9.9667 645
9.9833 648
10.0 651
10.0167 654
10.0333 657
10.05 659
10.0667 662
10.0833 665
10.1 668
10.1167 670
10.1333 673
10.15 676
10.1667 678
10.1833 681
10.2 684
10.2167 686
10.2333 689
10.25 691
10.2667 694
10.2833 697
10.3 699
10.3167 702
10.3333 704
10.35 707
10.3667 709
10.3833 711
10.4 714
10.4167 716
10.4333 719
10.45 721
10.4667 723
10.4833 726
10.5 728
10.5167 730
10.5333 733
10.55 735
10.5667 737
10.5833 739
10.6 742
10.6167 744
10.6333 746
10.65 748
10.6667 750
10.6833 753
10.7 755
10.7167 757
10.7333 759
10.75 761
10.7667 763
10.7833 765
10.8 767
10.8167 769
10.8333 771
10.85 773
10.8667 775
10.8833 777
10.9 779
10.9167 780
10.9333 782
10.95 784
10.9667 786
10.9833 788
11.0 790
11.0167 791
11.0333 793
11.05 795
11.0667 797
11.0833 798
11.1 800
11.1167 802
11.1333 803
11.15 805
11.1667 806
11.1833 808
11.2 809
11.2167 811
11.2333 813
11.25 814
11.2667 816
11.2833 817
11.3 818
11.3167 820
11.3333 821
11.35 823
11.3667 824
11.3833 825
11.4 827
11.4167 828
11.4333 829
11.45 831
11.4667 832
11.4833 833
11.5 834
11.5167 835
11.5333 837
11.55 838
11.5667 839
11.5833 840
11.6 841
11.6167 842
11.6333 843
11.65 844
11.6667 845
11.6833 846
11.7 847
11.7167 848
11.7333 849
11.75 850
11.7667 851
11.7833 852
11.8 852
11.8167 853
11.8333 854
11.85 855
11.8667 856
11.8833 856
11.9 857
11.9167 858
11.9333 858
11.95 859
11.9667 860
11.9833 860
12.0 861
12.0167 862
12.0333 862
12.05 863
12.0667 863
12.0833 864
12.1 864
12.1167 865
12.1333 865
12.15 865
12.1667 866
12.1833 866
12.2 867
12.2167 867
12.2333 867
12.25 868
12.2667 868
12.2833 868
12.3 868
12.3167 869
12.3333 869
12.35 869
12.3667 869
12.3833 869
12.4 869
12.4167 869
12.4333 869
12.45 869
12.4667 869
12.4833 869
12.5 869
12.5167 869
12.5333 869
12.55 869
12.5667 869
12.5833 869
12.6 869
12.6167 869
12.6333 869
12.65 868
12.6667 868
12.6833 868
12.7 868
12.7167 867
12.7333 867
12.75 867
12.7667 866
12.7833 866
12.8 866
12.8167 865
12.8333 865
12.85 864
12.8667 864
12.8833 863
12.9 863
12.9167 862
12.9333 862
12.95 861
12.9667 861
12.9833 860
13.0 859
13.0167 859
13.0333 858
13.05 857
13.0667 857
13.0833 856
13.1 855
13.1167 854
13.1333 854
13.15 853
13.1667 852
13.1833 851
13.2 850
13.2167 849
13.2333 848
13.25 847
13.2667 846
13.2833 845
13.3 844
13.3167 843
13.3333 842
13.35 841
13.3667 840
13.3833 839
13.4 838
13.4167 837
13.4333 836
13.45 835
13.4667 833
13.4833 832
13.5 831
13.5167 830
13.5333 828
13.55 827
13.5667 826
13.5833 825
13.6 823
13.6167 822
13.6333 820
13.65 819
13.6667 818
13.6833 816
13.7 815
13.7167 813
13.7333 812
13.75 810
13.7667 809
13.7833 807
13.8 805
13.8167 804
13.8333 802
13.85 800
13.8667 799
13.8833 797
13.9 795
13.9167 794
13.9333 792
13.95 790
13.9667 788
13.9833 787
14.0 785
14.0167 783
14.0333 781
14.05 779
14.0667 777
14.0833 775
14.1 774
14.1167 772
14.1333 770
14.15 768
14.1667 766
14.1833 764
14.2 762
14.2167 760
14.2333 757
14.25 755
14.2667 753
14.2833 751
14.3 749
14.3167 747
14.3333 745
14.35 742
14.3667 740
14.3833 738
14.4 736
14.4167 734
14.4333 731
14.45 729
14.4667 727
14.4833 724
14.5 722
14.5167 720
14.5333 717
14.55 715
14.5667 712
14.5833 710
14.6 707
14.6167 705
14.6333 702
14.65 700
14.6667 697
14.6833 695
14.7 692
14.7167 690
14.7333 687
14.75 685
14.7667 682
14.7833 679
14.8 677
14.8167 674
14.8333 671
14.85 669
14.8667 666
14.8833 663
14.9 660
14.9167 658
14.9333 655
14.95 652
14.9667 649
14.9833 646
15.0 643
15.0167 640
15.0333 637
15.05 634
15.0667 631
15.0833 628
15.1 625
15.1167 622
15.1333 619
15.15 616
15.1667 613
15.1833 610
15.2 607
15.2167 604
15.2333 601
15.25 598
15.2667 595
15.2833 592
15.3 589
15.3167 586
15.3333 583
15.35 580
15.3667 576
15.3833 573
15.4 570
15.4167 567
15.4333 564
15.45 560
15.4667 557
15.4833 554
15.5 551
15.5167 547
15.5333 544
15.55 541
15.5667 538
15.5833 534
15.6 531
15.6167 528
15.6333 524
15.65 521
15.6667 517
15.6833 514
15.7 511
15.7167 507
15.7333 504
15.75 500
15.7667 497
15.7833 494
15.8 490
15.8167 487
15.8333 483
15.85 480
15.8667 476
15.8833 473
15.9 469
15.9167 466
15.9333 462
15.95 458
15.9667 455
15.9833 451
