9.0 451
9.0167 454
9.0333 457
9.05 461
9.0667 464
9.0833 468
9.1 471
9.1167 475
9.1333 478
9.15 482
9.1667 485
9.1833 488
9.2 492
9.2167 495
9.2333 499
9.25 502
9.2667 505
9.2833 509
9.3 512
9.3167 515
9.3333 519
9.35 522
9.3667 525
9.3833 529
9.4 532
9.4167 535
9.4333 538
9.45 542
9.4667 545
9.4833 548
9.5 551
9.5167 554
9.5333 557
9.55 561
9.5667 564
9.5833 567
9.6 570
9.6167 573
9.6333 576
9.65 579
9.6667 582
9.6833 585
9.7 588
9.7167 591
9.7333 594
9.75 597
9.7667 600
9.7833 603
9.8 606
9.8167 609
9.8333 612
9.85 615
9.8667 618
9.8833 620
9.9 623
9.9167 626
9.9333 629
9.95 632
9.9667 635
9.9833 637
10.0 640
10.0167 643
10.0333 645
10.05 648
10.0667 651
10.0833 654
10.1 656
10.1167 659
10.1333 661
10.15 664
10.1667 667
10.1833 669
10.2 672
10.2167 674
10.2333 677
10.25 679
10.2667 682
10.2833 684
10.3 687
10.3167 689
10.3333 692
10.35 694
10.3667 696
10.3833 699
10.4 701
10.4167 703
10.4333 706
10.45 708
10.4667 710
10.4833 713
10.5 715
10.5167 717
10.5333 719
10.55 722
10.5667 724
10.5833 726
10.6 728
10.6167 730
10.6333 732
10.65 734
10.6667 736
10.6833 738
10.7 740
10.7167 742
10.7333 744
10.75 746
10.7667 748
10.7833 750
10.8 752
10.8167 754
10.8333 756
10.85 758
10.8667 760
10.8833 762
10.9 763
10.9167 765
10.9333 767
10.95 769
10.9667 771
10.9833 772
11.0 774
11.0167 776
11.0333 777
11.05 779
11.0667 781
11.0833 782
11.1 784
11.1167 785
11.1333 787
11.15 788
11.1667 790
11.1833 791
11.2 793
11.2167 794
11.2333 796
11.25 797
11.2667 799
11.2833 800
11.3 801
11.3167 803
11.3333 804
11.35 805
11.3667 807
11.3833 808
11.4 809
11.4167 810
11.4333 812
11.45 813
11.4667 814
11.4833 815
11.5 816
11.5167 817
11.5333 818
11.55 819
11.5667 820
11.5833 821
11.6 822
11.6167 823
11.6333 824
11.65 825
11.6667 826
11.6833 827
11.7 828
11.7167 829
11.7333 830
11.75 831
11.7667 831
11.7833 832
11.8 833
11.8167 834
11.8333 834
11.85 835
11.8667 836
11.8833 836
11.9 837
11.9167 838
11.9333 838
11.95 839
11.9667 839
11.9833 840
12.0 840
12.0167 841
12.0333 841
12.05 842
12.0667 842
12.0833 843
12.1 843
12.1167 844
12.1333 844
12.15 844
12.1667 845
12.1833 845
12.2 845
12.2167 845
12.2333 846
12.25 846
12.2667 846
12.2833 846
12.3 846
12.3167 846
12.3333 847
12.35 847
12.3667 847
12.3833 847
12.4 847
12.4167 847
12.4333 847
12.45 847
12.4667 847
12.4833 847
12.5 847
12.5167 846
12.5333 846
12.55 846
12.5667 846
12.5833 846
12.6 846
12.6167 845
12.6333 845
12.65 845
12.6667 845
12.6833 844
12.7 844
12.7167 843
12.7333 843
12.75 843
12.7667 842
12.7833 842
12.8 841
12.8167 841
12.8333 840
12.85 840
12.8667 839
12.8833 839
12.9 838
12.9167 838
12.9333 837
12.95 836
12.9667 836
12.9833 835
13.0 834
13.0167 834
13.0333 833
13.05 832
13.0667 831
13.0833 830
13.1 830
13.1167 829
13.1333 828
13.15 827
13.1667 826
13.1833 825
13.2 824
13.2167 823
13.2333 822
13.25 821
13.2667 820
13.2833 819
13.3 818
13.3167 817
13.3333 816
13.35 815
13.3667 814
13.3833 812
13.4 811
13.4167 810
13.4333 809
13.45 808
13.4667 806
13.4833 805
13.5 804
13.5167 802
13.5333 801
13.55 800
13.5667 798
13.5833 797
13.6 796
13.6167 794
13.6333 793
13.65 791
13.6667 790
13.6833 788
13.7 787
13.7167 785
13.7333 784
13.75 782
13.7667 780
13.7833 779
13.8 777
13.8167 775
13.8333 774
13.85 772
13.8667 770
13.8833 768
13.9 767
13.9167 765
13.9333 763
13.95 761
13.9667 759
13.9833 758
14.0 756
14.0167 754
14.0333 752
14.05 750
14.0667 748
14.0833 746
14.1 744
14.1167 742
14.1333 740
14.15 738
14.1667 736
14.1833 734
14.2 732
14.2167 730
14.2333 728
14.25 725
14.2667 723
14.2833 721
14.3 719
14.3167 717
14.3333 714
14.35 712
14.3667 710
14.3833 708
14.4 705
14.4167 703
14.4333 701
14.45 698
14.4667 696
14.4833 694
14.5 691
14.5167 689
14.5333 686
14.55 684
14.5667 681
14.5833 679
14.6 676
14.6167 674
14.6333 671
14.65 669
14.6667 666
14.6833 664
14.7 661
14.7167 658
14.7333 656
14.75 653
14.7667 650
14.7833 648
14.8 645
14.8167 642
14.8333 640
14.85 637
14.8667 634
14.8833 631
14.9 628
14.9167 626
14.9333 623
14.95 620
14.9667 617
14.9833 614
15.0 610
15.0167 607
15.0333 605
15.05 602
15.0667 599
15.0833 596
15.1 593
15.1167 590
15.1333 587
15.15 584
15.1667 581
15.1833 578
15.2 575
15.2167 571
15.2333 568
15.25 565
15.2667 562
15.2833 559
15.3 556
15.3167 553
15.3333 550
15.35 546
15.3667 543
15.3833 540
15.4 537
15.4167 533
15.4333 530
15.45 527
15.4667 524
15.4833 520
15.5 517
15.5167 514
15.5333 510
15.55 507
15.5667 504
15.5833 500
15.6 497
15.6167 494
15.6333 490
15.65 487
15.6667 483
15.6833 480
15.7 477
15.7167 473
15.7333 470
15.75 466
15.7667 463
15.7833 459
15.8 456
15.8167 452
15.8333 449
15.85 445
15.8667 441
15.8833 438
15.9 434
15.9167 431
15.9333 427
15.95 424
15.9667 420
15.9833 416
