9.0 349
9.0167 352
9.0333 355
9.05 358
9.0667 362
9.0833 365
9.1 368
9.1167 372
9.1333 375
9.15 378
9.1667 382
9.1833 385
9.2 388
9.2167 391
9.2333 395
9.25 398
9.2667 401
9.2833 404
9.3 407
9.3167 411
9.3333 414
9.35 417
9.3667 420
9.3833 423
9.4 426
9.4167 429
9.4333 433
9.45 436
9.4667 439
9.4833 442
9.5 445
9.5167 448
9.5333 451
9.55 454
9.5667 457
9.5833 460
9.6 463
9.6167 466
9.6333 469
9.65 472
9.6667 475
9.6833 478
9.7 481
9.7167 484
9.7333 487
9.75 489
9.7667 492
9.7833 495
9.8 498
9.8167 501
9.8333 504
9.85 506
9.8667 509
9.8833 512
9.9 515
9.9167 517
9.9333 520
9.95 523
9.9667 526
9.9833 528
10.0 531
10.0167 534
10.0333 536
10.05 539
10.0667 541
10.0833 544
10.1 547
10.1167 549
10.1333 552
10.15 554
10.1667 557
10.1833 559
10.2 562
10.2167 564
10.2333 567
10.25 569
10.2667 572
10.2833 574
10.3 576
10.3167 579
10.3333 581
10.35 583
10.3667 586
10.3833 588
10.4 590
10.4167 593
10.4333 595
10.45 597
10.4667 599
10.4833 602
10.5 604
10.5167 606
10.5333 608
10.55 610
10.5667 612
10.5833 615
10.6 617
10.6167 619
10.6333 621
10.65 623
10.6667 625
10.6833 627
10.7 629
10.7167 631
10.7333 633
10.75 635
10.7667 637
10.7833 639
10.8 641
10.8167 642
10.8333 644
10.85 646
10.8667 648
10.8833 650
10.9 652
10.9167 653
10.9333 655
10.95 657
10.9667 658
10.9833 660
11.0 662
11.0167 664
11.0333 665
11.05 667
11.0667 668
11.0833 670
11.1 672
11.1167 673
11.1333 675
11.15 676
11.1667 678
11.1833 679
11.2 681
11.2167 682
11.2333 683
11.25 685
11.2667 686
11.2833 688
11.3 689
11.3167 690
11.3333 692
11.35 693
11.3667 694
11.3833 695
11.4 697
11.4167 698
11.4333 699
11.45 700
11.4667 701
11.4833 702
11.5 704
11.5167 705
11.5333 706
11.55 707
11.5667 708
11.5833 709
11.6 710
11.6167 711
11.6333 712
11.65 713
11.6667 714
11.6833 715
11.7 715
11.7167 716
11.7333 717
11.75 718
11.7667 719
11.7833 720
11.8 720
11.8167 721
11.8333 722
11.85 723
11.8667 723
11.8833 724
11.9 725
11.9167 725
11.9333 726
11.95 726
11.9667 727
11.9833 728
12.0 728
12.0167 729
12.0333 729
12.05 730
12.0667 730
12.0833 730
12.1 731
12.1167 731
12.1333 732
12.15 732
12.1667 732
12.1833 733
12.2 733
12.2167 733
12.2333 733
12.25 734
12.2667 734
12.2833 734
12.3 734
12.3167 734
12.3333 735
12.35 735
12.3667 735
12.3833 735
12.4 735
12.4167 735
12.4333 735
12.45 735
12.4667 735
12.4833 735
12.5 735
12.5167 735
12.5333 735
12.55 735
12.5667 734
12.5833 734
12.6 734
12.6167 734
12.6333 734
12.65 733
12.6667 733
12.6833 733
12.7 733
12.7167 732
12.7333 732
12.75 732
12.7667 731
12.7833 731
12.8 730
12.8167 730
12.8333 730
12.85 729
12.8667 729
12.8833 728
12.9 727
12.9167 727
12.9333 726
12.95 726
12.9667 725
12.9833 725
13.0 724
13.0167 723
13.0333 723
13.05 722
13.0667 721
13.0833 720
13.1 720
13.1167 719
13.1333 718
13.15 717
13.1667 716
13.1833 715
13.2 715
13.2167 714
13.2333 713
13.25 712
13.2667 711
13.2833 710
13.3 709
13.3167 708
13.3333 707
13.35 706
13.3667 705
13.3833 703
13.4 702
13.4167 701
13.4333 700
13.45 699
13.4667 698
13.4833 696
13.5 695
13.5167 694
13.5333 693
13.55 691
13.5667 690
13.5833 689
13.6 687
13.6167 686
13.6333 685
13.65 683
13.6667 682
13.6833 680
13.7 679
13.7167 678
13.7333 676
13.75 675
13.7667 673
13.7833 671
13.8 670
13.8167 668
13.8333 667
13.85 665
13.8667 663
13.8833 662
13.9 660
13.9167 658
13.9333 657
13.95 655
13.9667 653
13.9833 651
14.0 650
14.0167 648
14.0333 646
14.05 644
14.0667 642
14.0833 640
14.1 639
14.1167 637
14.1333 635
14.15 633
14.1667 631
14.1833 629
14.2 627
14.2167 625
14.2333 623
14.25 621
14.2667 619
14.2833 617
14.3 615
14.3167 612
14.3333 610
14.35 608
14.3667 606
14.3833 604
14.4 602
14.4167 599
14.4333 597
14.45 595
14.4667 593
14.4833 590
14.5 588
14.5167 586
14.5333 583
14.55 581
14.5667 579
14.5833 576
14.6 574
14.6167 571
14.6333 569
14.65 567
14.6667 564
14.6833 562
14.7 559
14.7167 557
14.7333 554
14.75 552
14.7667 549
14.7833 547
14.8 544
14.8167 541
14.8333 539
14.85 536
14.8667 533
14.8833 531
14.9 528
14.9167 525
14.9333 523
14.95 520
14.9667 517
14.9833 515
15.0 511
15.0167 508
15.0333 506
15.05 503
15.0667 500
15.0833 497
15.1 494
15.1167 492
15.1333 489
15.15 486
15.1667 483
15.1833 480
15.2 477
15.2167 474
15.2333 471
15.25 468
15.2667 465
15.2833 462
15.3 459
15.3167 456
15.3333 453
15.35 450
15.3667 447
15.3833 444
15.4 441
15.4167 438
15.4333 435
15.45 432
15.4667 429
15.4833 426
15.5 423
15.5167 419
15.5333 416
15.55 413
15.5667 410
15.5833 407
15.6 404
15.6167 400
15.6333 397
15.65 394
15.6667 391
15.6833 387
15.7 384
15.7167 381
15.7333 378
15.75 374
15.7667 371
15.7833 368
15.8 364
15.8167 361
15.8333 358
15.85 354
15.8667 351
15.8833 348
15.9 344
15.9167 341
15.9333 338
15.95 334
15.9667 331
15.9833 327
