9.0 369
9.0167 372
9.0333 375
9.05 378
9.0667 381
9.0833 385
9.1 388
9.1167 391
9.1333 395
9.15 398
9.1667 401
9.1833 404
9.2 408
9.2167 411
9.2333 414
9.25 417
9.2667 421
9.2833 424
9.3 427
9.3167 430
9.3333 433
9.35 436
9.3667 440
9.3833 443
9.4 446
9.4167 449
9.4333 452
9.45 455
9.4667 458
9.4833 461
9.5 464
9.5167 467
9.5333 470
9.55 473
9.5667 476
9.5833 479
9.6 482
9.6167 485
9.6333 488
9.65 491
9.6667 494
9.6833 497
9.7 500
9.7167 503
9.7333 506
9.75 509
9.7667 511
9.7833 514
9.8 517
9.8167 520
9.8333 523
9.85 525
9.8667 528
9.8833 531
9.9 534
9.9167 536
9.9333 539
9.95 542
9.9667 545
9.9833 547
10.0 550
10.0167 553
10.0333 555
10.05 558
10.0667 560
10.0833 563
10.1 566
10.1167 568
10.1333 571
10.15 573
10.1667 576
10.1833 578
10.2 581
10.2167 583
10.2333 586
10.25 588
10.2667 590
10.2833 593
10.3 595
10.3167 597
10.3333 600
10.35 602
10.3667 604
10.3833 607
10.4 609
10.4167 611
10.4333 614
10.45 616
10.4667 618
10.4833 620
10.5 622
10.5167 625
10.5333 627
10.55 629
10.5667 631
10.5833 633
10.6 635
10.6167 637
10.6333 639
10.65 641
10.6667 643
10.6833 645
10.7 647
10.7167 649
10.7333 651
10.75 653
10.7667 655
10.7833 657
10.8 659
10.8167 661
10.8333 662
10.85 664
10.8667 666
10.8833 668
10.9 670
10.9167 671
10.9333 673
10.95 675
10.9667 677
10.9833 678
11.0 680
11.0167 682
11.0333 683
11.05 685
11.0667 686
11.0833 688
11.1 689
11.1167 691
11.1333 692
11.15 694
11.1667 695
11.1833 697
11.2 698
11.2167 700
11.2333 701
11.25 703
11.2667 704
11.2833 705
11.3 707
11.3167 708
11.3333 709
11.35 710
11.3667 712
11.3833 713
11.4 714
11.4167 715
11.4333 716
11.45 718
11.4667 719
11.4833 720
11.5 721
11.5167 722
11.5333 723
11.55 724
11.5667 725
11.5833 726
11.6 727
11.6167 728
11.6333 729
11.65 730
11.6667 731
11.6833 732
11.7 732
11.7167 733
11.7333 734
11.75 735
11.7667 736
11.7833 736
11.8 737
11.8167 738
11.8333 739
11.85 739
11.8667 740
11.8833 741
11.9 741
11.9167 742
11.9333 742
11.95 743
11.9667 744
11.9833 744
12.0 745
12.0167 745
12.0333 745
12.05 746
12.0667 746
12.0833 747
12.1 747
12.1167 748
12.1333 748
12.15 748
12.1667 748
12.1833 749
12.2 749
12.2167 749
12.2333 749
12.25 750
12.2667 750
12.2833 750
12.3 750
12.3167 750
12.3333 750
12.35 750
12.3667 751
12.3833 751
12.4 751
12.4167 751
12.4333 751
12.45 751
12.4667 751
12.4833 750
12.5 750
12.5167 750
12.5333 750
12.55 750
12.5667 750
12.5833 750
12.6 749
12.6167 749
12.6333 749
12.65 749
12.6667 748
12.6833 748
12.7 748
12.7167 747
12.7333 747
12.75 746
12.7667 746
12.7833 746
12.8 745
12.8167 745
12.8333 744
12.85 744
12.8667 743
12.8833 743
12.9 742
12.9167 741
12.9333 741
12.95 740
12.9667 739
12.9833 739
13.0 738
13.0167 737
13.0333 737
13.05 736
13.0667 735
13.0833 734
13.1 733
13.1167 733
13.1333 732
13.15 731
13.1667 730
13.1833 729
13.2 728
13.2167 727
13.2333 726
13.25 725
13.2667 724
13.2833 723
13.3 722
13.3167 721
13.3333 720
13.35 719
13.3667 718
13.3833 717
13.4 715
13.4167 714
13.4333 713
13.45 712
13.4667 711
13.4833 709
13.5 708
13.5167 707
13.5333 705
13.55 704
13.5667 703
13.5833 701
13.6 700
13.6167 699
13.6333 697
13.65 696
13.6667 694
13.6833 693
13.7 691
13.7167 690
13.7333 688
13.75 687
13.7667 685
13.7833 683
13.8 682
13.8167 680
13.8333 679
13.85 677
13.8667 675
13.8833 673
13.9 672
13.9167 670
13.9333 668
13.95 666
13.9667 665
13.9833 663
14.0 661
14.0167 659
14.0333 657
14.05 655
14.0667 653
14.0833 652
14.1 650
14.1167 648
14.1333 646
14.15 644
14.1667 642
14.1833 640
14.2 638
14.2167 636
14.2333 633
14.25 631
14.2667 629
14.2833 627
14.3 625
14.3167 623
14.3333 621
14.35 618
14.3667 616
14.3833 614
14.4 612
14.4167 609
14.4333 607
14.45 605
14.4667 603
14.4833 600
14.5 598
14.5167 596
14.5333 593
14.55 591
14.5667 588
14.5833 586
14.6 584
14.6167 581
14.6333 579
14.65 576
14.6667 574
14.6833 571
14.7 569
14.7167 566
14.7333 563
14.75 561
14.7667 558
14.7833 556
14.8 553
14.8167 550
14.8333 548
14.85 545
14.8667 542
14.8833 540
14.9 537
14.9167 534
14.9333 532
14.95 529
14.9667 526
14.9833 523
15.0 520
15.0167 517
15.0333 514
15.05 511
15.0667 508
15.0833 505
15.1 503
15.1167 500
15.1333 497
15.15 494
15.1667 491
15.1833 488
15.2 485
15.2167 482
15.2333 479
15.25 476
15.2667 473
15.2833 470
15.3 467
15.3167 464
15.3333 461
15.35 458
15.3667 455
15.3833 452
15.4 449
15.4167 446
15.4333 442
15.45 439
15.4667 436
15.4833 433
15.5 430
15.5167 427
15.5333 424
15.55 420
15.5667 417
15.5833 414
15.6 411
15.6167 407
15.6333 404
15.65 401
15.6667 398
15.6833 394
15.7 391
15.7167 388
15.7333 385
15.75 381
15.7667 378
15.7833 375
15.8 371
15.8167 368
15.8333 365
15.85 361
15.8667 358
15.8833 355
15.9 351
15.9167 348
15.9333 345
15.95 341
15.9667 338
15.9833 334
