9.0 250
9.0167 254
9.0333 257
9.05 261
9.0667 264
9.0833 268
9.1 271
9.1167 275
9.1333 278
9.15 281
9.1667 285
9.1833 288
9.2 292
9.2167 295
9.2333 298
9.25 302
9.2667 305
9.2833 308
9.3 312
9.3167 315
9.3333 319
9.35 322
9.3667 325
9.3833 329
9.4 332
9.4167 335
9.4333 338
9.45 342
9.4667 345
9.4833 348
9.5 352
9.5167 355
9.5333 358
9.55 361
9.5667 365
9.5833 368
9.6 371
9.6167 374
9.6333 377
9.65 381
9.6667 384
9.6833 387
9.7 390
9.7167 393
9.7333 396
9.75 400
9.7667 403
9.7833 406
9.8 409
9.8167 412
9.8333 415
9.85 418
9.8667 421
9.8833 424
9.9 427
9.9167 430
9.9333 433
9.95 436
9.9667 439
9.9833 442
10.0 445
10.0167 448
10.0333 451
10.05 454
10.0667 457
10.0833 460
10.1 463
10.1167 466
10.1333 469
10.15 471
10.1667 474
10.1833 477
10.2 480
10.2167 483
10.2333 485
10.25 488
10.2667 491
10.2833 494
10.3 496
10.3167 499
10.3333 502
10.35 504
10.3667 507
10.3833 510
10.4 512
10.4167 515
10.4333 518
10.45 520
10.4667 523
10.4833 525
10.5 528
10.5167 531
10.5333 533
10.55 536
10.5667 538
10.5833 541
10.6 543
10.6167 545
10.6333 548
10.65 550
10.6667 553
10.6833 555
10.7 557
10.7167 560
10.7333 562
10.75 564
10.7667 567
10.7833 569
10.8 571
10.8167 574
10.8333 576
10.85 578
10.8667 580
10.8833 582
10.9 585
10.9167 587
10.9333 589
10.95 591
10.9667 593
10.9833 595
11.0 597
11.0167 599
11.0333 601
11.05 603
11.0667 605
11.0833 607
11.1 609
11.1167 611
11.1333 613
11.15 615
11.1667 617
11.1833 619
11.2 621
11.2167 623
11.2333 625
11.25 626
11.2667 628
11.2833 630
11.3 632
11.3167 633
11.3333 635
11.35 637
11.3667 639
11.3833 640
11.4 642
11.4167 644
11.4333 645
11.45 647
11.4667 648
11.4833 650
11.5 651
11.5167 653
11.5333 654
11.55 656
11.5667 657
11.5833 659
11.6 660
11.6167 662
11.6333 663
11.65 665
11.6667 666
11.6833 667
11.7 669
11.7167 670
11.7333 671
11.75 672
11.7667 674
11.7833 675
11.8 676
11.8167 677
11.8333 678
11.85 680
11.8667 681
11.8833 682
11.9 683
11.9167 684
11.9333 685
11.95 686
11.9667 687
11.9833 688
12.0 689
12.0167 690
12.0333 691
12.05 692
12.0667 693
12.0833 694
12.1 695
12.1167 696
12.1333 696
12.15 697
12.1667 698
12.1833 699
12.2 700
12.2167 700
12.2333 701
12.25 702
12.2667 702
12.2833 703
12.3 704
12.3167 704
12.3333 705
12.35 705
12.3667 706
12.3833 706
12.4 707
12.4167 707
12.4333 708
12.45 708
12.4667 709
12.4833 709
12.5 710
12.5167 710
12.5333 710
12.55 711
12.5667 711
12.5833 711
12.6 712
12.6167 712
12.6333 712
12.65 712
12.6667 713
12.6833 713
12.7 713
12.7167 713
12.7333 713
12.75 713
12.7667 713
12.7833 713
12.8 714
12.8167 714
12.8333 714
12.85 714
12.8667 714
12.8833 713
12.9 713
12.9167 713
12.9333 713
12.95 713
12.9667 713
12.9833 713
13.0 713
13.0167 712
13.0333 712
13.05 712
13.0667 712
13.0833 711
13.1 711
13.1167 711
13.1333 710
13.15 710
13.1667 710
13.1833 709
13.2 709
13.2167 708
13.2333 708
13.25 707
13.2667 707
13.2833 706
13.3 706
13.3167 705
13.3333 705
13.35 704
13.3667 703
13.3833 703
13.4 702
13.4167 701
13.4333 701
13.45 700
13.4667 699
13.4833 698
13.5 698
13.5167 697
13.5333 696
13.55 695
13.5667 694
13.5833 693
13.6 693
13.6167 692
13.6333 691
13.65 690
13.6667 689
13.6833 688
13.7 687
13.7167 686
13.7333 685
13.75 684
13.7667 683
13.7833 681
13.8 680
13.8167 679
13.8333 678
13.85 677
13.8667 676
13.8833 674
13.9 673
13.9167 672
13.9333 671
13.95 669
13.9667 668
13.9833 667
14.0 665
14.0167 664
14.0333 663
14.05 661
14.0667 660
14.0833 658
14.1 657
14.1167 655
14.1333 654
14.15 652
14.1667 651
14.1833 649
14.2 648
14.2167 646
14.2333 644
14.25 643
14.2667 641
14.2833 640
14.3 638
14.3167 636
14.3333 634
14.35 633
14.3667 631
14.3833 629
14.4 627
14.4167 626
14.4333 624
14.45 622
14.4667 620
14.4833 618
14.5 616
14.5167 614
14.5333 612
14.55 610
14.5667 609
14.5833 607
14.6 605
14.6167 603
14.6333 601
14.65 598
14.6667 596
14.6833 594
14.7 592
14.7167 590
14.7333 588
14.75 586
14.7667 584
14.7833 581
14.8 579
14.8167 577
14.8333 575
14.85 573
14.8667 570
14.8833 568
14.9 566
14.9167 563
14.9333 561
14.95 559
14.9667 556
14.9833 554
15.0 552
15.0167 550
15.0333 548
15.05 545
15.0667 543
15.0833 540
15.1 538
15.1167 535
15.1333 533
15.15 530
15.1667 528
15.1833 525
15.2 523
15.2167 520
15.2333 517
15.25 515
15.2667 512
15.2833 509
15.3 507
15.3167 504
15.3333 501
15.35 499
15.3667 496
15.3833 493
15.4 491
15.4167 488
15.4333 485
15.45 482
15.4667 479
15.4833 477
15.5 474
15.5167 471
15.5333 468
15.55 465
15.5667 462
15.5833 459
15.6 457
15.6167 454
15.6333 451
15.65 448
15.6667 445
15.6833 442
15.7 439
15.7167 436
15.7333 433
15.75 430
15.7667 427
15.7833 424
15.8 421
15.8167 418
15.8333 415
15.85 412
15.8667 408
15.8833 405
15.9 402
15.9167 399
15.9333 396
15.95 393
15.9667 390
15.9833 386
