9.0 412
9.0167 416
9.0333 420
9.05 424
9.0667 427
9.0833 431
9.1 435
9.1167 438
9.1333 442
9.15 446
9.1667 449
9.1833 453
9.2 457
9.2167 460
9.2333 464
9.25 468
9.2667 471
9.2833 475
9.3 478
9.3167 482
9.3333 486
9.35 489
9.3667 493
9.3833 496
9.4 500
9.4167 503
9.4333 507
9.45 510
9.4667 514
9.4833 517
9.5 521
9.5167 524
9.5333 528
9.55 531
9.5667 535
9.5833 538
9.6 541
9.6167 545
9.6333 548
9.65 552
9.6667 555
9.6833 558
9.7 562
9.7167 565
9.7333 568
9.75 572
9.7667 575
9.7833 578
9.8 581
9.8167 585
9.8333 588
9.85 591
9.8667 594
9.8833 598
9.9 601
9.9167 604
9.9333 607
9.95 610
9.9667 613
9.9833 617
10.0 620
10.0167 623
10.0333 626
10.05 629
10.0667 632
10.0833 635
10.1 638
10.1167 641
10.1333 644
10.15 647
10.1667 650
10.1833 653
10.2 656
10.2167 659
10.2333 662
10.25 665
10.2667 668
10.2833 671
10.3 673
10.3167 676
10.3333 679
10.35 682
10.3667 685
10.3833 687
10.4 690
10.4167 693
10.4333 696
10.45 698
10.4667 701
10.4833 704
10.5 707
10.5167 709
10.5333 712
10.55 714
10.5667 717
10.5833 720
10.6 722
10.6167 725
10.6333 727
10.65 730
10.6667 732
10.6833 735
10.7 737
10.7167 740
10.7333 742
10.75 745
10.7667 747
10.7833 750
10.8 752
10.8167 754
10.8333 757
10.85 759
10.8667 761
10.8833 763
10.9 766
10.9167 768
10.9333 770
10.95 772
10.9667 775
10.9833 777
11.0 779
11.0167 781
11.0333 783
11.05 785
11.0667 788
11.0833 790
11.1 792
11.1167 794
11.1333 796
11.15 798
11.1667 800
11.1833 802
11.2 804
11.2167 806
11.2333 807
11.25 809
11.2667 811
11.2833 813
11.3 815
11.3167 817
11.3333 818
11.35 820
11.3667 822
11.3833 824
11.4 825
11.4167 827
11.4333 829
11.45 831
11.4667 832
11.4833 834
11.5 835
11.5167 837
11.5333 839
11.55 840
11.5667 842
11.5833 843
11.6 845
11.6167 846
11.6333 848
11.65 849
11.6667 850
11.6833 852
11.7 853
11.7167 855
11.7333 856
11.75 857
11.7667 859
11.7833 860
11.8 861
11.8167 862
11.8333 863
11.85 865
11.8667 866
11.8833 867
11.9 868
11.9167 869
11.9333 870
11.95 871
11.9667 872
11.9833 874
12.0 875
12.0167 876
12.0333 876
12.05 877
12.0667 878
12.0833 879
12.1 880
12.1167 881
12.1333 882
12.15 883
12.1667 884
12.1833 884
12.2 885
12.2167 886
12.2333 887
12.25 887
12.2667 888
12.2833 889
12.3 889
12.3167 890
12.3333 891
12.35 891
12.3667 892
12.3833 892
12.4 893
12.4167 893
12.4333 894
12.45 894
12.4667 895
12.4833 895
12.5 895
12.5167 896
12.5333 896
12.55 897
12.5667 897
12.5833 897
12.6 897
12.6167 898
12.6333 898
12.65 898
12.6667 898
12.6833 898
12.7 899
12.7167 899
12.7333 899
12.75 899
12.7667 899
12.7833 899
12.8 899
12.8167 899
12.8333 899
12.85 899
12.8667 899
12.8833 899
12.9 899
12.9167 899
12.9333 899
12.95 898
12.9667 898
12.9833 898
13.0 898
13.0167 898
13.0333 897
13.05 897
13.0667 897
13.0833 896
13.1 896
13.1167 896
13.1333 895
13.15 895
13.1667 894
13.1833 894
13.2 893
13.2167 893
13.2333 892
13.25 892
13.2667 891
13.2833 891
13.3 890
13.3167 890
13.3333 889
13.35 888
13.3667 888
13.3833 887
13.4 886
13.4167 885
13.4333 885
13.45 884
13.4667 883
13.4833 882
13.5 881
13.5167 881
13.5333 880
13.55 879
13.5667 878
13.5833 877
13.6 876
13.6167 875
13.6333 874
13.65 873
13.6667 872
13.6833 871
13.7 870
13.7167 869
13.7333 867
13.75 866
13.7667 865
13.7833 864
13.8 863
13.8167 862
13.8333 860
13.85 859
13.8667 858
13.8833 856
13.9 855
13.9167 854
13.9333 852
13.95 851
13.9667 850
13.9833 848
14.0 847
14.0167 845
14.0333 844
14.05 842
14.0667 841
14.0833 839
14.1 838
14.1167 836
14.1333 835
14.15 833
14.1667 831
14.1833 830
14.2 828
14.2167 826
14.2333 825
14.25 823
14.2667 821
14.2833 819
14.3 817
14.3167 816
14.3333 814
14.35 812
14.3667 810
14.3833 808
14.4 806
14.4167 804
14.4333 802
14.45 801
14.4667 799
14.4833 797
14.5 795
14.5167 793
14.5333 790
14.55 788
14.5667 786
14.5833 784
14.6 782
14.6167 780
14.6333 778
14.65 776
14.6667 773
14.6833 771
14.7 769
14.7167 767
14.7333 764
14.75 762
14.7667 760
14.7833 758
14.8 755
14.8167 753
14.8333 751
14.85 748
14.8667 746
14.8833 743
14.9 741
14.9167 738
14.9333 736
14.95 733
14.9667 731
14.9833 728
15.0 727
15.0167 724
15.0333 721
15.05 719
15.0667 716
15.0833 714
15.1 711
15.1167 708
15.1333 706
15.15 703
15.1667 700
15.1833 698
15.2 695
15.2167 692
15.2333 689
15.25 686
15.2667 684
15.2833 681
15.3 678
15.3167 675
15.3333 672
15.35 669
15.3667 667
15.3833 664
15.4 661
15.4167 658
15.4333 655
15.45 652
15.4667 649
15.4833 646
15.5 643
15.5167 640
15.5333 637
15.55 634
15.5667 631
15.5833 628
15.6 625
15.6167 622
15.6333 618
15.65 615
15.6667 612
15.6833 609
15.7 606
15.7167 603
15.7333 600
15.75 596
15.7667 593
15.7833 590
15.8 587
15.8167 583
15.8333 580
15.85 577
15.8667 573
15.8833 570
15.9 567
15.9167 564
15.9333 560
15.95 557
15.9667 553
15.9833 550
