9.0 452
9.0167 457
9.0333 460
9.05 464
9.0667 468
9.0833 471
9.1 475
9.1167 478
9.1333 482
9.15 486
9.1667 489
9.1833 493
9.2 496
9.2167 500
9.2333 503
9.25 507
9.2667 511
9.2833 514
9.3 518
9.3167 521
9.3333 525
9.35 528
9.3667 532
9.3833 535
9.4 538
9.4167 542
9.4333 545
9.45 549
9.4667 552
9.4833 556
9.5 559
9.5167 562
9.5333 566
9.55 569
9.5667 572
9.5833 576
9.6 579
9.6167 582
9.6333 586
9.65 589
9.6667 592
9.6833 596
9.7 599
9.7167 602
9.7333 605
9.75 609
9.7667 612
9.7833 615
9.8 618
9.8167 621
9.8333 624
9.85 628
9.8667 631
9.8833 634
9.9 637
9.9167 640
9.9333 643
9.95 646
9.9667 649
9.9833 652
10.0 655
10.0167 658
10.0333 661
10.05 664
10.0667 667
10.0833 670
10.1 673
10.1167 676
10.1333 679
10.15 682
10.1667 685
10.1833 688
10.2 691
10.2167 693
10.2333 696
10.25 699
10.2667 702
10.2833 705
10.3 707
10.3167 710
10.3333 713
10.35 716
10.3667 718
10.3833 721
10.4 724
10.4167 726
10.4333 729
10.45 732
10.4667 734
10.4833 737
10.5 739
10.5167 742
10.5333 745
10.55 747
10.5667 750
10.5833 752
10.6 755
10.6167 757
10.6333 759
10.65 762
10.6667 764
10.6833 767
10.7 769
10.7167 771
10.7333 774
10.75 776
10.7667 778
10.7833 781
10.8 783
10.8167 785
10.8333 788
10.85 790
10.8667 792
10.8833 794
10.9 796
10.9167 799
10.9333 801
10.95 803
10.9667 805
10.9833 807
11.0 809
11.0167 811
11.0333 813
11.05 815
11.0667 817
11.0833 819
11.1 821
11.1167 823
11.1333 825
11.15 827
11.1667 829
11.1833 831
11.2 832
11.2167 834
11.2333 836
11.25 838
11.2667 840
11.2833 841
11.3 843
11.3167 845
11.3333 847
11.35 848
11.3667 850
11.3833 852
11.4 853
11.4167 855
11.4333 856
11.45 858
11.4667 860
11.4833 861
11.5 863
11.5167 864
11.5333 866
11.55 867
11.5667 868
11.5833 870
11.6 871
11.6167 873
11.6333 874
11.65 875
11.6667 877
11.6833 878
11.7 879
11.7167 881
11.7333 882
11.75 883
11.7667 884
11.7833 885
11.8 887
11.8167 888
11.8333 889
11.85 890
11.8667 891
11.8833 892
11.9 893
11.9167 894
11.9333 895
11.95 896
11.9667 897
11.9833 898
12.0 899
12.0167 900
12.0333 901
12.05 902
12.0667 902
12.0833 903
12.1 904
12.1167 905
12.1333 906
12.15 906
12.1667 907
12.1833 908
12.2 908
12.2167 909
12.2333 910
12.25 910
12.2667 911
12.2833 912
12.3 912
12.3167 913
12.3333 913
12.35 914
12.3667 914
12.3833 915
12.4 915
12.4167 915
12.4333 916
12.45 916
12.4667 917
12.4833 917
12.5 917
12.5167 918
12.5333 918
12.55 918
12.5667 918
12.5833 918
12.6 919
12.6167 919
12.6333 919
12.65 919
12.6667 919
12.6833 919
12.7 919
12.7167 919
12.7333 919
12.75 919
12.7667 919
12.7833 919
12.8 919
12.8167 919
12.8333 919
12.85 919
12.8667 919
12.8833 919
12.9 919
12.9167 918
12.9333 918
12.95 918
12.9667 918
12.9833 917
13.0 917
13.0167 917
13.0333 916
13.05 916
13.0667 916
13.0833 915
13.1 915
13.1167 914
13.1333 914
13.15 913
13.1667 913
13.1833 912
13.2 912
13.2167 911
13.2333 911
13.25 910
13.2667 910
13.2833 909
13.3 908
13.3167 907
13.3333 907
13.35 906
13.3667 905
13.3833 905
13.4 904
13.4167 903
13.4333 902
13.45 901
13.4667 900
13.4833 900
13.5 899
13.5167 898
13.5333 897
13.55 896
13.5667 895
13.5833 894
13.6 893
13.6167 892
13.6333 891
13.65 889
13.6667 888
13.6833 887
13.7 886
13.7167 885
13.7333 884
13.75 883
13.7667 881
13.7833 880
13.8 879
13.8167 877
13.8333 876
13.85 875
13.8667 874
13.8833 872
13.9 871
13.9167 869
13.9333 868
13.95 866
13.9667 865
13.9833 864
14.0 862
14.0167 861
14.0333 859
14.05 857
14.0667 856
14.0833 854
14.1 853
14.1167 851
14.1333 849
14.15 848
14.1667 846
14.1833 844
14.2 843
14.2167 841
14.2333 839
14.25 837
14.2667 835
14.2833 834
14.3 832
14.3167 830
14.3333 828
14.35 826
14.3667 824
14.3833 822
14.4 820
14.4167 818
14.4333 816
14.45 814
14.4667 812
14.4833 810
14.5 808
14.5167 806
14.5333 804
14.55 802
14.5667 800
14.5833 798
14.6 796
14.6167 793
14.6333 791
14.65 789
14.6667 787
14.6833 784
14.7 782
14.7167 780
14.7333 778
14.75 775
14.7667 773
14.7833 771
14.8 768
14.8167 766
14.8333 763
14.85 761
14.8667 759
14.8833 756
14.9 754
14.9167 751
14.9333 749
14.95 746
14.9667 744
14.9833 741
15.0 739
15.0167 736
15.0333 734
15.05 731
15.0667 728
15.0833 726
15.1 723
15.1167 720
15.1333 718
15.15 715
15.1667 712
15.1833 710
15.2 707
15.2167 704
15.2333 701
15.25 698
15.2667 696
15.2833 693
15.3 690
15.3167 687
15.3333 684
15.35 681
15.3667 678
15.3833 676
15.4 673
15.4167 670
15.4333 667
15.45 664
15.4667 661
15.4833 658
15.5 655
15.5167 652
15.5333 649
15.55 646
15.5667 642
15.5833 639
15.6 636
15.6167 633
15.6333 630
15.65 627
15.6667 624
15.6833 621
15.7 617
15.7167 614
15.7333 611
15.75 608
15.7667 605
15.7833 601
15.8 598
15.8167 595
15.8333 592
15.85 588
15.8667 585
15.8833 582
15.9 578
15.9167 575
15.9333 572
15.95 568
15.9667 565
15.9833 562
