9.0 500
9.0167 503
9.0333 506
9.05 509
9.0667 513
9.0833 516
9.1 519
9.1167 522
9.1333 525
9.15 528
9.1667 531
9.1833 534
9.2 538
9.2167 541
9.2333 544
9.25 547
9.2667 550
9.2833 553
9.3 556
9.3167 559
9.3333 562
9.35 565
9.3667 568
9.3833 571
9.4 574
9.4167 577
9.4333 580
9.45 583
9.4667 586
9.4833 589
9.5 592
9.5167 595
9.5333 598
9.55 601
9.5667 604
9.5833 607
9.6 609
9.6167 612
9.6333 615
9.65 618
9.6667 621
9.6833 624
9.7 627
9.7167 629
9.7333 632
9.75 635
9.7667 638
9.7833 641
9.8 643
9.8167 646
9.8333 649
9.85 652
9.8667 654
9.8833 657
9.9 660
9.9167 662
9.9333 665
9.95 668
9.9667 670
9.9833 673
10.0 676
10.0167 678
10.0333 681
10.05 683
10.0667 686
10.0833 689
10.1 691
10.1167 694
10.1333 696
10.15 699
10.1667 701
10.1833 704
10.2 706
10.2167 709
10.2333 711
10.25 714
10.2667 716
10.2833 718
10.3 721
10.3167 723
10.3333 726
10.35 728
10.3667 730
10.3833 733
10.4 735
10.4167 737
10.4333 739
10.45 742
10.4667 744
10.4833 746
10.5 748
10.5167 751
10.5333 753
10.55 755
10.5667 757
10.5833 759
10.6 762
10.6167 764
10.6333 766
10.65 768
10.6667 770
10.6833 772
10.7 774
10.7167 776
10.7333 778
10.75 780
10.7667 782
10.7833 784
10.8 786
10.8167 788
10.8333 790
10.85 792
10.8667 794
10.8833 796
10.9 798
10.9167 800
10.9333 801
10.95 803
10.9667 805
10.9833 807
11.0 809
11.0167 810
11.0333 812
11.05 814
11.0667 816
11.0833 817
11.1 819
11.1167 821
11.1333 822
11.15 824
11.1667 826
11.1833 827
11.2 829
11.2167 830
11.2333 832
11.25 834
11.2667 835
11.2833 837
11.3 838
11.3167 840
11.3333 841
11.35 842
11.3667 844
11.3833 845
11.4 847
11.4167 848
11.4333 849
11.45 851
11.4667 852
11.4833 853
11.5 855
11.5167 856
11.5333 857
11.55 859
11.5667 860
11.5833 861
11.6 862
11.6167 863
11.6333 864
11.65 866
11.6667 867
11.6833 868
11.7 869
11.7167 870
11.7333 871
11.75 872
11.7667 873
11.7833 874
11.8 875
11.8167 876
11.8333 877
11.85 878
11.8667 879
11.8833 880
11.9 881
11.9167 882
11.9333 882
11.95 883
11.9667 884
11.9833 885
12.0 886
12.0167 886
12.0333 887
12.05 888
12.0667 889
12.0833 889
12.1 890
12.1167 891
12.1333 891
12.15 892
12.1667 893
12.1833 893
12.2 894
12.2167 894
12.2333 895
12.25 895
12.2667 896
12.2833 896
12.3 897
12.3167 897
12.3333 898
12.35 898
12.3667 898
12.3833 899
12.4 899
12.4167 899
12.4333 900
12.45 900
12.4667 900
12.4833 901
12.5 901
12.5167 901
12.5333 901
12.55 902
12.5667 902
12.5833 902
12.6 902
12.6167 902
12.6333 902
12.65 902
12.6667 902
12.6833 902
12.7 902
12.7167 902
12.7333 902
12.75 902
12.7667 902
12.7833 902
12.8 902
12.8167 902
12.8333 902
12.85 902
12.8667 902
12.8833 902
12.9 901
12.9167 901
12.9333 901
12.95 901
12.9667 901
12.9833 900
13.0 900
13.0167 900
13.0333 899
13.05 899
13.0667 899
13.0833 898
13.1 898
13.1167 897
13.1333 897
13.15 897
13.1667 896
13.1833 896
13.2 895
13.2167 895
13.2333 894
13.25 893
13.2667 893
13.2833 892
13.3 892
13.3167 891
13.3333 890
13.35 890
13.3667 889
13.3833 888
13.4 888
13.4167 887
13.4333 886
13.45 885
13.4667 885
13.4833 884
13.5 883
13.5167 882
13.5333 881
13.55 880
13.5667 879
13.5833 879
13.6 878
13.6167 877
13.6333 876
13.65 875
13.6667 874
13.6833 873
13.7 872
13.7167 871
13.7333 870
13.75 868
13.7667 867
13.7833 866
13.8 865
13.8167 864
13.8333 863
13.85 862
13.8667 860
13.8833 859
13.9 858
13.9167 857
13.9333 855
13.95 854
13.9667 853
13.9833 851
14.0 850
14.0167 849
14.0333 847
14.05 846
14.0667 845
14.0833 843
14.1 842
14.1167 840
14.1333 839
14.15 837
14.1667 836
14.1833 834
14.2 833
14.2167 831
14.2333 830
14.25 828
14.2667 826
14.2833 825
14.3 823
14.3167 822
14.3333 820
14.35 818
14.3667 817
14.3833 815
14.4 813
14.4167 811
14.4333 810
14.45 808
14.4667 806
14.4833 804
14.5 802
14.5167 801
14.5333 799
14.55 797
14.5667 795
14.5833 793
14.6 791
14.6167 789
14.6333 787
14.65 785
14.6667 783
14.6833 781
14.7 779
14.7167 777
14.7333 775
14.75 773
14.7667 771
14.7833 769
14.8 767
14.8167 765
14.8333 763
14.85 761
14.8667 758
14.8833 756
14.9 754
14.9167 752
14.9333 750
14.95 747
14.9667 745
14.9833 743
15.0 741
15.0167 738
15.0333 736
15.05 734
15.0667 732
15.0833 729
15.1 727
15.1167 725
15.1333 722
15.15 720
15.1667 717
15.1833 715
15.2 713
15.2167 710
15.2333 708
15.25 705
15.2667 703
15.2833 700
15.3 698
15.3167 695
15.3333 693
15.35 690
15.3667 688
15.3833 685
15.4 682
15.4167 680
15.4333 677
15.45 675
15.4667 672
15.4833 669
15.5 667
15.5167 664
15.5333 661
15.55 659
15.5667 656
15.5833 653
15.6 650
15.6167 648
15.6333 645
15.65 642
15.6667 639
15.6833 637
15.7 634
15.7167 631
15.7333 628
15.75 625
15.7667 623
15.7833 620
15.8 617
15.8167 614
15.8333 611
15.85 608
15.8667 605
15.8833 602
15.9 600
15.9167 597
15.9333 594
15.95 591
15.9667 588
15.9833 585
