9.0 474
9.0167 478
9.0333 481
9.05 485
9.0667 488
9.0833 492
9.1 495
9.1167 499
9.1333 502
9.15 505
9.1667 509
9.1833 512
9.2 516
9.2167 519
9.2333 523
9.25 526
9.2667 529
9.2833 533
9.3 536
9.3167 539
9.3333 543
9.35 546
9.3667 549
9.3833 553
9.4 556
9.4167 559
9.4333 563
9.45 566
9.4667 569
9.4833 573
9.5 576
9.5167 579
9.5333 582
9.55 585
9.5667 589
9.5833 592
9.6 595
9.6167 598
9.6333 601
9.65 605
9.6667 608
9.6833 611
9.7 614
9.7167 617
9.7333 620
9.75 623
9.7667 626
9.7833 629
9.8 632
9.8167 635
9.8333 638
9.85 641
9.8667 644
9.8833 647
9.9 650
9.9167 653
9.9333 656
9.95 659
9.9667 662
9.9833 665
10.0 668
10.0167 671
10.0333 674
10.05 677
10.0667 679
10.0833 682
10.1 685
10.1167 688
10.1333 691
10.15 693
10.1667 696
10.1833 699
10.2 702
10.2167 704
10.2333 707
10.25 710
10.2667 712
10.2833 715
10.3 718
10.3167 720
10.3333 723
10.35 725
10.3667 728
10.3833 730
10.4 733
10.4167 736
10.4333 738
10.45 741
10.4667 743
10.4833 746
10.5 748
10.5167 750
10.5333 753
10.55 755
10.5667 758
10.5833 760
10.6 762
10.6167 765
10.6333 767
10.65 769
10.6667 772
10.6833 774
10.7 776
10.7167 778
10.7333 781
10.75 783
10.7667 785
10.7833 787
10.8 789
10.8167 791
10.8333 794
10.85 796
10.8667 798
10.8833 800
10.9 802
10.9167 804
10.9333 806
10.95 808
10.9667 810
10.9833 812
11.0 814
11.0167 816
11.0333 818
11.05 820
11.0667 822
11.0833 823
11.1 825
11.1167 827
11.1333 829
11.15 831
11.1667 832
11.1833 834
11.2 836
11.2167 838
11.2333 839
11.25 841
11.2667 843
11.2833 844
11.3 846
11.3167 848
11.3333 849
11.35 851
11.3667 852
11.3833 854
11.4 855
11.4167 857
11.4333 858
11.45 860
11.4667 861
11.4833 863
11.5 864
11.5167 866
11.5333 867
11.55 868
11.5667 870
11.5833 871
11.6 872
11.6167 874
11.6333 875
11.65 876
11.6667 877
11.6833 879
11.7 880
11.7167 881
11.7333 882
11.75 883
11.7667 884
11.7833 885
11.8 886
11.8167 887
11.8333 889
11.85 890
11.8667 891
11.8833 892
11.9 892
11.9167 893
11.9333 894
11.95 895
11.9667 896
11.9833 897
12.0 898
12.0167 899
12.0333 899
12.05 900
12.0667 901
12.0833 902
12.1 902
12.1167 903
12.1333 904
12.15 905
12.1667 905
12.1833 906
12.2 906
12.2167 907
12.2333 908
12.25 908
12.2667 909
12.2833 909
12.3 910
12.3167 910
12.3333 911
12.35 911
12.3667 911
12.3833 912
12.4 912
12.4167 912
12.4333 913
12.45 913
12.4667 913
12.4833 914
12.5 914
12.5167 914
12.5333 914
12.55 915
12.5667 915
12.5833 915
12.6 915
12.6167 915
12.6333 915
12.65 915
12.6667 915
12.6833 915
12.7 915
12.7167 915
12.7333 915
12.75 915
12.7667 915
12.7833 915
12.8 915
12.8167 915
12.8333 915
12.85 915
12.8667 914
12.8833 914
12.9 914
12.9167 914
12.9333 914
12.95 913
12.9667 913
12.9833 913
13.0 912
13.0167 912
13.0333 911
13.05 911
13.0667 911
13.0833 910
13.1 910
13.1167 909
13.1333 909
13.15 908
13.1667 908
13.1833 907
13.2 907
13.2167 906
13.2333 905
13.25 905
13.2667 904
13.2833 903
13.3 903
13.3167 902
13.3333 901
13.35 900
13.3667 900
13.3833 899
13.4 898
13.4167 897
13.4333 896
13.45 895
13.4667 895
13.4833 894
13.5 893
13.5167 892
13.5333 891
13.55 890
13.5667 889
13.5833 888
13.6 887
13.6167 886
13.6333 885
13.65 884
13.6667 882
13.6833 881
13.7 880
13.7167 879
13.7333 878
13.75 876
13.7667 875
13.7833 874
13.8 873
13.8167 871
13.8333 870
13.85 869
13.8667 867
13.8833 866
13.9 865
13.9167 863
13.9333 862
13.95 860
13.9667 859
13.9833 857
14.0 856
14.0167 854
14.0333 853
14.05 851
14.0667 850
14.0833 848
14.1 847
14.1167 845
14.1333 843
14.15 842
14.1667 840
14.1833 838
14.2 837
14.2167 835
14.2333 833
14.25 831
14.2667 829
14.2833 828
14.3 826
14.3167 824
14.3333 822
14.35 820
14.3667 818
14.3833 816
14.4 815
14.4167 813
14.4333 811
14.45 809
14.4667 807
14.4833 805
14.5 803
14.5167 800
14.5333 798
14.55 796
14.5667 794
14.5833 792
14.6 790
14.6167 788
14.6333 786
14.65 783
14.6667 781
14.6833 779
14.7 777
14.7167 775
14.7333 772
14.75 770
14.7667 768
14.7833 765
14.8 763
14.8167 761
14.8333 758
14.85 756
14.8667 754
14.8833 751
14.9 749
14.9167 746
14.9333 744
14.95 741
14.9667 739
14.9833 736
15.0 733
15.0167 731
15.0333 728
15.05 725
15.0667 723
15.0833 720
15.1 718
15.1167 715
15.1333 712
15.15 710
15.1667 707
15.1833 704
15.2 702
15.2167 699
15.2333 696
15.25 693
15.2667 691
15.2833 688
15.3 685
15.3167 682
15.3333 680
15.35 677
15.3667 674
15.3833 671
15.4 668
15.4167 665
15.4333 662
15.45 659
15.4667 656
15.4833 654
15.5 651
15.5167 648
15.5333 645
15.55 642
15.5667 639
15.5833 636
15.6 633
15.6167 630
15.6333 627
15.65 623
15.6667 620
15.6833 617
15.7 614
15.7167 611
15.7333 608
15.75 605
15.7667 602
15.7833 598
15.8 595
15.8167 592
15.8333 589
15.85 586
15.8667 583
15.8833 579
15.9 576
15.9167 573
15.9333 570
15.95 566
15.9667 563
15.9833 560
