9.0 483
9.0167 487
9.0333 490
9.05 493
9.0667 497
9.0833 500
9.1 504
9.1167 507
9.1333 511
9.15 514
9.1667 518
9.1833 521
9.2 524
9.2167 528
9.2333 531
9.25 535
9.2667 538
9.2833 541
9.3 545
9.3167 548
9.3333 551
9.35 555
9.3667 558
9.3833 561
9.4 565
9.4167 568
9.4333 571
9.45 575
9.4667 578
9.4833 581
9.5 584
9.5167 588
9.5333 591
9.55 594
9.5667 597
9.5833 600
9.6 604
9.6167 607
9.6333 610
9.65 613
9.6667 616
9.6833 619
9.7 622
9.7167 626
9.7333 629
9.75 632
9.7667 635
9.7833 638
9.8 641
9.8167 644
9.8333 647
9.85 650
9.8667 653
9.8833 656
9.9 659
9.9167 662
9.9333 665
9.95 668
9.9667 671
9.9833 674
10.0 676
10.0167 679
10.0333 682
10.05 685
10.0667 688
10.0833 691
10.1 693
10.1167 696
10.1333 699
10.15 702
10.1667 705
10.1833 707
10.2 710
10.2167 713
10.2333 715
10.25 718
10.2667 721
10.2833 723
10.3 726
10.3167 729
10.3333 731
10.35 734
10.3667 736
10.3833 739
10.4 742
10.4167 744
10.4333 747
10.45 749
10.4667 752
10.4833 754
10.5 757
10.5167 759
10.5333 761
10.55 764
10.5667 766
10.5833 769
10.6 771
10.6167 773
10.6333 776
10.65 778
10.6667 780
10.6833 783
10.7 785
10.7167 787
10.7333 789
10.75 792
10.7667 794
10.7833 796
10.8 798
10.8167 800
10.8333 802
10.85 805
10.8667 807
10.8833 809
10.9 811
10.9167 813
10.9333 815
10.95 817
10.9667 819
10.9833 821
11.0 823
11.0167 825
11.0333 827
11.05 829
11.0667 831
11.0833 832
11.1 834
11.1167 836
11.1333 838
11.15 840
11.1667 842
11.1833 843
11.2 845
11.2167 847
11.2333 849
11.25 850
11.2667 852
11.2833 854
11.3 855
11.3167 857
11.3333 859
11.35 860
11.3667 862
11.3833 863
11.4 865
11.4167 866
11.4333 868
11.45 869
11.4667 871
11.4833 872
11.5 874
11.5167 875
11.5333 877
11.55 878
11.5667 879
11.5833 881
11.6 882
11.6167 883
11.6333 885
11.65 886
11.6667 887
11.6833 888
11.7 890
11.7167 891
11.7333 892
11.75 893
11.7667 894
11.7833 895
11.8 896
11.8167 898
11.8333 899
11.85 900
11.8667 901
11.8833 902
11.9 903
11.9167 904
11.9333 905
11.95 906
11.9667 906
11.9833 907
12.0 908
12.0167 909
12.0333 910
12.05 911
12.0667 911
12.0833 912
12.1 913
12.1167 914
12.1333 914
12.15 915
12.1667 916
12.1833 917
12.2 917
12.2167 918
12.2333 918
12.25 919
12.2667 920
12.2833 920
12.3 921
12.3167 921
12.3333 922
12.35 922
12.3667 923
12.3833 923
12.4 923
12.4167 924
12.4333 924
12.45 924
12.4667 925
12.4833 925
12.5 925
12.5167 926
12.5333 926
12.55 926
12.5667 926
12.5833 927
12.6 927
12.6167 927
12.6333 927
12.65 927
12.6667 927
12.6833 927
12.7 927
12.7167 927
12.7333 927
12.75 927
12.7667 927
12.7833 927
12.8 927
12.8167 927
12.8333 927
12.85 927
12.8667 927
12.8833 927
12.9 927
12.9167 926
12.9333 926
12.95 926
12.9667 926
12.9833 925
13.0 925
13.0167 925
13.0333 924
13.05 924
13.0667 924
13.0833 923
13.1 923
13.1167 922
13.1333 922
13.15 921
13.1667 921
13.1833 920
13.2 920
13.2167 919
13.2333 919
13.25 918
13.2667 918
13.2833 917
13.3 916
13.3167 916
13.3333 915
13.35 914
13.3667 914
13.3833 913
13.4 912
13.4167 911
13.4333 910
13.45 910
13.4667 909
13.4833 908
13.5 907
13.5167 906
13.5333 905
13.55 904
13.5667 903
13.5833 902
13.6 901
13.6167 900
13.6333 899
13.65 898
13.6667 897
13.6833 896
13.7 895
13.7167 894
13.7333 893
13.75 892
13.7667 890
13.7833 889
13.8 888
13.8167 887
13.8333 885
13.85 884
13.8667 883
13.8833 882
13.9 880
13.9167 879
13.9333 877
13.95 876
13.9667 875
13.9833 873
14.0 872
14.0167 870
14.0333 869
14.05 867
14.0667 866
14.0833 864
14.1 863
14.1167 861
14.1333 860
14.15 858
14.1667 856
14.1833 855
14.2 853
14.2167 851
14.2333 850
14.25 848
14.2667 846
14.2833 845
14.3 843
14.3167 841
14.3333 839
14.35 837
14.3667 835
14.3833 834
14.4 832
14.4167 830
14.4333 828
14.45 826
14.4667 824
14.4833 822
14.5 820
14.5167 818
14.5333 816
14.55 814
14.5667 812
14.5833 810
14.6 808
14.6167 806
14.6333 804
14.65 802
14.6667 799
14.6833 797
14.7 795
14.7167 793
14.7333 791
14.75 789
14.7667 786
14.7833 784
14.8 782
14.8167 779
14.8333 777
14.85 775
14.8667 773
14.8833 770
14.9 768
14.9167 765
14.9333 763
14.95 761
14.9667 758
14.9833 756
15.0 753
15.0167 750
15.0333 748
15.05 745
15.0667 743
15.0833 740
15.1 738
15.1167 735
15.1333 732
15.15 730
15.1667 727
15.1833 725
15.2 722
15.2167 719
15.2333 717
15.25 714
15.2667 711
15.2833 709
15.3 706
15.3167 703
15.3333 700
15.35 698
15.3667 695
15.3833 692
15.4 689
15.4167 686
15.4333 683
15.45 681
15.4667 678
15.4833 675
15.5 672
15.5167 669
15.5333 666
15.55 663
15.5667 660
15.5833 657
15.6 654
15.6167 651
15.6333 648
15.65 645
15.6667 642
15.6833 639
15.7 636
15.7167 633
15.7333 630
15.75 627
15.7667 624
15.7833 621
15.8 618
15.8167 615
15.8333 611
15.85 608
15.8667 605
15.8833 602
15.9 599
15.9167 596
15.9333 592
15.95 589
15.9667 586
15.9833 583
