9.0 360
9.0167 362
9.0333 366
9.05 369
9.0667 373
9.0833 376
9.1 379
9.1167 382
9.1333 386
9.15 389
9.1667 392
9.1833 396
9.2 399
9.2167 402
9.2333 405
9.25 409
9.2667 412
9.2833 415
9.3 418
9.3167 421
9.3333 425
9.35 428
9.3667 431
9.3833 434
9.4 437
9.4167 440
9.4333 443
9.45 446
9.4667 450
9.4833 453
9.5 456
9.5167 459
9.5333 462
9.55 465
9.5667 468
9.5833 471
9.6 474
9.6167 477
9.6333 480
9.65 483
9.6667 486
9.6833 489
9.7 492
9.7167 494
9.7333 497
9.75 500
9.7667 503
9.7833 506
9.8 509
9.8167 512
9.8333 514
9.85 517
9.8667 520
9.8833 523
9.9 525
9.9167 528
9.9333 531
9.95 534
9.9667 536
9.9833 539
10.0 542
10.0167 544
10.0333 547
10.05 550
10.0667 552
10.0833 555
10.1 557
10.1167 560
10.1333 562
10.15 565
10.1667 567
10.1833 570
10.2 572
10.2167 575
10.2333 577
10.25 580
10.2667 582
10.2833 585
10.3 587
10.3167 589
10.3333 592
10.35 594
10.3667 596
10.3833 599
10.4 601
10.4167 603
10.4333 606
10.45 608
10.4667 610
10.4833 612
10.5 614
10.5167 617
10.5333 619
10.55 621
10.5667 623
10.5833 625
10.6 627
10.6167 629
10.6333 631
10.65 633
10.6667 635
10.6833 637
10.7 639
10.7167 641
10.7333 643
10.75 645
10.7667 647
10.7833 649
10.8 651
10.8167 653
10.8333 655
10.85 656
10.8667 658
10.8833 660
10.9 662
10.9167 664
10.9333 665
10.95 667
10.9667 669
10.9833 670
11.0 672
11.0167 674
11.0333 675
11.05 677
11.0667 679
11.0833 680
11.1 682
11.1167 683
11.1333 685
11.15 686
11.1667 688
11.1833 689
11.2 691
11.2167 692
11.2333 693
11.25 695
11.2667 696
11.2833 698
11.3 699
11.3167 700
11.3333 702
11.35 703
11.3667 704
11.3833 705
11.4 706
11.4167 708
11.4333 709
11.45 710
11.4667 711
11.4833 712
11.5 713
11.5167 714
11.5333 716
11.55 717
11.5667 718
11.5833 719
11.6 720
11.6167 721
11.6333 722
11.65 722
11.6667 723
11.6833 724
11.7 725
11.7167 726
11.7333 727
11.75 728
11.7667 728
11.7833 729
11.8 730
11.8167 731
11.8333 731
11.85 732
11.8667 733
11.8833 733
11.9 734
11.9167 735
11.9333 735
11.95 736
11.9667 736
11.9833 737
12.0 737
12.0167 738
12.0333 738
12.05 739
12.0667 739
12.0833 740
12.1 740
12.1167 740
12.1333 741
12.15 741
12.1667 742
12.1833 742
12.2 742
12.2167 742
12.2333 743
12.25 743
12.2667 743
12.2833 743
12.3 743
12.3167 743
12.3333 744
12.35 744
12.3667 744
12.3833 744
12.4 744
12.4167 744
12.4333 744
12.45 744
12.4667 744
12.4833 744
12.5 744
12.5167 744
12.5333 743
12.55 743
12.5667 743
12.5833 743
12.6 743
12.6167 743
12.6333 742
12.65 742
12.6667 742
12.6833 741
12.7 741
12.7167 741
12.7333 740
12.75 740
12.7667 740
12.7833 739
12.8 739
12.8167 738
12.8333 738
12.85 737
12.8667 737
12.8833 736
12.9 736
12.9167 735
12.9333 735
12.95 734
12.9667 733
12.9833 733
13.0 732
13.0167 731
13.0333 731
13.05 730
13.0667 729
13.0833 728
13.1 728
13.1167 727
13.1333 726
13.15 725
13.1667 724
13.1833 723
13.2 722
13.2167 721
13.2333 721
13.25 720
13.2667 719
13.2833 718
13.3 717
13.3167 715
13.3333 714
13.35 713
13.3667 712
13.3833 711
13.4 710
13.4167 709
13.4333 708
13.45 706
13.4667 705
13.4833 704
13.5 703
13.5167 701
13.5333 700
13.55 699
13.5667 697
13.5833 696
13.6 695
13.6167 693
13.6333 692
13.65 691
13.6667 689
13.6833 688
13.7 686
13.7167 685
13.7333 683
13.75 682
13.7667 680
13.7833 678
13.8 677
13.8167 675
13.8333 674
13.85 672
13.8667 670
13.8833 669
13.9 667
13.9167 665
13.9333 663
13.95 662
13.9667 660
13.9833 658
14.0 656
14.0167 654
14.0333 653
14.05 651
14.0667 649
14.0833 647
14.1 645
14.1167 643
14.1333 641
14.15 639
14.1667 637
14.1833 635
14.2 633
14.2167 631
14.2333 629
14.25 627
14.2667 625
14.2833 623
14.3 621
14.3167 619
14.3333 616
14.35 614
14.3667 612
14.3833 610
14.4 608
14.4167 605
14.4333 603
14.45 601
14.4667 599
14.4833 596
14.5 594
14.5167 592
14.5333 589
14.55 587
14.5667 584
14.5833 582
14.6 580
14.6167 577
14.6333 575
14.65 572
14.6667 570
14.6833 567
14.7 565
14.7167 562
14.7333 560
14.75 557
14.7667 555
14.7833 552
14.8 549
14.8167 547
14.8333 544
14.85 541
14.8667 539
14.8833 536
14.9 533
14.9167 531
14.9333 528
14.95 525
14.9667 523
14.9833 520
15.0 516
15.0167 513
15.0333 511
15.05 508
15.0667 505
15.0833 502
15.1 499
15.1167 496
15.1333 494
15.15 491
15.1667 488
15.1833 485
15.2 482
15.2167 479
15.2333 476
15.25 473
15.2667 470
15.2833 467
15.3 464
15.3167 461
15.3333 458
15.35 455
15.3667 452
15.3833 449
15.4 446
15.4167 443
15.4333 439
15.45 436
15.4667 433
15.4833 430
15.5 427
15.5167 424
15.5333 421
15.55 417
15.5667 414
15.5833 411
15.6 408
15.6167 404
15.6333 401
15.65 398
15.6667 395
15.6833 391
15.7 388
15.7167 385
15.7333 382
15.75 378
15.7667 375
15.7833 372
15.8 368
15.8167 365
15.8333 362
15.85 358
15.8667 355
15.8833 352
15.9 348
15.9167 345
15.9333 341
15.95 338
15.9667 335
15.9833 331
