9.0 294
9.0167 296
9.0333 299
9.05 302
9.0667 306
9.0833 309
9.1 312
9.1167 315
9.1333 318
9.15 321
9.1667 324
9.1833 327
9.2 331
9.2167 334
9.2333 337
9.25 340
9.2667 343
9.2833 346
9.3 349
9.3167 352
9.3333 355
9.35 358
9.3667 361
9.3833 364
9.4 367
9.4167 370
9.4333 373
9.45 376
9.4667 379
9.4833 382
9.5 385
9.5167 388
9.5333 391
9.55 394
9.5667 397
9.5833 399
9.6 402
9.6167 405
9.6333 408
9.65 411
9.6667 414
9.6833 417
9.7 419
9.7167 422
9.7333 425
9.75 428
9.7667 431
9.7833 433
9.8 436
9.8167 439
9.8333 441
9.85 444
9.8667 447
9.8833 450
9.9 452
9.9167 455
9.9333 458
9.95 460
9.9667 463
9.9833 465
10.0 468
10.0167 471
10.0333 473
10.05 476
10.0667 478
10.0833 481
10.1 483
10.1167 486
10.1333 488
10.15 491
10.1667 493
10.1833 496
10.2 498
10.2167 501
10.2333 503
10.25 505
10.2667 508
10.2833 510
10.3 512
10.3167 515
10.3333 517
10.35 519
10.3667 522
10.3833 524
10.4 526
10.4167 528
10.4333 531
10.45 533
10.4667 535
10.4833 537
10.5 539
10.5167 542
10.5333 544
10.55 546
10.5667 548
10.5833 550
10.6 552
10.6167 554
10.6333 556
10.65 558
10.6667 560
10.6833 562
10.7 564
10.7167 566
10.7333 568
10.75 570
10.7667 572
10.7833 574
10.8 576
10.8167 577
10.8333 579
10.85 581
10.8667 583
10.8833 585
10.9 586
10.9167 588
10.9333 590
10.95 592
10.9667 593
10.9833 595
11.0 597
11.0167 598
11.0333 600
11.05 602
11.0667 603
11.0833 605
11.1 606
11.1167 608
11.1333 609
11.15 611
11.1667 612
11.1833 614
11.2 615
11.2167 617
11.2333 618
11.25 620
11.2667 621
11.2833 622
11.3 624
11.3167 625
11.3333 626
11.35 628
11.3667 629
11.3833 630
11.4 631
11.4167 633
11.4333 634
11.45 635
11.4667 636
11.4833 637
11.5 638
11.5167 640
11.5333 641
11.55 642
11.5667 643
11.5833 644
11.6 645
11.6167 646
11.6333 647
11.65 648
11.6667 649
11.6833 650
11.7 651
11.7167 651
11.7333 652
11.75 653
11.7667 654
11.7833 655
11.8 656
11.8167 656
11.8333 657
11.85 658
11.8667 658
11.8833 659
11.9 660
11.9167 660
11.9333 661
11.95 662
11.9667 662
11.9833 663
12.0 663
12.0167 664
12.0333 665
12.05 665
12.0667 666
12.0833 666
12.1 666
12.1167 667
12.1333 667
12.15 668
12.1667 668
12.1833 668
12.2 669
12.2167 669
12.2333 669
12.25 670
12.2667 670
12.2833 670
12.3 670
12.3167 670
12.3333 671
12.35 671
12.3667 671
12.3833 671
12.4 671
12.4167 671
12.4333 671
12.45 671
12.4667 671
12.4833 671
12.5 671
12.5167 671
12.5333 671
12.55 671
12.5667 671
12.5833 671
12.6 671
12.6167 671
12.6333 670
12.65 670
12.6667 670
12.6833 670
12.7 669
12.7167 669
12.7333 669
12.75 669
12.7667 668
12.7833 668
12.8 668
12.8167 667
12.8333 667
12.85 666
12.8667 666
12.8833 665
12.9 665
12.9167 664
12.9333 664
12.95 663
12.9667 663
12.9833 662
13.0 662
13.0167 661
13.0333 660
13.05 660
13.0667 659
13.0833 658
13.1 658
13.1167 657
13.1333 656
13.15 655
13.1667 654
13.1833 654
13.2 653
13.2167 652
13.2333 651
13.25 650
13.2667 649
13.2833 648
13.3 647
13.3167 646
13.3333 645
13.35 644
13.3667 643
13.3833 642
13.4 641
13.4167 640
13.4333 639
13.45 638
13.4667 637
13.4833 636
13.5 635
13.5167 633
13.5333 632
13.55 631
13.5667 630
13.5833 629
13.6 627
13.6167 626
13.6333 625
13.65 623
13.6667 622
13.6833 621
13.7 619
13.7167 618
13.7333 616
13.75 615
13.7667 613
13.7833 612
13.8 610
13.8167 609
13.8333 607
13.85 606
13.8667 604
13.8833 603
13.9 601
13.9167 600
13.9333 598
13.95 596
13.9667 595
13.9833 593
14.0 591
14.0167 589
14.0333 588
14.05 586
14.0667 584
14.0833 582
14.1 581
14.1167 579
14.1333 577
14.15 575
14.1667 573
14.1833 571
14.2 569
14.2167 567
14.2333 565
14.25 564
14.2667 562
14.2833 560
14.3 558
14.3167 556
14.3333 553
14.35 551
14.3667 549
14.3833 547
14.4 545
14.4167 543
14.4333 541
14.45 539
14.4667 537
14.4833 534
14.5 532
14.5167 530
14.5333 528
14.55 526
14.5667 523
14.5833 521
14.6 519
14.6167 516
14.6333 514
14.65 512
14.6667 509
14.6833 507
14.7 505
14.7167 502
14.7333 500
14.75 497
14.7667 495
14.7833 493
14.8 490
14.8167 488
14.8333 485
14.85 483
14.8667 480
14.8833 478
14.9 475
14.9167 472
14.9333 470
14.95 467
14.9667 465
14.9833 462
15.0 459
15.0167 456
15.0333 454
15.05 451
15.0667 448
15.0833 446
15.1 443
15.1167 440
15.1333 438
15.15 435
15.1667 432
15.1833 429
15.2 427
15.2167 424
15.2333 421
15.25 418
15.2667 415
15.2833 412
15.3 410
15.3167 407
15.3333 404
15.35 401
15.3667 398
15.3833 395
15.4 392
15.4167 389
15.4333 387
15.45 384
15.4667 381
15.4833 378
15.5 375
15.5167 372
15.5333 369
15.55 366
15.5667 363
15.5833 360
15.6 357
15.6167 354
15.6333 351
15.65 348
15.6667 345
15.6833 342
15.7 338
15.7167 335
15.7333 332
15.75 329
15.7667 326
15.7833 323
15.8 320
15.8167 317
15.8333 314
15.85 311
15.8667 308
15.8833 304
15.9 301
15.9167 298
15.9333 295
15.95 292
15.9667 289
15.9833 285
