9.0 267
9.0167 269
9.0333 272
9.05 276
9.0667 279
9.0833 282
9.1 285
9.1167 289
9.1333 292
9.15 295
9.1667 298
9.1833 301
9.2 305
9.2167 308
9.2333 311
9.25 314
9.2667 317
9.2833 320
9.3 324
9.3167 327
9.3333 330
9.35 333
9.3667 336
9.3833 339
9.4 342
9.4167 345
9.4333 349
9.45 352
9.4667 355
9.4833 358
9.5 361
9.5167 364
9.5333 367
9.55 370
9.5667 373
9.5833 376
9.6 379
9.6167 382
9.6333 385
9.65 388
9.6667 391
9.6833 394
9.7 397
9.7167 400
9.7333 403
9.75 405
9.7667 408
9.7833 411
9.8 414
9.8167 417
9.8333 420
9.85 423
9.8667 425
9.8833 428
9.9 431
9.9167 434
9.9333 437
9.95 439
9.9667 442
9.9833 445
10.0 447
10.0167 450
10.0333 453
10.05 456
10.0667 458
10.0833 461
10.1 463
10.1167 466
10.1333 469
10.15 471
10.1667 474
10.1833 476
10.2 479
10.2167 482
10.2333 484
10.25 487
10.2667 489
10.2833 492
10.3 494
10.3167 496
10.3333 499
10.35 501
10.3667 504
10.3833 506
10.4 509
10.4167 511
10.4333 513
10.45 516
10.4667 518
10.4833 520
10.5 523
10.5167 525
10.5333 527
10.55 529
10.5667 532
10.5833 534
10.6 536
10.6167 538
10.6333 540
10.65 542
10.6667 545
10.6833 547
10.7 549
10.7167 551
10.7333 553
10.75 555
10.7667 557
10.7833 559
10.8 561
10.8167 563
10.8333 565
10.85 567
10.8667 569
10.8833 571
10.9 573
10.9167 575
10.9333 576
10.95 578
10.9667 580
10.9833 582
11.0 584
11.0167 586
11.0333 587
11.05 589
11.0667 591
11.0833 593
11.1 594
11.1167 596
11.1333 598
11.15 599
11.1667 601
11.1833 602
11.2 604
11.2167 606
11.2333 607
11.25 609
11.2667 610
11.2833 612
11.3 613
11.3167 615
11.3333 616
11.35 618
11.3667 619
11.3833 620
11.4 622
11.4167 623
11.4333 624
11.45 626
11.4667 627
11.4833 628
11.5 630
11.5167 631
11.5333 632
11.55 633
11.5667 635
11.5833 636
11.6 637
11.6167 638
11.6333 639
11.65 640
11.6667 641
11.6833 642
11.7 643
11.7167 645
11.7333 646
11.75 647
11.7667 647
11.7833 648
11.8 649
11.8167 650
11.8333 651
11.85 652
11.8667 653
11.8833 654
11.9 655
11.9167 655
11.9333 656
11.95 657
11.9667 658
11.9833 658
12.0 659
12.0167 660
12.0333 660
12.05 661
12.0667 662
12.0833 662
12.1 663
12.1167 664
12.1333 664
12.15 665
12.1667 665
12.1833 666
12.2 666
12.2167 667
12.2333 667
12.25 667
12.2667 668
12.2833 668
12.3 669
12.3167 669
12.3333 669
12.35 670
12.3667 670
12.3833 670
12.4 670
12.4167 671
12.4333 671
12.45 671
12.4667 671
12.4833 671
12.5 671
12.5167 672
12.5333 672
12.55 672
12.5667 672
12.5833 672
12.6 672
12.6167 672
12.6333 672
12.65 672
12.6667 672
12.6833 672
12.7 671
12.7167 671
12.7333 671
12.75 671
12.7667 671
12.7833 671
12.8 670
12.8167 670
12.8333 670
12.85 670
12.8667 669
12.8833 669
12.9 669
12.9167 668
12.9333 668
12.95 668
12.9667 667
12.9833 667
13.0 666
13.0167 666
13.0333 665
13.05 665
13.0667 664
13.0833 664
13.1 663
13.1167 663
13.1333 662
13.15 661
13.1667 661
13.1833 660
13.2 659
13.2167 659
13.2333 658
13.25 657
13.2667 656
13.2833 656
13.3 655
13.3167 654
13.3333 653
13.35 652
13.3667 652
13.3833 651
13.4 650
13.4167 649
13.4333 648
13.45 647
13.4667 646
13.4833 645
13.5 644
13.5167 643
13.5333 642
13.55 641
13.5667 640
13.5833 639
13.6 637
13.6167 636
13.6333 635
13.65 634
13.6667 633
13.6833 631
13.7 630
13.7167 629
13.7333 628
13.75 626
13.7667 625
13.7833 624
13.8 622
13.8167 621
13.8333 620
13.85 618
13.8667 617
13.8833 615
13.9 614
13.9167 612
13.9333 611
13.95 609
13.9667 608
13.9833 606
14.0 605
14.0167 603
14.0333 602
14.05 600
14.0667 598
14.0833 597
14.1 595
14.1167 593
14.1333 592
14.15 590
14.1667 588
14.1833 586
14.2 585
14.2167 583
14.2333 581
14.25 579
14.2667 577
14.2833 575
14.3 574
14.3167 572
14.3333 570
14.35 568
14.3667 566
14.3833 564
14.4 562
14.4167 560
14.4333 558
14.45 556
14.4667 554
14.4833 552
14.5 550
14.5167 548
14.5333 545
14.55 543
14.5667 541
14.5833 539
14.6 537
14.6167 535
14.6333 532
14.65 530
14.6667 528
14.6833 526
14.7 523
14.7167 521
14.7333 519
14.75 517
14.7667 514
14.7833 512
14.8 510
14.8167 507
14.8333 505
14.85 502
14.8667 500
14.8833 498
14.9 495
14.9167 493
14.9333 490
14.95 488
14.9667 485
14.9833 483
15.0 480
15.0167 478
15.0333 475
15.05 473
15.0667 470
15.0833 467
15.1 465
15.1167 462
15.1333 459
15.15 457
15.1667 454
15.1833 451
15.2 449
15.2167 446
15.2333 443
15.25 441
15.2667 438
15.2833 435
15.3 432
15.3167 430
15.3333 427
15.35 424
15.3667 421
15.3833 418
15.4 415
15.4167 413
15.4333 410
15.45 407
15.4667 404
15.4833 401
15.5 398
15.5167 395
15.5333 392
15.55 389
15.5667 386
15.5833 383
15.6 380
15.6167 377
15.6333 374
15.65 371
15.6667 368
15.6833 365
15.7 362
15.7167 359
15.7333 356
15.75 353
15.7667 350
15.7833 347
15.8 344
15.8167 341
15.8333 338
15.85 335
15.8667 331
15.8833 328
15.9 325
15.9167 322
15.9333 319
15.95 316
15.9667 313
15.9833 309
