9.0 246
9.0167 248
9.0333 251
9.05 254
9.0667 257
9.0833 260
9.1 263
9.1167 266
9.1333 269
9.15 272
9.1667 275
9.1833 278
9.2 281
9.2167 284
9.2333 287
9.25 290
9.2667 293
9.2833 296
9.3 299
9.3167 302
9.3333 305
9.35 308
9.3667 311
9.3833 314
9.4 317
9.4167 320
9.4333 323
9.45 326
9.4667 328
9.4833 331
9.5 334
9.5167 337
9.5333 340
9.55 343
9.5667 346
9.5833 348
9.6 351
9.6167 354
9.6333 357
9.65 360
9.6667 363
9.6833 365
9.7 368
9.7167 371
9.7333 374
9.75 376
9.7667 379
9.7833 382
9.8 385
9.8167 387
9.8333 390
9.85 393
9.8667 395
9.8833 398
9.9 401
9.9167 403
9.9333 406
9.95 409
9.9667 411
9.9833 414
10.0 416
10.0167 419
10.0333 422
10.05 424
10.0667 427
10.0833 429
10.1 432
10.1167 434
10.1333 437
10.15 439
10.1667 442
10.1833 444
10.2 446
10.2167 449
10.2333 451
10.25 454
10.2667 456
10.2833 458
10.3 461
10.3167 463
10.3333 465
10.35 468
10.3667 470
10.3833 472
10.4 475
10.4167 477
10.4333 479
10.45 481
10.4667 484
10.4833 486
10.5 488
10.5167 490
10.5333 492
10.55 495
10.5667 497
10.5833 499
10.6 501
10.6167 503
10.6333 505
10.65 507
10.6667 509
10.6833 511
10.7 513
10.7167 515
10.7333 517
10.75 519
10.7667 521
10.7833 523
10.8 525
10.8167 527
10.8333 529
10.85 531
10.8667 532
10.8833 534
10.9 536
10.9167 538
10.9333 540
10.95 541
10.9667 543
10.9833 545
11.0 547
11.0167 548
11.0333 550
11.05 552
11.0667 553
11.0833 555
11.1 557
11.1167 558
11.1333 560
11.15 561
11.1667 563
11.1833 564
11.2 566
11.2167 567
11.2333 569
11.25 570
11.2667 572
11.2833 573
11.3 575
11.3167 576
11.3333 577
11.35 579
11.3667 580
11.3833 581
11.4 583
11.4167 584
11.4333 585
11.45 587
11.4667 588
11.4833 589
11.5 590
11.5167 591
11.5333 593
11.55 594
11.5667 595
11.5833 596
11.6 597
11.6167 598
11.6333 599
11.65 600
11.6667 601
11.6833 602
11.7 603
11.7167 604
11.7333 605
11.75 606
11.7667 607
11.7833 608
11.8 609
11.8167 610
11.8333 610
11.85 611
11.8667 612
11.8833 613
11.9 614
11.9167 614
11.9333 615
11.95 616
11.9667 616
11.9833 617
12.0 618
12.0167 618
12.0333 619
12.05 620
12.0667 620
12.0833 621
12.1 621
12.1167 622
12.1333 622
12.15 623
12.1667 623
12.1833 624
12.2 624
12.2167 625
12.2333 625
12.25 625
12.2667 626
12.2833 626
12.3 626
12.3167 627
12.3333 627
12.35 627
12.3667 627
12.3833 628
12.4 628
12.4167 628
12.4333 628
12.45 628
12.4667 628
12.4833 628
12.5 629
12.5167 629
12.5333 629
12.55 629
12.5667 629
12.5833 629
12.6 629
12.6167 629
12.6333 629
12.65 628
12.6667 628
12.6833 628
12.7 628
12.7167 628
12.7333 628
12.75 628
12.7667 627
12.7833 627
12.8 627
12.8167 627
12.8333 626
12.85 626
12.8667 626
12.8833 625
12.9 625
12.9167 624
12.9333 624
12.95 624
12.9667 623
12.9833 623
13.0 622
13.0167 622
13.0333 621
13.05 621
13.0667 620
13.0833 620
13.1 619
13.1167 618
13.1333 618
13.15 617
13.1667 616
13.1833 616
13.2 615
13.2167 614
13.2333 613
13.25 613
13.2667 612
13.2833 611
13.3 610
13.3167 609
13.3333 609
13.35 608
13.3667 607
13.3833 606
13.4 605
13.4167 604
13.4333 603
13.45 602
13.4667 601
13.4833 600
13.5 599
13.5167 598
13.5333 597
13.55 596
13.5667 595
13.5833 593
13.6 592
13.6167 591
13.6333 590
13.65 589
13.6667 588
13.6833 586
13.7 585
13.7167 584
13.7333 582
13.75 581
13.7667 580
13.7833 578
13.8 577
13.8167 576
13.8333 574
13.85 573
13.8667 571
13.8833 570
13.9 569
13.9167 567
13.9333 566
13.95 564
13.9667 562
13.9833 561
14.0 559
14.0167 558
14.0333 556
14.05 555
14.0667 553
14.0833 551
14.1 550
14.1167 548
14.1333 546
14.15 544
14.1667 543
14.1833 541
14.2 539
14.2167 537
14.2333 536
14.25 534
14.2667 532
14.2833 530
14.3 528
14.3167 526
14.3333 524
14.35 522
14.3667 521
14.3833 519
14.4 517
14.4167 515
14.4333 513
14.45 511
14.4667 509
14.4833 507
14.5 505
14.5167 502
14.5333 500
14.55 498
14.5667 496
14.5833 494
14.6 492
14.6167 490
14.6333 488
14.65 485
14.6667 483
14.6833 481
14.7 479
14.7167 476
14.7333 474
14.75 472
14.7667 470
14.7833 467
14.8 465
14.8167 463
14.8333 460
14.85 458
14.8667 456
14.8833 453
14.9 451
14.9167 448
14.9333 446
14.95 443
14.9667 441
14.9833 439
15.0 436
15.0167 434
15.0333 431
15.05 429
15.0667 426
15.0833 423
15.1 421
15.1167 418
15.1333 416
15.15 413
15.1667 411
15.1833 408
15.2 405
15.2167 403
15.2333 400
15.25 397
15.2667 395
15.2833 392
15.3 389
15.3167 387
15.3333 384
15.35 381
15.3667 379
15.3833 376
15.4 373
15.4167 370
15.4333 368
15.45 365
15.4667 362
15.4833 359
15.5 356
15.5167 354
15.5333 351
15.55 348
15.5667 345
15.5833 342
15.6 339
15.6167 336
15.6333 334
15.65 331
15.6667 328
15.6833 325
15.7 322
15.7167 319
15.7333 316
15.75 313
15.7667 310
15.7833 307
15.8 305
15.8167 302
15.8333 299
15.85 296
15.8667 293
15.8833 290
15.9 287
15.9167 284
15.9333 281
15.95 278
15.9667 275
15.9833 272
