9.0 246
9.0167 249
9.0333 252
9.05 255
9.0667 259
9.0833 262
9.1 265
9.1167 268
9.1333 271
9.15 274
9.1667 277
9.1833 280
9.2 284
9.2167 287
9.2333 290
9.25 293
9.2667 296
9.2833 299
9.3 302
9.3167 305
9.3333 308
9.35 311
9.3667 315
9.3833 318
9.4 321
9.4167 324
9.4333 327
9.45 330
9.4667 333
9.4833 336
9.5 339
9.5167 342
9.5333 345
9.55 348
9.5667 351
9.5833 354
9.6 357
9.6167 360
9.6333 363
9.65 365
9.6667 368
9.6833 371
9.7 374
9.7167 377
9.7333 380
9.75 383
9.7667 386
9.7833 389
9.8 391
9.8167 394
9.8333 397
9.85 400
9.8667 403
9.8833 405
9.9 408
9.9167 411
9.9333 414
9.95 416
9.9667 419
9.9833 422
10.0 425
10.0167 427
10.0333 430
10.05 433
10.0667 435
10.0833 438
10.1 440
10.1167 443
10.1333 446
10.15 448
10.1667 451
10.1833 453
10.2 456
10.2167 458
10.2333 461
10.25 464
10.2667 466
10.2833 468
10.3 471
10.3167 473
10.3333 476
10.35 478
10.3667 481
10.3833 483
10.4 485
10.4167 488
10.4333 490
10.45 493
10.4667 495
10.4833 497
10.5 499
10.5167 502
10.5333 504
10.55 506
10.5667 508
10.5833 511
10.6 513
10.6167 515
10.6333 517
10.65 519
10.6667 522
10.6833 524
10.7 526
10.7167 528
10.7333 530
10.75 532
10.7667 534
10.7833 536
10.8 538
10.8167 540
10.8333 542
10.85 544
10.8667 546
10.8833 548
10.9 550
10.9167 552
10.9333 554
10.95 556
10.9667 557
10.9833 559
11.0 561
11.0167 563
11.0333 565
11.05 566
11.0667 568
11.0833 570
11.1 572
11.1167 573
11.1333 575
11.15 577
11.1667 578
11.1833 580
11.2 582
11.2167 583
11.2333 585
11.25 586
11.2667 588
11.2833 589
11.3 591
11.3167 592
11.3333 594
11.35 595
11.3667 597
11.3833 598
11.4 600
11.4167 601
11.4333 602
11.45 604
11.4667 605
11.4833 606
11.5 608
11.5167 609
11.5333 610
11.55 611
11.5667 613
11.5833 614
11.6 615
11.6167 616
11.6333 617
11.65 618
11.6667 620
11.6833 621
11.7 622
11.7167 623
11.7333 624
11.75 625
11.7667 626
11.7833 627
11.8 628
11.8167 629
11.8333 630
11.85 631
11.8667 631
11.8833 632
11.9 633
11.9167 634
11.9333 635
11.95 636
11.9667 636
11.9833 637
12.0 638
12.0167 639
12.0333 639
12.05 640
12.0667 641
12.0833 641
12.1 642
12.1167 643
12.1333 643
12.15 644
12.1667 644
12.1833 645
12.2 645
12.2167 646
12.2333 646
12.25 647
12.2667 647
12.2833 648
12.3 648
12.3167 648
12.3333 649
12.35 649
12.3667 649
12.3833 650
12.4 650
12.4167 650
12.4333 650
12.45 651
12.4667 651
12.4833 651
12.5 651
12.5167 651
12.5333 651
12.55 652
12.5667 652
12.5833 652
12.6 652
12.6167 652
12.6333 652
12.65 652
12.6667 652
12.6833 652
12.7 652
12.7167 652
12.7333 652
12.75 651
12.7667 651
12.7833 651
12.8 651
12.8167 651
12.8333 651
12.85 650
12.8667 650
12.8833 650
12.9 649
12.9167 649
12.9333 649
12.95 648
12.9667 648
12.9833 648
13.0 647
13.0167 647
13.0333 646
13.05 646
13.0667 645
13.0833 645
13.1 644
13.1167 644
13.1333 643
13.15 643
13.1667 642
13.1833 642
13.2 641
13.2167 640
13.2333 640
13.25 639
13.2667 638
13.2833 637
13.3 637
13.3167 636
13.3333 635
13.35 634
13.3667 633
13.3833 633
13.4 632
13.4167 631
13.4333 630
13.45 629
13.4667 628
13.4833 627
13.5 626
13.5167 625
13.5333 624
13.55 623
13.5667 622
13.5833 621
13.6 620
13.6167 619
13.6333 618
13.65 617
13.6667 615
13.6833 614
13.7 613
13.7167 612
13.7333 611
13.75 609
13.7667 608
13.7833 607
13.8 605
13.8167 604
13.8333 603
13.85 601
13.8667 600
13.8833 599
13.9 597
13.9167 596
13.9333 594
13.95 593
13.9667 591
13.9833 590
14.0 588
14.0167 587
14.0333 585
14.05 584
14.0667 582
14.0833 580
14.1 579
14.1167 577
14.1333 576
14.15 574
14.1667 572
14.1833 570
14.2 569
14.2167 567
14.2333 565
14.25 563
14.2667 562
14.2833 560
14.3 558
14.3167 556
14.3333 554
14.35 552
14.3667 551
14.3833 549
14.4 547
14.4167 545
14.4333 543
14.45 541
14.4667 539
14.4833 537
14.5 535
14.5167 533
14.5333 531
14.55 529
14.5667 527
14.5833 524
14.6 522
14.6167 520
14.6333 518
14.65 516
14.6667 514
14.6833 511
14.7 509
14.7167 507
14.7333 505
14.75 502
14.7667 500
14.7833 498
14.8 496
14.8167 493
14.8333 491
14.85 489
14.8667 486
14.8833 484
14.9 481
14.9167 479
14.9333 477
14.95 474
14.9667 472
14.9833 469
15.0 467
15.0167 465
15.0333 462
15.05 460
15.0667 457
15.0833 455
15.1 452
15.1167 449
15.1333 447
15.15 444
15.1667 442
15.1833 439
15.2 436
15.2167 434
15.2333 431
15.25 428
15.2667 426
15.2833 423
15.3 420
15.3167 418
15.3333 415
15.35 412
15.3667 409
15.3833 407
15.4 404
15.4167 401
15.4333 398
15.45 395
15.4667 393
15.4833 390
15.5 387
15.5167 384
15.5333 381
15.55 378
15.5667 375
15.5833 373
15.6 370
15.6167 367
15.6333 364
15.65 361
15.6667 358
15.6833 355
15.7 352
15.7167 349
15.7333 346
15.75 343
15.7667 340
15.7833 337
15.8 334
15.8167 331
15.8333 328
15.85 325
15.8667 322
15.8833 319
15.9 316
15.9167 313
15.9333 310
15.95 307
15.9667 304
15.9833 301
