9.0 483
9.0167 487
9.0333 491
9.05 494
9.0667 498
9.0833 501
9.1 505
9.1167 508
9.1333 512
9.15 515
9.1667 519
9.1833 522
9.2 526
9.2167 529
9.2333 533
9.25 536
9.2667 539
9.2833 543
9.3 546
9.3167 550
9.3333 553
9.35 556
9.3667 560
9.3833 563
9.4 567
9.4167 570
9.4333 573
9.45 577
9.4667 580
9.4833 583
9.5 586
9.5167 590
9.5333 593
9.55 596
9.5667 599
9.5833 603
9.6 606
9.6167 609
9.6333 612
9.65 616
9.6667 619
9.6833 622
9.7 625
9.7167 628
9.7333 631
9.75 634
9.7667 637
9.7833 641
9.8 644
9.8167 647
9.8333 650
9.85 653
9.8667 656
9.8833 659
9.9 662
9.9167 665
9.9333 668
9.95 671
9.9667 674
9.9833 677
10.0 680
10.0167 682
10.0333 685
10.05 688
10.0667 691
10.0833 694
10.1 697
10.1167 700
10.1333 702
10.15 705
10.1667 708
10.1833 711
10.2 713
10.2167 716
10.2333 719
10.25 722
10.2667 724
10.2833 727
10.3 730
10.3167 732
10.3333 735
10.35 738
10.3667 740
10.3833 743
10.4 745
10.4167 748
10.4333 750
10.45 753
10.4667 755
10.4833 758
10.5 760
10.5167 763
10.5333 765
10.55 768
10.5667 770
10.5833 772
10.6 775
10.6167 777
10.6333 779
10.65 782
10.6667 784
10.6833 786
10.7 789
10.7167 791
10.7333 793
10.75 795
10.7667 798
10.7833 800
10.8 802
10.8167 804
10.8333 806
10.85 808
10.8667 811
10.8833 813
10.9 815
10.9167 817
10.9333 819
10.95 821
10.9667 823
10.9833 825
11.0 827
11.0167 829
11.0333 831
11.05 833
11.0667 834
11.0833 836
11.1 838
11.1167 840
11.1333 842
11.15 844
11.1667 845
11.1833 847
11.2 849
11.2167 851
11.2333 852
11.25 854
11.2667 856
11.2833 857
11.3 859
11.3167 861
11.3333 862
11.35 864
11.3667 865
11.3833 867
11.4 868
11.4167 870
11.4333 871
11.45 873
11.4667 874
11.4833 876
11.5 877
11.5167 879
11.5333 880
11.55 881
11.5667 883
11.5833 884
11.6 885
11.6167 887
11.6333 888
11.65 889
11.6667 890
11.6833 892
11.7 893
11.7167 894
11.7333 895
11.75 896
11.7667 897
11.7833 898
11.8 900
11.8167 901
11.8333 902
11.85 903
11.8667 904
11.8833 905
11.9 906
11.9167 906
11.9333 907
11.95 908
11.9667 909
11.9833 910
12.0 911
12.0167 912
12.0333 912
12.05 913
12.0667 914
12.0833 915
12.1 915
12.1167 916
12.1333 917
12.15 917
12.1667 918
12.1833 919
12.2 919
12.2167 920
12.2333 920
12.25 921
12.2667 922
12.2833 922
12.3 922
12.3167 923
12.3333 923
12.35 924
12.3667 924
12.3833 925
12.4 925
12.4167 925
12.4333 926
12.45 926
12.4667 926
12.4833 926
12.5 927
12.5167 927
12.5333 927
12.55 927
12.5667 927
12.5833 928
12.6 928
12.6167 928
12.6333 928
12.65 928
12.6667 928
12.6833 928
12.7 928
12.7167 928
12.7333 928
12.75 928
12.7667 928
12.7833 928
12.8 928
12.8167 927
12.8333 927
12.85 927
12.8667 927
12.8833 927
12.9 926
12.9167 926
12.9333 926
12.95 925
12.9667 925
12.9833 925
13.0 924
13.0167 924
13.0333 924
13.05 923
13.0667 923
13.0833 922
13.1 922
13.1167 921
13.1333 921
13.15 920
13.1667 920
13.1833 919
13.2 918
13.2167 918
13.2333 917
13.25 917
13.2667 916
13.2833 915
13.3 914
13.3167 914
13.3333 913
13.35 912
13.3667 911
13.3833 910
13.4 910
13.4167 909
13.4333 908
13.45 907
13.4667 906
13.4833 905
13.5 904
13.5167 903
13.5333 902
13.55 901
13.5667 900
13.5833 899
13.6 898
13.6167 897
13.6333 896
13.65 895
13.6667 893
13.6833 892
13.7 891
13.7167 890
13.7333 889
13.75 887
13.7667 886
13.7833 885
13.8 884
13.8167 882
13.8333 881
13.85 880
13.8667 878
13.8833 877
13.9 875
13.9167 874
13.9333 872
13.95 871
13.9667 869
13.9833 868
14.0 866
14.0167 865
14.0333 863
14.05 862
14.0667 860
14.0833 858
14.1 857
14.1167 855
14.1333 853
14.15 852
14.1667 850
14.1833 848
14.2 846
14.2167 845
14.2333 843
14.25 841
14.2667 839
14.2833 837
14.3 836
14.3167 834
14.3333 832
14.35 830
14.3667 828
14.3833 826
14.4 824
14.4167 822
14.4333 820
14.45 818
14.4667 816
14.4833 814
14.5 812
14.5167 810
14.5333 808
14.55 805
14.5667 803
14.5833 801
14.6 799
14.6167 797
14.6333 795
14.65 792
14.6667 790
14.6833 788
14.7 786
14.7167 783
14.7333 781
14.75 779
14.7667 776
14.7833 774
14.8 771
14.8167 769
14.8333 767
14.85 764
14.8667 762
14.8833 759
14.9 757
14.9167 754
14.9333 752
14.95 749
14.9667 747
14.9833 744
15.0 742
15.0167 739
15.0333 737
15.05 734
15.0667 732
15.0833 729
15.1 726
15.1167 724
15.1333 721
15.15 718
15.1667 715
15.1833 713
15.2 710
15.2167 707
15.2333 704
15.25 702
15.2667 699
15.2833 696
15.3 693
15.3167 690
15.3333 687
15.35 684
15.3667 682
15.3833 679
15.4 676
15.4167 673
15.4333 670
15.45 667
15.4667 664
15.4833 661
15.5 658
15.5167 655
15.5333 652
15.55 649
15.5667 646
15.5833 643
15.6 640
15.6167 637
15.6333 633
15.65 630
15.6667 627
15.6833 624
15.7 621
15.7167 618
15.7333 615
15.75 611
15.7667 608
15.7833 605
15.8 602
15.8167 598
15.8333 595
15.85 592
15.8667 589
15.8833 585
15.9 582
15.9167 579
15.9333 576
15.95 572
15.9667 569
15.9833 566
