9.0 269
9.0167 271
9.0333 274
9.05 278
9.0667 281
9.0833 284
9.1 287
9.1167 290
9.1333 294
9.15 297
9.1667 300
9.1833 303
9.2 306
9.2167 310
9.2333 313
9.25 316
9.2667 319
9.2833 322
9.3 325
9.3167 328
9.3333 332
9.35 335
9.3667 338
9.3833 341
9.4 344
9.4167 347
9.4333 350
9.45 353
9.4667 356
9.4833 359
9.5 362
9.5167 365
9.5333 368
9.55 371
9.5667 374
9.5833 377
9.6 380
9.6167 383
9.6333 386
9.65 389
9.6667 392
9.6833 395
9.7 398
9.7167 401
9.7333 404
9.75 407
9.7667 409
9.7833 412
9.8 415
9.8167 418
9.8333 421
9.85 424
9.8667 426
9.8833 429
9.9 432
9.9167 435
9.9333 437
9.95 440
9.9667 443
9.9833 446
10.0 448
10.0167 451
10.0333 454
10.05 456
10.0667 459
10.0833 462
10.1 464
10.1167 467
10.1333 469
10.15 472
10.1667 474
10.1833 477
10.2 480
10.2167 482
10.2333 485
10.25 487
10.2667 490
10.2833 492
10.3 494
10.3167 497
10.3333 499
10.35 502
10.3667 504
10.3833 507
10.4 509
10.4167 511
10.4333 514
10.45 516
10.4667 518
10.4833 520
10.5 523
10.5167 525
10.5333 527
10.55 529
10.5667 532
10.5833 534
10.6 536
10.6167 538
10.6333 540
10.65 542
10.6667 545
10.6833 547
10.7 549
10.7167 551
10.7333 553
10.75 555
10.7667 557
10.7833 559
10.8 561
10.8167 563
10.8333 565
10.85 567
10.8667 569
10.8833 571
10.9 572
10.9167 574
10.9333 576
10.95 578
10.9667 580
10.9833 582
11.0 583
11.0167 585
11.0333 587
11.05 589
11.0667 590
11.0833 592
11.1 594
11.1167 595
11.1333 597
11.15 599
11.1667 600
11.1833 602
11.2 603
11.2167 605
11.2333 606
11.25 608
11.2667 610
11.2833 611
11.3 612
11.3167 614
11.3333 615
11.35 617
11.3667 618
11.3833 620
11.4 621
11.4167 622
11.4333 624
11.45 625
11.4667 626
11.4833 627
11.5 629
11.5167 630
11.5333 631
11.55 632
11.5667 633
11.5833 635
11.6 636
11.6167 637
11.6333 638
11.65 639
11.6667 640
11.6833 641
11.7 642
11.7167 643
11.7333 644
11.75 645
11.7667 646
11.7833 647
11.8 648
11.8167 649
11.8333 650
11.85 651
11.8667 651
11.8833 652
11.9 653
11.9167 654
11.9333 655
11.95 655
11.9667 656
11.9833 657
12.0 657
12.0167 658
12.0333 659
12.05 659
12.0667 660
12.0833 661
12.1 661
12.1167 662
12.1333 662
12.15 663
12.1667 663
12.1833 664
12.2 664
12.2167 665
12.2333 665
12.25 665
12.2667 666
12.2833 666
12.3 667
12.3167 667
12.3333 667
12.35 667
12.3667 668
12.3833 668
12.4 668
12.4167 668
12.4333 669
12.45 669
12.4667 669
12.4833 669
12.5 669
12.5167 669
12.5333 669
12.55 669
12.5667 669
12.5833 669
12.6 669
12.6167 669
12.6333 669
12.65 669
12.6667 669
12.6833 669
12.7 669
12.7167 669
12.7333 669
12.75 668
12.7667 668
12.7833 668
12.8 668
12.8167 668
12.8333 667
12.85 667
12.8667 667
12.8833 666
12.9 666
12.9167 666
12.9333 665
12.95 665
12.9667 664
12.9833 664
13.0 663
13.0167 663
13.0333 662
13.05 662
13.0667 661
13.0833 661
13.1 660
13.1167 660
13.1333 659
13.15 658
13.1667 658
13.1833 657
13.2 656
13.2167 656
13.2333 655
13.25 654
13.2667 653
13.2833 653
13.3 652
13.3167 651
13.3333 650
13.35 649
13.3667 648
13.3833 647
13.4 646
13.4167 645
13.4333 645
13.45 644
13.4667 643
13.4833 642
13.5 640
13.5167 639
13.5333 638
13.55 637
13.5667 636
13.5833 635
13.6 634
13.6167 633
13.6333 631
13.65 630
13.6667 629
13.6833 628
13.7 627
13.7167 625
13.7333 624
13.75 623
13.7667 621
13.7833 620
13.8 619
13.8167 617
13.8333 616
13.85 614
13.8667 613
13.8833 611
13.9 610
13.9167 609
13.9333 607
13.95 605
13.9667 604
13.9833 602
14.0 601
14.0167 599
14.0333 598
14.05 596
14.0667 594
14.0833 593
14.1 591
14.1167 589
14.1333 587
14.15 586
14.1667 584
14.1833 582
14.2 580
14.2167 579
14.2333 577
14.25 575
14.2667 573
14.2833 571
14.3 569
14.3167 567
14.3333 565
14.35 563
14.3667 562
14.3833 560
14.4 558
14.4167 556
14.4333 554
14.45 551
14.4667 549
14.4833 547
14.5 545
14.5167 543
14.5333 541
14.55 539
14.5667 537
14.5833 535
14.6 532
14.6167 530
14.6333 528
14.65 526
14.6667 523
14.6833 521
14.7 519
14.7167 517
14.7333 514
14.75 512
14.7667 510
14.7833 507
14.8 505
14.8167 503
14.8333 500
14.85 498
14.8667 495
14.8833 493
14.9 490
14.9167 488
14.9333 485
14.95 483
14.9667 480
14.9833 478
15.0 475
15.0167 473
15.0333 470
15.05 468
15.0667 465
15.0833 462
15.1 460
15.1167 457
15.1333 455
15.15 452
15.1667 449
15.1833 447
15.2 444
15.2167 441
15.2333 438
15.25 436
15.2667 433
15.2833 430
15.3 427
15.3167 425
15.3333 422
15.35 419
15.3667 416
15.3833 413
15.4 410
15.4167 408
15.4333 405
15.45 402
15.4667 399
15.4833 396
15.5 393
15.5167 390
15.5333 387
15.55 384
15.5667 381
15.5833 378
15.6 375
15.6167 372
15.6333 369
15.65 366
15.6667 363
15.6833 360
15.7 357
15.7167 354
15.7333 351
15.75 348
15.7667 345
15.7833 342
15.8 339
15.8167 336
15.8333 333
15.85 330
15.8667 326
15.8833 323
15.9 320
15.9167 317
15.9333 314
15.95 311
15.9667 308
15.9833 304
