9.0 243
9.0167 247
9.0333 250
9.05 253
9.0667 257
9.0833 260
9.1 263
9.1167 267
9.1333 270
9.15 273
9.1667 277
9.1833 280
9.2 283
9.2167 286
9.2333 290
9.25 293
9.2667 296
9.2833 300
9.3 303
9.3167 306
9.3333 309
9.35 313
9.3667 316
9.3833 319
9.4 322
9.4167 325
9.4333 329
9.45 332
9.4667 335
9.4833 338
9.5 341
9.5167 345
9.5333 348
9.55 351
9.5667 354
9.5833 357
9.6 360
9.6167 363
9.6333 367
9.65 370
9.6667 373
9.6833 376
9.7 379
9.7167 382
9.7333 385
9.75 388
9.7667 391
9.7833 394
9.8 397
9.8167 400
9.8333 403
9.85 406
9.8667 409
9.8833 412
9.9 415
9.9167 418
9.9333 421
9.95 424
9.9667 427
9.9833 429
10.0 432
10.0167 435
10.0333 438
10.05 441
10.0667 444
10.0833 447
10.1 449
10.1167 452
10.1333 455
10.15 458
10.1667 460
10.1833 463
10.2 466
10.2167 469
10.2333 471
10.25 474
10.2667 477
10.2833 479
10.3 482
10.3167 484
10.3333 487
10.35 490
10.3667 492
10.3833 495
10.4 497
10.4167 500
10.4333 502
10.45 505
10.4667 507
10.4833 510
10.5 512
10.5167 515
10.5333 517
10.55 520
10.5667 522
10.5833 525
10.6 527
10.6167 529
10.6333 532
10.65 534
10.6667 536
10.6833 539
10.7 541
10.7167 543
10.7333 545
10.75 548
10.7667 550
10.7833 552
10.8 554
10.8167 556
10.8333 558
10.85 561
10.8667 563
10.8833 565
10.9 567
10.9167 569
10.9333 571
10.95 573
10.9667 575
10.9833 577
11.0 579
11.0167 581
11.0333 583
11.05 585
11.0667 587
11.0833 589
11.1 591
11.1167 593
11.1333 594
11.15 596
11.1667 598
11.1833 600
11.2 602
11.2167 603
11.2333 605
11.25 607
11.2667 609
11.2833 610
11.3 612
11.3167 614
11.3333 615
11.35 617
11.3667 619
11.3833 620
11.4 622
11.4167 623
11.4333 625
11.45 626
11.4667 628
11.4833 629
11.5 631
11.5167 632
11.5333 634
11.55 635
11.5667 636
11.5833 638
11.6 639
11.6167 641
11.6333 642
11.65 643
11.6667 644
11.6833 646
11.7 647
11.7167 648
11.7333 649
11.75 651
11.7667 652
11.7833 653
11.8 654
11.8167 655
11.8333 656
11.85 657
11.8667 658
11.8833 659
11.9 660
11.9167 661
11.9333 662
11.95 663
11.9667 664
11.9833 665
12.0 666
12.0167 667
12.0333 668
12.05 669
12.0667 670
12.0833 670
12.1 671
12.1167 672
12.1333 673
12.15 673
12.1667 674
12.1833 675
12.2 676
12.2167 676
12.2333 677
12.25 677
12.2667 678
12.2833 679
12.3 679
12.3167 680
12.3333 680
12.35 681
12.3667 681
12.3833 682
12.4 682
12.4167 683
12.4333 683
12.45 683
12.4667 684
12.4833 684
12.5 684
12.5167 685
12.5333 685
12.55 685
12.5667 686
12.5833 686
12.6 686
12.6167 686
12.6333 686
12.65 686
12.6667 687
12.6833 687
12.7 687
12.7167 687
12.7333 687
12.75 687
12.7667 687
12.7833 687
12.8 687
12.8167 687
12.8333 687
12.85 687
12.8667 687
12.8833 687
12.9 686
12.9167 686
12.9333 686
12.95 686
12.9667 686
12.9833 685
13.0 685
13.0167 685
13.0333 685
13.05 684
13.0667 684
13.0833 684
13.1 683
13.1167 683
13.1333 682
13.15 682
13.1667 682
13.1833 681
13.2 681
13.2167 680
13.2333 680
13.25 679
13.2667 678
13.2833 678
13.3 677
13.3167 677
13.3333 676
13.35 675
13.3667 675
13.3833 674
13.4 673
13.4167 672
13.4333 672
13.45 671
13.4667 670
13.4833 669
13.5 668
13.5167 668
13.5333 667
13.55 666
13.5667 665
13.5833 664
13.6 663
13.6167 662
13.6333 661
13.65 660
13.6667 659
13.6833 658
13.7 657
13.7167 656
13.7333 655
13.75 654
13.7667 652
13.7833 651
13.8 650
13.8167 649
13.8333 648
13.85 646
13.8667 645
13.8833 644
13.9 643
13.9167 641
13.9333 640
13.95 639
13.9667 637
13.9833 636
14.0 634
14.0167 633
14.0333 632
14.05 630
14.0667 629
14.0833 627
14.1 626
14.1167 624
14.1333 623
14.15 621
14.1667 620
14.1833 618
14.2 616
14.2167 615
14.2333 613
14.25 611
14.2667 610
14.2833 608
14.3 606
14.3167 604
14.3333 603
14.35 601
14.3667 599
14.3833 597
14.4 596
14.4167 594
14.4333 592
14.45 590
14.4667 588
14.4833 586
14.5 584
14.5167 582
14.5333 580
14.55 578
14.5667 576
14.5833 574
14.6 572
14.6167 570
14.6333 568
14.65 566
14.6667 564
14.6833 562
14.7 560
14.7167 558
14.7333 555
14.75 553
14.7667 551
14.7833 549
14.8 547
14.8167 544
14.8333 542
14.85 540
14.8667 538
14.8833 535
14.9 533
14.9167 531
14.9333 528
14.95 526
14.9667 524
14.9833 521
15.0 519
15.0167 517
15.0333 515
15.05 512
15.0667 510
15.0833 507
15.1 505
15.1167 502
15.1333 500
15.15 497
15.1667 494
15.1833 492
15.2 489
15.2167 487
15.2333 484
15.25 481
15.2667 479
15.2833 476
15.3 473
15.3167 471
15.3333 468
15.35 465
15.3667 463
15.3833 460
15.4 457
15.4167 454
15.4333 452
15.45 449
15.4667 446
15.4833 443
15.5 440
15.5167 438
15.5333 435
15.55 432
15.5667 429
15.5833 426
15.6 423
15.6167 420
15.6333 417
15.65 414
15.6667 411
15.6833 409
15.7 406
15.7167 403
15.7333 400
15.75 397
15.7667 394
15.7833 391
15.8 388
15.8167 384
15.8333 381
15.85 378
15.8667 375
15.8833 372
15.9 369
15.9167 366
15.9333 363
15.95 360
15.9667 357
15.9833 353
