9.0 241
9.0167 244
9.0333 247
9.05 251
9.0667 254
9.0833 257
9.1 261
9.1167 264
9.1333 267
9.15 271
9.1667 274
9.1833 277
9.2 280
9.2167 284
9.2333 287
9.25 290
9.2667 294
9.2833 297
9.3 300
9.3167 303
9.3333 307
9.35 310
9.3667 313
9.3833 316
9.4 319
9.4167 323
9.4333 326
9.45 329
9.4667 332
9.4833 335
9.5 339
9.5167 342
9.5333 345
9.55 348
9.5667 351
9.5833 354
9.6 357
9.6167 361
9.6333 364
9.65 367
9.6667 370
9.6833 373
9.7 376
9.7167 379
9.7333 382
9.75 385
9.7667 388
9.7833 391
9.8 394
9.8167 397
9.8333 400
9.85 403
9.8667 406
9.8833 409
9.9 412
9.9167 415
9.9333 418
9.95 421
9.9667 424
9.9833 427
10.0 430
10.0167 432
10.0333 435
10.05 438
10.0667 441
10.0833 444
10.1 447
10.1167 449
10.1333 452
10.15 455
10.1667 458
10.1833 460
10.2 463
10.2167 466
10.2333 468
10.25 471
10.2667 474
10.2833 476
10.3 479
10.3167 482
10.3333 484
10.35 487
10.3667 490
10.3833 492
10.4 495
10.4167 497
10.4333 500
10.45 502
10.4667 505
10.4833 507
10.5 510
10.5167 512
10.5333 515
10.55 517
10.5667 519
10.5833 522
10.6 524
10.6167 527
10.6333 529
10.65 531
10.6667 534
10.6833 536
10.7 538
10.7167 540
10.7333 543
10.75 545
10.7667 547
10.7833 549
10.8 552
10.8167 554
10.8333 556
10.85 558
10.8667 560
10.8833 562
10.9 564
10.9167 567
10.9333 569
10.95 571
10.9667 573
10.9833 575
11.0 577
11.0167 579
11.0333 581
11.05 583
11.0667 584
11.0833 586
11.1 588
11.1167 590
11.1333 592
11.15 594
11.1667 596
11.1833 598
11.2 599
11.2167 601
11.2333 603
11.25 605
11.2667 606
11.2833 608
11.3 610
11.3167 611
11.3333 613
11.35 615
11.3667 616
11.3833 618
11.4 619
11.4167 621
11.4333 623
11.45 624
11.4667 626
11.4833 627
11.5 629
11.5167 630
11.5333 631
11.55 633
11.5667 634
11.5833 636
11.6 637
11.6167 638
11.6333 640
11.65 641
11.6667 642
11.6833 644
11.7 645
11.7167 646
11.7333 647
11.75 648
11.7667 650
11.7833 651
11.8 652
11.8167 653
11.8333 654
11.85 655
11.8667 656
11.8833 657
11.9 658
11.9167 659
11.9333 660
11.95 661
11.9667 662
11.9833 663
12.0 664
12.0167 665
12.0333 666
12.05 667
12.0667 668
12.0833 668
12.1 669
12.1167 670
12.1333 671
12.15 672
12.1667 672
12.1833 673
12.2 674
12.2167 674
12.2333 675
12.25 676
12.2667 676
12.2833 677
12.3 677
12.3167 678
12.3333 678
12.35 679
12.3667 679
12.3833 680
12.4 680
12.4167 681
12.4333 681
12.45 682
12.4667 682
12.4833 682
12.5 683
12.5167 683
12.5333 683
12.55 684
12.5667 684
12.5833 684
12.6 684
12.6167 684
12.6333 685
12.65 685
12.6667 685
12.6833 685
12.7 685
12.7167 685
12.7333 685
12.75 685
12.7667 685
12.7833 685
12.8 685
12.8167 685
12.8333 685
12.85 685
12.8667 685
12.8833 685
12.9 685
12.9167 685
12.9333 685
12.95 684
12.9667 684
12.9833 684
13.0 684
13.0167 683
13.0333 683
13.05 683
13.0667 682
13.0833 682
13.1 682
13.1167 681
13.1333 681
13.15 681
13.1667 680
13.1833 680
13.2 679
13.2167 679
13.2333 678
13.25 678
13.2667 677
13.2833 676
13.3 676
13.3167 675
13.3333 675
13.35 674
13.3667 673
13.3833 673
13.4 672
13.4167 671
13.4333 670
13.45 670
13.4667 669
13.4833 668
13.5 667
13.5167 666
13.5333 665
13.55 665
13.5667 664
13.5833 663
13.6 662
13.6167 661
13.6333 660
13.65 659
13.6667 658
13.6833 657
13.7 656
13.7167 655
13.7333 654
13.75 652
13.7667 651
13.7833 650
13.8 649
13.8167 648
13.8333 647
13.85 645
13.8667 644
13.8833 643
13.9 642
13.9167 640
13.9333 639
13.95 638
13.9667 636
13.9833 635
14.0 633
14.0167 632
14.0333 631
14.05 629
14.0667 628
14.0833 626
14.1 625
14.1167 623
14.1333 622
14.15 620
14.1667 619
14.1833 617
14.2 615
14.2167 614
14.2333 612
14.25 610
14.2667 609
14.2833 607
14.3 605
14.3167 604
14.3333 602
14.35 600
14.3667 598
14.3833 596
14.4 595
14.4167 593
14.4333 591
14.45 589
14.4667 587
14.4833 585
14.5 583
14.5167 581
14.5333 579
14.55 578
14.5667 576
14.5833 574
14.6 571
14.6167 569
14.6333 567
14.65 565
14.6667 563
14.6833 561
14.7 559
14.7167 557
14.7333 555
14.75 553
14.7667 550
14.7833 548
14.8 546
14.8167 544
14.8333 541
14.85 539
14.8667 537
14.8833 535
14.9 532
14.9167 530
14.9333 528
14.95 525
14.9667 523
14.9833 520
15.0 519
15.0167 516
15.0333 514
15.05 511
15.0667 509
15.0833 507
15.1 504
15.1167 502
15.1333 499
15.15 496
15.1667 494
15.1833 491
15.2 489
15.2167 486
15.2333 484
15.25 481
15.2667 478
15.2833 476
15.3 473
15.3167 470
15.3333 468
15.35 465
15.3667 462
15.3833 460
15.4 457
15.4167 454
15.4333 451
15.45 448
15.4667 446
15.4833 443
15.5 440
15.5167 437
15.5333 434
15.55 431
15.5667 429
15.5833 426
15.6 423
15.6167 420
15.6333 417
15.65 414
15.6667 411
15.6833 408
15.7 405
15.7167 402
15.7333 399
15.75 396
15.7667 393
15.7833 390
15.8 387
15.8167 384
15.8333 381
15.85 378
15.8667 375
15.8833 372
15.9 369
15.9167 366
15.9333 363
15.95 360
15.9667 356
15.9833 353
