9.0 238
9.0167 241
9.0333 244
9.05 248
9.0667 251
9.0833 254
9.1 258
9.1167 261
9.1333 264
9.15 267
9.1667 271
9.1833 274
9.2 277
9.2167 281
9.2333 284
9.25 287
9.2667 290
9.2833 294
9.3 297
9.3167 300
9.3333 303
9.35 306
9.3667 310
9.3833 313
9.4 316
9.4167 319
9.4333 323
9.45 326
9.4667 329
9.4833 332
9.5 335
9.5167 338
9.5333 342
9.55 345
9.5667 348
9.5833 351
9.6 354
9.6167 357
9.6333 360
9.65 363
9.6667 367
9.6833 370
9.7 373
9.7167 376
9.7333 379
9.75 382
9.7667 385
9.7833 388
9.8 391
9.8167 394
9.8333 397
9.85 400
9.8667 403
9.8833 406
9.9 409
9.9167 412
9.9333 414
9.95 417
9.9667 420
9.9833 423
10.0 426
10.0167 429
10.0333 432
10.05 435
10.0667 437
10.0833 440
10.1 443
10.1167 446
10.1333 449
10.15 451
10.1667 454
10.1833 457
10.2 460
10.2167 462
10.2333 465
10.25 468
10.2667 470
10.2833 473
10.3 476
10.3167 478
10.3333 481
10.35 484
10.3667 486
10.3833 489
10.4 491
10.4167 494
10.4333 496
10.45 499
10.4667 501
10.4833 504
10.5 506
10.5167 509
10.5333 511
10.55 514
10.5667 516
10.5833 518
10.6 521
10.6167 523
10.6333 526
10.65 528
10.6667 530
10.6833 533
10.7 535
10.7167 537
10.7333 539
10.75 542
10.7667 544
10.7833 546
10.8 548
10.8167 550
10.8333 553
10.85 555
10.8667 557
10.8833 559
10.9 561
10.9167 563
10.9333 565
10.95 567
10.9667 569
10.9833 571
11.0 573
11.0167 575
11.0333 577
11.05 579
11.0667 581
11.0833 583
11.1 585
11.1167 587
11.1333 589
11.15 591
11.1667 592
11.1833 594
11.2 596
11.2167 598
11.2333 600
11.25 601
11.2667 603
11.2833 605
11.3 606
11.3167 608
11.3333 610
11.35 611
11.3667 613
11.3833 615
11.4 616
11.4167 618
11.4333 619
11.45 621
11.4667 622
11.4833 624
11.5 625
11.5167 627
11.5333 628
11.55 630
11.5667 631
11.5833 633
11.6 634
11.6167 635
11.6333 637
11.65 638
11.6667 639
11.6833 640
11.7 642
11.7167 643
11.7333 644
11.75 645
11.7667 647
11.7833 648
11.8 649
11.8167 650
11.8333 651
11.85 652
11.8667 653
11.8833 654
11.9 655
11.9167 656
11.9333 657
11.95 658
11.9667 659
11.9833 660
12.0 661
12.0167 662
12.0333 663
12.05 664
12.0667 665
12.0833 666
12.1 666
12.1167 667
12.1333 668
12.15 669
12.1667 669
12.1833 670
12.2 671
12.2167 672
12.2333 672
12.25 673
12.2667 673
12.2833 674
12.3 675
12.3167 675
12.3333 676
12.35 676
12.3667 677
12.3833 677
12.4 678
12.4167 678
12.4333 679
12.45 679
12.4667 679
12.4833 680
12.5 680
12.5167 680
12.5333 681
12.55 681
12.5667 681
12.5833 681
12.6 682
12.6167 682
12.6333 682
12.65 682
12.6667 682
12.6833 683
12.7 683
12.7167 683
12.7333 683
12.75 683
12.7667 683
12.7833 683
12.8 683
12.8167 683
12.8333 683
12.85 683
12.8667 683
12.8833 683
12.9 682
12.9167 682
12.9333 682
12.95 682
12.9667 682
12.9833 682
13.0 681
13.0167 681
13.0333 681
13.05 680
13.0667 680
13.0833 680
13.1 679
13.1167 679
13.1333 679
13.15 678
13.1667 678
13.1833 677
13.2 677
13.2167 676
13.2333 676
13.25 675
13.2667 675
13.2833 674
13.3 674
13.3167 673
13.3333 672
13.35 672
13.3667 671
13.3833 670
13.4 670
13.4167 669
13.4333 668
13.45 667
13.4667 667
13.4833 666
13.5 665
13.5167 664
13.5333 663
13.55 662
13.5667 662
13.5833 661
13.6 660
13.6167 659
13.6333 658
13.65 657
13.6667 656
13.6833 655
13.7 654
13.7167 653
13.7333 652
13.75 650
13.7667 649
13.7833 648
13.8 647
13.8167 646
13.8333 645
13.85 643
13.8667 642
13.8833 641
13.9 640
13.9167 638
13.9333 637
13.95 636
13.9667 634
13.9833 633
14.0 632
14.0167 630
14.0333 629
14.05 627
14.0667 626
14.0833 624
14.1 623
14.1167 621
14.1333 620
14.15 618
14.1667 617
14.1833 615
14.2 614
14.2167 612
14.2333 610
14.25 609
14.2667 607
14.2833 605
14.3 604
14.3167 602
14.3333 600
14.35 598
14.3667 597
14.3833 595
14.4 593
14.4167 591
14.4333 589
14.45 588
14.4667 586
14.4833 584
14.5 582
14.5167 580
14.5333 578
14.55 576
14.5667 574
14.5833 572
14.6 570
14.6167 568
14.6333 566
14.65 564
14.6667 562
14.6833 560
14.7 558
14.7167 555
14.7333 553
14.75 551
14.7667 549
14.7833 547
14.8 545
14.8167 542
14.8333 540
14.85 538
14.8667 536
14.8833 533
14.9 531
14.9167 529
14.9333 526
14.95 524
14.9667 522
14.9833 519
15.0 518
15.0167 515
15.0333 513
15.05 510
15.0667 508
15.0833 505
15.1 503
15.1167 500
15.1333 498
15.15 495
15.1667 493
15.1833 490
15.2 488
15.2167 485
15.2333 483
15.25 480
15.2667 477
15.2833 475
15.3 472
15.3167 469
15.3333 467
15.35 464
15.3667 461
15.3833 459
15.4 456
15.4167 453
15.4333 450
15.45 448
15.4667 445
15.4833 442
15.5 439
15.5167 436
15.5333 433
15.55 431
15.5667 428
15.5833 425
15.6 422
15.6167 419
15.6333 416
15.65 413
15.6667 410
15.6833 407
15.7 404
15.7167 402
15.7333 399
15.75 396
15.7667 393
15.7833 390
15.8 387
15.8167 384
15.8333 381
15.85 377
15.8667 374
15.8833 371
15.9 368
15.9167 365
15.9333 362
15.95 359
15.9667 356
15.9833 353
