9.0 286
9.0167 291
9.0333 294
9.05 297
9.0667 301
9.0833 304
9.1 307
9.1167 311
9.1333 314
9.15 318
9.1667 321
9.1833 324
9.2 328
9.2167 331
9.2333 334
9.25 338
9.2667 341
9.2833 345
9.3 348
9.3167 351
9.3333 355
9.35 358
9.3667 361
9.3833 365
9.4 368
9.4167 371
9.4333 375
9.45 378
9.4667 381
9.4833 384
9.5 388
9.5167 391
9.5333 394
9.55 398
9.5667 401
9.5833 404
9.6 407
9.6167 411
9.6333 414
9.65 417
9.6667 420
9.6833 424
9.7 427
9.7167 430
9.7333 433
9.75 436
9.7667 439
9.7833 443
9.8 446
9.8167 449
9.8333 452
9.85 455
9.8667 458
9.8833 461
9.9 465
9.9167 468
9.9333 471
9.95 474
9.9667 477
9.9833 480
10.0 483
10.0167 486
10.0333 489
10.05 492
10.0667 495
10.0833 498
10.1 501
10.1167 504
10.1333 507
10.15 510
10.1667 513
10.1833 516
10.2 518
10.2167 521
10.2333 524
10.25 527
10.2667 530
10.2833 533
10.3 536
10.3167 538
10.3333 541
10.35 544
10.3667 547
10.3833 549
10.4 552
10.4167 555
10.4333 558
10.45 560
10.4667 563
10.4833 566
10.5 568
10.5167 571
10.5333 574
10.55 576
10.5667 579
10.5833 581
10.6 584
10.6167 586
10.6333 589
10.65 592
10.6667 594
10.6833 596
10.7 599
10.7167 601
10.7333 604
10.75 606
10.7667 609
10.7833 611
10.8 614
10.8167 616
10.8333 618
10.85 621
10.8667 623
10.8833 625
10.9 627
10.9167 630
10.9333 632
10.95 634
10.9667 636
10.9833 639
11.0 641
11.0167 643
11.0333 645
11.05 647
11.0667 649
11.0833 652
11.1 654
11.1167 656
11.1333 658
11.15 660
11.1667 662
11.1833 664
11.2 666
11.2167 668
11.2333 670
11.25 672
11.2667 674
11.2833 675
11.3 677
11.3167 679
11.3333 681
11.35 683
11.3667 685
11.3833 686
11.4 688
11.4167 690
11.4333 692
11.45 693
11.4667 695
11.4833 697
11.5 699
11.5167 700
11.5333 702
11.55 703
11.5667 705
11.5833 707
11.6 708
11.6167 710
11.6333 711
11.65 713
11.6667 714
11.6833 716
11.7 717
11.7167 718
11.7333 720
11.75 721
11.7667 723
11.7833 724
11.8 725
11.8167 727
11.8333 728
11.85 729
11.8667 730
11.8833 732
11.9 733
11.9167 734
11.9333 735
11.95 736
11.9667 737
11.9833 739
12.0 740
12.0167 741
12.0333 742
12.05 743
12.0667 744
12.0833 745
12.1 746
12.1167 747
12.1333 748
12.15 749
12.1667 750
12.1833 750
12.2 751
12.2167 752
12.2333 753
12.25 754
12.2667 755
12.2833 755
12.3 756
12.3167 757
12.3333 757
12.35 758
12.3667 759
12.3833 759
12.4 760
12.4167 761
12.4333 761
12.45 762
12.4667 762
12.4833 763
12.5 763
12.5167 764
12.5333 764
12.55 765
12.5667 765
12.5833 766
12.6 766
12.6167 766
12.6333 767
12.65 767
12.6667 767
12.6833 768
12.7 768
12.7167 768
12.7333 768
12.75 768
12.7667 769
12.7833 769
12.8 769
12.8167 769
12.8333 769
12.85 769
12.8667 769
12.8833 769
12.9 769
12.9167 769
12.9333 769
12.95 769
12.9667 769
12.9833 769
13.0 769
13.0167 769
13.0333 769
13.05 769
13.0667 768
13.0833 768
13.1 768
13.1167 768
13.1333 767
13.15 767
13.1667 767
13.1833 766
13.2 766
13.2167 766
13.2333 765
13.25 765
13.2667 764
13.2833 764
13.3 764
13.3167 763
13.3333 763
13.35 762
13.3667 761
13.3833 761
13.4 760
13.4167 760
13.4333 759
13.45 758
13.4667 758
13.4833 757
13.5 756
13.5167 756
13.5333 755
13.55 754
13.5667 753
13.5833 752
13.6 752
13.6167 751
13.6333 750
13.65 749
13.6667 748
13.6833 747
13.7 746
13.7167 745
13.7333 744
13.75 743
13.7667 742
13.7833 741
13.8 740
13.8167 739
13.8333 738
13.85 737
13.8667 736
13.8833 735
13.9 733
13.9167 732
13.9333 731
13.95 730
13.9667 728
13.9833 727
14.0 726
14.0167 725
14.0333 723
14.05 722
14.0667 720
14.0833 719
14.1 718
14.1167 716
14.1333 715
14.15 713
14.1667 712
14.1833 710
14.2 709
14.2167 707
14.2333 706
14.25 704
14.2667 702
14.2833 701
14.3 699
14.3167 698
14.3333 696
14.35 694
14.3667 692
14.3833 691
14.4 689
14.4167 687
14.4333 685
14.45 684
14.4667 682
14.4833 680
14.5 678
14.5167 676
14.5333 674
14.55 672
14.5667 671
14.5833 669
14.6 667
14.6167 665
14.6333 663
14.65 661
14.6667 659
14.6833 657
14.7 655
14.7167 652
14.7333 650
14.75 648
14.7667 646
14.7833 644
14.8 642
14.8167 640
14.8333 637
14.85 635
14.8667 633
14.8833 631
14.9 628
14.9167 626
14.9333 624
14.95 622
14.9667 619
14.9833 617
15.0 615
15.0167 613
15.0333 611
15.05 608
15.0667 606
15.0833 603
15.1 601
15.1167 598
15.1333 596
15.15 593
15.1667 591
15.1833 588
15.2 586
15.2167 583
15.2333 581
15.25 578
15.2667 576
15.2833 573
15.3 570
15.3167 568
15.3333 565
15.35 562
15.3667 560
15.3833 557
15.4 554
15.4167 551
15.4333 549
15.45 546
15.4667 543
15.4833 540
15.5 538
15.5167 535
15.5333 532
15.55 529
15.5667 526
15.5833 523
15.6 520
15.6167 518
15.6333 515
15.65 512
15.6667 509
15.6833 506
15.7 503
15.7167 500
15.7333 497
15.75 494
15.7667 491
15.7833 488
15.8 485
15.8167 482
15.8333 479
15.85 476
15.8667 473
15.8833 470
15.9 467
15.9167 464
15.9333 460
15.95 457
15.9667 454
15.9833 451
