9.0 320
9.0167 324
9.0333 328
9.05 331
9.0667 335
9.0833 338
9.1 342
9.1167 345
9.1333 349
9.15 352
9.1667 356
9.1833 359
9.2 363
9.2167 366
9.2333 370
9.25 373
9.2667 377
9.2833 380
9.3 384
9.3167 387
9.3333 390
9.35 394
9.3667 397
9.3833 401
9.4 404
9.4167 407
9.4333 411
9.45 414
9.4667 418
9.4833 421
9.5 424
9.5167 428
9.5333 431
9.55 434
9.5667 438
9.5833 441
9.6 444
9.6167 448
9.6333 451
9.65 454
9.6667 458
9.6833 461
9.7 464
9.7167 467
9.7333 471
9.75 474
9.7667 477
9.7833 480
9.8 484
9.8167 487
9.8333 490
9.85 493
9.8667 496
9.8833 500
9.9 503
9.9167 506
9.9333 509
9.95 512
9.9667 515
9.9833 518
10.0 521
10.0167 524
10.0333 527
10.05 530
10.0667 534
10.0833 537
10.1 540
10.1167 543
10.1333 546
10.15 548
10.1667 551
10.1833 554
10.2 557
10.2167 560
10.2333 563
10.25 566
10.2667 569
10.2833 572
10.3 575
10.3167 577
10.3333 580
10.35 583
10.3667 586
10.3833 589
10.4 591
10.4167 594
10.4333 597
10.45 600
10.4667 602
10.4833 605
10.5 608
10.5167 610
10.5333 613
10.55 616
10.5667 618
10.5833 621
10.6 623
10.6167 626
10.6333 629
10.65 631
10.6667 634
10.6833 636
10.7 639
10.7167 641
10.7333 644
10.75 646
10.7667 648
10.7833 651
10.8 653
10.8167 656
10.8333 658
10.85 660
10.8667 663
10.8833 665
10.9 667
10.9167 670
10.9333 672
10.95 674
10.9667 676
10.9833 679
11.0 681
11.0167 683
11.0333 685
11.05 687
11.0667 689
11.0833 691
11.1 694
11.1167 696
11.1333 698
11.15 700
11.1667 702
11.1833 704
11.2 706
11.2167 708
11.2333 710
11.25 712
11.2667 714
11.2833 715
11.3 717
11.3167 719
11.3333 721
11.35 723
11.3667 725
11.3833 726
11.4 728
11.4167 730
11.4333 732
11.45 733
11.4667 735
11.4833 737
11.5 738
11.5167 740
11.5333 742
11.55 743
11.5667 745
11.5833 746
11.6 748
11.6167 750
11.6333 751
11.65 753
11.6667 754
11.6833 755
11.7 757
11.7167 758
11.7333 760
11.75 761
11.7667 762
11.7833 764
11.8 765
11.8167 766
11.8333 768
11.85 769
11.8667 770
11.8833 771
11.9 773
11.9167 774
11.9333 775
11.95 776
11.9667 777
11.9833 778
12.0 779
12.0167 780
12.0333 782
12.05 783
12.0667 784
12.0833 785
12.1 785
12.1167 786
12.1333 787
12.15 788
12.1667 789
12.1833 790
12.2 791
12.2167 792
12.2333 792
12.25 793
12.2667 794
12.2833 795
12.3 795
12.3167 796
12.3333 797
12.35 798
12.3667 798
12.3833 799
12.4 799
12.4167 800
12.4333 801
12.45 801
12.4667 802
12.4833 802
12.5 803
12.5167 803
12.5333 804
12.55 804
12.5667 804
12.5833 805
12.6 805
12.6167 805
12.6333 806
12.65 806
12.6667 806
12.6833 807
12.7 807
12.7167 807
12.7333 807
12.75 807
12.7667 808
12.7833 808
12.8 808
12.8167 808
12.8333 808
12.85 808
12.8667 808
12.8833 808
12.9 808
12.9167 808
12.9333 808
12.95 808
12.9667 808
12.9833 808
13.0 807
13.0167 807
13.0333 807
13.05 807
13.0667 807
13.0833 807
13.1 806
13.1167 806
13.1333 806
13.15 805
13.1667 805
13.1833 805
13.2 804
13.2167 804
13.2333 803
13.25 803
13.2667 803
13.2833 802
13.3 802
13.3167 801
13.3333 801
13.35 800
13.3667 799
13.3833 799
13.4 798
13.4167 798
13.4333 797
13.45 796
13.4667 795
13.4833 795
13.5 794
13.5167 793
13.5333 792
13.55 792
13.5667 791
13.5833 790
13.6 789
13.6167 788
13.6333 787
13.65 786
13.6667 785
13.6833 784
13.7 784
13.7167 783
13.7333 781
13.75 780
13.7667 779
13.7833 778
13.8 777
13.8167 776
13.8333 775
13.85 774
13.8667 773
13.8833 771
13.9 770
13.9167 769
13.9333 768
13.95 766
13.9667 765
13.9833 764
14.0 762
14.0167 761
14.0333 760
14.05 758
14.0667 757
14.0833 755
14.1 754
14.1167 753
14.1333 751
14.15 750
14.1667 748
14.1833 746
14.2 745
14.2167 743
14.2333 742
14.25 740
14.2667 738
14.2833 737
14.3 735
14.3167 733
14.3333 732
14.35 730
14.3667 728
14.3833 726
14.4 725
14.4167 723
14.4333 721
14.45 719
14.4667 717
14.4833 715
14.5 713
14.5167 712
14.5333 710
14.55 708
14.5667 706
14.5833 704
14.6 702
14.6167 700
14.6333 698
14.65 696
14.6667 694
14.6833 691
14.7 689
14.7167 687
14.7333 685
14.75 683
14.7667 681
14.7833 678
14.8 676
14.8167 674
14.8333 672
14.85 670
14.8667 667
14.8833 665
14.9 663
14.9167 660
14.9333 658
14.95 656
14.9667 653
14.9833 651
15.0 649
15.0167 647
15.0333 644
15.05 642
15.0667 639
15.0833 637
15.1 634
15.1167 632
15.1333 629
15.15 627
15.1667 624
15.1833 622
15.2 619
15.2167 616
15.2333 614
15.25 611
15.2667 608
15.2833 606
15.3 603
15.3167 600
15.3333 598
15.35 595
15.3667 592
15.3833 589
15.4 587
15.4167 584
15.4333 581
15.45 578
15.4667 575
15.4833 572
15.5 570
15.5167 567
15.5333 564
15.55 561
15.5667 558
15.5833 555
15.6 552
15.6167 549
15.6333 546
15.65 543
15.6667 540
15.6833 537
15.7 534
15.7167 531
15.7333 528
15.75 525
15.7667 522
15.7833 519
15.8 516
15.8167 513
15.8333 510
15.85 506
15.8667 503
15.8833 500
15.9 497
15.9167 494
15.9333 491
15.95 487
15.9667 484
15.9833 481
