9.0 193
9.0167 197
9.0333 199
9.05 202
9.0667 205
9.0833 207
9.1 210
9.1167 213
9.1333 216
9.15 218
9.1667 221
9.1833 224
9.2 226
9.2167 229
9.2333 232
9.25 235
9.2667 237
9.2833 240
9.3 243
9.3167 245
9.3333 248
9.35 251
9.3667 254
9.3833 256
9.4 259
9.4167 262
9.4333 265
9.45 267
9.4667 270
9.4833 273
9.5 276
9.5167 278
9.5333 281
9.55 284
9.5667 286
9.5833 289
9.6 292
9.6167 295
9.6333 297
9.65 300
9.6667 303
9.6833 305
9.7 308
9.7167 311
9.7333 313
9.75 316
9.7667 319
9.7833 321
9.8 324
9.8167 327
9.8333 329
9.85 332
9.8667 335
9.8833 337
9.9 340
9.9167 343
9.9333 345
9.95 348
9.9667 350
9.9833 353
10.0 356
10.0167 358
10.0333 361
10.05 363
10.0667 366
10.0833 369
10.1 371
10.1167 374
10.1333 376
10.15 379
10.1667 381
10.1833 384
10.2 386
10.2167 389
10.2333 391
10.25 394
10.2667 396
10.2833 399
10.3 401
10.3167 404
10.3333 406
10.35 408
10.3667 411
10.3833 413
10.4 416
10.4167 418
10.4333 420
10.45 423
10.4667 425
10.4833 427
10.5 430
10.5167 432
10.5333 434
10.55 437
10.5667 439
10.5833 441
10.6 443
10.6167 446
10.6333 448
10.65 450
10.6667 452
10.6833 454
10.7 457
10.7167 459
10.7333 461
10.75 463
10.7667 465
10.7833 467
10.8 470
10.8167 472
10.8333 474
10.85 476
10.8667 478
10.8833 480
10.9 482
10.9167 484
10.9333 486
10.95 488
10.9667 490
10.9833 492
11.0 494
11.0167 496
11.0333 498
11.05 500
11.0667 501
11.0833 503
11.1 505
11.1167 507
11.1333 509
11.15 511
11.1667 513
11.1833 514
11.2 516
11.2167 518
11.2333 520
11.25 521
11.2667 523
11.2833 525
11.3 526
11.3167 528
11.3333 530
11.35 531
11.3667 533
11.3833 535
11.4 536
11.4167 538
11.4333 539
11.45 541
11.4667 542
11.4833 544
11.5 545
11.5167 547
11.5333 548
11.55 550
11.5667 551
11.5833 553
11.6 554
11.6167 555
11.6333 557
11.65 558
11.6667 560
11.6833 561
11.7 562
11.7167 563
11.7333 565
11.75 566
11.7667 567
11.7833 568
11.8 570
11.8167 571
11.8333 572
11.85 573
11.8667 574
11.8833 575
11.9 576
11.9167 578
11.9333 579
11.95 580
11.9667 581
11.9833 582
12.0 583
12.0167 584
12.0333 585
12.05 586
12.0667 587
12.0833 587
12.1 588
12.1167 589
12.1333 590
12.15 591
12.1667 592
12.1833 592
12.2 593
12.2167 594
12.2333 595
12.25 596
12.2667 596
12.2833 597
12.3 598
12.3167 598
12.3333 599
12.35 600
12.3667 600
12.3833 601
12.4 601
12.4167 602
12.4333 602
12.45 603
12.4667 603
12.4833 604
12.5 604
12.5167 605
12.5333 605
12.55 606
12.5667 606
12.5833 606
12.6 607
12.6167 607
12.6333 607
12.65 608
12.6667 608
12.6833 608
12.7 608
12.7167 609
12.7333 609
12.75 609
12.7667 609
12.7833 609
12.8 609
12.8167 610
12.8333 610
12.85 610
12.8667 610
12.8833 610
12.9 610
12.9167 610
12.9333 610
12.95 610
12.9667 610
12.9833 610
13.0 610
13.0167 609
13.0333 609
13.05 609
13.0667 609
13.0833 609
13.1 609
13.1167 608
13.1333 608
13.15 608
13.1667 608
13.1833 607
13.2 607
13.2167 607
13.2333 606
13.25 606
13.2667 606
13.2833 605
13.3 605
13.3167 604
13.3333 604
13.35 603
13.3667 603
13.3833 602
13.4 602
13.4167 601
13.4333 601
13.45 600
13.4667 600
13.4833 599
13.5 598
13.5167 598
13.5333 597
13.55 596
13.5667 596
13.5833 595
13.6 594
13.6167 593
13.6333 593
13.65 592
13.6667 591
13.6833 590
13.7 589
13.7167 588
13.7333 588
13.75 587
13.7667 586
13.7833 585
13.8 584
13.8167 583
13.8333 582
13.85 581
13.8667 580
13.8833 579
13.9 578
13.9167 577
13.9333 576
13.95 574
13.9667 573
13.9833 572
14.0 571
14.0167 570
14.0333 569
14.05 567
14.0667 566
14.0833 565
14.1 564
14.1167 562
14.1333 561
14.15 560
14.1667 558
14.1833 557
14.2 556
14.2167 554
14.2333 553
14.25 551
14.2667 550
14.2833 549
14.3 547
14.3167 546
14.3333 544
14.35 543
14.3667 541
14.3833 540
14.4 538
14.4167 536
14.4333 535
14.45 533
14.4667 532
14.4833 530
14.5 528
14.5167 527
14.5333 525
14.55 523
14.5667 522
14.5833 520
14.6 518
14.6167 516
14.6333 515
14.65 513
14.6667 511
14.6833 509
14.7 507
14.7167 505
14.7333 504
14.75 502
14.7667 500
14.7833 498
14.8 496
14.8167 494
14.8333 492
14.85 490
14.8667 488
14.8833 486
14.9 484
14.9167 482
14.9333 480
14.95 478
14.9667 476
14.9833 474
15.0 473
15.0167 471
15.0333 469
15.05 466
15.0667 464
15.0833 462
15.1 460
15.1167 458
15.1333 456
15.15 453
15.1667 451
15.1833 449
15.2 447
15.2167 445
15.2333 442
15.25 440
15.2667 438
15.2833 435
15.3 433
15.3167 431
15.3333 428
15.35 426
15.3667 424
15.3833 421
15.4 419
15.4167 417
15.4333 414
15.45 412
15.4667 409
15.4833 407
15.5 405
15.5167 402
15.5333 400
15.55 397
15.5667 395
15.5833 392
15.6 390
15.6167 387
15.6333 385
15.65 382
15.6667 380
15.6833 377
15.7 375
15.7167 372
15.7333 370
15.75 367
15.7667 365
15.7833 362
15.8 359
15.8167 357
15.8333 354
15.85 352
15.8667 349
15.8833 346
15.9 344
15.9167 341
15.9333 338
15.95 336
15.9667 333
15.9833 331
