9.0 292
9.0167 294
9.0333 297
9.05 299
9.0667 302
9.0833 305
9.1 308
9.1167 310
9.1333 313
9.15 316
9.1667 319
9.1833 321
9.2 324
9.2167 327
9.2333 329
9.25 332
9.2667 335
9.2833 338
9.3 340
9.3167 343
9.3333 346
9.35 348
9.3667 351
9.3833 354
9.4 356
9.4167 359
9.4333 362
9.45 364
9.4667 367
9.4833 369
9.5 372
9.5167 375
9.5333 377
9.55 380
9.5667 382
9.5833 385
9.6 388
9.6167 390
9.6333 393
9.65 395
9.6667 398
9.6833 400
9.7 403
9.7167 405
9.7333 408
9.75 410
9.7667 413
9.7833 415
9.8 418
9.8167 420
9.8333 423
9.85 425
9.8667 428
9.8833 430
9.9 432
9.9167 435
9.9333 437
9.95 439
9.9667 442
9.9833 444
10.0 447
10.0167 449
10.0333 451
10.05 453
10.0667 456
10.0833 458
10.1 460
10.1167 463
10.1333 465
10.15 467
10.1667 469
10.1833 471
10.2 474
10.2167 476
10.2333 478
10.25 480
10.2667 482
10.2833 484
10.3 486
10.3167 489
10.3333 491
10.35 493
10.3667 495
10.3833 497
10.4 499
10.4167 501
10.4333 503
10.45 505
10.4667 507
10.4833 509
10.5 511
10.5167 513
10.5333 515
10.55 517
10.5667 519
10.5833 520
10.6 522
10.6167 524
10.6333 526
10.65 528
10.6667 530
10.6833 531
10.7 533
10.7167 535
10.7333 537
10.75 538
10.7667 540
10.7833 542
10.8 544
10.8167 545
10.8333 547
10.85 548
10.8667 550
10.8833 552
10.9 553
10.9167 555
10.9333 556
10.95 558
10.9667 560
10.9833 561
11.0 563
11.0167 564
11.0333 565
11.05 567
11.0667 568
11.0833 570
11.1 571
11.1167 573
11.1333 574
11.15 575
11.1667 577
11.1833 578
11.2 579
11.2167 581
11.2333 582
11.25 583
11.2667 584
11.2833 585
11.3 587
11.3167 588
11.3333 589
11.35 590
11.3667 591
11.3833 592
11.4 594
11.4167 595
11.4333 596
11.45 597
11.4667 598
11.4833 599
11.5 600
11.5167 601
11.5333 602
11.55 603
11.5667 604
11.5833 604
11.6 605
11.6167 606
11.6333 607
11.65 608
11.6667 609
11.6833 609
11.7 610
11.7167 611
11.7333 612
11.75 612
11.7667 613
11.7833 614
11.8 615
11.8167 615
11.8333 616
11.85 616
11.8667 617
11.8833 618
11.9 618
11.9167 619
11.9333 619
11.95 620
11.9667 620
11.9833 621
12.0 621
12.0167 622
12.0333 622
12.05 622
12.0667 623
12.0833 623
12.1 624
12.1167 624
12.1333 624
12.15 625
12.1667 625
12.1833 625
12.2 625
12.2167 625
12.2333 626
12.25 626
12.2667 626
12.2833 626
12.3 626
12.3167 626
12.3333 627
12.35 627
12.3667 627
12.3833 627
12.4 627
12.4167 627
12.4333 627
12.45 627
12.4667 627
12.4833 626
12.5 626
12.5167 626
12.5333 626
12.55 626
12.5667 626
12.5833 626
12.6 625
12.6167 625
12.6333 625
12.65 625
12.6667 624
12.6833 624
12.7 624
12.7167 623
12.7333 623
12.75 623
12.7667 622
12.7833 622
12.8 622
12.8167 621
12.8333 621
12.85 620
12.8667 620
12.8833 619
12.9 619
12.9167 618
12.9333 617
12.95 617
12.9667 616
12.9833 616
13.0 615
13.0167 614
13.0333 614
13.05 613
13.0667 612
13.0833 612
13.1 611
13.1167 610
13.1333 609
13.15 608
13.1667 608
13.1833 607
13.2 606
13.2167 605
13.2333 604
13.25 603
13.2667 602
13.2833 601
13.3 600
13.3167 599
13.3333 598
13.35 597
13.3667 596
13.3833 595
13.4 594
13.4167 593
13.4333 592
13.45 591
13.4667 590
13.4833 589
13.5 587
13.5167 586
13.5333 585
13.55 584
13.5667 583
13.5833 581
13.6 580
13.6167 579
13.6333 578
13.65 576
13.6667 575
13.6833 574
13.7 572
13.7167 571
13.7333 569
13.75 568
13.7667 566
13.7833 565
13.8 564
13.8167 562
13.8333 561
13.85 559
13.8667 558
13.8833 556
13.9 554
13.9167 553
13.9333 551
13.95 550
13.9667 548
13.9833 546
14.0 545
14.0167 543
14.0333 541
14.05 540
14.0667 538
14.0833 536
14.1 534
14.1167 533
14.1333 531
14.15 529
14.1667 527
14.1833 525
14.2 524
14.2167 522
14.2333 520
14.25 518
14.2667 516
14.2833 514
14.3 512
14.3167 510
14.3333 508
14.35 506
14.3667 504
14.3833 502
14.4 500
14.4167 498
14.4333 496
14.45 494
14.4667 492
14.4833 490
14.5 488
14.5167 486
14.5333 484
14.55 482
14.5667 479
14.5833 477
14.6 475
14.6167 473
14.6333 471
14.65 469
14.6667 466
14.6833 464
14.7 462
14.7167 460
14.7333 457
14.75 455
14.7667 453
14.7833 450
14.8 448
14.8167 446
14.8333 443
14.85 441
14.8667 439
14.8833 436
14.9 434
14.9167 432
14.9333 429
14.95 427
14.9667 424
14.9833 422
15.0 419
15.0167 416
15.0333 414
15.05 411
15.0667 409
15.0833 406
15.1 404
15.1167 401
15.1333 399
15.15 396
15.1667 394
15.1833 391
15.2 389
15.2167 386
15.2333 383
15.25 381
15.2667 378
15.2833 376
15.3 373
15.3167 370
15.3333 368
15.35 365
15.3667 363
15.3833 360
15.4 357
15.4167 355
15.4333 352
15.45 349
15.4667 347
15.4833 344
15.5 341
15.5167 339
15.5333 336
15.55 333
15.5667 330
15.5833 328
15.6 325
15.6167 322
15.6333 320
15.65 317
15.6667 314
15.6833 311
15.7 309
15.7167 306
15.7333 303
15.75 300
15.7667 298
15.7833 295
15.8 292
15.8167 289
15.8333 287
15.85 284
15.8667 281
15.8833 278
15.9 276
15.9167 273
15.9333 270
15.95 267
15.9667 265
15.9833 262
