9.0 165
9.0167 168
9.0333 170
9.05 173
9.0667 175
9.0833 178
9.1 180
9.1167 183
9.1333 185
9.15 188
9.1667 190
9.1833 193
9.2 195
9.2167 198
9.2333 200
9.25 203
9.2667 205
9.2833 208
9.3 211
9.3167 213
9.3333 216
9.35 218
9.3667 221
9.3833 223
9.4 226
9.4167 228
9.4333 231
9.45 233
9.4667 236
9.4833 238
9.5 241
9.5167 244
9.5333 246
9.55 249
9.5667 251
9.5833 254
9.6 256
9.6167 259
9.6333 261
9.65 264
9.6667 266
9.6833 269
9.7 271
9.7167 274
9.7333 276
9.75 279
9.7667 281
9.7833 284
9.8 286
9.8167 289
9.8333 291
9.85 294
9.8667 296
9.8833 299
9.9 301
9.9167 304
9.9333 306
9.95 309
9.9667 311
9.9833 314
10.0 316
10.0167 319
10.0333 321
10.05 323
10.0667 326
10.0833 328
10.1 331
10.1167 333
10.1333 335
10.15 338
10.1667 340
10.1833 342
10.2 345
10.2167 347
10.2333 349
10.25 352
10.2667 354
10.2833 356
10.3 359
10.3167 361
10.3333 363
10.35 366
10.3667 368
10.3833 370
10.4 372
10.4167 375
10.4333 377
10.45 379
10.4667 381
10.4833 383
10.5 386
10.5167 388
10.5333 390
10.55 392
10.5667 394
10.5833 396
10.6 399
10.6167 401
10.6333 403
10.65 405
10.6667 407
10.6833 409
10.7 411
10.7167 413
10.7333 415
10.75 417
10.7667 419
10.7833 421
10.8 423
10.8167 425
10.8333 427
10.85 429
10.8667 431
10.8833 433
10.9 435
10.9167 437
10.9333 439
10.95 441
10.9667 442
10.9833 444
11.0 446
11.0167 448
11.0333 450
11.05 452
11.0667 453
11.0833 455
11.1 457
11.1167 459
11.1333 460
11.15 462
11.1667 464
11.1833 465
11.2 467
11.2167 469
11.2333 470
11.25 472
11.2667 474
11.2833 475
11.3 477
11.3167 478
11.3333 480
11.35 481
11.3667 483
11.3833 485
11.4 486
11.4167 487
11.4333 489
11.45 490
11.4667 492
11.4833 493
11.5 495
11.5167 496
11.5333 497
11.55 499
11.5667 500
11.5833 501
11.6 503
11.6167 504
11.6333 505
11.65 507
11.6667 508
11.6833 509
11.7 510
11.7167 511
11.7333 513
11.75 514
11.7667 515
11.7833 516
11.8 517
11.8167 518
11.8333 519
11.85 521
11.8667 522
11.8833 523
11.9 524
11.9167 525
11.9333 526
11.95 527
11.9667 528
11.9833 528
12.0 529
12.0167 530
12.0333 531
12.05 532
12.0667 533
12.0833 534
12.1 535
12.1167 535
12.1333 536
12.15 537
12.1667 538
12.1833 538
12.2 539
12.2167 540
12.2333 540
12.25 541
12.2667 542
12.2833 542
12.3 543
12.3167 544
12.3333 544
12.35 545
12.3667 545
12.3833 546
12.4 546
12.4167 547
12.4333 547
12.45 548
12.4667 548
12.4833 549
12.5 549
12.5167 549
12.5333 550
12.55 550
12.5667 550
12.5833 551
12.6 551
12.6167 551
12.6333 552
12.65 552
12.6667 552
12.6833 552
12.7 553
12.7167 553
12.7333 553
12.75 553
12.7667 553
12.7833 553
12.8 553
12.8167 553
12.8333 553
12.85 553
12.8667 553
12.8833 553
12.9 553
12.9167 553
12.9333 553
12.95 553
12.9667 553
12.9833 553
13.0 553
13.0167 553
13.0333 553
13.05 552
13.0667 552
13.0833 552
13.1 552
13.1167 552
13.1333 551
13.15 551
13.1667 551
13.1833 550
13.2 550
13.2167 550
13.2333 549
13.25 549
13.2667 549
13.2833 548
13.3 548
13.3167 547
13.3333 547
13.35 546
13.3667 546
13.3833 545
13.4 545
13.4167 544
13.4333 544
13.45 543
13.4667 542
13.4833 542
13.5 541
13.5167 540
13.5333 540
13.55 539
13.5667 538
13.5833 537
13.6 537
13.6167 536
13.6333 535
13.65 534
13.6667 534
13.6833 533
13.7 532
13.7167 531
13.7333 530
13.75 529
13.7667 528
13.7833 527
13.8 526
13.8167 525
13.8333 524
13.85 523
13.8667 522
13.8833 521
13.9 520
13.9167 519
13.9333 518
13.95 517
13.9667 516
13.9833 515
14.0 514
14.0167 512
14.0333 511
14.05 510
14.0667 509
14.0833 508
14.1 506
14.1167 505
14.1333 504
14.15 502
14.1667 501
14.1833 500
14.2 498
14.2167 497
14.2333 496
14.25 494
14.2667 493
14.2833 492
14.3 490
14.3167 489
14.3333 487
14.35 486
14.3667 484
14.3833 483
14.4 481
14.4167 480
14.4333 478
14.45 476
14.4667 475
14.4833 473
14.5 472
14.5167 470
14.5333 468
14.55 467
14.5667 465
14.5833 463
14.6 462
14.6167 460
14.6333 458
14.65 456
14.6667 455
14.6833 453
14.7 451
14.7167 449
14.7333 448
14.75 446
14.7667 444
14.7833 442
14.8 440
14.8167 438
14.8333 436
14.85 434
14.8667 433
14.8833 431
14.9 429
14.9167 427
14.9333 425
14.95 423
14.9667 421
14.9833 419
15.0 418
15.0167 416
15.0333 414
15.05 411
15.0667 409
15.0833 407
15.1 405
15.1167 403
15.1333 401
15.15 399
15.1667 397
15.1833 395
15.2 393
15.2167 390
15.2333 388
15.25 386
15.2667 384
15.2833 382
15.3 379
15.3167 377
15.3333 375
15.35 373
15.3667 370
15.3833 368
15.4 366
15.4167 364
15.4333 361
15.45 359
15.4667 357
15.4833 354
15.5 352
15.5167 350
15.5333 347
15.55 345
15.5667 343
15.5833 340
15.6 338
15.6167 336
15.6333 333
15.65 331
15.6667 328
15.6833 326
15.7 324
15.7167 321
15.7333 319
15.75 316
15.7667 314
15.7833 311
15.8 309
15.8167 306
15.8333 304
15.85 302
15.8667 299
15.8833 297
15.9 294
15.9167 292
15.9333 289
15.95 287
15.9667 284
15.9833 282
