9.0 432
9.0167 435
9.0333 438
9.05 441
9.0667 444
9.0833 447
9.1 450
9.1167 453
9.1333 456
9.15 459
9.1667 462
9.1833 465
9.2 468
9.2167 471
9.2333 474
9.25 476
9.2667 479
9.2833 482
9.3 485
9.3167 488
9.3333 491
9.35 494
9.3667 497
9.3833 500
9.4 503
9.4167 505
9.4333 508
9.45 511
9.4667 514
9.4833 517
9.5 520
9.5167 522
9.5333 525
9.55 528
9.5667 531
9.5833 534
9.6 536
9.6167 539
9.6333 542
9.65 545
9.6667 547
9.6833 550
9.7 553
9.7167 556
9.7333 558
9.75 561
9.7667 564
9.7833 566
9.8 569
9.8167 572
9.8333 574
9.85 577
9.8667 580
9.8833 582
9.9 585
9.9167 587
9.9333 590
9.95 593
9.9667 595
9.9833 598
10.0 600
10.0167 603
10.0333 605
10.05 608
10.0667 610
10.0833 613
10.1 615
10.1167 618
10.1333 620
10.15 623
10.1667 625
10.1833 627
10.2 630
10.2167 632
10.2333 635
10.25 637
10.2667 639
10.2833 642
10.3 644
10.3167 646
10.3333 649
10.35 651
10.3667 653
10.3833 656
10.4 658
10.4167 660
10.4333 662
10.45 665
10.4667 667
10.4833 669
10.5 671
10.5167 673
10.5333 675
10.55 678
10.5667 680
10.5833 682
10.6 684
10.6167 686
10.6333 688
10.65 690
10.6667 692
10.6833 694
10.7 696
10.7167 698
10.7333 700
10.75 702
10.7667 704
10.7833 706
10.8 708
10.8167 710
10.8333 712
10.85 714
10.8667 716
10.8833 718
10.9 720
10.9167 721
10.9333 723
10.95 725
10.9667 727
10.9833 729
11.0 730
11.0167 732
11.0333 734
11.05 736
11.0667 737
11.0833 739
11.1 741
11.1167 742
11.1333 744
11.15 746
11.1667 747
11.1833 749
11.2 750
11.2167 752
11.2333 754
11.25 755
11.2667 757
11.2833 758
11.3 760
11.3167 761
11.3333 763
11.35 764
11.3667 765
11.3833 767
11.4 768
11.4167 770
11.4333 771
11.45 772
11.4667 774
11.4833 775
11.5 776
11.5167 778
11.5333 779
11.55 780
11.5667 781
11.5833 783
11.6 784
11.6167 785
11.6333 786
11.65 787
11.6667 788
11.6833 790
11.7 791
11.7167 792
11.7333 793
11.75 794
11.7667 795
11.7833 796
11.8 797
11.8167 798
11.8333 799
11.85 800
11.8667 801
11.8833 802
11.9 803
11.9167 804
11.9333 804
11.95 805
11.9667 806
11.9833 807
12.0 808
12.0167 809
12.0333 809
12.05 810
12.0667 811
12.0833 811
12.1 812
12.1167 813
12.1333 814
12.15 814
12.1667 815
12.1833 815
12.2 816
12.2167 817
12.2333 817
12.25 818
12.2667 818
12.2833 819
12.3 819
12.3167 820
12.3333 820
12.35 821
12.3667 821
12.3833 821
12.4 822
12.4167 822
12.4333 823
12.45 823
12.4667 823
12.4833 824
12.5 824
12.5167 824
12.5333 824
12.55 825
12.5667 825
12.5833 825
12.6 825
12.6167 825
12.6333 826
12.65 826
12.6667 826
12.6833 826
12.7 826
12.7167 826
12.7333 826
12.75 826
12.7667 826
12.7833 826
12.8 826
12.8167 826
12.8333 826
12.85 826
12.8667 826
12.8833 826
12.9 826
12.9167 825
12.9333 825
12.95 825
12.9667 825
12.9833 825
13.0 824
13.0167 824
13.0333 824
13.05 824
13.0667 823
13.0833 823
13.1 823
13.1167 822
13.1333 822
13.15 821
13.1667 821
13.1833 821
13.2 820
13.2167 820
13.2333 819
13.25 819
13.2667 818
13.2833 818
13.3 817
13.3167 817
13.3333 816
13.35 815
13.3667 815
13.3833 814
13.4 814
13.4167 813
13.4333 812
13.45 811
13.4667 811
13.4833 810
13.5 809
13.5167 808
13.5333 808
13.55 807
13.5667 806
13.5833 805
13.6 804
13.6167 804
13.6333 803
13.65 802
13.6667 801
13.6833 800
13.7 799
13.7167 798
13.7333 797
13.75 796
13.7667 795
13.7833 794
13.8 793
13.8167 792
13.8333 791
13.85 790
13.8667 788
13.8833 787
13.9 786
13.9167 785
13.9333 784
13.95 783
13.9667 781
13.9833 780
14.0 779
14.0167 778
14.0333 776
14.05 775
14.0667 774
14.0833 772
14.1 771
14.1167 770
14.1333 768
14.15 767
14.1667 765
14.1833 764
14.2 763
14.2167 761
14.2333 760
14.25 758
14.2667 757
14.2833 755
14.3 754
14.3167 752
14.3333 750
14.35 749
14.3667 747
14.3833 746
14.4 744
14.4167 742
14.4333 741
14.45 739
14.4667 737
14.4833 736
14.5 734
14.5167 732
14.5333 730
14.55 729
14.5667 727
14.5833 725
14.6 723
14.6167 721
14.6333 720
14.65 718
14.6667 716
14.6833 714
14.7 712
14.7167 710
14.7333 708
14.75 706
14.7667 704
14.7833 702
14.8 700
14.8167 698
14.8333 696
14.85 694
14.8667 692
14.8833 690
14.9 688
14.9167 686
14.9333 684
14.95 682
14.9667 680
14.9833 678
15.0 675
15.0167 673
15.0333 671
15.05 669
15.0667 667
15.0833 665
15.1 662
15.1167 660
15.1333 658
15.15 656
15.1667 653
15.1833 651
15.2 649
15.2167 646
15.2333 644
15.25 642
15.2667 639
15.2833 637
15.3 635
15.3167 632
15.3333 630
15.35 627
15.3667 625
15.3833 623
15.4 620
15.4167 618
15.4333 615
15.45 613
15.4667 610
15.4833 608
15.5 605
15.5167 603
15.5333 600
15.55 598
15.5667 595
15.5833 592
15.6 590
15.6167 587
15.6333 585
15.65 582
15.6667 579
15.6833 577
15.7 574
15.7167 572
15.7333 569
15.75 566
15.7667 564
15.7833 561
15.8 558
15.8167 555
15.8333 553
15.85 550
15.8667 547
15.8833 545
15.9 542
15.9167 539
15.9333 536
15.95 533
15.9667 531
15.9833 528
