9.0 257
9.0167 261
9.0333 264
9.05 267
9.0667 270
9.0833 273
9.1 276
9.1167 279
9.1333 282
9.15 285
9.1667 288
9.1833 291
9.2 294
9.2167 297
9.2333 300
9.25 303
9.2667 306
9.2833 309
9.3 312
9.3167 315
9.3333 318
9.35 321
9.3667 324
9.3833 327
9.4 329
9.4167 332
9.4333 335
9.45 338
9.4667 341
9.4833 344
9.5 347
9.5167 350
9.5333 353
9.55 356
9.5667 359
9.5833 362
9.6 365
9.6167 368
9.6333 371
9.65 373
9.6667 376
9.6833 379
9.7 382
9.7167 385
9.7333 388
9.75 391
9.7667 394
9.7833 396
9.8 399
9.8167 402
9.8333 405
9.85 408
9.8667 411
9.8833 413
9.9 416
9.9167 419
9.9333 422
9.95 424
9.9667 427
9.9833 430
10.0 433
10.0167 435
10.0333 438
10.05 441
10.0667 444
10.0833 446
10.1 449
10.1167 452
10.1333 454
10.15 457
10.1667 460
10.1833 462
10.2 465
10.2167 468
10.2333 470
10.25 473
10.2667 475
10.2833 478
10.3 481
10.3167 483
10.3333 486
10.35 488
10.3667 491
10.3833 493
10.4 496
10.4167 498
10.4333 501
10.45 503
10.4667 506
10.4833 508
10.5 510
10.5167 513
10.5333 515
10.55 518
10.5667 520
10.5833 522
10.6 525
10.6167 527
10.6333 529
10.65 532
10.6667 534
10.6833 536
10.7 538
10.7167 541
10.7333 543
10.75 545
10.7667 547
10.7833 550
10.8 552
10.8167 554
10.8333 556
10.85 558
10.8667 560
10.8833 562
10.9 565
10.9167 567
10.9333 569
10.95 571
10.9667 573
10.9833 575
11.0 577
11.0167 579
11.0333 581
11.05 583
11.0667 585
11.0833 587
11.1 589
11.1167 591
11.1333 592
11.15 594
11.1667 596
11.1833 598
11.2 600
11.2167 602
11.2333 603
11.25 605
11.2667 607
11.2833 609
11.3 610
11.3167 612
11.3333 614
11.35 615
11.3667 617
11.3833 619
11.4 620
11.4167 622
11.4333 624
11.45 625
11.4667 627
11.4833 628
11.5 630
11.5167 631
11.5333 633
11.55 634
11.5667 636
11.5833 637
11.6 639
11.6167 640
11.6333 641
11.65 643
11.6667 644
11.6833 645
11.7 647
11.7167 648
11.7333 649
11.75 651
11.7667 652
11.7833 653
11.8 654
11.8167 656
11.8333 657
11.85 658
11.8667 659
11.8833 660
11.9 661
11.9167 662
11.9333 663
11.95 664
11.9667 665
11.9833 666
12.0 667
12.0167 668
12.0333 669
12.05 670
12.0667 671
12.0833 672
12.1 673
12.1167 674
12.1333 675
12.15 676
12.1667 676
12.1833 677
12.2 678
12.2167 679
12.2333 679
12.25 680
12.2667 681
12.2833 682
12.3 682
12.3167 683
12.3333 683
12.35 684
12.3667 685
12.3833 685
12.4 686
12.4167 686
12.4333 687
12.45 687
12.4667 688
12.4833 688
12.5 689
12.5167 689
12.5333 690
12.55 690
12.5667 690
12.5833 691
12.6 691
12.6167 691
12.6333 692
12.65 692
12.6667 692
12.6833 692
12.7 692
12.7167 693
12.7333 693
12.75 693
12.7667 693
12.7833 693
12.8 693
12.8167 693
12.8333 693
12.85 693
12.8667 694
12.8833 693
12.9 693
12.9167 693
12.9333 693
12.95 693
12.9667 693
12.9833 693
13.0 693
13.0167 693
13.0333 693
13.05 692
13.0667 692
13.0833 692
13.1 692
13.1167 691
13.1333 691
13.15 691
13.1667 691
13.1833 690
13.2 690
13.2167 689
13.2333 689
13.25 689
13.2667 688
13.2833 688
13.3 687
13.3167 687
13.3333 686
13.35 686
13.3667 685
13.3833 685
13.4 684
13.4167 683
13.4333 683
13.45 682
13.4667 681
13.4833 681
13.5 680
13.5167 679
13.5333 679
13.55 678
13.5667 677
13.5833 676
13.6 675
13.6167 675
13.6333 674
13.65 673
13.6667 672
13.6833 671
13.7 670
13.7167 669
13.7333 668
13.75 667
13.7667 666
13.7833 665
13.8 664
13.8167 663
13.8333 662
13.85 661
13.8667 660
13.8833 659
13.9 658
13.9167 656
13.9333 655
13.95 654
13.9667 653
13.9833 652
14.0 650
14.0167 649
14.0333 648
14.05 647
14.0667 645
14.0833 644
14.1 643
14.1167 641
14.1333 640
14.15 638
14.1667 637
14.1833 635
14.2 634
14.2167 633
14.2333 631
14.25 630
14.2667 628
14.2833 626
14.3 625
14.3167 623
14.3333 622
14.35 620
14.3667 618
14.3833 617
14.4 615
14.4167 613
14.4333 612
14.45 610
14.4667 608
14.4833 607
14.5 605
14.5167 603
14.5333 601
14.55 599
14.5667 598
14.5833 596
14.6 594
14.6167 592
14.6333 590
14.65 588
14.6667 586
14.6833 584
14.7 582
14.7167 580
14.7333 578
14.75 576
14.7667 574
14.7833 572
14.8 570
14.8167 568
14.8333 566
14.85 564
14.8667 562
14.8833 560
14.9 558
14.9167 556
14.9333 554
14.95 551
14.9667 549
14.9833 547
15.0 546
15.0167 543
15.0333 541
15.05 539
15.0667 537
15.0833 534
15.1 532
15.1167 530
15.1333 527
15.15 525
15.1667 523
15.1833 520
15.2 518
15.2167 515
15.2333 513
15.25 511
15.2667 508
15.2833 506
15.3 503
15.3167 501
15.3333 498
15.35 496
15.3667 493
15.3833 491
15.4 488
15.4167 486
15.4333 483
15.45 481
15.4667 478
15.4833 476
15.5 473
15.5167 470
15.5333 468
15.55 465
15.5667 463
15.5833 460
15.6 457
15.6167 455
15.6333 452
15.65 449
15.6667 447
15.6833 444
15.7 441
15.7167 438
15.7333 436
15.75 433
15.7667 430
15.7833 427
15.8 425
15.8167 422
15.8333 419
15.85 416
15.8667 413
15.8833 411
15.9 408
15.9167 405
15.9333 402
15.95 399
15.9667 397
15.9833 394
