9.0 402
9.0167 406
9.0333 409
9.05 412
9.0667 415
9.0833 418
9.1 421
9.1167 425
9.1333 428
9.15 431
9.1667 434
9.1833 437
9.2 440
9.2167 443
9.2333 446
9.25 449
9.2667 452
9.2833 455
9.3 458
9.3167 462
9.3333 465
9.35 468
9.3667 471
9.3833 474
9.4 477
9.4167 480
9.4333 483
9.45 486
9.4667 489
9.4833 492
9.5 495
9.5167 498
9.5333 501
9.55 503
9.5667 506
9.5833 509
9.6 512
9.6167 515
9.6333 518
9.65 521
9.6667 524
9.6833 527
9.7 530
9.7167 532
9.7333 535
9.75 538
9.7667 541
9.7833 544
9.8 547
9.8167 549
9.8333 552
9.85 555
9.8667 558
9.8833 560
9.9 563
9.9167 566
9.9333 569
9.95 571
9.9667 574
9.9833 577
10.0 579
10.0167 582
10.0333 585
10.05 587
10.0667 590
10.0833 593
10.1 595
10.1167 598
10.1333 600
10.15 603
10.1667 605
10.1833 608
10.2 610
10.2167 613
10.2333 615
10.25 618
10.2667 620
10.2833 623
10.3 625
10.3167 628
10.3333 630
10.35 633
10.3667 635
10.3833 637
10.4 640
10.4167 642
10.4333 644
10.45 647
10.4667 649
10.4833 651
10.5 654
10.5167 656
10.5333 658
10.55 660
10.5667 663
10.5833 665
10.6 667
10.6167 669
10.6333 671
10.65 673
10.6667 676
10.6833 678
10.7 680
10.7167 682
10.7333 684
10.75 686
10.7667 688
10.7833 690
10.8 692
10.8167 694
10.8333 696
10.85 698
10.8667 700
10.8833 702
10.9 704
10.9167 706
10.9333 708
10.95 709
10.9667 711
10.9833 713
11.0 715
11.0167 717
11.0333 719
11.05 720
11.0667 722
11.0833 724
11.1 726
11.1167 727
11.1333 729
11.15 731
11.1667 732
11.1833 734
11.2 736
11.2167 737
11.2333 739
11.25 740
11.2667 742
11.2833 743
11.3 745
11.3167 746
11.3333 748
11.35 749
11.3667 751
11.3833 752
11.4 754
11.4167 755
11.4333 756
11.45 758
11.4667 759
11.4833 760
11.5 762
11.5167 763
11.5333 764
11.55 766
11.5667 767
11.5833 768
11.6 769
11.6167 770
11.6333 772
11.65 773
11.6667 774
11.6833 775
11.7 776
11.7167 777
11.7333 778
11.75 779
11.7667 780
11.7833 781
11.8 782
11.8167 783
11.8333 784
11.85 785
11.8667 786
11.8833 787
11.9 788
11.9167 789
11.9333 790
11.95 790
11.9667 791
11.9833 792
12.0 793
12.0167 794
12.0333 794
12.05 795
12.0667 796
12.0833 796
12.1 797
12.1167 798
12.1333 798
12.15 799
12.1667 799
12.1833 800
12.2 801
12.2167 801
12.2333 802
12.25 802
12.2667 803
12.2833 803
12.3 803
12.3167 804
12.3333 804
12.35 805
12.3667 805
12.3833 805
12.4 806
12.4167 806
12.4333 806
12.45 806
12.4667 807
12.4833 807
12.5 807
12.5167 807
12.5333 808
12.55 808
12.5667 808
12.5833 808
12.6 808
12.6167 808
12.6333 808
12.65 808
12.6667 808
12.6833 808
12.7 808
12.7167 808
12.7333 808
12.75 808
12.7667 808
12.7833 808
12.8 808
12.8167 807
12.8333 807
12.85 807
12.8667 807
12.8833 807
12.9 806
12.9167 806
12.9333 806
12.95 806
12.9667 805
12.9833 805
13.0 805
13.0167 804
13.0333 804
13.05 803
13.0667 803
13.0833 802
13.1 802
13.1167 801
13.1333 801
13.15 800
13.1667 800
13.1833 799
13.2 799
13.2167 798
13.2333 797
13.25 797
13.2667 796
13.2833 795
13.3 795
13.3167 794
13.3333 793
13.35 793
13.3667 792
13.3833 791
13.4 790
13.4167 789
13.4333 789
13.45 788
13.4667 787
13.4833 786
13.5 785
13.5167 784
13.5333 783
13.55 782
13.5667 781
13.5833 780
13.6 779
13.6167 778
13.6333 777
13.65 776
13.6667 775
13.6833 774
13.7 772
13.7167 771
13.7333 770
13.75 769
13.7667 768
13.7833 767
13.8 765
13.8167 764
13.8333 763
13.85 761
13.8667 760
13.8833 759
13.9 757
13.9167 756
13.9333 755
13.95 753
13.9667 752
13.9833 750
14.0 749
14.0167 747
14.0333 746
14.05 744
14.0667 743
14.0833 741
14.1 740
14.1167 738
14.1333 737
14.15 735
14.1667 733
14.1833 732
14.2 730
14.2167 728
14.2333 727
14.25 725
14.2667 723
14.2833 722
14.3 720
14.3167 718
14.3333 716
14.35 714
14.3667 713
14.3833 711
14.4 709
14.4167 707
14.4333 705
14.45 703
14.4667 701
14.4833 699
14.5 697
14.5167 695
14.5333 694
14.55 692
14.5667 690
14.5833 687
14.6 685
14.6167 683
14.6333 681
14.65 679
14.6667 677
14.6833 675
14.7 673
14.7167 671
14.7333 669
14.75 666
14.7667 664
14.7833 662
14.8 660
14.8167 657
14.8333 655
14.85 653
14.8667 651
14.8833 648
14.9 646
14.9167 644
14.9333 641
14.95 639
14.9667 637
14.9833 634
15.0 632
15.0167 630
15.0333 627
15.05 625
15.0667 622
15.0833 620
15.1 618
15.1167 615
15.1333 613
15.15 610
15.1667 607
15.1833 605
15.2 602
15.2167 600
15.2333 597
15.25 595
15.2667 592
15.2833 589
15.3 587
15.3167 584
15.3333 582
15.35 579
15.3667 576
15.3833 574
15.4 571
15.4167 568
15.4333 565
15.45 563
15.4667 560
15.4833 557
15.5 554
15.5167 552
15.5333 549
15.55 546
15.5667 543
15.5833 540
15.6 538
15.6167 535
15.6333 532
15.65 529
15.6667 526
15.6833 523
15.7 520
15.7167 518
15.7333 515
15.75 512
15.7667 509
15.7833 506
15.8 503
15.8167 500
15.8333 497
15.85 494
15.8667 491
15.8833 488
15.9 485
15.9167 482
15.9333 479
15.95 476
15.9667 473
15.9833 470
