9.0 413
9.0167 416
9.0333 419
9.05 422
9.0667 425
9.0833 428
9.1 431
9.1167 434
9.1333 437
9.15 440
9.1667 443
9.1833 446
9.2 449
9.2167 452
9.2333 455
9.25 458
9.2667 461
9.2833 464
9.3 467
9.3167 470
9.3333 473
9.35 476
9.3667 479
9.3833 482
9.4 485
9.4167 488
9.4333 491
9.45 494
9.4667 497
9.4833 500
9.5 503
9.5167 506
9.5333 509
9.55 511
9.5667 514
9.5833 517
9.6 520
9.6167 523
9.6333 526
9.65 529
9.6667 531
9.6833 534
9.7 537
9.7167 540
9.7333 543
9.75 545
9.7667 548
9.7833 551
9.8 554
9.8167 556
9.8333 559
9.85 562
9.8667 564
9.8833 567
9.9 570
9.9167 573
9.9333 575
9.95 578
9.9667 580
9.9833 583
10.0 586
10.0167 588
10.0333 591
10.05 594
10.0667 596
10.0833 599
10.1 601
10.1167 604
10.1333 606
10.15 609
10.1667 611
10.1833 614
10.2 616
10.2167 619
10.2333 621
10.25 624
10.2667 626
10.2833 629
10.3 631
10.3167 633
10.3333 636
10.35 638
10.3667 641
10.3833 643
10.4 645
10.4167 648
10.4333 650
10.45 652
10.4667 654
10.4833 657
10.5 659
10.5167 661
10.5333 663
10.55 666
10.5667 668
10.5833 670
10.6 672
10.6167 674
10.6333 677
10.65 679
10.6667 681
10.6833 683
10.7 685
10.7167 687
10.7333 689
10.75 691
10.7667 693
10.7833 695
10.8 697
10.8167 699
10.8333 701
10.85 703
10.8667 705
10.8833 707
10.9 709
10.9167 711
10.9333 713
10.95 715
10.9667 717
10.9833 718
11.0 720
11.0167 722
11.0333 724
11.05 726
11.0667 727
11.0833 729
11.1 731
11.1167 733
11.1333 734
11.15 736
11.1667 738
11.1833 739
11.2 741
11.2167 743
11.2333 744
11.25 746
11.2667 747
11.2833 749
11.3 751
11.3167 752
11.3333 754
11.35 755
11.3667 757
11.3833 758
11.4 760
11.4167 761
11.4333 762
11.45 764
11.4667 765
11.4833 767
11.5 768
11.5167 769
11.5333 771
11.55 772
11.5667 773
11.5833 774
11.6 776
11.6167 777
11.6333 778
11.65 779
11.6667 780
11.6833 782
11.7 783
11.7167 784
11.7333 785
11.75 786
11.7667 787
11.7833 788
11.8 789
11.8167 790
11.8333 791
11.85 792
11.8667 793
11.8833 794
11.9 795
11.9167 796
11.9333 797
11.95 798
11.9667 799
11.9833 800
12.0 801
12.0167 801
12.0333 802
12.05 803
12.0667 804
12.0833 805
12.1 805
12.1167 806
12.1333 807
12.15 807
12.1667 808
12.1833 809
12.2 809
12.2167 810
12.2333 810
12.25 811
12.2667 812
12.2833 812
12.3 813
12.3167 813
12.3333 814
12.35 814
12.3667 815
12.3833 815
12.4 815
12.4167 816
12.4333 816
12.45 817
12.4667 817
12.4833 817
12.5 818
12.5167 818
12.5333 818
12.55 818
12.5667 819
12.5833 819
12.6 819
12.6167 819
12.6333 819
12.65 819
12.6667 820
12.6833 820
12.7 820
12.7167 820
12.7333 820
12.75 820
12.7667 820
12.7833 820
12.8 820
12.8167 820
12.8333 820
12.85 820
12.8667 820
12.8833 820
12.9 820
12.9167 819
12.9333 819
12.95 819
12.9667 819
12.9833 819
13.0 818
13.0167 818
13.0333 818
13.05 818
13.0667 817
13.0833 817
13.1 817
13.1167 816
13.1333 816
13.15 815
13.1667 815
13.1833 815
13.2 814
13.2167 814
13.2333 813
13.25 813
13.2667 812
13.2833 812
13.3 811
13.3167 811
13.3333 810
13.35 809
13.3667 809
13.3833 808
13.4 807
13.4167 807
13.4333 806
13.45 805
13.4667 805
13.4833 804
13.5 803
13.5167 802
13.5333 801
13.55 801
13.5667 800
13.5833 799
13.6 798
13.6167 797
13.6333 796
13.65 795
13.6667 794
13.6833 793
13.7 793
13.7167 791
13.7333 790
13.75 789
13.7667 788
13.7833 787
13.8 786
13.8167 785
13.8333 784
13.85 783
13.8667 782
13.8833 781
13.9 779
13.9167 778
13.9333 777
13.95 776
13.9667 775
13.9833 773
14.0 772
14.0167 771
14.0333 769
14.05 768
14.0667 767
14.0833 765
14.1 764
14.1167 763
14.1333 761
14.15 760
14.1667 758
14.1833 757
14.2 755
14.2167 754
14.2333 752
14.25 751
14.2667 749
14.2833 748
14.3 746
14.3167 744
14.3333 743
14.35 741
14.3667 740
14.3833 738
14.4 736
14.4167 735
14.4333 733
14.45 731
14.4667 729
14.4833 728
14.5 726
14.5167 724
14.5333 722
14.55 720
14.5667 719
14.5833 717
14.6 715
14.6167 713
14.6333 711
14.65 709
14.6667 707
14.6833 705
14.7 703
14.7167 702
14.7333 700
14.75 698
14.7667 696
14.7833 694
14.8 691
14.8167 689
14.8333 687
14.85 685
14.8667 683
14.8833 681
14.9 679
14.9167 677
14.9333 675
14.95 672
14.9667 670
14.9833 668
15.0 666
15.0167 663
15.0333 661
15.05 659
15.0667 657
15.0833 654
15.1 652
15.1167 650
15.1333 648
15.15 645
15.1667 643
15.1833 641
15.2 638
15.2167 636
15.2333 633
15.25 631
15.2667 629
15.2833 626
15.3 624
15.3167 621
15.3333 619
15.35 616
15.3667 614
15.3833 611
15.4 609
15.4167 606
15.4333 604
15.45 601
15.4667 599
15.4833 596
15.5 594
15.5167 591
15.5333 588
15.55 586
15.5667 583
15.5833 580
15.6 578
15.6167 575
15.6333 573
15.65 570
15.6667 567
15.6833 564
15.7 562
15.7167 559
15.7333 556
15.75 554
15.7667 551
15.7833 548
15.8 545
15.8167 543
15.8333 540
15.85 537
15.8667 534
15.8833 531
15.9 528
15.9167 526
15.9333 523
15.95 520
15.9667 517
15.9833 514
