9.0 241
9.0167 242
9.0333 245
9.05 248
9.0667 250
9.0833 253
9.1 255
9.1167 258
9.1333 260
9.15 263
9.1667 265
9.1833 268
9.2 271
9.2167 273
9.2333 276
9.25 278
9.2667 281
9.2833 283
9.3 286
9.3167 288
9.3333 291
9.35 293
9.3667 296
9.3833 298
9.4 301
9.4167 303
9.4333 306
9.45 308
9.4667 311
9.4833 313
9.5 316
9.5167 318
9.5333 320
9.55 323
9.5667 325
9.5833 328
9.6 330
9.6167 333
9.6333 335
9.65 337
9.6667 340
9.6833 342
9.7 345
9.7167 347
9.7333 349
9.75 352
9.7667 354
9.7833 356
9.8 359
9.8167 361
9.8333 363
9.85 366
9.8667 368
9.8833 370
9.9 372
9.9167 375
9.9333 377
9.95 379
9.9667 381
9.9833 384
10.0 386
10.0167 388
10.0333 390
10.05 392
10.0667 395
10.0833 397
10.1 399
10.1167 401
10.1333 403
10.15 405
10.1667 407
10.1833 410
10.2 412
10.2167 414
10.2333 416
10.25 418
10.2667 420
10.2833 422
10.3 424
10.3167 426
10.3333 428
10.35 430
10.3667 432
10.3833 434
10.4 436
10.4167 438
10.4333 440
10.45 442
10.4667 443
10.4833 445
10.5 447
10.5167 449
10.5333 451
10.55 453
10.5667 455
10.5833 456
10.6 458
10.6167 460
10.6333 462
10.65 463
10.6667 465
10.6833 467
10.7 469
10.7167 470
10.7333 472
10.75 474
10.7667 475
10.7833 477
10.8 479
10.8167 480
10.8333 482
10.85 483
10.8667 485
10.8833 486
10.9 488
10.9167 489
10.9333 491
10.95 492
10.9667 494
10.9833 495
11.0 497
11.0167 498
11.0333 500
11.05 501
11.0667 502
11.0833 504
11.1 505
11.1167 506
11.1333 508
11.15 509
11.1667 510
11.1833 512
11.2 513
11.2167 514
11.2333 515
11.25 517
11.2667 518
11.2833 519
11.3 520
11.3167 521
11.3333 522
11.35 523
11.3667 525
11.3833 526
11.4 527
11.4167 528
11.4333 529
11.45 530
11.4667 531
11.4833 532
11.5 533
11.5167 534
11.5333 535
11.55 535
11.5667 536
11.5833 537
11.6 538
11.6167 539
11.6333 540
11.65 541
11.6667 541
11.6833 542
11.7 543
11.7167 544
11.7333 544
11.75 545
11.7667 546
11.7833 546
11.8 547
11.8167 548
11.8333 548
11.85 549
11.8667 550
11.8833 550
11.9 551
11.9167 551
11.9333 552
11.95 552
11.9667 553
11.9833 553
12.0 554
12.0167 554
12.0333 554
12.05 555
12.0667 555
12.0833 556
12.1 556
12.1167 556
12.1333 557
12.15 557
12.1667 557
12.1833 557
12.2 558
12.2167 558
12.2333 558
12.25 558
12.2667 558
12.2833 558
12.3 559
12.3167 559
12.3333 559
12.35 559
12.3667 559
12.3833 559
12.4 559
12.4167 559
12.4333 559
12.45 559
12.4667 559
12.4833 559
12.5 559
12.5167 559
12.5333 559
12.55 558
12.5667 558
12.5833 558
12.6 558
12.6167 558
12.6333 557
12.65 557
12.6667 557
12.6833 557
12.7 556
12.7167 556
12.7333 556
12.75 555
12.7667 555
12.7833 555
12.8 554
12.8167 554
12.8333 553
12.85 553
12.8667 553
12.8833 552
12.9 552
12.9167 551
12.9333 550
12.95 550
12.9667 549
12.9833 549
13.0 548
13.0167 548
13.0333 547
13.05 546
13.0667 546
13.0833 545
13.1 544
13.1167 543
13.1333 543
13.15 542
13.1667 541
13.1833 540
13.2 539
13.2167 539
13.2333 538
13.25 537
13.2667 536
13.2833 535
13.3 534
13.3167 533
13.3333 532
13.35 531
13.3667 530
13.3833 529
13.4 528
13.4167 527
13.4333 526
13.45 525
13.4667 524
13.4833 523
13.5 522
13.5167 521
13.5333 520
13.55 519
13.5667 517
13.5833 516
13.6 515
13.6167 514
13.6333 512
13.65 511
13.6667 510
13.6833 509
13.7 507
13.7167 506
13.7333 505
13.75 503
13.7667 502
13.7833 501
13.8 499
13.8167 498
13.8333 496
13.85 495
13.8667 493
13.8833 492
13.9 490
13.9167 489
13.9333 487
13.95 486
13.9667 484
13.9833 483
14.0 481
14.0167 480
14.0333 478
14.05 476
14.0667 475
14.0833 473
14.1 471
14.1167 470
14.1333 468
14.15 466
14.1667 465
14.1833 463
14.2 461
14.2167 459
14.2333 458
14.25 456
14.2667 454
14.2833 452
14.3 450
14.3167 448
14.3333 447
14.35 445
14.3667 443
14.3833 441
14.4 439
14.4167 437
14.4333 435
14.45 433
14.4667 431
14.4833 429
14.5 427
14.5167 425
14.5333 423
14.55 421
14.5667 419
14.5833 417
14.6 415
14.6167 413
14.6333 411
14.65 409
14.6667 407
14.6833 405
14.7 403
14.7167 400
14.7333 398
14.75 396
14.7667 394
14.7833 392
14.8 390
14.8167 387
14.8333 385
14.85 383
14.8667 381
14.8833 378
14.9 376
14.9167 374
14.9333 372
14.95 369
14.9667 367
14.9833 365
15.0 362
15.0167 360
15.0333 357
15.05 355
15.0667 353
15.0833 350
15.1 348
15.1167 346
15.1333 343
15.15 341
15.1667 338
15.1833 336
15.2 334
15.2167 331
15.2333 329
15.25 326
15.2667 324
15.2833 322
15.3 319
15.3167 317
15.3333 314
15.35 312
15.3667 309
15.3833 307
15.4 304
15.4167 302
15.4333 299
15.45 297
15.4667 294
15.4833 292
15.5 289
15.5167 287
15.5333 284
15.55 282
15.5667 279
15.5833 277
15.6 274
15.6167 272
15.6333 269
15.65 267
15.6667 264
15.6833 262
15.7 259
15.7167 256
15.7333 254
15.75 251
15.7667 249
15.7833 246
15.8 244
15.8167 241
15.8333 239
15.85 236
15.8667 234
15.8833 231
15.9 228
15.9167 226
15.9333 223
15.95 221
15.9667 218
15.9833 216
