9.0 165
9.0167 167
9.0333 170
9.05 172
9.0667 174
9.0833 177
9.1 179
9.1167 181
9.1333 184
9.15 186
9.1667 188
9.1833 190
9.2 193
9.2167 195
9.2333 197
9.25 200
9.2667 202
9.2833 205
9.3 207
9.3167 209
9.3333 212
9.35 214
9.3667 216
9.3833 219
9.4 221
9.4167 223
9.4333 226
9.45 228
9.4667 230
9.4833 233
9.5 235
9.5167 237
9.5333 240
9.55 242
9.5667 244
9.5833 246
9.6 249
9.6167 251
9.6333 253
9.65 256
9.6667 258
9.6833 260
9.7 263
9.7167 265
9.7333 267
9.75 269
9.7667 272
9.7833 274
9.8 276
9.8167 278
9.8333 281
9.85 283
9.8667 285
9.8833 287
9.9 290
9.9167 292
9.9333 294
9.95 296
9.9667 299
9.9833 301
10.0 303
10.0167 305
10.0333 307
10.05 309
10.0667 312
10.0833 314
10.1 316
10.1167 318
10.1333 320
10.15 322
10.1667 324
10.1833 326
10.2 329
10.2167 331
10.2333 333
10.25 335
10.2667 337
10.2833 339
10.3 341
10.3167 343
10.3333 345
10.35 347
10.3667 349
10.3833 351
10.4 353
10.4167 355
10.4333 357
10.45 359
10.4667 361
10.4833 363
10.5 365
10.5167 367
10.5333 368
10.55 370
10.5667 372
10.5833 374
10.6 376
10.6167 378
10.6333 380
10.65 381
10.6667 383
10.6833 385
10.7 387
10.7167 389
10.7333 390
10.75 392
10.7667 394
10.7833 396
10.8 397
10.8167 399
10.8333 401
10.85 402
10.8667 404
10.8833 406
10.9 407
10.9167 409
10.9333 411
10.95 412
10.9667 414
10.9833 415
11.0 417
11.0167 418
11.0333 420
11.05 421
11.0667 423
11.0833 424
11.1 426
11.1167 427
11.1333 429
11.15 430
11.1667 432
11.1833 433
11.2 434
11.2167 436
11.2333 437
11.25 439
11.2667 440
11.2833 441
11.3 443
11.3167 444
11.3333 445
11.35 446
11.3667 448
11.3833 449
11.4 450
11.4167 451
11.4333 452
11.45 454
11.4667 455
11.4833 456
11.5 457
11.5167 458
11.5333 459
11.55 460
11.5667 461
11.5833 462
11.6 463
11.6167 464
11.6333 465
11.65 466
11.6667 467
11.6833 468
11.7 469
11.7167 470
11.7333 471
11.75 472
11.7667 473
11.7833 474
11.8 475
11.8167 475
11.8333 476
11.85 477
11.8667 478
11.8833 479
11.9 479
11.9167 480
11.9333 481
11.95 482
11.9667 482
11.9833 483
12.0 484
12.0167 484
12.0333 485
12.05 485
12.0667 486
12.0833 487
12.1 487
12.1167 488
12.1333 488
12.15 489
12.1667 489
12.1833 490
12.2 490
12.2167 491
12.2333 491
12.25 491
12.2667 492
12.2833 492
12.3 492
12.3167 493
12.3333 493
12.35 493
12.3667 494
12.3833 494
12.4 494
12.4167 494
12.4333 495
12.45 495
12.4667 495
12.4833 495
12.5 495
12.5167 496
12.5333 496
12.55 496
12.5667 496
12.5833 496
12.6 496
12.6167 496
12.6333 496
12.65 496
12.6667 496
12.6833 496
12.7 496
12.7167 496
12.7333 496
12.75 496
12.7667 496
12.7833 495
12.8 495
12.8167 495
12.8333 495
12.85 495
12.8667 494
12.8833 494
12.9 494
12.9167 494
12.9333 493
12.95 493
12.9667 493
12.9833 492
13.0 492
13.0167 492
13.0333 491
13.05 491
13.0667 491
13.0833 490
13.1 490
13.1167 489
13.1333 489
13.15 488
13.1667 488
13.1833 487
13.2 487
13.2167 486
13.2333 485
13.25 485
13.2667 484
13.2833 484
13.3 483
13.3167 482
13.3333 482
13.35 481
13.3667 480
13.3833 479
13.4 479
13.4167 478
13.4333 477
13.45 476
13.4667 476
13.4833 475
13.5 474
13.5167 473
13.5333 472
13.55 471
13.5667 470
13.5833 469
13.6 468
13.6167 468
13.6333 467
13.65 466
13.6667 465
13.6833 464
13.7 463
13.7167 461
13.7333 460
13.75 459
13.7667 458
13.7833 457
13.8 456
13.8167 455
13.8333 454
13.85 453
13.8667 451
13.8833 450
13.9 449
13.9167 448
13.9333 446
13.95 445
13.9667 444
13.9833 443
14.0 441
14.0167 440
14.0333 439
14.05 437
14.0667 436
14.0833 435
14.1 433
14.1167 432
14.1333 430
14.15 429
14.1667 428
14.1833 426
14.2 425
14.2167 423
14.2333 422
14.25 420
14.2667 419
14.2833 417
14.3 415
14.3167 414
14.3333 412
14.35 411
14.3667 409
14.3833 407
14.4 406
14.4167 404
14.4333 403
14.45 401
14.4667 399
14.4833 397
14.5 396
14.5167 394
14.5333 392
14.55 391
14.5667 389
14.5833 387
14.6 385
14.6167 383
14.6333 382
14.65 380
14.6667 378
14.6833 376
14.7 374
14.7167 372
14.7333 371
14.75 369
14.7667 367
14.7833 365
14.8 363
14.8167 361
14.8333 359
14.85 357
14.8667 355
14.8833 353
14.9 351
14.9167 349
14.9333 347
14.95 345
14.9667 343
14.9833 341
15.0 339
15.0167 337
15.0333 335
15.05 333
15.0667 331
15.0833 329
15.1 327
15.1167 325
15.1333 323
15.15 321
15.1667 318
15.1833 316
15.2 314
15.2167 312
15.2333 310
15.25 308
15.2667 306
15.2833 303
15.3 301
15.3167 299
15.3333 297
15.35 295
15.3667 292
15.3833 290
15.4 288
15.4167 286
15.4333 283
15.45 281
15.4667 279
15.4833 277
15.5 274
15.5167 272
15.5333 270
15.55 268
15.5667 265
15.5833 263
15.6 261
15.6167 258
15.6333 256
15.65 254
15.6667 252
15.6833 249
15.7 247
15.7167 245
15.7333 242
15.75 240
15.7667 238
15.7833 235
15.8 233
15.8167 231
15.8333 228
15.85 226
15.8667 224
15.8833 221
15.9 219
15.9167 217
15.9333 214
15.95 212
15.9667 210
15.9833 207
