9.0 353
9.0167 357
9.0333 361
9.05 364
9.0667 367
9.0833 370
9.1 373
9.1167 376
9.1333 379
9.15 383
9.1667 386
9.1833 389
9.2 392
9.2167 395
9.2333 398
9.25 401
9.2667 404
9.2833 407
9.3 411
9.3167 414
9.3333 417
9.35 420
9.3667 423
9.3833 426
9.4 429
9.4167 432
9.4333 435
9.45 438
9.4667 441
9.4833 444
9.5 447
9.5167 450
9.5333 453
9.55 456
9.5667 459
9.5833 462
9.6 465
9.6167 468
9.6333 471
9.65 474
9.6667 477
9.6833 480
9.7 483
9.7167 486
9.7333 489
9.75 492
9.7667 494
9.7833 497
9.8 500
9.8167 503
9.8333 506
9.85 509
9.8667 512
9.8833 514
9.9 517
9.9167 520
9.9333 523
9.95 526
9.9667 528
9.9833 531
10.0 534
10.0167 537
10.0333 539
10.05 542
10.0667 545
10.0833 547
10.1 550
10.1167 553
10.1333 555
10.15 558
10.1667 561
10.1833 563
10.2 566
10.2167 569
10.2333 571
10.25 574
10.2667 576
10.2833 579
10.3 581
10.3167 584
10.3333 586
10.35 589
10.3667 591
10.3833 594
10.4 596
10.4167 599
10.4333 601
10.45 603
10.4667 606
10.4833 608
10.5 611
10.5167 613
10.5333 615
10.55 618
10.5667 620
10.5833 622
10.6 625
10.6167 627
10.6333 629
10.65 631
10.6667 634
10.6833 636
10.7 638
10.7167 640
10.7333 642
10.75 645
10.7667 647
10.7833 649
10.8 651
10.8167 653
10.8333 655
10.85 657
10.8667 659
10.8833 661
10.9 663
10.9167 665
10.9333 667
10.95 669
10.9667 671
10.9833 673
11.0 675
11.0167 677
11.0333 679
11.05 681
11.0667 682
11.0833 684
11.1 686
11.1167 688
11.1333 690
11.15 691
11.1667 693
11.1833 695
11.2 697
11.2167 698
11.2333 700
11.25 702
11.2667 703
11.2833 705
11.3 707
11.3167 708
11.3333 710
11.35 711
11.3667 713
11.3833 715
11.4 716
11.4167 718
11.4333 719
11.45 720
11.4667 722
11.4833 723
11.5 725
11.5167 726
11.5333 728
11.55 729
11.5667 730
11.5833 732
11.6 733
11.6167 734
11.6333 735
11.65 737
11.6667 738
11.6833 739
11.7 740
11.7167 742
11.7333 743
11.75 744
11.7667 745
11.7833 746
11.8 747
11.8167 748
11.8333 749
11.85 750
11.8667 751
11.8833 752
11.9 753
11.9167 754
11.9333 755
11.95 756
11.9667 757
11.9833 758
12.0 759
12.0167 760
12.0333 760
12.05 761
12.0667 762
12.0833 763
12.1 764
12.1167 764
12.1333 765
12.15 766
12.1667 766
12.1833 767
12.2 768
12.2167 768
12.2333 769
12.25 769
12.2667 770
12.2833 771
12.3 771
12.3167 772
12.3333 772
12.35 773
12.3667 773
12.3833 773
12.4 774
12.4167 774
12.4333 775
12.45 775
12.4667 775
12.4833 776
12.5 776
12.5167 776
12.5333 776
12.55 777
12.5667 777
12.5833 777
12.6 777
12.6167 777
12.6333 778
12.65 778
12.6667 778
12.6833 778
12.7 778
12.7167 778
12.7333 778
12.75 778
12.7667 778
12.7833 778
12.8 778
12.8167 778
12.8333 778
12.85 778
12.8667 778
12.8833 777
12.9 777
12.9167 777
12.9333 777
12.95 777
12.9667 776
12.9833 776
13.0 776
13.0167 775
13.0333 775
13.05 775
13.0667 774
13.0833 774
13.1 774
13.1167 773
13.1333 773
13.15 772
13.1667 772
13.1833 771
13.2 771
13.2167 770
13.2333 770
13.25 769
13.2667 769
13.2833 768
13.3 767
13.3167 767
13.3333 766
13.35 765
13.3667 765
13.3833 764
13.4 763
13.4167 763
13.4333 762
13.45 761
13.4667 760
13.4833 759
13.5 758
13.5167 758
13.5333 757
13.55 756
13.5667 755
13.5833 754
13.6 753
13.6167 752
13.6333 751
13.65 750
13.6667 749
13.6833 748
13.7 747
13.7167 746
13.7333 745
13.75 743
13.7667 742
13.7833 741
13.8 740
13.8167 739
13.8333 738
13.85 736
13.8667 735
13.8833 734
13.9 732
13.9167 731
13.9333 730
13.95 728
13.9667 727
13.9833 726
14.0 724
14.0167 723
14.0333 721
14.05 720
14.0667 719
14.0833 717
14.1 716
14.1167 714
14.1333 713
14.15 711
14.1667 709
14.1833 708
14.2 706
14.2167 705
14.2333 703
14.25 701
14.2667 700
14.2833 698
14.3 696
14.3167 694
14.3333 693
14.35 691
14.3667 689
14.3833 687
14.4 686
14.4167 684
14.4333 682
14.45 680
14.4667 678
14.4833 676
14.5 674
14.5167 672
14.5333 671
14.55 669
14.5667 667
14.5833 665
14.6 663
14.6167 661
14.6333 659
14.65 656
14.6667 654
14.6833 652
14.7 650
14.7167 648
14.7333 646
14.75 644
14.7667 642
14.7833 640
14.8 637
14.8167 635
14.8333 633
14.85 631
14.8667 628
14.8833 626
14.9 624
14.9167 622
14.9333 619
14.95 617
14.9667 615
14.9833 612
15.0 610
15.0167 608
15.0333 606
15.05 603
15.0667 601
15.0833 598
15.1 596
15.1167 593
15.1333 591
15.15 588
15.1667 586
15.1833 583
15.2 581
15.2167 578
15.2333 576
15.25 573
15.2667 571
15.2833 568
15.3 566
15.3167 563
15.3333 560
15.35 558
15.3667 555
15.3833 552
15.4 550
15.4167 547
15.4333 544
15.45 542
15.4667 539
15.4833 536
15.5 533
15.5167 531
15.5333 528
15.55 525
15.5667 522
15.5833 520
15.6 517
15.6167 514
15.6333 511
15.65 508
15.6667 505
15.6833 503
15.7 500
15.7167 497
15.7333 494
15.75 491
15.7667 488
15.7833 485
15.8 482
15.8167 479
15.8333 476
15.85 474
15.8667 471
15.8833 468
15.9 465
15.9167 462
15.9333 459
15.95 456
15.9667 453
15.9833 450
