9.0 396
9.0167 399
9.0333 403
9.05 406
9.0667 409
9.0833 412
9.1 415
9.1167 418
9.1333 421
9.15 424
9.1667 428
9.1833 431
9.2 434
9.2167 437
9.2333 440
9.25 443
9.2667 446
9.2833 449
9.3 452
9.3167 455
9.3333 458
9.35 461
9.3667 464
9.3833 467
9.4 471
9.4167 474
9.4333 477
9.45 480
9.4667 483
9.4833 486
9.5 489
9.5167 491
9.5333 494
9.55 497
9.5667 500
9.5833 503
9.6 506
9.6167 509
9.6333 512
9.65 515
9.6667 518
9.6833 521
9.7 524
9.7167 526
9.7333 529
9.75 532
9.7667 535
9.7833 538
9.8 541
9.8167 543
9.8333 546
9.85 549
9.8667 552
9.8833 555
9.9 557
9.9167 560
9.9333 563
9.95 565
9.9667 568
9.9833 571
10.0 574
10.0167 576
10.0333 579
10.05 582
10.0667 584
10.0833 587
10.1 589
10.1167 592
10.1333 595
10.15 597
10.1667 600
10.1833 602
10.2 605
10.2167 607
10.2333 610
10.25 612
10.2667 615
10.2833 617
10.3 620
10.3167 622
10.3333 625
10.35 627
10.3667 629
10.3833 632
10.4 634
10.4167 637
10.4333 639
10.45 641
10.4667 644
10.4833 646
10.5 648
10.5167 650
10.5333 653
10.55 655
10.5667 657
10.5833 659
10.6 662
10.6167 664
10.6333 666
10.65 668
10.6667 670
10.6833 672
10.7 675
10.7167 677
10.7333 679
10.75 681
10.7667 683
10.7833 685
10.8 687
10.8167 689
10.8333 691
10.85 693
10.8667 695
10.8833 697
10.9 699
10.9167 701
10.9333 703
10.95 704
10.9667 706
10.9833 708
11.0 710
11.0167 712
11.0333 714
11.05 715
11.0667 717
11.0833 719
11.1 721
11.1167 722
11.1333 724
11.15 726
11.1667 727
11.1833 729
11.2 731
11.2167 732
11.2333 734
11.25 736
11.2667 737
11.2833 739
11.3 740
11.3167 742
11.3333 743
11.35 745
11.3667 746
11.3833 748
11.4 749
11.4167 750
11.4333 752
11.45 753
11.4667 755
11.4833 756
11.5 757
11.5167 759
11.5333 760
11.55 761
11.5667 762
11.5833 764
11.6 765
11.6167 766
11.6333 767
11.65 768
11.6667 770
11.6833 771
11.7 772
11.7167 773
11.7333 774
11.75 775
11.7667 776
11.7833 777
11.8 778
11.8167 779
11.8333 780
11.85 781
11.8667 782
11.8833 783
11.9 784
11.9167 785
11.9333 785
11.95 786
11.9667 787
11.9833 788
12.0 789
12.0167 789
12.0333 790
12.05 791
12.0667 792
12.0833 792
12.1 793
12.1167 794
12.1333 794
12.15 795
12.1667 795
12.1833 796
12.2 797
12.2167 797
12.2333 798
12.25 798
12.2667 799
12.2833 799
12.3 799
12.3167 800
12.3333 800
12.35 801
12.3667 801
12.3833 801
12.4 802
12.4167 802
12.4333 802
12.45 803
12.4667 803
12.4833 803
12.5 803
12.5167 804
12.5333 804
12.55 804
12.5667 804
12.5833 804
12.6 804
12.6167 804
12.6333 804
12.65 804
12.6667 804
12.6833 804
12.7 804
12.7167 804
12.7333 804
12.75 804
12.7667 804
12.7833 804
12.8 804
12.8167 804
12.8333 804
12.85 803
12.8667 803
12.8833 803
12.9 803
12.9167 803
12.9333 802
12.95 802
12.9667 802
12.9833 801
13.0 801
13.0167 801
13.0333 800
13.05 800
13.0667 799
13.0833 799
13.1 798
13.1167 798
13.1333 798
13.15 797
13.1667 796
13.1833 796
13.2 795
13.2167 795
13.2333 794
13.25 793
13.2667 793
13.2833 792
13.3 791
13.3167 791
13.3333 790
13.35 789
13.3667 788
13.3833 788
13.4 787
13.4167 786
13.4333 785
13.45 784
13.4667 784
13.4833 783
13.5 782
13.5167 781
13.5333 780
13.55 779
13.5667 778
13.5833 777
13.6 776
13.6167 775
13.6333 774
13.65 773
13.6667 772
13.6833 770
13.7 769
13.7167 768
13.7333 767
13.75 766
13.7667 765
13.7833 763
13.8 762
13.8167 761
13.8333 760
13.85 758
13.8667 757
13.8833 756
13.9 754
13.9167 753
13.9333 752
13.95 750
13.9667 749
13.9833 747
14.0 746
14.0167 744
14.0333 743
14.05 741
14.0667 740
14.0833 738
14.1 737
14.1167 735
14.1333 734
14.15 732
14.1667 730
14.1833 729
14.2 727
14.2167 725
14.2333 724
14.25 722
14.2667 720
14.2833 719
14.3 717
14.3167 715
14.3333 713
14.35 712
14.3667 710
14.3833 708
14.4 706
14.4167 704
14.4333 702
14.45 700
14.4667 698
14.4833 696
14.5 695
14.5167 693
14.5333 691
14.55 689
14.5667 687
14.5833 685
14.6 683
14.6167 680
14.6333 678
14.65 676
14.6667 674
14.6833 672
14.7 670
14.7167 668
14.7333 666
14.75 663
14.7667 661
14.7833 659
14.8 657
14.8167 655
14.8333 652
14.85 650
14.8667 648
14.8833 645
14.9 643
14.9167 641
14.9333 639
14.95 636
14.9667 634
14.9833 631
15.0 629
15.0167 627
15.0333 624
15.05 622
15.0667 620
15.0833 617
15.1 615
15.1167 612
15.1333 610
15.15 607
15.1667 605
15.1833 602
15.2 600
15.2167 597
15.2333 594
15.25 592
15.2667 589
15.2833 587
15.3 584
15.3167 581
15.3333 579
15.35 576
15.3667 573
15.3833 571
15.4 568
15.4167 565
15.4333 563
15.45 560
15.4667 557
15.4833 554
15.5 552
15.5167 549
15.5333 546
15.55 543
15.5667 540
15.5833 538
15.6 535
15.6167 532
15.6333 529
15.65 526
15.6667 523
15.6833 521
15.7 518
15.7167 515
15.7333 512
15.75 509
15.7667 506
15.7833 503
15.8 500
15.8167 497
15.8333 494
15.85 491
15.8667 488
15.8833 485
15.9 482
15.9167 479
15.9333 476
15.95 473
15.9667 470
15.9833 467
