9.0 406
9.0167 409
9.0333 412
9.05 415
9.0667 418
9.0833 421
9.1 424
9.1167 427
9.1333 430
9.15 433
9.1667 437
9.1833 440
9.2 443
9.2167 446
9.2333 449
9.25 452
9.2667 455
9.2833 458
9.3 461
9.3167 464
9.3333 467
9.35 470
9.3667 473
9.3833 476
9.4 479
9.4167 482
9.4333 485
9.45 488
9.4667 490
9.4833 493
9.5 496
9.5167 499
9.5333 502
9.55 505
9.5667 508
9.5833 511
9.6 514
9.6167 517
9.6333 519
9.65 522
9.6667 525
9.6833 528
9.7 531
9.7167 534
9.7333 536
9.75 539
9.7667 542
9.7833 545
9.8 548
9.8167 550
9.8333 553
9.85 556
9.8667 559
9.8833 561
9.9 564
9.9167 567
9.9333 569
9.95 572
9.9667 575
9.9833 577
10.0 580
10.0167 583
10.0333 585
10.05 588
10.0667 590
10.0833 593
10.1 596
10.1167 598
10.1333 601
10.15 603
10.1667 606
10.1833 608
10.2 611
10.2167 613
10.2333 616
10.25 618
10.2667 621
10.2833 623
10.3 626
10.3167 628
10.3333 630
10.35 633
10.3667 635
10.3833 638
10.4 640
10.4167 642
10.4333 645
10.45 647
10.4667 649
10.4833 652
10.5 654
10.5167 656
10.5333 658
10.55 661
10.5667 663
10.5833 665
10.6 667
10.6167 669
10.6333 671
10.65 674
10.6667 676
10.6833 678
10.7 680
10.7167 682
10.7333 684
10.75 686
10.7667 688
10.7833 690
10.8 692
10.8167 694
10.8333 696
10.85 698
10.8667 700
10.8833 702
10.9 704
10.9167 706
10.9333 708
10.95 710
10.9667 712
10.9833 714
11.0 715
11.0167 717
11.0333 719
11.05 721
11.0667 723
11.0833 724
11.1 726
11.1167 728
11.1333 730
11.15 731
11.1667 733
11.1833 735
11.2 736
11.2167 738
11.2333 739
11.25 741
11.2667 743
11.2833 744
11.3 746
11.3167 747
11.3333 749
11.35 750
11.3667 752
11.3833 753
11.4 755
11.4167 756
11.4333 758
11.45 759
11.4667 760
11.4833 762
11.5 763
11.5167 764
11.5333 766
11.55 767
11.5667 768
11.5833 770
11.6 771
11.6167 772
11.6333 773
11.65 775
11.6667 776
11.6833 777
11.7 778
11.7167 779
11.7333 780
11.75 781
11.7667 782
11.7833 783
11.8 785
11.8167 786
11.8333 787
11.85 788
11.8667 789
11.8833 789
11.9 790
11.9167 791
11.9333 792
11.95 793
11.9667 794
11.9833 795
12.0 796
12.0167 796
12.0333 797
12.05 798
12.0667 799
12.0833 800
12.1 800
12.1167 801
12.1333 802
12.15 802
12.1667 803
12.1833 804
12.2 804
12.2167 805
12.2333 805
12.25 806
12.2667 807
12.2833 807
12.3 808
12.3167 808
12.3333 809
12.35 809
12.3667 809
12.3833 810
12.4 810
12.4167 811
12.4333 811
12.45 811
12.4667 812
12.4833 812
12.5 812
12.5167 813
12.5333 813
12.55 813
12.5667 813
12.5833 813
12.6 814
12.6167 814
12.6333 814
12.65 814
12.6667 814
12.6833 814
12.7 814
12.7167 814
12.7333 814
12.75 814
12.7667 814
12.7833 814
12.8 814
12.8167 814
12.8333 814
12.85 814
12.8667 814
12.8833 814
12.9 814
12.9167 814
12.9333 813
12.95 813
12.9667 813
12.9833 813
13.0 813
13.0167 812
13.0333 812
13.05 812
13.0667 811
13.0833 811
13.1 811
13.1167 810
13.1333 810
13.15 809
13.1667 809
13.1833 808
13.2 808
13.2167 808
13.2333 807
13.25 806
13.2667 806
13.2833 805
13.3 805
13.3167 804
13.3333 804
13.35 803
13.3667 802
13.3833 802
13.4 801
13.4167 800
13.4333 799
13.45 799
13.4667 798
13.4833 797
13.5 796
13.5167 796
13.5333 795
13.55 794
13.5667 793
13.5833 792
13.6 791
13.6167 790
13.6333 789
13.65 788
13.6667 787
13.6833 786
13.7 785
13.7167 784
13.7333 783
13.75 782
13.7667 781
13.7833 780
13.8 779
13.8167 778
13.8333 777
13.85 776
13.8667 774
13.8833 773
13.9 772
13.9167 771
13.9333 769
13.95 768
13.9667 767
13.9833 766
14.0 764
14.0167 763
14.0333 762
14.05 760
14.0667 759
14.0833 757
14.1 756
14.1167 755
14.1333 753
14.15 752
14.1667 750
14.1833 749
14.2 747
14.2167 746
14.2333 744
14.25 742
14.2667 741
14.2833 739
14.3 738
14.3167 736
14.3333 734
14.35 733
14.3667 731
14.3833 729
14.4 728
14.4167 726
14.4333 724
14.45 722
14.4667 721
14.4833 719
14.5 717
14.5167 715
14.5333 713
14.55 711
14.5667 710
14.5833 708
14.6 706
14.6167 704
14.6333 702
14.65 700
14.6667 698
14.6833 696
14.7 694
14.7167 692
14.7333 690
14.75 688
14.7667 686
14.7833 684
14.8 682
14.8167 680
14.8333 678
14.85 675
14.8667 673
14.8833 671
14.9 669
14.9167 667
14.9333 665
14.95 662
14.9667 660
14.9833 658
15.0 655
15.0167 653
15.0333 651
15.05 649
15.0667 646
15.0833 644
15.1 642
15.1167 639
15.1333 637
15.15 634
15.1667 632
15.1833 630
15.2 627
15.2167 625
15.2333 622
15.25 620
15.2667 618
15.2833 615
15.3 613
15.3167 610
15.3333 608
15.35 605
15.3667 603
15.3833 600
15.4 597
15.4167 595
15.4333 592
15.45 590
15.4667 587
15.4833 584
15.5 582
15.5167 579
15.5333 577
15.55 574
15.5667 571
15.5833 569
15.6 566
15.6167 563
15.6333 560
15.65 558
15.6667 555
15.6833 552
15.7 550
15.7167 547
15.7333 544
15.75 541
15.7667 538
15.7833 536
15.8 533
15.8167 530
15.8333 527
15.85 524
15.8667 521
15.8833 519
15.9 516
15.9167 513
15.9333 510
15.95 507
15.9667 504
15.9833 501
