9.0 407
9.0167 410
9.0333 413
9.05 416
9.0667 419
9.0833 422
9.1 425
9.1167 428
9.1333 432
9.15 435
9.1667 438
9.1833 441
9.2 444
9.2167 447
9.2333 450
9.25 453
9.2667 456
9.2833 459
9.3 462
9.3167 465
9.3333 468
9.35 471
9.3667 474
9.3833 477
9.4 480
9.4167 483
9.4333 486
9.45 489
9.4667 492
9.4833 494
9.5 497
9.5167 500
9.5333 503
9.55 506
9.5667 509
9.5833 512
9.6 515
9.6167 518
9.6333 521
9.65 523
9.6667 526
9.6833 529
9.7 532
9.7167 535
9.7333 537
9.75 540
9.7667 543
9.7833 546
9.8 549
9.8167 551
9.8333 554
9.85 557
9.8667 560
9.8833 562
9.9 565
9.9167 568
9.9333 570
9.95 573
9.9667 576
9.9833 578
10.0 581
10.0167 584
10.0333 586
10.05 589
10.0667 591
10.0833 594
10.1 597
10.1167 599
10.1333 602
10.15 604
10.1667 607
10.1833 609
10.2 612
10.2167 614
10.2333 617
10.25 619
10.2667 622
10.2833 624
10.3 627
10.3167 629
10.3333 631
10.35 634
10.3667 636
10.3833 639
10.4 641
10.4167 643
10.4333 646
10.45 648
10.4667 650
10.4833 652
10.5 655
10.5167 657
10.5333 659
10.55 661
10.5667 664
10.5833 666
10.6 668
10.6167 670
10.6333 672
10.65 675
10.6667 677
10.6833 679
10.7 681
10.7167 683
10.7333 685
10.75 687
10.7667 689
10.7833 691
10.8 693
10.8167 695
10.8333 697
10.85 699
10.8667 701
10.8833 703
10.9 705
10.9167 707
10.9333 709
10.95 711
10.9667 713
10.9833 714
11.0 716
11.0167 718
11.0333 720
11.05 722
11.0667 724
11.0833 725
11.1 727
11.1167 729
11.1333 730
11.15 732
11.1667 734
11.1833 736
11.2 737
11.2167 739
11.2333 740
11.25 742
11.2667 744
11.2833 745
11.3 747
11.3167 748
11.3333 750
11.35 751
11.3667 753
11.3833 754
11.4 756
11.4167 757
11.4333 759
11.45 760
11.4667 761
11.4833 763
11.5 764
11.5167 765
11.5333 767
11.55 768
11.5667 769
11.5833 771
11.6 772
11.6167 773
11.6333 774
11.65 775
11.6667 777
11.6833 778
11.7 779
11.7167 780
11.7333 781
11.75 782
11.7667 783
11.7833 784
11.8 785
11.8167 787
11.8333 787
11.85 789
11.8667 789
11.8833 790
11.9 791
11.9167 792
11.9333 793
11.95 794
11.9667 795
11.9833 796
12.0 797
12.0167 797
12.0333 798
12.05 799
12.0667 800
12.0833 801
12.1 801
12.1167 802
12.1333 803
12.15 803
12.1667 804
12.1833 805
12.2 805
12.2167 806
12.2333 806
12.25 807
12.2667 808
12.2833 808
12.3 809
12.3167 809
12.3333 810
12.35 810
12.3667 810
12.3833 811
12.4 811
12.4167 812
12.4333 812
12.45 812
12.4667 813
12.4833 813
12.5 813
12.5167 814
12.5333 814
12.55 814
12.5667 814
12.5833 815
12.6 815
12.6167 815
12.6333 815
12.65 815
12.6667 815
12.6833 815
12.7 815
12.7167 815
12.7333 816
12.75 816
12.7667 816
12.7833 816
12.8 816
12.8167 815
12.8333 815
12.85 815
12.8667 815
12.8833 815
12.9 815
12.9167 815
12.9333 815
12.95 814
12.9667 814
12.9833 814
13.0 814
13.0167 813
13.0333 813
13.05 813
13.0667 812
13.0833 812
13.1 812
13.1167 811
13.1333 811
13.15 811
13.1667 810
13.1833 810
13.2 809
13.2167 809
13.2333 808
13.25 808
13.2667 807
13.2833 807
13.3 806
13.3167 805
13.3333 805
13.35 804
13.3667 804
13.3833 803
13.4 802
13.4167 801
13.4333 801
13.45 800
13.4667 799
13.4833 798
13.5 798
13.5167 797
13.5333 796
13.55 795
13.5667 794
13.5833 793
13.6 793
13.6167 792
13.6333 791
13.65 790
13.6667 789
13.6833 788
13.7 787
13.7167 786
13.7333 785
13.75 784
13.7667 783
13.7833 781
13.8 780
13.8167 779
13.8333 778
13.85 777
13.8667 776
13.8833 775
13.9 773
13.9167 772
13.9333 771
13.95 770
13.9667 768
13.9833 767
14.0 766
14.0167 764
14.0333 763
14.05 762
14.0667 760
14.0833 759
14.1 757
14.1167 756
14.1333 755
14.15 753
14.1667 752
14.1833 750
14.2 749
14.2167 747
14.2333 746
14.25 744
14.2667 742
14.2833 741
14.3 739
14.3167 738
14.3333 736
14.35 734
14.3667 733
14.3833 731
14.4 729
14.4167 727
14.4333 726
14.45 724
14.4667 722
14.4833 720
14.5 719
14.5167 717
14.5333 715
14.55 713
14.5667 711
14.5833 709
14.6 707
14.6167 706
14.6333 704
14.65 702
14.6667 700
14.6833 698
14.7 696
14.7167 694
14.7333 692
14.75 690
14.7667 688
14.7833 686
14.8 684
14.8167 681
14.8333 679
14.85 677
14.8667 675
14.8833 673
14.9 671
14.9167 669
14.9333 666
14.95 664
14.9667 662
14.9833 660
15.0 657
15.0167 655
15.0333 653
15.05 650
15.0667 648
15.0833 646
15.1 643
15.1167 641
15.1333 639
15.15 636
15.1667 634
15.1833 632
15.2 629
15.2167 627
15.2333 624
15.25 622
15.2667 620
15.2833 617
15.3 615
15.3167 612
15.3333 610
15.35 607
15.3667 605
15.3833 602
15.4 599
15.4167 597
15.4333 594
15.45 592
15.4667 589
15.4833 587
15.5 584
15.5167 581
15.5333 579
15.55 576
15.5667 573
15.5833 571
15.6 568
15.6167 565
15.6333 563
15.65 560
15.6667 557
15.6833 554
15.7 552
15.7167 549
15.7333 546
15.75 543
15.7667 541
15.7833 538
15.8 535
15.8167 532
15.8333 529
15.85 527
15.8667 524
15.8833 521
15.9 518
15.9167 515
15.9333 512
15.95 509
15.9667 506
15.9833 504
