9.0 282
9.0167 284
9.0333 287
9.05 289
9.0667 292
9.0833 295
9.1 297
9.1167 300
9.1333 303
9.15 306
9.1667 308
9.1833 311
9.2 314
9.2167 316
9.2333 319
9.25 322
9.2667 324
9.2833 327
9.3 330
9.3167 332
9.3333 335
9.35 338
9.3667 340
9.3833 343
9.4 346
9.4167 348
9.4333 351
9.45 353
9.4667 356
9.4833 359
9.5 361
9.5167 364
9.5333 366
9.55 369
9.5667 371
9.5833 374
9.6 376
9.6167 379
9.6333 382
9.65 384
9.6667 387
9.6833 389
9.7 392
9.7167 394
9.7333 396
9.75 399
9.7667 401
9.7833 404
9.8 406
9.8167 409
9.8333 411
9.85 414
9.8667 416
9.8833 418
9.9 421
9.9167 423
9.9333 425
9.95 428
9.9667 430
9.9833 432
10.0 435
10.0167 437
10.0333 439
10.05 442
10.0667 444
10.0833 446
10.1 448
10.1167 451
10.1333 453
10.15 455
10.1667 457
10.1833 459
10.2 461
10.2167 464
10.2333 466
10.25 468
10.2667 470
10.2833 472
10.3 474
10.3167 476
10.3333 478
10.35 480
10.3667 482
10.3833 484
10.4 486
10.4167 489
10.4333 490
10.45 492
10.4667 494
10.4833 496
10.5 498
10.5167 500
10.5333 502
10.55 504
10.5667 506
10.5833 508
10.6 510
10.6167 511
10.6333 513
10.65 515
10.6667 517
10.6833 519
10.7 520
10.7167 522
10.7333 524
10.75 526
10.7667 527
10.7833 529
10.8 531
10.8167 532
10.8333 534
10.85 536
10.8667 537
10.8833 539
10.9 540
10.9167 542
10.9333 543
10.95 545
10.9667 546
10.9833 548
11.0 549
11.0167 551
11.0333 552
11.05 554
11.0667 555
11.0833 557
11.1 558
11.1167 559
11.1333 561
11.15 562
11.1667 563
11.1833 565
11.2 566
11.2167 567
11.2333 568
11.25 570
11.2667 571
11.2833 572
11.3 573
11.3167 574
11.3333 576
11.35 577
11.3667 578
11.3833 579
11.4 580
11.4167 581
11.4333 582
11.45 583
11.4667 584
11.4833 585
11.5 586
11.5167 587
11.5333 588
11.55 589
11.5667 590
11.5833 591
11.6 592
11.6167 593
11.6333 593
11.65 594
11.6667 595
11.6833 596
11.7 597
11.7167 597
11.7333 598
11.75 599
11.7667 599
11.7833 600
11.8 601
11.8167 601
11.8333 602
11.85 603
11.8667 603
11.8833 604
11.9 604
11.9167 605
11.9333 605
11.95 606
11.9667 606
11.9833 607
12.0 607
12.0167 608
12.0333 608
12.05 609
12.0667 609
12.0833 609
12.1 610
12.1167 610
12.1333 610
12.15 611
12.1667 611
12.1833 611
12.2 611
12.2167 612
12.2333 612
12.25 612
12.2667 612
12.2833 612
12.3 612
12.3167 612
12.3333 612
12.35 613
12.3667 613
12.3833 613
12.4 613
12.4167 613
12.4333 613
12.45 613
12.4667 612
12.4833 612
12.5 612
12.5167 612
12.5333 612
12.55 612
12.5667 612
12.5833 612
12.6 611
12.6167 611
12.6333 611
12.65 611
12.6667 610
12.6833 610
12.7 610
12.7167 609
12.7333 609
12.75 609
12.7667 608
12.7833 608
12.8 607
12.8167 607
12.8333 606
12.85 606
12.8667 606
12.8833 605
12.9 604
12.9167 604
12.9333 603
12.95 603
12.9667 602
12.9833 602
13.0 601
13.0167 600
13.0333 600
13.05 599
13.0667 598
13.0833 597
13.1 597
13.1167 596
13.1333 595
13.15 594
13.1667 593
13.1833 593
13.2 592
13.2167 591
13.2333 590
13.25 589
13.2667 588
13.2833 587
13.3 586
13.3167 585
13.3333 584
13.35 583
13.3667 582
13.3833 581
13.4 580
13.4167 579
13.4333 578
13.45 577
13.4667 576
13.4833 575
13.5 573
13.5167 572
13.5333 571
13.55 570
13.5667 569
13.5833 567
13.6 566
13.6167 565
13.6333 563
13.65 562
13.6667 561
13.6833 559
13.7 558
13.7167 557
13.7333 555
13.75 554
13.7667 552
13.7833 551
13.8 550
13.8167 548
13.8333 547
13.85 545
13.8667 544
13.8833 542
13.9 540
13.9167 539
13.9333 537
13.95 536
13.9667 534
13.9833 532
14.0 531
14.0167 529
14.0333 527
14.05 526
14.0667 524
14.0833 522
14.1 521
14.1167 519
14.1333 517
14.15 515
14.1667 513
14.1833 512
14.2 510
14.2167 508
14.2333 506
14.25 504
14.2667 502
14.2833 500
14.3 498
14.3167 497
14.3333 495
14.35 493
14.3667 491
14.3833 489
14.4 487
14.4167 485
14.4333 483
14.45 481
14.4667 479
14.4833 476
14.5 474
14.5167 472
14.5333 470
14.55 468
14.5667 466
14.5833 464
14.6 462
14.6167 459
14.6333 457
14.65 455
14.6667 453
14.6833 451
14.7 448
14.7167 446
14.7333 444
14.75 442
14.7667 439
14.7833 437
14.8 435
14.8167 433
14.8333 430
14.85 428
14.8667 426
14.8833 423
14.9 421
14.9167 418
14.9333 416
14.95 414
14.9667 411
14.9833 409
15.0 406
15.0167 403
15.0333 401
15.05 398
15.0667 396
15.0833 393
15.1 391
15.1167 388
15.1333 386
15.15 383
15.1667 381
15.1833 378
15.2 376
15.2167 373
15.2333 371
15.25 368
15.2667 366
15.2833 363
15.3 361
15.3167 358
15.3333 355
15.35 353
15.3667 350
15.3833 348
15.4 345
15.4167 342
15.4333 340
15.45 337
15.4667 334
15.4833 332
15.5 329
15.5167 326
15.5333 324
15.55 321
15.5667 318
15.5833 316
15.6 313
15.6167 310
15.6333 308
15.65 305
15.6667 302
15.6833 300
15.7 297
15.7167 294
15.7333 292
15.75 289
15.7667 286
15.7833 283
15.8 281
15.8167 278
15.8333 275
15.85 273
15.8667 270
15.8833 267
15.9 264
15.9167 262
15.9333 259
15.95 256
15.9667 253
15.9833 251
