9.0 486
9.0167 490
9.0333 493
9.05 497
9.0667 500
9.0833 503
9.1 507
9.1167 510
9.1333 513
9.15 517
9.1667 520
9.1833 523
9.2 526
9.2167 530
9.2333 533
9.25 536
9.2667 539
9.2833 542
9.3 546
9.3167 549
9.3333 552
9.35 555
9.3667 558
9.3833 562
9.4 565
9.4167 568
9.4333 571
9.45 574
9.4667 577
9.4833 580
9.5 583
9.5167 586
9.5333 590
9.55 593
9.5667 596
9.5833 599
9.6 602
9.6167 605
9.6333 608
9.65 611
9.6667 614
9.6833 617
9.7 620
9.7167 623
9.7333 625
9.75 628
9.7667 631
9.7833 634
9.8 637
9.8167 640
9.8333 643
9.85 646
9.8667 649
9.8833 651
9.9 654
9.9167 657
9.9333 660
9.95 663
9.9667 665
9.9833 668
10.0 671
10.0167 674
10.0333 676
10.05 679
10.0667 682
10.0833 684
10.1 687
10.1167 690
10.1333 692
10.15 695
10.1667 697
10.1833 700
10.2 703
10.2167 705
10.2333 708
10.25 710
10.2667 713
10.2833 715
10.3 718
10.3167 720
10.3333 723
10.35 725
10.3667 728
10.3833 730
10.4 732
10.4167 735
10.4333 737
10.45 739
10.4667 742
10.4833 744
10.5 746
10.5167 749
10.5333 751
10.55 753
10.5667 756
10.5833 758
10.6 760
10.6167 762
10.6333 764
10.65 767
10.6667 769
10.6833 771
10.7 773
10.7167 775
10.7333 777
10.75 779
10.7667 781
10.7833 783
10.8 785
10.8167 787
10.8333 789
10.85 791
10.8667 793
10.8833 795
10.9 797
10.9167 799
10.9333 801
10.95 803
10.9667 805
10.9833 806
11.0 808
11.0167 810
11.0333 812
11.05 814
11.0667 815
11.0833 817
11.1 819
11.1167 821
11.1333 822
11.15 824
11.1667 826
11.1833 827
11.2 829
11.2167 830
11.2333 832
11.25 834
11.2667 835
11.2833 837
11.3 838
11.3167 840
11.3333 841
11.35 843
11.3667 844
11.3833 846
11.4 847
11.4167 848
11.4333 850
11.45 851
11.4667 852
11.4833 854
11.5 855
11.5167 856
11.5333 858
11.55 859
11.5667 860
11.5833 861
11.6 862
11.6167 864
11.6333 865
11.65 866
11.6667 867
11.6833 868
11.7 869
11.7167 870
11.7333 871
11.75 872
11.7667 873
11.7833 874
11.8 875
11.8167 876
11.8333 877
11.85 878
11.8667 879
11.8833 880
11.9 881
11.9167 881
11.9333 882
11.95 883
11.9667 884
11.9833 885
12.0 885
12.0167 886
12.0333 887
12.05 887
12.0667 888
12.0833 889
12.1 889
12.1167 890
12.1333 891
12.15 891
12.1667 892
12.1833 892
12.2 893
12.2167 893
12.2333 894
12.25 894
12.2667 895
12.2833 895
12.3 895
12.3167 896
12.3333 896
12.35 896
12.3667 897
12.3833 897
12.4 897
12.4167 898
12.4333 898
12.45 898
12.4667 898
12.4833 899
12.5 899
12.5167 899
12.5333 899
12.55 899
12.5667 899
12.5833 899
12.6 899
12.6167 899
12.6333 899
12.65 899
12.6667 899
12.6833 899
12.7 899
12.7167 899
12.7333 899
12.75 899
12.7667 899
12.7833 899
12.8 898
12.8167 898
12.8333 898
12.85 898
12.8667 898
12.8833 897
12.9 897
12.9167 897
12.9333 896
12.95 896
12.9667 896
12.9833 895
13.0 895
13.0167 894
13.0333 894
13.05 893
13.0667 893
13.0833 892
13.1 892
13.1167 891
13.1333 891
13.15 890
13.1667 890
13.1833 889
13.2 888
13.2167 888
13.2333 887
13.25 886
13.2667 886
13.2833 885
13.3 884
13.3167 883
13.3333 883
13.35 882
13.3667 881
13.3833 880
13.4 879
13.4167 878
13.4333 877
13.45 877
13.4667 876
13.4833 875
13.5 874
13.5167 873
13.5333 872
13.55 871
13.5667 870
13.5833 869
13.6 867
13.6167 866
13.6333 865
13.65 864
13.6667 863
13.6833 862
13.7 861
13.7167 859
13.7333 858
13.75 857
13.7667 856
13.7833 854
13.8 853
13.8167 852
13.8333 850
13.85 849
13.8667 848
13.8833 846
13.9 845
13.9167 843
13.9333 842
13.95 840
13.9667 839
13.9833 837
14.0 836
14.0167 834
14.0333 833
14.05 831
14.0667 830
14.0833 828
14.1 826
14.1167 825
14.1333 823
14.15 821
14.1667 820
14.1833 818
14.2 816
14.2167 814
14.2333 813
14.25 811
14.2667 809
14.2833 807
14.3 805
14.3167 804
14.3333 802
14.35 800
14.3667 798
14.3833 796
14.4 794
14.4167 792
14.4333 790
14.45 788
14.4667 786
14.4833 784
14.5 782
14.5167 780
14.5333 778
14.55 776
14.5667 774
14.5833 772
14.6 770
14.6167 767
14.6333 765
14.65 763
14.6667 761
14.6833 759
14.7 756
14.7167 754
14.7333 752
14.75 750
14.7667 747
14.7833 745
14.8 743
14.8167 740
14.8333 738
14.85 736
14.8667 733
14.8833 731
14.9 729
14.9167 726
14.9333 724
14.95 721
14.9667 719
14.9833 716
15.0 714
15.0167 711
15.0333 709
15.05 706
15.0667 704
15.0833 701
15.1 699
15.1167 696
15.1333 694
15.15 691
15.1667 688
15.1833 686
15.2 683
15.2167 680
15.2333 678
15.25 675
15.2667 672
15.2833 669
15.3 667
15.3167 664
15.3333 661
15.35 658
15.3667 656
15.3833 653
15.4 650
15.4167 647
15.4333 644
15.45 641
15.4667 639
15.4833 636
15.5 633
15.5167 630
15.5333 627
15.55 624
15.5667 621
15.5833 618
15.6 615
15.6167 612
15.6333 609
15.65 606
15.6667 603
15.6833 600
15.7 597
15.7167 594
15.7333 591
15.75 588
15.7667 585
15.7833 582
15.8 579
15.8167 576
15.8333 573
15.85 569
15.8667 566
15.8833 563
15.9 560
15.9167 557
15.9333 554
15.95 550
15.9667 547
15.9833 544
