9.0 537
9.0167 540
9.0333 544
9.05 547
9.0667 551
9.0833 554
9.1 558
9.1167 561
9.1333 564
9.15 568
9.1667 571
9.1833 575
9.2 578
9.2167 581
9.2333 585
9.25 588
9.2667 591
9.2833 595
9.3 598
9.3167 601
9.3333 605
9.35 608
9.3667 611
9.3833 614
9.4 618
9.4167 621
9.4333 624
9.45 627
9.4667 631
9.4833 634
9.5 637
9.5167 640
9.5333 643
9.55 646
9.5667 650
9.5833 653
9.6 656
9.6167 659
9.6333 662
9.65 665
9.6667 668
9.6833 671
9.7 674
9.7167 677
9.7333 680
9.75 683
9.7667 686
9.7833 689
9.8 692
9.8167 695
9.8333 698
9.85 701
9.8667 704
9.8833 707
9.9 710
9.9167 713
9.9333 716
9.95 719
9.9667 722
9.9833 724
10.0 727
10.0167 730
10.0333 733
10.05 736
10.0667 739
10.0833 741
10.1 744
10.1167 747
10.1333 750
10.15 752
10.1667 755
10.1833 758
10.2 760
10.2167 763
10.2333 766
10.25 768
10.2667 771
10.2833 774
10.3 776
10.3167 779
10.3333 781
10.35 784
10.3667 786
10.3833 789
10.4 791
10.4167 794
10.4333 796
10.45 799
10.4667 801
10.4833 804
10.5 806
10.5167 808
10.5333 811
10.55 813
10.5667 816
10.5833 818
10.6 820
10.6167 823
10.6333 825
10.65 827
10.6667 829
10.6833 832
10.7 834
10.7167 836
10.7333 838
10.75 841
10.7667 843
10.7833 845
10.8 847
10.8167 849
10.8333 851
10.85 853
10.8667 855
10.8833 857
10.9 860
10.9167 862
10.9333 864
10.95 866
10.9667 868
10.9833 869
11.0 871
11.0167 873
11.0333 875
11.05 877
11.0667 879
11.0833 881
11.1 883
11.1167 885
11.1333 886
11.15 888
11.1667 890
11.1833 892
11.2 894
11.2167 895
11.2333 897
11.25 899
11.2667 900
11.2833 902
11.3 904
11.3167 905
11.3333 907
11.35 908
11.3667 910
11.3833 912
11.4 913
11.4167 915
11.4333 916
11.45 918
11.4667 919
11.4833 921
11.5 922
11.5167 923
11.5333 925
11.55 926
11.5667 928
11.5833 929
11.6 930
11.6167 932
11.6333 933
11.65 934
11.6667 935
11.6833 937
11.7 938
11.7167 939
11.7333 940
11.75 942
11.7667 943
11.7833 944
11.8 945
11.8167 946
11.8333 947
11.85 948
11.8667 949
11.8833 950
11.9 951
11.9167 952
11.9333 953
11.95 954
11.9667 955
11.9833 956
12.0 957
12.0167 958
12.0333 959
12.05 959
12.0667 960
12.0833 961
12.1 962
12.1167 963
12.1333 963
12.15 964
12.1667 965
12.1833 966
12.2 966
12.2167 967
12.2333 968
12.25 968
12.2667 969
12.2833 969
12.3 970
12.3167 970
12.3333 971
12.35 972
12.3667 972
12.3833 972
12.4 973
12.4167 973
12.4333 974
12.45 974
12.4667 975
12.4833 975
12.5 975
12.5167 976
12.5333 976
12.55 976
12.5667 976
12.5833 977
12.6 977
12.6167 977
12.6333 977
12.65 977
12.6667 978
12.6833 978
12.7 978
12.7167 978
12.7333 978
12.75 978
12.7667 978
12.7833 978
12.8 978
12.8167 978
12.8333 978
12.85 978
12.8667 978
12.8833 978
12.9 978
12.9167 978
12.9333 977
12.95 977
12.9667 977
12.9833 977
13.0 977
13.0167 976
13.0333 976
13.05 976
13.0667 976
13.0833 975
13.1 975
13.1167 974
13.1333 974
13.15 974
13.1667 973
13.1833 973
13.2 972
13.2167 972
13.2333 971
13.25 971
13.2667 970
13.2833 970
13.3 969
13.3167 969
13.3333 968
13.35 967
13.3667 967
13.3833 966
13.4 965
13.4167 965
13.4333 964
13.45 963
13.4667 963
13.4833 962
13.5 961
13.5167 960
13.5333 959
13.55 959
13.5667 958
13.5833 957
13.6 956
13.6167 955
13.6333 954
13.65 953
13.6667 952
13.6833 951
13.7 950
13.7167 949
13.7333 948
13.75 947
13.7667 946
13.7833 945
13.8 944
13.8167 942
13.8333 941
13.85 940
13.8667 939
13.8833 938
13.9 937
13.9167 935
13.9333 934
13.95 933
13.9667 931
13.9833 930
14.0 929
14.0167 927
14.0333 926
14.05 925
14.0667 923
14.0833 922
14.1 920
14.1167 919
14.1333 917
14.15 916
14.1667 914
14.1833 913
14.2 911
14.2167 910
14.2333 908
14.25 907
14.2667 905
14.2833 903
14.3 902
14.3167 900
14.3333 898
14.35 897
14.3667 895
14.3833 893
14.4 891
14.4167 890
14.4333 888
14.45 886
14.4667 884
14.4833 882
14.5 881
14.5167 879
14.5333 877
14.55 875
14.5667 873
14.5833 871
14.6 869
14.6167 867
14.6333 865
14.65 863
14.6667 861
14.6833 859
14.7 857
14.7167 855
14.7333 853
14.75 851
14.7667 849
14.7833 847
14.8 844
14.8167 842
14.8333 840
14.85 838
14.8667 836
14.8833 834
14.9 831
14.9167 829
14.9333 827
14.95 824
14.9667 822
14.9833 820
15.0 817
15.0167 815
15.0333 813
15.05 810
15.0667 808
15.0833 806
15.1 803
15.1167 801
15.1333 798
15.15 796
15.1667 793
15.1833 791
15.2 788
15.2167 786
15.2333 783
15.25 781
15.2667 778
15.2833 776
15.3 773
15.3167 770
15.3333 768
15.35 765
15.3667 762
15.3833 760
15.4 757
15.4167 754
15.4333 752
15.45 749
15.4667 746
15.4833 744
15.5 741
15.5167 738
15.5333 735
15.55 732
15.5667 730
15.5833 727
15.6 724
15.6167 721
15.6333 718
15.65 715
15.6667 712
15.6833 710
15.7 707
15.7167 704
15.7333 701
15.75 698
15.7667 695
15.7833 692
15.8 689
15.8167 686
15.8333 683
15.85 680
15.8667 677
15.8833 674
15.9 671
15.9167 668
15.9333 664
15.95 661
15.9667 658
15.9833 655
