9.0 519
9.0167 522
9.0333 526
9.05 529
9.0667 533
9.0833 536
9.1 540
9.1167 543
9.1333 547
9.15 550
9.1667 554
9.1833 557
9.2 561
9.2167 564
9.2333 568
9.25 571
9.2667 574
9.2833 578
9.3 581
9.3167 585
9.3333 588
9.35 591
9.3667 595
9.3833 598
9.4 601
9.4167 605
9.4333 608
9.45 611
9.4667 615
9.4833 618
9.5 621
9.5167 624
9.5333 628
9.55 631
9.5667 634
9.5833 637
9.6 640
9.6167 644
9.6333 647
9.65 650
9.6667 653
9.6833 656
9.7 659
9.7167 663
9.7333 666
9.75 669
9.7667 672
9.7833 675
9.8 678
9.8167 681
9.8333 684
9.85 687
9.8667 690
9.8833 693
9.9 696
9.9167 699
9.9333 702
9.95 705
9.9667 708
9.9833 711
10.0 714
10.0167 717
10.0333 720
10.05 722
10.0667 725
10.0833 728
10.1 731
10.1167 734
10.1333 737
10.15 739
10.1667 742
10.1833 745
10.2 748
10.2167 750
10.2333 753
10.25 756
10.2667 758
10.2833 761
10.3 764
10.3167 766
10.3333 769
10.35 772
10.3667 774
10.3833 777
10.4 779
10.4167 782
10.4333 784
10.45 787
10.4667 789
10.4833 792
10.5 794
10.5167 797
10.5333 799
10.55 802
10.5667 804
10.5833 807
10.6 809
10.6167 811
10.6333 814
10.65 816
10.6667 818
10.6833 821
10.7 823
10.7167 825
10.7333 827
10.75 830
10.7667 832
10.7833 834
10.8 836
10.8167 839
10.8333 841
10.85 843
10.8667 845
10.8833 847
10.9 849
10.9167 851
10.9333 853
10.95 855
10.9667 857
10.9833 859
11.0 861
11.0167 863
11.0333 865
11.05 867
11.0667 869
11.0833 871
11.1 873
11.1167 875
11.1333 877
11.15 879
11.1667 880
11.1833 882
11.2 884
11.2167 886
11.2333 887
11.25 889
11.2667 891
11.2833 893
11.3 894
11.3167 896
11.3333 898
11.35 899
11.3667 901
11.3833 902
11.4 904
11.4167 906
11.4333 907
11.45 909
11.4667 910
11.4833 912
11.5 913
11.5167 914
11.5333 916
11.55 917
11.5667 919
11.5833 920
11.6 921
11.6167 923
11.6333 924
11.65 925
11.6667 927
11.6833 928
11.7 929
11.7167 930
11.7333 932
11.75 933
11.7667 934
11.7833 935
11.8 936
11.8167 937
11.8333 938
11.85 940
11.8667 941
11.8833 942
11.9 943
11.9167 944
11.9333 945
11.95 946
11.9667 947
11.9833 947
12.0 948
12.0167 949
12.0333 950
12.05 951
12.0667 952
12.0833 953
12.1 953
12.1167 954
12.1333 955
12.15 956
12.1667 956
12.1833 957
12.2 958
12.2167 958
12.2333 959
12.25 960
12.2667 960
12.2833 961
12.3 961
12.3167 962
12.3333 963
12.35 963
12.3667 964
12.3833 964
12.4 964
12.4167 965
12.4333 965
12.45 966
12.4667 966
12.4833 966
12.5 967
12.5167 967
12.5333 967
12.55 968
12.5667 968
12.5833 968
12.6 968
12.6167 969
12.6333 969
12.65 969
12.6667 969
12.6833 969
12.7 969
12.7167 969
12.7333 969
12.75 969
12.7667 969
12.7833 969
12.8 969
12.8167 969
12.8333 969
12.85 969
12.8667 969
12.8833 969
12.9 969
12.9167 969
12.9333 969
12.95 968
12.9667 968
12.9833 968
13.0 968
13.0167 967
13.0333 967
13.05 967
13.0667 966
13.0833 966
13.1 966
13.1167 965
13.1333 965
13.15 964
13.1667 964
13.1833 964
13.2 963
13.2167 963
13.2333 962
13.25 962
13.2667 961
13.2833 960
13.3 960
13.3167 959
13.3333 958
13.35 958
13.3667 957
13.3833 956
13.4 956
13.4167 955
13.4333 954
13.45 953
13.4667 953
13.4833 952
13.5 951
13.5167 950
13.5333 949
13.55 948
13.5667 948
13.5833 947
13.6 946
13.6167 945
13.6333 944
13.65 943
13.6667 942
13.6833 941
13.7 940
13.7167 938
13.7333 937
13.75 936
13.7667 935
13.7833 934
13.8 933
13.8167 932
13.8333 930
13.85 929
13.8667 928
13.8833 927
13.9 925
13.9167 924
13.9333 923
13.95 921
13.9667 920
13.9833 919
14.0 917
14.0167 916
14.0333 914
14.05 913
14.0667 912
14.0833 910
14.1 909
14.1167 907
14.1333 906
14.15 904
14.1667 902
14.1833 901
14.2 899
14.2167 898
14.2333 896
14.25 894
14.2667 893
14.2833 891
14.3 889
14.3167 887
14.3333 886
14.35 884
14.3667 882
14.3833 880
14.4 879
14.4167 877
14.4333 875
14.45 873
14.4667 871
14.4833 869
14.5 867
14.5167 865
14.5333 863
14.55 861
14.5667 859
14.5833 857
14.6 855
14.6167 853
14.6333 851
14.65 849
14.6667 847
14.6833 845
14.7 843
14.7167 841
14.7333 839
14.75 836
14.7667 834
14.7833 832
14.8 830
14.8167 828
14.8333 825
14.85 823
14.8667 821
14.8833 818
14.9 816
14.9167 814
14.9333 811
14.95 809
14.9667 807
14.9833 804
15.0 801
15.0167 799
15.0333 797
15.05 794
15.0667 792
15.0833 789
15.1 787
15.1167 784
15.1333 782
15.15 779
15.1667 776
15.1833 774
15.2 771
15.2167 769
15.2333 766
15.25 763
15.2667 761
15.2833 758
15.3 755
15.3167 753
15.3333 750
15.35 747
15.3667 745
15.3833 742
15.4 739
15.4167 736
15.4333 733
15.45 731
15.4667 728
15.4833 725
15.5 722
15.5167 719
15.5333 716
15.55 713
15.5667 711
15.5833 708
15.6 705
15.6167 702
15.6333 699
15.65 696
15.6667 693
15.6833 690
15.7 687
15.7167 684
15.7333 681
15.75 678
15.7667 675
15.7833 672
15.8 668
15.8167 665
15.8333 662
15.85 659
15.8667 656
15.8833 653
15.9 650
15.9167 646
15.9333 643
15.95 640
15.9667 637
15.9833 634
