9.0 236
9.0167 240
9.0333 243
9.05 246
9.0667 250
9.0833 253
9.1 256
9.1167 260
9.1333 263
9.15 266
9.1667 270
9.1833 273
9.2 276
9.2167 280
9.2333 283
9.25 286
9.2667 290
9.2833 293
9.3 296
9.3167 299
9.3333 303
9.35 306
9.3667 309
9.3833 312
9.4 316
9.4167 319
9.4333 322
9.45 326
9.4667 329
9.4833 332
9.5 335
9.5167 338
9.5333 342
9.55 345
9.5667 348
9.5833 351
9.6 354
9.6167 358
9.6333 361
9.65 364
9.6667 367
9.6833 370
9.7 373
9.7167 377
9.7333 380
9.75 383
9.7667 386
9.7833 389
9.8 392
9.8167 395
9.8333 398
9.85 401
9.8667 404
9.8833 407
9.9 410
9.9167 413
9.9333 416
9.95 419
9.9667 422
9.9833 425
10.0 428
10.0167 431
10.0333 434
10.05 437
10.0667 440
10.0833 443
10.1 446
10.1167 449
10.1333 451
10.15 454
10.1667 457
10.1833 460
10.2 463
10.2167 465
10.2333 468
10.25 471
10.2667 474
10.2833 477
10.3 479
10.3167 482
10.3333 485
10.35 487
10.3667 490
10.3833 493
10.4 495
10.4167 498
10.4333 501
10.45 503
10.4667 506
10.4833 508
10.5 511
10.5167 514
10.5333 516
10.55 519
10.5667 521
10.5833 524
10.6 526
10.6167 529
10.6333 531
10.65 533
10.6667 536
10.6833 538
10.7 541
10.7167 543
10.7333 545
10.75 548
10.7667 550
10.7833 552
10.8 555
10.8167 557
10.8333 559
10.85 561
10.8667 564
10.8833 566
10.9 568
10.9167 570
10.9333 572
10.95 575
10.9667 577
10.9833 579
11.0 581
11.0167 583
11.0333 585
11.05 587
11.0667 589
11.0833 591
11.1 593
11.1167 595
11.1333 597
11.15 599
11.1667 601
11.1833 603
11.2 605
11.2167 607
11.2333 608
11.25 610
11.2667 612
11.2833 614
11.3 616
11.3167 618
11.3333 619
11.35 621
11.3667 623
11.3833 624
11.4 626
11.4167 628
11.4333 629
11.45 631
11.4667 633
11.4833 634
11.5 636
11.5167 637
11.5333 639
11.55 640
11.5667 642
11.5833 643
11.6 645
11.6167 646
11.6333 648
11.65 649
11.6667 651
11.6833 652
11.7 653
11.7167 655
11.7333 656
11.75 657
11.7667 659
11.7833 660
11.8 661
11.8167 662
11.8333 664
11.85 665
11.8667 666
11.8833 667
11.9 668
11.9167 669
11.9333 670
11.95 671
11.9667 673
11.9833 674
12.0 675
12.0167 676
12.0333 677
12.05 678
12.0667 678
12.0833 679
12.1 680
12.1167 681
12.1333 682
12.15 683
12.1667 684
12.1833 685
12.2 685
12.2167 686
12.2333 687
12.25 688
12.2667 688
12.2833 689
12.3 690
12.3167 690
12.3333 691
12.35 692
12.3667 692
12.3833 693
12.4 693
12.4167 694
12.4333 694
12.45 695
12.4667 695
12.4833 696
12.5 696
12.5167 697
12.5333 697
12.55 697
12.5667 698
12.5833 698
12.6 698
12.6167 699
12.6333 699
12.65 699
12.6667 699
12.6833 700
12.7 700
12.7167 700
12.7333 700
12.75 700
12.7667 700
12.7833 701
12.8 701
12.8167 701
12.8333 701
12.85 701
12.8667 701
12.8833 701
12.9 701
12.9167 701
12.9333 701
12.95 701
12.9667 700
12.9833 700
13.0 700
13.0167 700
13.0333 700
13.05 699
13.0667 699
13.0833 699
13.1 699
13.1167 698
13.1333 698
13.15 698
13.1667 697
13.1833 697
13.2 697
13.2167 696
13.2333 696
13.25 695
13.2667 695
13.2833 694
13.3 694
13.3167 693
13.3333 693
13.35 692
13.3667 692
13.3833 691
13.4 690
13.4167 690
13.4333 689
13.45 688
13.4667 688
13.4833 687
13.5 686
13.5167 686
13.5333 685
13.55 684
13.5667 683
13.5833 682
13.6 681
13.6167 681
13.6333 680
13.65 679
13.6667 678
13.6833 677
13.7 676
13.7167 675
13.7333 674
13.75 673
13.7667 672
13.7833 671
13.8 670
13.8167 668
13.8333 667
13.85 666
13.8667 665
13.8833 664
13.9 663
13.9167 661
13.9333 660
13.95 659
13.9667 658
13.9833 656
14.0 655
14.0167 654
14.0333 652
14.05 651
14.0667 650
14.0833 648
14.1 647
14.1167 645
14.1333 644
14.15 642
14.1667 641
14.1833 639
14.2 638
14.2167 636
14.2333 635
14.25 633
14.2667 631
14.2833 630
14.3 628
14.3167 627
14.3333 625
14.35 623
14.3667 621
14.3833 620
14.4 618
14.4167 616
14.4333 614
14.45 613
14.4667 611
14.4833 609
14.5 607
14.5167 605
14.5333 603
14.55 601
14.5667 599
14.5833 598
14.6 596
14.6167 594
14.6333 592
14.65 590
14.6667 588
14.6833 586
14.7 583
14.7167 581
14.7333 579
14.75 577
14.7667 575
14.7833 573
14.8 571
14.8167 569
14.8333 566
14.85 564
14.8667 562
14.8833 560
14.9 557
14.9167 555
14.9333 553
14.95 551
14.9667 548
14.9833 546
15.0 544
15.0167 542
15.0333 540
15.05 537
15.0667 535
15.0833 532
15.1 530
15.1167 528
15.1333 525
15.15 523
15.1667 520
15.1833 518
15.2 515
15.2167 513
15.2333 510
15.25 507
15.2667 505
15.2833 502
15.3 500
15.3167 497
15.3333 494
15.35 492
15.3667 489
15.3833 486
15.4 484
15.4167 481
15.4333 478
15.45 475
15.4667 473
15.4833 470
15.5 467
15.5167 464
15.5333 461
15.55 459
15.5667 456
15.5833 453
15.6 450
15.6167 447
15.6333 444
15.65 441
15.6667 439
15.6833 436
15.7 433
15.7167 430
15.7333 427
15.75 424
15.7667 421
15.7833 418
15.8 415
15.8167 412
15.8333 409
15.85 406
15.8667 403
15.8833 400
15.9 397
15.9167 394
15.9333 391
15.95 388
15.9667 384
15.9833 381
