9.0 244
9.0167 248
9.0333 251
9.05 254
9.0667 258
9.0833 261
9.1 265
9.1167 268
9.1333 271
9.15 275
9.1667 278
9.1833 281
9.2 285
9.2167 288
9.2333 291
9.25 295
9.2667 298
9.2833 301
9.3 305
9.3167 308
9.3333 311
9.35 314
9.3667 318
9.3833 321
9.4 324
9.4167 328
9.4333 331
9.45 334
9.4667 337
9.4833 340
9.5 344
9.5167 347
9.5333 350
9.55 353
9.5667 357
9.5833 360
9.6 363
9.6167 366
9.6333 369
9.65 372
9.6667 375
9.6833 379
9.7 382
9.7167 385
9.7333 388
9.75 391
9.7667 394
9.7833 397
9.8 400
9.8167 403
9.8333 406
9.85 409
9.8667 412
9.8833 415
9.9 418
9.9167 421
9.9333 424
9.95 427
9.9667 430
9.9833 433
10.0 436
10.0167 439
10.0333 442
10.05 445
10.0667 448
10.0833 450
10.1 453
10.1167 456
10.1333 459
10.15 462
10.1667 465
10.1833 467
10.2 470
10.2167 473
10.2333 476
10.25 478
10.2667 481
10.2833 484
10.3 486
10.3167 489
10.3333 492
10.35 494
10.3667 497
10.3833 500
10.4 502
10.4167 505
10.4333 507
10.45 510
10.4667 512
10.4833 515
10.5 518
10.5167 520
10.5333 522
10.55 525
10.5667 527
10.5833 530
10.6 532
10.6167 535
10.6333 537
10.65 539
10.6667 542
10.6833 544
10.7 546
10.7167 549
10.7333 551
10.75 553
10.7667 556
10.7833 558
10.8 560
10.8167 562
10.8333 565
10.85 567
10.8667 569
10.8833 571
10.9 573
10.9167 575
10.9333 577
10.95 580
10.9667 582
10.9833 584
11.0 586
11.0167 588
11.0333 590
11.05 592
11.0667 594
11.0833 596
11.1 598
11.1167 599
11.1333 601
11.15 603
11.1667 605
11.1833 607
11.2 609
11.2167 611
11.2333 612
11.25 614
11.2667 616
11.2833 618
11.3 619
11.3167 621
11.3333 623
11.35 625
11.3667 626
11.3833 628
11.4 629
11.4167 631
11.4333 633
11.45 634
11.4667 636
11.4833 637
11.5 639
11.5167 640
11.5333 642
11.55 643
11.5667 645
11.5833 646
11.6 647
11.6167 649
11.6333 650
11.65 652
11.6667 653
11.6833 654
11.7 656
11.7167 657
11.7333 658
11.75 659
11.7667 661
11.7833 662
11.8 663
11.8167 664
11.8333 665
11.85 666
11.8667 667
11.8833 668
11.9 670
11.9167 671
11.9333 672
11.95 673
11.9667 674
11.9833 675
12.0 676
12.0167 676
12.0333 677
12.05 678
12.0667 679
12.0833 680
12.1 681
12.1167 682
12.1333 682
12.15 683
12.1667 684
12.1833 685
12.2 685
12.2167 686
12.2333 687
12.25 688
12.2667 688
12.2833 689
12.3 689
12.3167 690
12.3333 691
12.35 691
12.3667 692
12.3833 692
12.4 693
12.4167 693
12.4333 694
12.45 694
12.4667 694
12.4833 695
12.5 695
12.5167 696
12.5333 696
12.55 696
12.5667 696
12.5833 697
12.6 697
12.6167 697
12.6333 697
12.65 698
12.6667 698
12.6833 698
12.7 698
12.7167 698
12.7333 698
12.75 698
12.7667 698
12.7833 698
12.8 698
12.8167 698
12.8333 698
12.85 698
12.8667 698
12.8833 698
12.9 698
12.9167 698
12.9333 698
12.95 698
12.9667 698
12.9833 697
13.0 697
13.0167 697
13.0333 697
13.05 696
13.0667 696
13.0833 696
13.1 695
13.1167 695
13.1333 695
13.15 694
13.1667 694
13.1833 693
13.2 693
13.2167 693
13.2333 692
13.25 692
13.2667 691
13.2833 690
13.3 690
13.3167 689
13.3333 689
13.35 688
13.3667 687
13.3833 687
13.4 686
13.4167 685
13.4333 685
13.45 684
13.4667 683
13.4833 682
13.5 682
13.5167 681
13.5333 680
13.55 679
13.5667 678
13.5833 677
13.6 676
13.6167 675
13.6333 674
13.65 673
13.6667 672
13.6833 671
13.7 670
13.7167 669
13.7333 668
13.75 667
13.7667 666
13.7833 665
13.8 664
13.8167 663
13.8333 661
13.85 660
13.8667 659
13.8833 658
13.9 657
13.9167 655
13.9333 654
13.95 653
13.9667 651
13.9833 650
14.0 649
14.0167 647
14.0333 646
14.05 644
14.0667 643
14.0833 641
14.1 640
14.1167 639
14.1333 637
14.15 635
14.1667 634
14.1833 632
14.2 631
14.2167 629
14.2333 628
14.25 626
14.2667 624
14.2833 623
14.3 621
14.3167 619
14.3333 617
14.35 616
14.3667 614
14.3833 612
14.4 610
14.4167 608
14.4333 607
14.45 605
14.4667 603
14.4833 601
14.5 599
14.5167 597
14.5333 595
14.55 593
14.5667 591
14.5833 589
14.6 587
14.6167 585
14.6333 583
14.65 581
14.6667 579
14.6833 577
14.7 575
14.7167 573
14.7333 571
14.75 569
14.7667 566
14.7833 564
14.8 562
14.8167 560
14.8333 557
14.85 555
14.8667 553
14.8833 551
14.9 548
14.9167 546
14.9333 544
14.95 541
14.9667 539
14.9833 537
15.0 535
15.0167 533
15.0333 530
15.05 528
15.0667 525
15.0833 523
15.1 520
15.1167 518
15.1333 515
15.15 513
15.1667 510
15.1833 508
15.2 505
15.2167 502
15.2333 500
15.25 497
15.2667 495
15.2833 492
15.3 489
15.3167 487
15.3333 484
15.35 481
15.3667 479
15.3833 476
15.4 473
15.4167 470
15.4333 468
15.45 465
15.4667 462
15.4833 459
15.5 456
15.5167 454
15.5333 451
15.55 448
15.5667 445
15.5833 442
15.6 439
15.6167 436
15.6333 433
15.65 430
15.6667 427
15.6833 424
15.7 422
15.7167 419
15.7333 416
15.75 413
15.7667 410
15.7833 407
15.8 403
15.8167 400
15.8333 397
15.85 394
15.8667 391
15.8833 388
15.9 385
15.9167 382
15.9333 379
15.95 376
15.9667 373
15.9833 369
