9.0 262
9.0167 266
9.0333 270
9.05 273
9.0667 277
9.0833 280
9.1 284
9.1167 287
9.1333 291
9.15 294
9.1667 298
9.1833 301
9.2 305
9.2167 308
9.2333 311
9.25 315
9.2667 318
9.2833 322
9.3 325
9.3167 329
9.3333 332
9.35 336
9.3667 339
9.3833 342
9.4 346
9.4167 349
9.4333 353
9.45 356
9.4667 359
9.4833 363
9.5 366
9.5167 369
9.5333 373
9.55 376
9.5667 379
9.5833 383
9.6 386
9.6167 389
9.6333 393
9.65 396
9.6667 399
9.6833 403
9.7 406
9.7167 409
9.7333 412
9.75 416
9.7667 419
9.7833 422
9.8 425
9.8167 428
9.8333 432
9.85 435
9.8667 438
9.8833 441
9.9 444
9.9167 447
9.9333 451
9.95 454
9.9667 457
9.9833 460
10.0 463
10.0167 466
10.0333 469
10.05 472
10.0667 475
10.0833 478
10.1 481
10.1167 484
10.1333 487
10.15 490
10.1667 493
10.1833 496
10.2 499
10.2167 502
10.2333 505
10.25 508
10.2667 510
10.2833 513
10.3 516
10.3167 519
10.3333 522
10.35 525
10.3667 527
10.3833 530
10.4 533
10.4167 536
10.4333 538
10.45 541
10.4667 544
10.4833 547
10.5 549
10.5167 552
10.5333 555
10.55 557
10.5667 560
10.5833 562
10.6 565
10.6167 568
10.6333 570
10.65 573
10.6667 575
10.6833 578
10.7 580
10.7167 583
10.7333 585
10.75 588
10.7667 590
10.7833 592
10.8 595
10.8167 597
10.8333 600
10.85 602
10.8667 604
10.8833 607
10.9 609
10.9167 611
10.9333 613
10.95 616
10.9667 618
10.9833 620
11.0 622
11.0167 625
11.0333 627
11.05 629
11.0667 631
11.0833 633
11.1 635
11.1167 637
11.1333 639
11.15 641
11.1667 643
11.1833 645
11.2 647
11.2167 649
11.2333 651
11.25 653
11.2667 655
11.2833 657
11.3 659
11.3167 661
11.3333 663
11.35 665
11.3667 666
11.3833 668
11.4 670
11.4167 672
11.4333 673
11.45 675
11.4667 677
11.4833 679
11.5 680
11.5167 682
11.5333 684
11.55 685
11.5667 687
11.5833 688
11.6 690
11.6167 691
11.6333 693
11.65 694
11.6667 696
11.6833 697
11.7 699
11.7167 700
11.7333 702
11.75 703
11.7667 704
11.7833 706
11.8 707
11.8167 708
11.8333 710
11.85 711
11.8667 712
11.8833 714
11.9 715
11.9167 716
11.9333 717
11.95 718
11.9667 719
11.9833 721
12.0 722
12.0167 723
12.0333 724
12.05 725
12.0667 726
12.0833 727
12.1 728
12.1167 729
12.1333 730
12.15 731
12.1667 732
12.1833 732
12.2 733
12.2167 734
12.2333 735
12.25 736
12.2667 737
12.2833 737
12.3 738
12.3167 739
12.3333 740
12.35 740
12.3667 741
12.3833 742
12.4 742
12.4167 743
12.4333 743
12.45 744
12.4667 744
12.4833 745
12.5 745
12.5167 746
12.5333 746
12.55 747
12.5667 747
12.5833 748
12.6 748
12.6167 748
12.6333 749
12.65 749
12.6667 749
12.6833 750
12.7 750
12.7167 750
12.7333 750
12.75 751
12.7667 751
12.7833 751
12.8 751
12.8167 751
12.8333 751
12.85 751
12.8667 752
12.8833 752
12.9 752
12.9167 752
12.9333 752
12.95 752
12.9667 751
12.9833 751
13.0 751
13.0167 751
13.0333 751
13.05 751
13.0667 751
13.0833 751
13.1 750
13.1167 750
13.1333 750
13.15 750
13.1667 749
13.1833 749
13.2 749
13.2167 748
13.2333 748
13.25 747
13.2667 747
13.2833 747
13.3 746
13.3167 746
13.3333 745
13.35 745
13.3667 744
13.3833 744
13.4 743
13.4167 742
13.4333 742
13.45 741
13.4667 740
13.4833 740
13.5 739
13.5167 738
13.5333 738
13.55 737
13.5667 736
13.5833 735
13.6 734
13.6167 734
13.6333 733
13.65 732
13.6667 731
13.6833 730
13.7 729
13.7167 728
13.7333 727
13.75 726
13.7667 725
13.7833 724
13.8 723
13.8167 722
13.8333 721
13.85 720
13.8667 719
13.8833 717
13.9 716
13.9167 715
13.9333 714
13.95 713
13.9667 711
13.9833 710
14.0 709
14.0167 708
14.0333 706
14.05 705
14.0667 703
14.0833 702
14.1 701
14.1167 699
14.1333 698
14.15 696
14.1667 695
14.1833 693
14.2 692
14.2167 690
14.2333 689
14.25 687
14.2667 686
14.2833 684
14.3 682
14.3167 681
14.3333 679
14.35 677
14.3667 676
14.3833 674
14.4 672
14.4167 670
14.4333 669
14.45 667
14.4667 665
14.4833 663
14.5 661
14.5167 660
14.5333 658
14.55 656
14.5667 654
14.5833 652
14.6 650
14.6167 648
14.6333 646
14.65 644
14.6667 642
14.6833 640
14.7 638
14.7167 636
14.7333 634
14.75 632
14.7667 629
14.7833 627
14.8 625
14.8167 623
14.8333 621
14.85 619
14.8667 616
14.8833 614
14.9 612
14.9167 610
14.9333 607
14.95 605
14.9667 603
14.9833 600
15.0 599
15.0167 597
15.0333 594
15.05 592
15.0667 589
15.0833 587
15.1 584
15.1167 582
15.1333 579
15.15 577
15.1667 574
15.1833 572
15.2 569
15.2167 567
15.2333 564
15.25 562
15.2667 559
15.2833 556
15.3 554
15.3167 551
15.3333 548
15.35 546
15.3667 543
15.3833 540
15.4 538
15.4167 535
15.4333 532
15.45 529
15.4667 526
15.4833 524
15.5 521
15.5167 518
15.5333 515
15.55 512
15.5667 509
15.5833 507
15.6 504
15.6167 501
15.6333 498
15.65 495
15.6667 492
15.6833 489
15.7 486
15.7167 483
15.7333 480
15.75 477
15.7667 474
15.7833 471
15.8 468
15.8167 465
15.8333 462
15.85 459
15.8667 456
15.8833 452
15.9 449
15.9167 446
15.9333 443
15.95 440
15.9667 437
15.9833 434
