9.0 488
9.0167 493
9.0333 497
9.05 500
9.0667 504
9.0833 508
9.1 512
9.1167 515
9.1333 519
9.15 523
9.1667 526
9.1833 530
9.2 533
9.2167 537
9.2333 541
9.25 544
9.2667 548
9.2833 551
9.3 555
9.3167 559
9.3333 562
9.35 566
9.3667 569
9.3833 573
9.4 576
9.4167 580
9.4333 583
9.45 587
9.4667 590
9.4833 594
9.5 597
9.5167 601
9.5333 604
9.55 607
9.5667 611
9.5833 614
9.6 618
9.6167 621
9.6333 624
9.65 628
9.6667 631
9.6833 634
9.7 637
9.7167 641
9.7333 644
9.75 647
9.7667 651
9.7833 654
9.8 657
9.8167 660
9.8333 663
9.85 667
9.8667 670
9.8833 673
9.9 676
9.9167 679
9.9333 682
9.95 685
9.9667 688
9.9833 692
10.0 695
10.0167 698
10.0333 701
10.05 704
10.0667 707
10.0833 710
10.1 713
10.1167 716
10.1333 718
10.15 721
10.1667 724
10.1833 727
10.2 730
10.2167 733
10.2333 736
10.25 739
10.2667 741
10.2833 744
10.3 747
10.3167 750
10.3333 753
10.35 755
10.3667 758
10.3833 761
10.4 763
10.4167 766
10.4333 769
10.45 771
10.4667 774
10.4833 777
10.5 779
10.5167 782
10.5333 784
10.55 787
10.5667 789
10.5833 792
10.6 794
10.6167 797
10.6333 799
10.65 802
10.6667 804
10.6833 807
10.7 809
10.7167 811
10.7333 814
10.75 816
10.7667 818
10.7833 821
10.8 823
10.8167 825
10.8333 827
10.85 830
10.8667 832
10.8833 834
10.9 836
10.9167 838
10.9333 841
10.95 843
10.9667 845
10.9833 847
11.0 849
11.0167 851
11.0333 853
11.05 855
11.0667 857
11.0833 859
11.1 861
11.1167 863
11.1333 865
11.15 867
11.1667 869
11.1833 871
11.2 872
11.2167 874
11.2333 876
11.25 878
11.2667 880
11.2833 881
11.3 883
11.3167 885
11.3333 887
11.35 888
11.3667 890
11.3833 892
11.4 893
11.4167 895
11.4333 896
11.45 898
11.4667 900
11.4833 901
11.5 903
11.5167 904
11.5333 905
11.55 907
11.5667 908
11.5833 910
11.6 911
11.6167 913
11.6333 914
11.65 915
11.6667 917
11.6833 918
11.7 919
11.7167 920
11.7333 922
11.75 923
11.7667 924
11.7833 925
11.8 926
11.8167 927
11.8333 929
11.85 930
11.8667 931
11.8833 932
11.9 933
11.9167 934
11.9333 935
11.95 936
11.9667 937
11.9833 938
12.0 939
12.0167 940
12.0333 940
12.05 941
12.0667 942
12.0833 943
12.1 944
12.1167 945
12.1333 945
12.15 946
12.1667 947
12.1833 947
12.2 948
12.2167 949
12.2333 949
12.25 950
12.2667 951
12.2833 951
12.3 952
12.3167 952
12.3333 953
12.35 953
12.3667 954
12.3833 954
12.4 955
12.4167 955
12.4333 955
12.45 956
12.4667 956
12.4833 956
12.5 957
12.5167 957
12.5333 957
12.55 957
12.5667 958
12.5833 958
12.6 958
12.6167 958
12.6333 958
12.65 958
12.6667 959
12.6833 959
12.7 959
12.7167 959
12.7333 959
12.75 959
12.7667 959
12.7833 959
12.8 959
12.8167 958
12.8333 958
12.85 958
12.8667 958
12.8833 958
12.9 958
12.9167 957
12.9333 957
12.95 957
12.9667 957
12.9833 956
13.0 956
13.0167 956
13.0333 955
13.05 955
13.0667 955
13.0833 954
13.1 954
13.1167 953
13.1333 953
13.15 952
13.1667 952
13.1833 951
13.2 951
13.2167 950
13.2333 949
13.25 949
13.2667 948
13.2833 947
13.3 947
13.3167 946
13.3333 945
13.35 945
13.3667 944
13.3833 943
13.4 942
13.4167 941
13.4333 941
13.45 940
13.4667 939
13.4833 938
13.5 937
13.5167 936
13.5333 935
13.55 934
13.5667 933
13.5833 932
13.6 931
13.6167 930
13.6333 929
13.65 928
13.6667 927
13.6833 925
13.7 924
13.7167 923
13.7333 922
13.75 921
13.7667 919
13.7833 918
13.8 917
13.8167 915
13.8333 914
13.85 913
13.8667 911
13.8833 910
13.9 909
13.9167 907
13.9333 906
13.95 904
13.9667 903
13.9833 901
14.0 900
14.0167 898
14.0333 897
14.05 895
14.0667 893
14.0833 892
14.1 890
14.1167 888
14.1333 887
14.15 885
14.1667 883
14.1833 882
14.2 880
14.2167 878
14.2333 876
14.25 875
14.2667 873
14.2833 871
14.3 869
14.3167 867
14.3333 865
14.35 863
14.3667 861
14.3833 859
14.4 857
14.4167 855
14.4333 853
14.45 851
14.4667 849
14.4833 847
14.5 845
14.5167 843
14.5333 841
14.55 839
14.5667 837
14.5833 834
14.6 832
14.6167 830
14.6333 828
14.65 826
14.6667 823
14.6833 821
14.7 819
14.7167 816
14.7333 814
14.75 812
14.7667 809
14.7833 807
14.8 805
14.8167 802
14.8333 800
14.85 797
14.8667 795
14.8833 792
14.9 790
14.9167 787
14.9333 785
14.95 782
14.9667 780
14.9833 777
15.0 775
15.0167 772
15.0333 769
15.05 767
15.0667 764
15.0833 761
15.1 759
15.1167 756
15.1333 753
15.15 751
15.1667 748
15.1833 745
15.2 742
15.2167 739
15.2333 737
15.25 734
15.2667 731
15.2833 728
15.3 725
15.3167 722
15.3333 719
15.35 716
15.3667 713
15.3833 710
15.4 707
15.4167 704
15.4333 701
15.45 698
15.4667 695
15.4833 692
15.5 689
15.5167 686
15.5333 683
15.55 680
15.5667 677
15.5833 674
15.6 671
15.6167 667
15.6333 664
15.65 661
15.6667 658
15.6833 655
15.7 651
15.7167 648
15.7333 645
15.75 642
15.7667 638
15.7833 635
15.8 632
15.8167 628
15.8333 625
15.85 622
15.8667 618
15.8833 615
15.9 612
15.9167 608
15.9333 605
15.95 601
15.9667 598
15.9833 595
