9.0 490
9.0167 493
9.0333 497
9.05 501
9.0667 504
9.0833 508
9.1 511
9.1167 515
9.1333 518
9.15 522
9.1667 525
9.1833 528
9.2 532
9.2167 535
9.2333 539
9.25 542
9.2667 546
9.2833 549
9.3 553
9.3167 556
9.3333 559
9.35 563
9.3667 566
9.3833 569
9.4 573
9.4167 576
9.4333 579
9.45 583
9.4667 586
9.4833 589
9.5 593
9.5167 596
9.5333 599
9.55 602
9.5667 606
9.5833 609
9.6 612
9.6167 615
9.6333 618
9.65 622
9.6667 625
9.6833 628
9.7 631
9.7167 634
9.7333 637
9.75 640
9.7667 644
9.7833 647
9.8 650
9.8167 653
9.8333 656
9.85 659
9.8667 662
9.8833 665
9.9 668
9.9167 671
9.9333 674
9.95 677
9.9667 680
9.9833 683
10.0 686
10.0167 688
10.0333 691
10.05 694
10.0667 697
10.0833 700
10.1 703
10.1167 706
10.1333 708
10.15 711
10.1667 714
10.1833 717
10.2 719
10.2167 722
10.2333 725
10.25 728
10.2667 730
10.2833 733
10.3 736
10.3167 738
10.3333 741
10.35 743
10.3667 746
10.3833 749
10.4 751
10.4167 754
10.4333 756
10.45 759
10.4667 761
10.4833 764
10.5 766
10.5167 769
10.5333 771
10.55 774
10.5667 776
10.5833 778
10.6 781
10.6167 783
10.6333 785
10.65 788
10.6667 790
10.6833 792
10.7 795
10.7167 797
10.7333 799
10.75 801
10.7667 804
10.7833 806
10.8 808
10.8167 810
10.8333 812
10.85 814
10.8667 816
10.8833 819
10.9 821
10.9167 823
10.9333 825
10.95 827
10.9667 829
10.9833 831
11.0 833
11.0167 835
11.0333 837
11.05 839
11.0667 840
11.0833 842
11.1 844
11.1167 846
11.1333 848
11.15 850
11.1667 851
11.1833 853
11.2 855
11.2167 857
11.2333 858
11.25 860
11.2667 862
11.2833 864
11.3 865
11.3167 867
11.3333 868
11.35 870
11.3667 872
11.3833 873
11.4 875
11.4167 876
11.4333 878
11.45 879
11.4667 881
11.4833 882
11.5 884
11.5167 885
11.5333 886
11.55 888
11.5667 889
11.5833 890
11.6 892
11.6167 893
11.6333 894
11.65 896
11.6667 897
11.6833 898
11.7 899
11.7167 900
11.7333 902
11.75 903
11.7667 904
11.7833 905
11.8 906
11.8167 907
11.8333 908
11.85 909
11.8667 910
11.8833 911
11.9 912
11.9167 913
11.9333 914
11.95 915
11.9667 916
11.9833 917
12.0 918
12.0167 918
12.0333 919
12.05 920
12.0667 921
12.0833 922
12.1 922
12.1167 923
12.1333 924
12.15 924
12.1667 925
12.1833 926
12.2 926
12.2167 927
12.2333 928
12.25 928
12.2667 929
12.2833 929
12.3 930
12.3167 930
12.3333 931
12.35 931
12.3667 932
12.3833 932
12.4 932
12.4167 933
12.4333 933
12.45 933
12.4667 934
12.4833 934
12.5 934
12.5167 934
12.5333 935
12.55 935
12.5667 935
12.5833 935
12.6 935
12.6167 936
12.6333 936
12.65 936
12.6667 936
12.6833 936
12.7 936
12.7167 936
12.7333 936
12.75 936
12.7667 936
12.7833 936
12.8 936
12.8167 936
12.8333 935
12.85 935
12.8667 935
12.8833 935
12.9 935
12.9167 934
12.9333 934
12.95 934
12.9667 934
12.9833 933
13.0 933
13.0167 933
13.0333 932
13.05 932
13.0667 931
13.0833 931
13.1 931
13.1167 930
13.1333 930
13.15 929
13.1667 929
13.1833 928
13.2 927
13.2167 927
13.2333 926
13.25 926
13.2667 925
13.2833 924
13.3 924
13.3167 923
13.3333 922
13.35 921
13.3667 921
13.3833 920
13.4 919
13.4167 918
13.4333 917
13.45 917
13.4667 916
13.4833 915
13.5 914
13.5167 913
13.5333 912
13.55 911
13.5667 910
13.5833 909
13.6 908
13.6167 907
13.6333 906
13.65 905
13.6667 904
13.6833 902
13.7 901
13.7167 900
13.7333 899
13.75 898
13.7667 897
13.7833 895
13.8 894
13.8167 893
13.8333 891
13.85 890
13.8667 889
13.8833 887
13.9 886
13.9167 885
13.9333 883
13.95 882
13.9667 880
13.9833 879
14.0 877
14.0167 876
14.0333 874
14.05 873
14.0667 871
14.0833 870
14.1 868
14.1167 866
14.1333 865
14.15 863
14.1667 861
14.1833 860
14.2 858
14.2167 856
14.2333 855
14.25 853
14.2667 851
14.2833 849
14.3 847
14.3167 846
14.3333 844
14.35 842
14.3667 840
14.3833 838
14.4 836
14.4167 834
14.4333 832
14.45 830
14.4667 828
14.4833 826
14.5 824
14.5167 822
14.5333 820
14.55 818
14.5667 816
14.5833 814
14.6 812
14.6167 810
14.6333 807
14.65 805
14.6667 803
14.6833 801
14.7 799
14.7167 796
14.7333 794
14.75 792
14.7667 789
14.7833 787
14.8 785
14.8167 783
14.8333 780
14.85 778
14.8667 775
14.8833 773
14.9 771
14.9167 768
14.9333 766
14.95 763
14.9667 761
14.9833 758
15.0 755
15.0167 753
15.0333 750
15.05 747
15.0667 745
15.0833 742
15.1 740
15.1167 737
15.1333 734
15.15 732
15.1667 729
15.1833 726
15.2 724
15.2167 721
15.2333 718
15.25 715
15.2667 713
15.2833 710
15.3 707
15.3167 704
15.3333 701
15.35 699
15.3667 696
15.3833 693
15.4 690
15.4167 687
15.4333 684
15.45 681
15.4667 678
15.4833 675
15.5 672
15.5167 669
15.5333 666
15.55 663
15.5667 660
15.5833 657
15.6 654
15.6167 651
15.6333 648
15.65 645
15.6667 642
15.6833 639
15.7 636
15.7167 633
15.7333 630
15.75 627
15.7667 623
15.7833 620
15.8 617
15.8167 614
15.8333 611
15.85 607
15.8667 604
15.8833 601
15.9 598
15.9167 594
15.9333 591
15.95 588
15.9667 585
15.9833 581
