9.0 433
9.0167 435
9.0333 439
9.05 442
9.0667 446
9.0833 449
9.1 453
9.1167 456
9.1333 460
9.15 463
9.1667 466
9.1833 470
9.2 473
9.2167 476
9.2333 480
9.25 483
9.2667 487
9.2833 490
9.3 493
9.3167 496
9.3333 500
9.35 503
9.3667 506
9.3833 510
9.4 513
9.4167 516
9.4333 519
9.45 522
9.4667 526
9.4833 529
9.5 532
9.5167 535
9.5333 538
9.55 541
9.5667 545
9.5833 548
9.6 551
9.6167 554
9.6333 557
9.65 560
9.6667 563
9.6833 566
9.7 569
9.7167 572
9.7333 575
9.75 578
9.7667 581
9.7833 584
9.8 587
9.8167 590
9.8333 593
9.85 596
9.8667 599
9.8833 601
9.9 604
9.9167 607
9.9333 610
9.95 613
9.9667 616
9.9833 618
10.0 621
10.0167 624
10.0333 627
10.05 629
10.0667 632
10.0833 635
10.1 637
10.1167 640
10.1333 643
10.15 645
10.1667 648
10.1833 651
10.2 653
10.2167 656
10.2333 658
10.25 661
10.2667 663
10.2833 666
10.3 668
10.3167 671
10.3333 673
10.35 676
10.3667 678
10.3833 680
10.4 683
10.4167 685
10.4333 688
10.45 690
10.4667 692
10.4833 695
10.5 697
10.5167 699
10.5333 701
10.55 704
10.5667 706
10.5833 708
10.6 710
10.6167 712
10.6333 714
10.65 717
10.6667 719
10.6833 721
10.7 723
10.7167 725
10.7333 727
10.75 729
10.7667 731
10.7833 733
10.8 735
10.8167 737
10.8333 739
10.85 741
10.8667 743
10.8833 744
10.9 746
10.9167 748
10.9333 750
10.95 752
10.9667 754
10.9833 755
11.0 757
11.0167 759
11.0333 761
11.05 762
11.0667 764
11.0833 766
11.1 767
11.1167 769
11.1333 770
11.15 772
11.1667 774
11.1833 775
11.2 777
11.2167 778
11.2333 780
11.25 781
11.2667 782
11.2833 784
11.3 785
11.3167 787
11.3333 788
11.35 789
11.3667 791
11.3833 792
11.4 793
11.4167 795
11.4333 796
11.45 797
11.4667 798
11.4833 799
11.5 801
11.5167 802
11.5333 803
11.55 804
11.5667 805
11.5833 806
11.6 807
11.6167 808
11.6333 809
11.65 810
11.6667 811
11.6833 812
11.7 813
11.7167 814
11.7333 815
11.75 816
11.7667 817
11.7833 817
11.8 818
11.8167 819
11.8333 820
11.85 821
11.8667 821
11.8833 822
11.9 823
11.9167 823
11.9333 824
11.95 825
11.9667 825
11.9833 826
12.0 826
12.0167 827
12.0333 827
12.05 828
12.0667 828
12.0833 829
12.1 829
12.1167 830
12.1333 830
12.15 831
12.1667 831
12.1833 831
12.2 832
12.2167 832
12.2333 832
12.25 832
12.2667 833
12.2833 833
12.3 833
12.3167 833
12.3333 833
12.35 834
12.3667 834
12.3833 834
12.4 834
12.4167 834
12.4333 834
12.45 834
12.4667 834
12.4833 834
12.5 834
12.5167 834
12.5333 834
12.55 834
12.5667 834
12.5833 833
12.6 833
12.6167 833
12.6333 833
12.65 833
12.6667 832
12.6833 832
12.7 832
12.7167 831
12.7333 831
12.75 831
12.7667 830
12.7833 830
12.8 830
12.8167 829
12.8333 829
12.85 828
12.8667 828
12.8833 827
12.9 827
12.9167 826
12.9333 826
12.95 825
12.9667 824
12.9833 824
13.0 823
13.0167 822
13.0333 822
13.05 821
13.0667 820
13.0833 819
13.1 819
13.1167 818
13.1333 817
13.15 816
13.1667 815
13.1833 815
13.2 814
13.2167 813
13.2333 812
13.25 811
13.2667 810
13.2833 809
13.3 808
13.3167 807
13.3333 806
13.35 805
13.3667 804
13.3833 802
13.4 801
13.4167 800
13.4333 799
13.45 798
13.4667 797
13.4833 795
13.5 794
13.5167 793
13.5333 791
13.55 790
13.5667 789
13.5833 787
13.6 786
13.6167 785
13.6333 783
13.65 782
13.6667 780
13.6833 779
13.7 777
13.7167 776
13.7333 774
13.75 773
13.7667 771
13.7833 770
13.8 768
13.8167 766
13.8333 765
13.85 763
13.8667 762
13.8833 760
13.9 758
13.9167 756
13.9333 755
13.95 753
13.9667 751
13.9833 749
14.0 747
14.0167 746
14.0333 744
14.05 742
14.0667 740
14.0833 738
14.1 736
14.1167 734
14.1333 732
14.15 730
14.1667 728
14.1833 726
14.2 724
14.2167 722
14.2333 720
14.25 718
14.2667 716
14.2833 714
14.3 711
14.3167 709
14.3333 707
14.35 705
14.3667 703
14.3833 700
14.4 698
14.4167 696
14.4333 694
14.45 691
14.4667 689
14.4833 687
14.5 684
14.5167 682
14.5333 680
14.55 677
14.5667 675
14.5833 672
14.6 670
14.6167 667
14.6333 665
14.65 662
14.6667 660
14.6833 657
14.7 655
14.7167 652
14.7333 650
14.75 647
14.7667 644
14.7833 642
14.8 639
14.8167 636
14.8333 634
14.85 631
14.8667 628
14.8833 626
14.9 623
14.9167 620
14.9333 617
14.95 614
14.9667 612
14.9833 609
15.0 605
15.0167 602
15.0333 599
15.05 596
15.0667 593
15.0833 591
15.1 588
15.1167 585
15.1333 582
15.15 579
15.1667 576
15.1833 573
15.2 570
15.2167 567
15.2333 564
15.25 561
15.2667 558
15.2833 555
15.3 552
15.3167 548
15.3333 545
15.35 542
15.3667 539
15.3833 536
15.4 533
15.4167 530
15.4333 526
15.45 523
15.4667 520
15.4833 517
15.5 514
15.5167 510
15.5333 507
15.55 504
15.5667 501
15.5833 497
15.6 494
15.6167 491
15.6333 487
15.65 484
15.6667 481
15.6833 477
15.7 474
15.7167 471
15.7333 467
15.75 464
15.7667 460
15.7833 457
15.8 454
15.8167 450
15.8333 447
15.85 443
15.8667 440
15.8833 436
15.9 433
15.9167 429
15.9333 426
15.95 422
15.9667 419
15.9833 415
