9.0 308
9.0167 311
9.0333 314
9.05 318
9.0667 321
9.0833 324
9.1 327
9.1167 331
9.1333 334
9.15 337
9.1667 341
9.1833 344
9.2 347
9.2167 350
9.2333 354
9.25 357
9.2667 360
9.2833 363
9.3 367
9.3167 370
9.3333 373
9.35 376
9.3667 379
9.3833 382
9.4 386
9.4167 389
9.4333 392
9.45 395
9.4667 398
9.4833 401
9.5 404
9.5167 407
9.5333 410
9.55 414
9.5667 417
9.5833 420
9.6 423
9.6167 426
9.6333 429
9.65 432
9.6667 435
9.6833 438
9.7 441
9.7167 443
9.7333 446
9.75 449
9.7667 452
9.7833 455
9.8 458
9.8167 461
9.8333 464
9.85 466
9.8667 469
9.8833 472
9.9 475
9.9167 478
9.9333 480
9.95 483
9.9667 486
9.9833 489
10.0 491
10.0167 494
10.0333 497
10.05 499
10.0667 502
10.0833 505
10.1 507
10.1167 510
10.1333 513
10.15 515
10.1667 518
10.1833 520
10.2 523
10.2167 525
10.2333 528
10.25 530
10.2667 533
10.2833 535
10.3 538
10.3167 540
10.3333 543
10.35 545
10.3667 547
10.3833 550
10.4 552
10.4167 554
10.4333 557
10.45 559
10.4667 561
10.4833 564
10.5 566
10.5167 568
10.5333 570
10.55 573
10.5667 575
10.5833 577
10.6 579
10.6167 581
10.6333 583
10.65 586
10.6667 588
10.6833 590
10.7 592
10.7167 594
10.7333 596
10.75 598
10.7667 600
10.7833 602
10.8 604
10.8167 606
10.8333 608
10.85 610
10.8667 611
10.8833 613
10.9 615
10.9167 617
10.9333 619
10.95 621
10.9667 622
10.9833 624
11.0 626
11.0167 628
11.0333 629
11.05 631
11.0667 633
11.0833 634
11.1 636
11.1167 638
11.1333 639
11.15 641
11.1667 643
11.1833 644
11.2 646
11.2167 647
11.2333 649
11.25 650
11.2667 652
11.2833 653
11.3 655
11.3167 656
11.3333 657
11.35 659
11.3667 660
11.3833 661
11.4 663
11.4167 664
11.4333 665
11.45 667
11.4667 668
11.4833 669
11.5 670
11.5167 671
11.5333 673
11.55 674
11.5667 675
11.5833 676
11.6 677
11.6167 678
11.6333 679
11.65 680
11.6667 681
11.6833 682
11.7 683
11.7167 684
11.7333 685
11.75 686
11.7667 687
11.7833 688
11.8 689
11.8167 690
11.8333 691
11.85 691
11.8667 692
11.8833 693
11.9 694
11.9167 694
11.9333 695
11.95 696
11.9667 696
11.9833 697
12.0 698
12.0167 698
12.0333 699
12.05 700
12.0667 700
12.0833 701
12.1 701
12.1167 702
12.1333 702
12.15 703
12.1667 703
12.1833 704
12.2 704
12.2167 704
12.2333 705
12.25 705
12.2667 705
12.2833 706
12.3 706
12.3167 706
12.3333 706
12.35 707
12.3667 707
12.3833 707
12.4 707
12.4167 707
12.4333 708
12.45 708
12.4667 708
12.4833 708
12.5 708
12.5167 708
12.5333 708
12.55 708
12.5667 708
12.5833 708
12.6 708
12.6167 708
12.6333 708
12.65 708
12.6667 707
12.6833 707
12.7 707
12.7167 707
12.7333 707
12.75 706
12.7667 706
12.7833 706
12.8 706
12.8167 705
12.8333 705
12.85 705
12.8667 704
12.8833 704
12.9 703
12.9167 703
12.9333 702
12.95 702
12.9667 702
12.9833 701
13.0 700
13.0167 700
13.0333 699
13.05 699
13.0667 698
13.0833 698
13.1 697
13.1167 696
13.1333 696
13.15 695
13.1667 694
13.1833 693
13.2 693
13.2167 692
13.2333 691
13.25 690
13.2667 689
13.2833 689
13.3 688
13.3167 687
13.3333 686
13.35 685
13.3667 684
13.3833 683
13.4 682
13.4167 681
13.4333 680
13.45 679
13.4667 678
13.4833 677
13.5 676
13.5167 674
13.5333 673
13.55 672
13.5667 671
13.5833 670
13.6 669
13.6167 667
13.6333 666
13.65 665
13.6667 664
13.6833 662
13.7 661
13.7167 660
13.7333 658
13.75 657
13.7667 655
13.7833 654
13.8 653
13.8167 651
13.8333 650
13.85 648
13.8667 647
13.8833 645
13.9 644
13.9167 642
13.9333 640
13.95 639
13.9667 637
13.9833 636
14.0 634
14.0167 632
14.0333 631
14.05 629
14.0667 627
14.0833 625
14.1 624
14.1167 622
14.1333 620
14.15 618
14.1667 616
14.1833 614
14.2 613
14.2167 611
14.2333 609
14.25 607
14.2667 605
14.2833 603
14.3 601
14.3167 599
14.3333 597
14.35 595
14.3667 593
14.3833 591
14.4 589
14.4167 587
14.4333 585
14.45 583
14.4667 580
14.4833 578
14.5 576
14.5167 574
14.5333 572
14.55 570
14.5667 567
14.5833 565
14.6 563
14.6167 560
14.6333 558
14.65 556
14.6667 554
14.6833 551
14.7 549
14.7167 546
14.7333 544
14.75 542
14.7667 539
14.7833 537
14.8 534
14.8167 532
14.8333 529
14.85 527
14.8667 524
14.8833 522
14.9 519
14.9167 517
14.9333 514
14.95 512
14.9667 509
14.9833 506
15.0 504
15.0167 501
15.0333 498
15.05 496
15.0667 493
15.0833 490
15.1 488
15.1167 485
15.1333 482
15.15 479
15.1667 477
15.1833 474
15.2 471
15.2167 468
15.2333 465
15.25 462
15.2667 460
15.2833 457
15.3 454
15.3167 451
15.3333 448
15.35 445
15.3667 442
15.3833 439
15.4 436
15.4167 433
15.4333 430
15.45 427
15.4667 424
15.4833 421
15.5 418
15.5167 415
15.5333 412
15.55 409
15.5667 406
15.5833 403
15.6 400
15.6167 397
15.6333 394
15.65 391
15.6667 388
15.6833 384
15.7 381
15.7167 378
15.7333 375
15.75 372
15.7667 369
15.7833 365
15.8 362
15.8167 359
15.8333 356
15.85 352
15.8667 349
15.8833 346
15.9 343
15.9167 339
15.9333 336
15.95 333
15.9667 330
15.9833 326
