9.0 267
9.0167 272
9.0333 275
9.05 279
9.0667 282
9.0833 286
9.1 289
9.1167 293
9.1333 296
9.15 299
9.1667 303
9.1833 306
9.2 310
9.2167 313
9.2333 317
9.25 320
9.2667 324
9.2833 327
9.3 331
9.3167 334
9.3333 337
9.35 341
9.3667 344
9.3833 348
9.4 351
9.4167 354
9.4333 358
9.45 361
9.4667 365
9.4833 368
9.5 371
9.5167 375
9.5333 378
9.55 381
9.5667 385
9.5833 388
9.6 391
9.6167 395
9.6333 398
9.65 401
9.6667 405
9.6833 408
9.7 411
9.7167 414
9.7333 418
9.75 421
9.7667 424
9.7833 427
9.8 431
9.8167 434
9.8333 437
9.85 440
9.8667 443
9.8833 446
9.9 450
9.9167 453
9.9333 456
9.95 459
9.9667 462
9.9833 465
10.0 468
10.0167 471
10.0333 474
10.05 477
10.0667 481
10.0833 484
10.1 487
10.1167 490
10.1333 493
10.15 496
10.1667 499
10.1833 501
10.2 504
10.2167 507
10.2333 510
10.25 513
10.2667 516
10.2833 519
10.3 522
10.3167 525
10.3333 527
10.35 530
10.3667 533
10.3833 536
10.4 539
10.4167 541
10.4333 544
10.45 547
10.4667 550
10.4833 552
10.5 555
10.5167 558
10.5333 560
10.55 563
10.5667 566
10.5833 568
10.6 571
10.6167 573
10.6333 576
10.65 578
10.6667 581
10.6833 584
10.7 586
10.7167 589
10.7333 591
10.75 594
10.7667 596
10.7833 598
10.8 601
10.8167 603
10.8333 606
10.85 608
10.8667 610
10.8833 613
10.9 615
10.9167 617
10.9333 620
10.95 622
10.9667 624
10.9833 626
11.0 628
11.0167 631
11.0333 633
11.05 635
11.0667 637
11.0833 639
11.1 641
11.1167 644
11.1333 646
11.15 648
11.1667 650
11.1833 652
11.2 654
11.2167 656
11.2333 658
11.25 660
11.2667 662
11.2833 664
11.3 665
11.3167 667
11.3333 669
11.35 671
11.3667 673
11.3833 675
11.4 676
11.4167 678
11.4333 680
11.45 682
11.4667 683
11.4833 685
11.5 687
11.5167 689
11.5333 690
11.55 692
11.5667 693
11.5833 695
11.6 697
11.6167 698
11.6333 700
11.65 701
11.6667 703
11.6833 704
11.7 706
11.7167 707
11.7333 708
11.75 710
11.7667 711
11.7833 713
11.8 714
11.8167 715
11.8333 717
11.85 718
11.8667 719
11.8833 720
11.9 722
11.9167 723
11.9333 724
11.95 725
11.9667 726
11.9833 728
12.0 729
12.0167 730
12.0333 731
12.05 732
12.0667 733
12.0833 734
12.1 735
12.1167 736
12.1333 737
12.15 738
12.1667 739
12.1833 740
12.2 740
12.2167 741
12.2333 742
12.25 743
12.2667 744
12.2833 745
12.3 745
12.3167 746
12.3333 747
12.35 747
12.3667 748
12.3833 749
12.4 749
12.4167 750
12.4333 751
12.45 751
12.4667 752
12.4833 752
12.5 753
12.5167 753
12.5333 754
12.55 754
12.5667 755
12.5833 755
12.6 756
12.6167 756
12.6333 756
12.65 757
12.6667 757
12.6833 757
12.7 758
12.7167 758
12.7333 758
12.75 758
12.7667 758
12.7833 759
12.8 759
12.8167 759
12.8333 759
12.85 759
12.8667 759
12.8833 759
12.9 759
12.9167 759
12.9333 759
12.95 759
12.9667 759
12.9833 759
13.0 759
13.0167 759
13.0333 759
13.05 759
13.0667 758
13.0833 758
13.1 758
13.1167 758
13.1333 758
13.15 757
13.1667 757
13.1833 757
13.2 756
13.2167 756
13.2333 756
13.25 755
13.2667 755
13.2833 754
13.3 754
13.3167 754
13.3333 753
13.35 752
13.3667 752
13.3833 751
13.4 751
13.4167 750
13.4333 750
13.45 749
13.4667 748
13.4833 748
13.5 747
13.5167 746
13.5333 746
13.55 745
13.5667 744
13.5833 743
13.6 742
13.6167 742
13.6333 741
13.65 740
13.6667 739
13.6833 738
13.7 737
13.7167 736
13.7333 735
13.75 734
13.7667 733
13.7833 732
13.8 731
13.8167 730
13.8333 729
13.85 728
13.8667 727
13.8833 726
13.9 724
13.9167 723
13.9333 722
13.95 721
13.9667 719
13.9833 718
14.0 717
14.0167 716
14.0333 714
14.05 713
14.0667 712
14.0833 710
14.1 709
14.1167 707
14.1333 706
14.15 705
14.1667 703
14.1833 702
14.2 700
14.2167 699
14.2333 697
14.25 695
14.2667 694
14.2833 692
14.3 691
14.3167 689
14.3333 687
14.35 686
14.3667 684
14.3833 682
14.4 680
14.4167 679
14.4333 677
14.45 675
14.4667 673
14.4833 671
14.5 670
14.5167 668
14.5333 666
14.55 664
14.5667 662
14.5833 660
14.6 658
14.6167 656
14.6333 654
14.65 652
14.6667 650
14.6833 648
14.7 646
14.7167 644
14.7333 642
14.75 640
14.7667 638
14.7833 636
14.8 633
14.8167 631
14.8333 629
14.85 627
14.8667 625
14.8833 622
14.9 620
14.9167 618
14.9333 616
14.95 613
14.9667 611
14.9833 609
15.0 607
15.0167 605
15.0333 602
15.05 600
15.0667 598
15.0833 595
15.1 593
15.1167 590
15.1333 588
15.15 585
15.1667 583
15.1833 580
15.2 578
15.2167 575
15.2333 572
15.25 570
15.2667 567
15.2833 565
15.3 562
15.3167 559
15.3333 557
15.35 554
15.3667 551
15.3833 549
15.4 546
15.4167 543
15.4333 540
15.45 537
15.4667 535
15.4833 532
15.5 529
15.5167 526
15.5333 523
15.55 521
15.5667 518
15.5833 515
15.6 512
15.6167 509
15.6333 506
15.65 503
15.6667 500
15.6833 497
15.7 494
15.7167 491
15.7333 488
15.75 485
15.7667 482
15.7833 479
15.8 476
15.8167 473
15.8333 470
15.85 467
15.8667 464
15.8833 461
15.9 458
15.9167 454
15.9333 451
15.95 448
15.9667 445
15.9833 442
