9.0 410
9.0167 415
9.0333 419
9.05 422
9.0667 426
9.0833 429
9.1 433
9.1167 437
9.1333 440
9.15 444
9.1667 447
9.1833 451
9.2 454
9.2167 458
9.2333 461
9.25 465
9.2667 468
9.2833 472
9.3 475
9.3167 479
9.3333 482
9.35 486
9.3667 489
9.3833 493
9.4 496
9.4167 500
9.4333 503
9.45 507
9.4667 510
9.4833 513
9.5 517
9.5167 520
9.5333 523
9.55 527
9.5667 530
9.5833 534
9.6 537
9.6167 540
9.6333 543
9.65 547
9.6667 550
9.6833 553
9.7 557
9.7167 560
9.7333 563
9.75 566
9.7667 570
9.7833 573
9.8 576
9.8167 579
9.8333 582
9.85 585
9.8667 589
9.8833 592
9.9 595
9.9167 598
9.9333 601
9.95 604
9.9667 607
9.9833 610
10.0 613
10.0167 616
10.0333 619
10.05 622
10.0667 625
10.0833 628
10.1 631
10.1167 634
10.1333 637
10.15 640
10.1667 643
10.1833 646
10.2 649
10.2167 652
10.2333 655
10.25 657
10.2667 660
10.2833 663
10.3 666
10.3167 669
10.3333 671
10.35 674
10.3667 677
10.3833 680
10.4 682
10.4167 685
10.4333 688
10.45 690
10.4667 693
10.4833 696
10.5 698
10.5167 701
10.5333 703
10.55 706
10.5667 708
10.5833 711
10.6 714
10.6167 716
10.6333 719
10.65 721
10.6667 723
10.6833 726
10.7 728
10.7167 731
10.7333 733
10.75 735
10.7667 738
10.7833 740
10.8 742
10.8167 745
10.8333 747
10.85 749
10.8667 752
10.8833 754
10.9 756
10.9167 758
10.9333 760
10.95 763
10.9667 765
10.9833 767
11.0 769
11.0167 771
11.0333 773
11.05 775
11.0667 777
11.0833 779
11.1 781
11.1167 783
11.1333 785
11.15 787
11.1667 789
11.1833 791
11.2 793
11.2167 795
11.2333 797
11.25 798
11.2667 800
11.2833 802
11.3 804
11.3167 806
11.3333 807
11.35 809
11.3667 811
11.3833 812
11.4 814
11.4167 816
11.4333 817
11.45 819
11.4667 821
11.4833 822
11.5 824
11.5167 825
11.5333 827
11.55 828
11.5667 830
11.5833 831
11.6 833
11.6167 834
11.6333 835
11.65 837
11.6667 838
11.6833 840
11.7 841
11.7167 842
11.7333 843
11.75 845
11.7667 846
11.7833 847
11.8 848
11.8167 850
11.8333 851
11.85 852
11.8667 853
11.8833 854
11.9 855
11.9167 856
11.9333 857
11.95 858
11.9667 859
11.9833 860
12.0 861
12.0167 862
12.0333 863
12.05 864
12.0667 865
12.0833 866
12.1 867
12.1167 868
12.1333 868
12.15 869
12.1667 870
12.1833 871
12.2 871
12.2167 872
12.2333 873
12.25 874
12.2667 874
12.2833 875
12.3 875
12.3167 876
12.3333 877
12.35 877
12.3667 878
12.3833 878
12.4 879
12.4167 879
12.4333 880
12.45 880
12.4667 880
12.4833 881
12.5 881
12.5167 881
12.5333 882
12.55 882
12.5667 882
12.5833 883
12.6 883
12.6167 883
12.6333 883
12.65 883
12.6667 884
12.6833 884
12.7 884
12.7167 884
12.7333 884
12.75 884
12.7667 884
12.7833 884
12.8 884
12.8167 884
12.8333 884
12.85 884
12.8667 884
12.8833 884
12.9 884
12.9167 883
12.9333 883
12.95 883
12.9667 883
12.9833 883
13.0 882
13.0167 882
13.0333 882
13.05 882
13.0667 881
13.0833 881
13.1 880
13.1167 880
13.1333 880
13.15 879
13.1667 879
13.1833 878
13.2 878
13.2167 877
13.2333 877
13.25 876
13.2667 876
13.2833 875
13.3 874
13.3167 874
13.3333 873
13.35 872
13.3667 872
13.3833 871
13.4 870
13.4167 869
13.4333 869
13.45 868
13.4667 867
13.4833 866
13.5 865
13.5167 864
13.5333 864
13.55 863
13.5667 862
13.5833 861
13.6 860
13.6167 859
13.6333 858
13.65 857
13.6667 856
13.6833 854
13.7 853
13.7167 852
13.7333 851
13.75 850
13.7667 849
13.7833 848
13.8 846
13.8167 845
13.8333 844
13.85 843
13.8667 841
13.8833 840
13.9 839
13.9167 837
13.9333 836
13.95 834
13.9667 833
13.9833 832
14.0 830
14.0167 829
14.0333 827
14.05 826
14.0667 824
14.0833 823
14.1 821
14.1167 819
14.1333 818
14.15 816
14.1667 814
14.1833 813
14.2 811
14.2167 809
14.2333 808
14.25 806
14.2667 804
14.2833 802
14.3 801
14.3167 799
14.3333 797
14.35 795
14.3667 793
14.3833 791
14.4 789
14.4167 788
14.4333 786
14.45 784
14.4667 782
14.4833 780
14.5 778
14.5167 776
14.5333 774
14.55 772
14.5667 769
14.5833 767
14.6 765
14.6167 763
14.6333 761
14.65 759
14.6667 757
14.6833 754
14.7 752
14.7167 750
14.7333 748
14.75 745
14.7667 743
14.7833 741
14.8 738
14.8167 736
14.8333 734
14.85 731
14.8667 729
14.8833 726
14.9 724
14.9167 722
14.9333 719
14.95 717
14.9667 714
14.9833 712
15.0 710
15.0167 707
15.0333 705
15.05 702
15.0667 699
15.0833 697
15.1 694
15.1167 692
15.1333 689
15.15 686
15.1667 684
15.1833 681
15.2 678
15.2167 675
15.2333 673
15.25 670
15.2667 667
15.2833 664
15.3 661
15.3167 659
15.3333 656
15.35 653
15.3667 650
15.3833 647
15.4 644
15.4167 641
15.4333 639
15.45 636
15.4667 633
15.4833 630
15.5 627
15.5167 624
15.5333 621
15.55 618
15.5667 615
15.5833 612
15.6 609
15.6167 605
15.6333 602
15.65 599
15.6667 596
15.6833 593
15.7 590
15.7167 587
15.7333 584
15.75 580
15.7667 577
15.7833 574
15.8 571
15.8167 568
15.8333 564
15.85 561
15.8667 558
15.8833 555
15.9 551
15.9167 548
15.9333 545
15.95 542
15.9667 538
15.9833 535
