9.0 487
9.0167 491
9.0333 495
9.05 499
9.0667 502
9.0833 506
9.1 510
9.1167 513
9.1333 517
9.15 521
9.1667 524
9.1833 528
9.2 532
9.2167 535
9.2333 539
9.25 543
9.2667 546
9.2833 550
9.3 553
9.3167 557
9.3333 560
9.35 564
9.3667 567
9.3833 571
9.4 574
9.4167 578
9.4333 581
9.45 585
9.4667 588
9.4833 592
9.5 595
9.5167 599
9.5333 602
9.55 606
9.5667 609
9.5833 612
9.6 616
9.6167 619
9.6333 622
9.65 626
9.6667 629
9.6833 632
9.7 636
9.7167 639
9.7333 642
9.75 646
9.7667 649
9.7833 652
9.8 655
9.8167 658
9.8333 662
9.85 665
9.8667 668
9.8833 671
9.9 674
9.9167 677
9.9333 681
9.95 684
9.9667 687
9.9833 690
10.0 693
10.0167 696
10.0333 699
10.05 702
10.0667 705
10.0833 708
10.1 711
10.1167 714
10.1333 717
10.15 720
10.1667 723
10.1833 725
10.2 728
10.2167 731
10.2333 734
10.25 737
10.2667 740
10.2833 743
10.3 745
10.3167 748
10.3333 751
10.35 754
10.3667 756
10.3833 759
10.4 762
10.4167 764
10.4333 767
10.45 770
10.4667 772
10.4833 775
10.5 777
10.5167 780
10.5333 783
10.55 785
10.5667 788
10.5833 790
10.6 793
10.6167 795
10.6333 798
10.65 800
10.6667 803
10.6833 805
10.7 807
10.7167 810
10.7333 812
10.75 814
10.7667 817
10.7833 819
10.8 821
10.8167 824
10.8333 826
10.85 828
10.8667 830
10.8833 832
10.9 835
10.9167 837
10.9333 839
10.95 841
10.9667 843
10.9833 845
11.0 847
11.0167 849
11.0333 851
11.05 853
11.0667 855
11.0833 857
11.1 859
11.1167 861
11.1333 863
11.15 865
11.1667 867
11.1833 869
11.2 871
11.2167 873
11.2333 874
11.25 876
11.2667 878
11.2833 880
11.3 882
11.3167 883
11.3333 885
11.35 887
11.3667 888
11.3833 890
11.4 892
11.4167 893
11.4333 895
11.45 896
11.4667 898
11.4833 899
11.5 901
11.5167 902
11.5333 904
11.55 905
11.5667 907
11.5833 908
11.6 910
11.6167 911
11.6333 912
11.65 914
11.6667 915
11.6833 916
11.7 918
11.7167 919
11.7333 920
11.75 921
11.7667 922
11.7833 924
11.8 925
11.8167 926
11.8333 927
11.85 928
11.8667 929
11.8833 930
11.9 931
11.9167 932
11.9333 933
11.95 934
11.9667 935
11.9833 936
12.0 937
12.0167 938
12.0333 939
12.05 940
12.0667 941
12.0833 941
12.1 942
12.1167 943
12.1333 944
12.15 944
12.1667 945
12.1833 946
12.2 947
12.2167 947
12.2333 948
12.25 948
12.2667 949
12.2833 950
12.3 950
12.3167 951
12.3333 951
12.35 952
12.3667 952
12.3833 953
12.4 953
12.4167 953
12.4333 954
12.45 954
12.4667 954
12.4833 955
12.5 955
12.5167 955
12.5333 956
12.55 956
12.5667 956
12.5833 956
12.6 956
12.6167 957
12.6333 957
12.65 957
12.6667 957
12.6833 957
12.7 957
12.7167 957
12.7333 957
12.75 957
12.7667 957
12.7833 957
12.8 957
12.8167 957
12.8333 957
12.85 957
12.8667 957
12.8833 956
12.9 956
12.9167 956
12.9333 956
12.95 955
12.9667 955
12.9833 955
13.0 955
13.0167 954
13.0333 954
13.05 953
13.0667 953
13.0833 953
13.1 952
13.1167 952
13.1333 951
13.15 951
13.1667 950
13.1833 950
13.2 949
13.2167 949
13.2333 948
13.25 947
13.2667 947
13.2833 946
13.3 945
13.3167 945
13.3333 944
13.35 943
13.3667 942
13.3833 942
13.4 941
13.4167 940
13.4333 939
13.45 938
13.4667 937
13.4833 936
13.5 936
13.5167 935
13.5333 934
13.55 933
13.5667 932
13.5833 931
13.6 929
13.6167 928
13.6333 927
13.65 926
13.6667 925
13.6833 924
13.7 923
13.7167 922
13.7333 920
13.75 919
13.7667 918
13.7833 917
13.8 915
13.8167 914
13.8333 913
13.85 911
13.8667 910
13.8833 909
13.9 907
13.9167 906
13.9333 904
13.95 903
13.9667 901
13.9833 900
14.0 898
14.0167 897
14.0333 895
14.05 894
14.0667 892
14.0833 890
14.1 889
14.1167 887
14.1333 885
14.15 884
14.1667 882
14.1833 880
14.2 879
14.2167 877
14.2333 875
14.25 873
14.2667 871
14.2833 869
14.3 868
14.3167 866
14.3333 864
14.35 862
14.3667 860
14.3833 858
14.4 856
14.4167 854
14.4333 852
14.45 850
14.4667 848
14.4833 846
14.5 844
14.5167 842
14.5333 840
14.55 837
14.5667 835
14.5833 833
14.6 831
14.6167 829
14.6333 826
14.65 824
14.6667 822
14.6833 820
14.7 817
14.7167 815
14.7333 813
14.75 810
14.7667 808
14.7833 806
14.8 803
14.8167 801
14.8333 798
14.85 796
14.8667 793
14.8833 791
14.9 788
14.9167 786
14.9333 783
14.95 781
14.9667 778
14.9833 776
15.0 773
15.0167 771
15.0333 768
15.05 766
15.0667 763
15.0833 760
15.1 757
15.1167 755
15.1333 752
15.15 749
15.1667 746
15.1833 744
15.2 741
15.2167 738
15.2333 735
15.25 732
15.2667 730
15.2833 727
15.3 724
15.3167 721
15.3333 718
15.35 715
15.3667 712
15.3833 709
15.4 706
15.4167 703
15.4333 700
15.45 697
15.4667 694
15.4833 691
15.5 688
15.5167 685
15.5333 682
15.55 679
15.5667 676
15.5833 672
15.6 669
15.6167 666
15.6333 663
15.65 660
15.6667 657
15.6833 653
15.7 650
15.7167 647
15.7333 644
15.75 640
15.7667 637
15.7833 634
15.8 630
15.8167 627
15.8333 624
15.85 620
15.8667 617
15.8833 614
15.9 610
15.9167 607
15.9333 604
15.95 600
15.9667 597
15.9833 593
