9.0 476
9.0167 480
9.0333 483
9.05 487
9.0667 490
9.0833 493
9.1 497
9.1167 500
9.1333 504
9.15 507
9.1667 510
9.1833 514
9.2 517
9.2167 520
9.2333 524
9.25 527
9.2667 530
9.2833 534
9.3 537
9.3167 540
9.3333 544
9.35 547
9.3667 550
9.3833 554
9.4 557
9.4167 560
9.4333 563
9.45 567
9.4667 570
9.4833 573
9.5 576
9.5167 579
9.5333 583
9.55 586
9.5667 589
9.5833 592
9.6 595
9.6167 598
9.6333 601
9.65 605
9.6667 608
9.6833 611
9.7 614
9.7167 617
9.7333 620
9.75 623
9.7667 626
9.7833 629
9.8 632
9.8167 635
9.8333 638
9.85 641
9.8667 644
9.8833 647
9.9 650
9.9167 653
9.9333 656
9.95 659
9.9667 661
9.9833 664
10.0 667
10.0167 670
10.0333 673
10.05 676
10.0667 678
10.0833 681
10.1 684
10.1167 687
10.1333 690
10.15 692
10.1667 695
10.1833 698
10.2 700
10.2167 703
10.2333 706
10.25 708
10.2667 711
10.2833 714
10.3 716
10.3167 719
10.3333 722
10.35 724
10.3667 727
10.3833 729
10.4 732
10.4167 734
10.4333 737
10.45 739
10.4667 742
10.4833 744
10.5 747
10.5167 749
10.5333 751
10.55 754
10.5667 756
10.5833 759
10.6 761
10.6167 763
10.6333 766
10.65 768
10.6667 770
10.6833 772
10.7 775
10.7167 777
10.7333 779
10.75 781
10.7667 784
10.7833 786
10.8 788
10.8167 790
10.8333 792
10.85 794
10.8667 796
10.8833 798
10.9 800
10.9167 802
10.9333 805
10.95 807
10.9667 809
10.9833 810
11.0 812
11.0167 814
11.0333 816
11.05 818
11.0667 820
11.0833 822
11.1 824
11.1167 826
11.1333 828
11.15 829
11.1667 831
11.1833 833
11.2 835
11.2167 836
11.2333 838
11.25 840
11.2667 842
11.2833 843
11.3 845
11.3167 846
11.3333 848
11.35 850
11.3667 851
11.3833 853
11.4 854
11.4167 856
11.4333 857
11.45 859
11.4667 860
11.4833 862
11.5 863
11.5167 865
11.5333 866
11.55 867
11.5667 869
11.5833 870
11.6 872
11.6167 873
11.6333 874
11.65 875
11.6667 877
11.6833 878
11.7 879
11.7167 880
11.7333 881
11.75 883
11.7667 884
11.7833 885
11.8 886
11.8167 887
11.8333 888
11.85 889
11.8667 890
11.8833 891
11.9 892
11.9167 893
11.9333 894
11.95 895
11.9667 896
11.9833 897
12.0 898
12.0167 899
12.0333 900
12.05 900
12.0667 901
12.0833 902
12.1 903
12.1167 904
12.1333 904
12.15 905
12.1667 906
12.1833 906
12.2 907
12.2167 908
12.2333 908
12.25 909
12.2667 909
12.2833 910
12.3 911
12.3167 911
12.3333 912
12.35 912
12.3667 913
12.3833 913
12.4 913
12.4167 914
12.4333 914
12.45 915
12.4667 915
12.4833 915
12.5 916
12.5167 916
12.5333 916
12.55 916
12.5667 917
12.5833 917
12.6 917
12.6167 917
12.6333 917
12.65 917
12.6667 918
12.6833 918
12.7 918
12.7167 918
12.7333 918
12.75 918
12.7667 918
12.7833 918
12.8 918
12.8167 918
12.8333 918
12.85 918
12.8667 917
12.8833 917
12.9 917
12.9167 917
12.9333 917
12.95 917
12.9667 916
12.9833 916
13.0 916
13.0167 916
13.0333 915
13.05 915
13.0667 915
13.0833 914
13.1 914
13.1167 913
13.1333 913
13.15 913
13.1667 912
13.1833 912
13.2 911
13.2167 911
13.2333 910
13.25 910
13.2667 909
13.2833 908
13.3 908
13.3167 907
13.3333 906
13.35 906
13.3667 905
13.3833 904
13.4 904
13.4167 903
13.4333 902
13.45 901
13.4667 901
13.4833 900
13.5 899
13.5167 898
13.5333 897
13.55 896
13.5667 895
13.5833 894
13.6 893
13.6167 892
13.6333 891
13.65 890
13.6667 889
13.6833 888
13.7 887
13.7167 886
13.7333 885
13.75 884
13.7667 883
13.7833 882
13.8 880
13.8167 879
13.8333 878
13.85 877
13.8667 876
13.8833 874
13.9 873
13.9167 872
13.9333 870
13.95 869
13.9667 868
13.9833 866
14.0 865
14.0167 863
14.0333 862
14.05 861
14.0667 859
14.0833 858
14.1 856
14.1167 855
14.1333 853
14.15 852
14.1667 850
14.1833 848
14.2 847
14.2167 845
14.2333 843
14.25 842
14.2667 840
14.2833 838
14.3 837
14.3167 835
14.3333 833
14.35 831
14.3667 830
14.3833 828
14.4 826
14.4167 824
14.4333 822
14.45 820
14.4667 819
14.4833 817
14.5 815
14.5167 813
14.5333 811
14.55 809
14.5667 807
14.5833 805
14.6 803
14.6167 801
14.6333 799
14.65 797
14.6667 795
14.6833 792
14.7 790
14.7167 788
14.7333 786
14.75 784
14.7667 782
14.7833 779
14.8 777
14.8167 775
14.8333 773
14.85 770
14.8667 768
14.8833 766
14.9 764
14.9167 761
14.9333 759
14.95 757
14.9667 754
14.9833 752
15.0 749
15.0167 747
15.0333 744
15.05 742
15.0667 739
15.0833 737
15.1 734
15.1167 732
15.1333 729
15.15 727
15.1667 724
15.1833 721
15.2 719
15.2167 716
15.2333 714
15.25 711
15.2667 708
15.2833 706
15.3 703
15.3167 700
15.3333 698
15.35 695
15.3667 692
15.3833 690
15.4 687
15.4167 684
15.4333 681
15.45 678
15.4667 676
15.4833 673
15.5 670
15.5167 667
15.5333 664
15.55 661
15.5667 659
15.5833 656
15.6 653
15.6167 650
15.6333 647
15.65 644
15.6667 641
15.6833 638
15.7 635
15.7167 632
15.7333 629
15.75 626
15.7667 623
15.7833 620
15.8 617
15.8167 614
15.8333 611
15.85 608
15.8667 605
15.8833 601
15.9 598
15.9167 595
15.9333 592
15.95 589
15.9667 586
15.9833 583
