9.0 454
9.0167 458
9.0333 462
9.05 466
9.0667 469
9.0833 473
9.1 477
9.1167 480
9.1333 484
9.15 488
9.1667 491
9.1833 495
9.2 499
9.2167 502
9.2333 506
9.25 509
9.2667 513
9.2833 517
9.3 520
9.3167 524
9.3333 527
9.35 531
9.3667 534
9.3833 538
9.4 541
9.4167 545
9.4333 548
9.45 552
9.4667 555
9.4833 559
9.5 562
9.5167 566
9.5333 569
9.55 572
9.5667 576
9.5833 579
9.6 583
9.6167 586
9.6333 589
9.65 593
9.6667 596
9.6833 599
9.7 603
9.7167 606
9.7333 609
9.75 612
9.7667 616
9.7833 619
9.8 622
9.8167 625
9.8333 629
9.85 632
9.8667 635
9.8833 638
9.9 641
9.9167 644
9.9333 648
9.95 651
9.9667 654
9.9833 657
10.0 660
10.0167 663
10.0333 666
10.05 669
10.0667 672
10.0833 675
10.1 678
10.1167 681
10.1333 684
10.15 687
10.1667 690
10.1833 693
10.2 696
10.2167 699
10.2333 701
10.25 704
10.2667 707
10.2833 710
10.3 713
10.3167 716
10.3333 718
10.35 721
10.3667 724
10.3833 727
10.4 729
10.4167 732
10.4333 735
10.45 737
10.4667 740
10.4833 743
10.5 745
10.5167 748
10.5333 750
10.55 753
10.5667 755
10.5833 758
10.6 761
10.6167 763
10.6333 766
10.65 768
10.6667 770
10.6833 773
10.7 775
10.7167 778
10.7333 780
10.75 782
10.7667 785
10.7833 787
10.8 789
10.8167 792
10.8333 794
10.85 796
10.8667 799
10.8833 801
10.9 803
10.9167 805
10.9333 807
10.95 809
10.9667 812
10.9833 814
11.0 816
11.0167 818
11.0333 820
11.05 822
11.0667 824
11.0833 826
11.1 828
11.1167 830
11.1333 832
11.15 834
11.1667 836
11.1833 838
11.2 840
11.2167 842
11.2333 843
11.25 845
11.2667 847
11.2833 849
11.3 851
11.3167 852
11.3333 854
11.35 856
11.3667 857
11.3833 859
11.4 861
11.4167 862
11.4333 864
11.45 866
11.4667 867
11.4833 869
11.5 870
11.5167 872
11.5333 873
11.55 875
11.5667 876
11.5833 878
11.6 879
11.6167 881
11.6333 882
11.65 883
11.6667 885
11.6833 886
11.7 887
11.7167 889
11.7333 890
11.75 891
11.7667 892
11.7833 894
11.8 895
11.8167 896
11.8333 897
11.85 898
11.8667 899
11.8833 900
11.9 901
11.9167 902
11.9333 904
11.95 905
11.9667 906
11.9833 906
12.0 907
12.0167 908
12.0333 909
12.05 910
12.0667 911
12.0833 912
12.1 913
12.1167 914
12.1333 914
12.15 915
12.1667 916
12.1833 917
12.2 917
12.2167 918
12.2333 919
12.25 919
12.2667 920
12.2833 920
12.3 921
12.3167 922
12.3333 922
12.35 923
12.3667 923
12.3833 924
12.4 924
12.4167 925
12.4333 925
12.45 925
12.4667 926
12.4833 926
12.5 926
12.5167 927
12.5333 927
12.55 927
12.5667 928
12.5833 928
12.6 928
12.6167 928
12.6333 928
12.65 928
12.6667 929
12.6833 929
12.7 929
12.7167 929
12.7333 929
12.75 929
12.7667 929
12.7833 929
12.8 929
12.8167 929
12.8333 929
12.85 929
12.8667 929
12.8833 928
12.9 928
12.9167 928
12.9333 928
12.95 928
12.9667 927
12.9833 927
13.0 927
13.0167 927
13.0333 926
13.05 926
13.0667 925
13.0833 925
13.1 925
13.1167 924
13.1333 924
13.15 923
13.1667 923
13.1833 922
13.2 922
13.2167 921
13.2333 921
13.25 920
13.2667 919
13.2833 919
13.3 918
13.3167 918
13.3333 917
13.35 916
13.3667 915
13.3833 915
13.4 914
13.4167 913
13.4333 912
13.45 911
13.4667 910
13.4833 910
13.5 909
13.5167 908
13.5333 907
13.55 906
13.5667 905
13.5833 904
13.6 903
13.6167 902
13.6333 901
13.65 900
13.6667 899
13.6833 897
13.7 896
13.7167 895
13.7333 894
13.75 893
13.7667 892
13.7833 890
13.8 889
13.8167 888
13.8333 886
13.85 885
13.8667 884
13.8833 882
13.9 881
13.9167 880
13.9333 878
13.95 877
13.9667 875
13.9833 874
14.0 872
14.0167 871
14.0333 869
14.05 868
14.0667 866
14.0833 865
14.1 863
14.1167 861
14.1333 860
14.15 858
14.1667 856
14.1833 855
14.2 853
14.2167 851
14.2333 849
14.25 848
14.2667 846
14.2833 844
14.3 842
14.3167 840
14.3333 838
14.35 837
14.3667 835
14.3833 833
14.4 831
14.4167 829
14.4333 827
14.45 825
14.4667 823
14.4833 821
14.5 819
14.5167 817
14.5333 815
14.55 812
14.5667 810
14.5833 808
14.6 806
14.6167 804
14.6333 802
14.65 799
14.6667 797
14.6833 795
14.7 793
14.7167 790
14.7333 788
14.75 786
14.7667 783
14.7833 781
14.8 779
14.8167 776
14.8333 774
14.85 771
14.8667 769
14.8833 766
14.9 764
14.9167 761
14.9333 759
14.95 756
14.9667 754
14.9833 751
15.0 749
15.0167 747
15.0333 744
15.05 741
15.0667 739
15.0833 736
15.1 733
15.1167 731
15.1333 728
15.15 725
15.1667 723
15.1833 720
15.2 717
15.2167 714
15.2333 711
15.25 709
15.2667 706
15.2833 703
15.3 700
15.3167 697
15.3333 694
15.35 691
15.3667 688
15.3833 686
15.4 683
15.4167 680
15.4333 677
15.45 674
15.4667 671
15.4833 668
15.5 665
15.5167 662
15.5333 658
15.55 655
15.5667 652
15.5833 649
15.6 646
15.6167 643
15.6333 640
15.65 637
15.6667 633
15.6833 630
15.7 627
15.7167 624
15.7333 621
15.75 617
15.7667 614
15.7833 611
15.8 608
15.8167 604
15.8333 601
15.85 598
15.8667 594
15.8833 591
15.9 588
15.9167 584
15.9333 581
15.95 578
15.9667 574
15.9833 571
