9.0 453
9.0167 458
9.0333 461
9.05 465
9.0667 468
9.0833 472
9.1 475
9.1167 479
9.1333 482
9.15 486
9.1667 489
9.1833 493
9.2 496
9.2167 499
9.2333 503
9.25 506
9.2667 510
9.2833 513
9.3 517
9.3167 520
9.3333 523
9.35 527
9.3667 530
9.3833 533
9.4 537
9.4167 540
9.4333 543
9.45 547
9.4667 550
9.4833 553
9.5 557
9.5167 560
9.5333 563
9.55 567
9.5667 570
9.5833 573
9.6 576
9.6167 579
9.6333 583
9.65 586
9.6667 589
9.6833 592
9.7 595
9.7167 599
9.7333 602
9.75 605
9.7667 608
9.7833 611
9.8 614
9.8167 617
9.8333 620
9.85 623
9.8667 626
9.8833 629
9.9 632
9.9167 635
9.9333 638
9.95 641
9.9667 644
9.9833 647
10.0 650
10.0167 653
10.0333 656
10.05 659
10.0667 662
10.0833 665
10.1 668
10.1167 670
10.1333 673
10.15 676
10.1667 679
10.1833 682
10.2 684
10.2167 687
10.2333 690
10.25 693
10.2667 695
10.2833 698
10.3 701
10.3167 703
10.3333 706
10.35 709
10.3667 711
10.3833 714
10.4 716
10.4167 719
10.4333 722
10.45 724
10.4667 727
10.4833 729
10.5 732
10.5167 734
10.5333 737
10.55 739
10.5667 741
10.5833 744
10.6 746
10.6167 749
10.6333 751
10.65 753
10.6667 756
10.6833 758
10.7 760
10.7167 763
10.7333 765
10.75 767
10.7667 769
10.7833 772
10.8 774
10.8167 776
10.8333 778
10.85 780
10.8667 782
10.8833 785
10.9 787
10.9167 789
10.9333 791
10.95 793
10.9667 795
10.9833 797
11.0 799
11.0167 801
11.0333 803
11.05 805
11.0667 807
11.0833 809
11.1 810
11.1167 812
11.1333 814
11.15 816
11.1667 818
11.1833 820
11.2 821
11.2167 823
11.2333 825
11.25 827
11.2667 828
11.2833 830
11.3 832
11.3167 833
11.3333 835
11.35 837
11.3667 838
11.3833 840
11.4 841
11.4167 843
11.4333 844
11.45 846
11.4667 847
11.4833 849
11.5 850
11.5167 852
11.5333 853
11.55 855
11.5667 856
11.5833 857
11.6 859
11.6167 860
11.6333 861
11.65 862
11.6667 864
11.6833 865
11.7 866
11.7167 867
11.7333 869
11.75 870
11.7667 871
11.7833 872
11.8 873
11.8167 874
11.8333 875
11.85 876
11.8667 877
11.8833 878
11.9 879
11.9167 880
11.9333 881
11.95 882
11.9667 883
11.9833 884
12.0 885
12.0167 886
12.0333 886
12.05 887
12.0667 888
12.0833 889
12.1 890
12.1167 890
12.1333 891
12.15 892
12.1667 892
12.1833 893
12.2 894
12.2167 894
12.2333 895
12.25 895
12.2667 896
12.2833 896
12.3 897
12.3167 897
12.3333 898
12.35 898
12.3667 899
12.3833 899
12.4 900
12.4167 900
12.4333 900
12.45 901
12.4667 901
12.4833 901
12.5 902
12.5167 902
12.5333 902
12.55 902
12.5667 902
12.5833 903
12.6 903
12.6167 903
12.6333 903
12.65 903
12.6667 903
12.6833 903
12.7 903
12.7167 903
12.7333 903
12.75 903
12.7667 903
12.7833 903
12.8 903
12.8167 903
12.8333 903
12.85 903
12.8667 902
12.8833 902
12.9 902
12.9167 902
12.9333 901
12.95 901
12.9667 901
12.9833 901
13.0 900
13.0167 900
13.0333 899
13.05 899
13.0667 899
13.0833 898
13.1 898
13.1167 897
13.1333 897
13.15 896
13.1667 896
13.1833 895
13.2 895
13.2167 894
13.2333 893
13.25 893
13.2667 892
13.2833 891
13.3 891
13.3167 890
13.3333 889
13.35 889
13.3667 888
13.3833 887
13.4 886
13.4167 885
13.4333 884
13.45 884
13.4667 883
13.4833 882
13.5 881
13.5167 880
13.5333 879
13.55 878
13.5667 877
13.5833 876
13.6 875
13.6167 874
13.6333 873
13.65 872
13.6667 870
13.6833 869
13.7 868
13.7167 867
13.7333 866
13.75 864
13.7667 863
13.7833 862
13.8 861
13.8167 859
13.8333 858
13.85 857
13.8667 855
13.8833 854
13.9 853
13.9167 851
13.9333 850
13.95 848
13.9667 847
13.9833 845
14.0 844
14.0167 842
14.0333 841
14.05 839
14.0667 838
14.0833 836
14.1 834
14.1167 833
14.1333 831
14.15 829
14.1667 828
14.1833 826
14.2 824
14.2167 822
14.2333 821
14.25 819
14.2667 817
14.2833 815
14.3 813
14.3167 812
14.3333 810
14.35 808
14.3667 806
14.3833 804
14.4 802
14.4167 800
14.4333 798
14.45 796
14.4667 794
14.4833 792
14.5 790
14.5167 788
14.5333 786
14.55 784
14.5667 782
14.5833 779
14.6 777
14.6167 775
14.6333 773
14.65 771
14.6667 768
14.6833 766
14.7 764
14.7167 762
14.7333 759
14.75 757
14.7667 755
14.7833 752
14.8 750
14.8167 748
14.8333 745
14.85 743
14.8667 740
14.8833 738
14.9 736
14.9167 733
14.9333 731
14.95 728
14.9667 726
14.9833 723
15.0 721
15.0167 718
15.0333 716
15.05 713
15.0667 710
15.0833 708
15.1 705
15.1167 703
15.1333 700
15.15 697
15.1667 694
15.1833 692
15.2 689
15.2167 686
15.2333 684
15.25 681
15.2667 678
15.2833 675
15.3 672
15.3167 669
15.3333 667
15.35 664
15.3667 661
15.3833 658
15.4 655
15.4167 652
15.4333 649
15.45 646
15.4667 643
15.4833 640
15.5 637
15.5167 634
15.5333 631
15.55 628
15.5667 625
15.5833 622
15.6 619
15.6167 616
15.6333 613
15.65 610
15.6667 607
15.6833 604
15.7 601
15.7167 598
15.7333 594
15.75 591
15.7667 588
15.7833 585
15.8 582
15.8167 578
15.8333 575
15.85 572
15.8667 569
15.8833 565
15.9 562
15.9167 559
15.9333 556
15.95 552
15.9667 549
15.9833 546
