9.0 524
9.0167 527
9.0333 530
9.05 533
9.0667 537
9.0833 540
9.1 543
9.1167 546
9.1333 549
9.15 553
9.1667 556
9.1833 559
9.2 562
9.2167 565
9.2333 569
9.25 572
9.2667 575
9.2833 578
9.3 581
9.3167 584
9.3333 587
9.35 590
9.3667 593
9.3833 596
9.4 600
9.4167 603
9.4333 606
9.45 609
9.4667 612
9.4833 615
9.5 618
9.5167 621
9.5333 624
9.55 627
9.5667 630
9.5833 632
9.6 635
9.6167 638
9.6333 641
9.65 644
9.6667 647
9.6833 650
9.7 653
9.7167 656
9.7333 658
9.75 661
9.7667 664
9.7833 667
9.8 670
9.8167 672
9.8333 675
9.85 678
9.8667 681
9.8833 683
9.9 686
9.9167 689
9.9333 692
9.95 694
9.9667 697
9.9833 700
10.0 702
10.0167 705
10.0333 707
10.05 710
10.0667 713
10.0833 715
10.1 718
10.1167 720
10.1333 723
10.15 725
10.1667 728
10.1833 730
10.2 733
10.2167 735
10.2333 738
10.25 740
10.2667 743
10.2833 745
10.3 748
10.3167 750
10.3333 752
10.35 755
10.3667 757
10.3833 759
10.4 762
10.4167 764
10.4333 766
10.45 768
10.4667 771
10.4833 773
10.5 775
10.5167 777
10.5333 780
10.55 782
10.5667 784
10.5833 786
10.6 788
10.6167 790
10.6333 792
10.65 795
10.6667 797
10.6833 799
10.7 801
10.7167 803
10.7333 805
10.75 807
10.7667 809
10.7833 811
10.8 813
10.8167 815
10.8333 816
10.85 818
10.8667 820
10.8833 822
10.9 824
10.9167 826
10.9333 828
10.95 829
10.9667 831
10.9833 833
11.0 835
11.0167 836
11.0333 838
11.05 840
11.0667 842
11.0833 843
11.1 845
11.1167 847
11.1333 848
11.15 850
11.1667 851
11.1833 853
11.2 855
11.2167 856
11.2333 858
11.25 859
11.2667 861
11.2833 862
11.3 863
11.3167 865
11.3333 866
11.35 868
11.3667 869
11.3833 870
11.4 872
11.4167 873
11.4333 874
11.45 876
11.4667 877
11.4833 878
11.5 880
11.5167 881
11.5333 882
11.55 883
11.5667 884
11.5833 886
11.6 887
11.6167 888
11.6333 889
11.65 890
11.6667 891
11.6833 892
11.7 893
11.7167 894
11.7333 895
11.75 896
11.7667 897
11.7833 898
11.8 899
11.8167 900
11.8333 901
11.85 902
11.8667 902
11.8833 903
11.9 904
11.9167 905
11.9333 906
11.95 906
11.9667 907
11.9833 908
12.0 909
12.0167 909
12.0333 910
12.05 911
12.0667 911
12.0833 912
12.1 913
12.1167 913
12.1333 914
12.15 914
12.1667 915
12.1833 915
12.2 916
12.2167 916
12.2333 917
12.25 917
12.2667 918
12.2833 918
12.3 918
12.3167 919
12.3333 919
12.35 919
12.3667 920
12.3833 920
12.4 920
12.4167 920
12.4333 921
12.45 921
12.4667 921
12.4833 921
12.5 921
12.5167 922
12.5333 922
12.55 922
12.5667 922
12.5833 922
12.6 922
12.6167 922
12.6333 922
12.65 922
12.6667 922
12.6833 922
12.7 922
12.7167 922
12.7333 922
12.75 922
12.7667 921
12.7833 921
12.8 921
12.8167 921
12.8333 921
12.85 920
12.8667 920
12.8833 920
12.9 920
12.9167 919
12.9333 919
12.95 919
12.9667 918
12.9833 918
13.0 917
13.0167 917
13.0333 917
13.05 916
13.0667 916
13.0833 915
13.1 915
13.1167 914
13.1333 914
13.15 913
13.1667 912
13.1833 912
13.2 911
13.2167 911
13.2333 910
13.25 909
13.2667 909
13.2833 908
13.3 907
13.3167 906
13.3333 906
13.35 905
13.3667 904
13.3833 903
13.4 902
13.4167 902
13.4333 901
13.45 900
13.4667 899
13.4833 898
13.5 897
13.5167 896
13.5333 895
13.55 894
13.5667 893
13.5833 892
13.6 891
13.6167 890
13.6333 889
13.65 888
13.6667 887
13.6833 885
13.7 884
13.7167 883
13.7333 882
13.75 881
13.7667 879
13.7833 878
13.8 877
13.8167 876
13.8333 874
13.85 873
13.8667 872
13.8833 870
13.9 869
13.9167 868
13.9333 866
13.95 865
13.9667 863
13.9833 862
14.0 860
14.0167 859
14.0333 857
14.05 856
14.0667 854
14.0833 853
14.1 851
14.1167 850
14.1333 848
14.15 846
14.1667 845
14.1833 843
14.2 841
14.2167 840
14.2333 838
14.25 836
14.2667 835
14.2833 833
14.3 831
14.3167 829
14.3333 827
14.35 826
14.3667 824
14.3833 822
14.4 820
14.4167 818
14.4333 816
14.45 814
14.4667 812
14.4833 810
14.5 809
14.5167 807
14.5333 805
14.55 803
14.5667 800
14.5833 798
14.6 796
14.6167 794
14.6333 792
14.65 790
14.6667 788
14.6833 786
14.7 784
14.7167 782
14.7333 779
14.75 777
14.7667 775
14.7833 773
14.8 770
14.8167 768
14.8333 766
14.85 764
14.8667 761
14.8833 759
14.9 757
14.9167 754
14.9333 752
14.95 750
14.9667 747
14.9833 745
15.0 743
15.0167 740
15.0333 738
15.05 735
15.0667 733
15.0833 730
15.1 728
15.1167 725
15.1333 723
15.15 720
15.1667 718
15.1833 715
15.2 713
15.2167 710
15.2333 707
15.25 705
15.2667 702
15.2833 699
15.3 697
15.3167 694
15.3333 691
15.35 689
15.3667 686
15.3833 683
15.4 681
15.4167 678
15.4333 675
15.45 672
15.4667 670
15.4833 667
15.5 664
15.5167 661
15.5333 658
15.55 655
15.5667 653
15.5833 650
15.6 647
15.6167 644
15.6333 641
15.65 638
15.6667 635
15.6833 632
15.7 629
15.7167 626
15.7333 623
15.75 620
15.7667 617
15.7833 615
15.8 612
15.8167 608
15.8333 605
15.85 602
15.8667 599
15.8833 596
15.9 593
15.9167 590
15.9333 587
15.95 584
15.9667 581
15.9833 578
