9.0 524
9.0167 527
9.0333 530
9.05 534
9.0667 537
9.0833 540
9.1 543
9.1167 546
9.1333 550
9.15 553
9.1667 556
9.1833 559
9.2 562
9.2167 565
9.2333 569
9.25 572
9.2667 575
9.2833 578
9.3 581
9.3167 584
9.3333 587
9.35 590
9.3667 593
9.3833 596
9.4 599
9.4167 602
9.4333 605
9.45 608
9.4667 612
9.4833 614
9.5 617
9.5167 620
9.5333 623
9.55 626
9.5667 629
9.5833 632
9.6 635
9.6167 638
9.6333 641
9.65 644
9.6667 647
9.6833 650
9.7 652
9.7167 655
9.7333 658
9.75 661
9.7667 664
9.7833 667
9.8 669
9.8167 672
9.8333 675
9.85 678
9.8667 680
9.8833 683
9.9 686
9.9167 689
9.9333 691
9.95 694
9.9667 697
9.9833 699
10.0 702
10.0167 704
10.0333 707
10.05 710
10.0667 712
10.0833 715
10.1 717
10.1167 720
10.1333 722
10.15 725
10.1667 728
10.1833 730
10.2 732
10.2167 735
10.2333 737
10.25 740
10.2667 742
10.2833 745
10.3 747
10.3167 749
10.3333 752
10.35 754
10.3667 756
10.3833 759
10.4 761
10.4167 763
10.4333 766
10.45 768
10.4667 770
10.4833 772
10.5 775
10.5167 777
10.5333 779
10.55 781
10.5667 783
10.5833 786
10.6 788
10.6167 790
10.6333 792
10.65 794
10.6667 796
10.6833 798
10.7 800
10.7167 802
10.7333 804
10.75 806
10.7667 808
10.7833 810
10.8 812
10.8167 814
10.8333 816
10.85 818
10.8667 820
10.8833 822
10.9 823
10.9167 825
10.9333 827
10.95 829
10.9667 831
10.9833 832
11.0 834
11.0167 836
11.0333 838
11.05 839
11.0667 841
11.0833 843
11.1 844
11.1167 846
11.1333 848
11.15 849
11.1667 851
11.1833 852
11.2 854
11.2167 855
11.2333 857
11.25 858
11.2667 860
11.2833 861
11.3 863
11.3167 864
11.3333 866
11.35 867
11.3667 868
11.3833 870
11.4 871
11.4167 873
11.4333 874
11.45 875
11.4667 876
11.4833 878
11.5 879
11.5167 880
11.5333 881
11.55 883
11.5667 884
11.5833 885
11.6 886
11.6167 887
11.6333 888
11.65 889
11.6667 890
11.6833 891
11.7 892
11.7167 894
11.7333 895
11.75 896
11.7667 896
11.7833 897
11.8 898
11.8167 899
11.8333 900
11.85 901
11.8667 902
11.8833 903
11.9 904
11.9167 904
11.9333 905
11.95 906
11.9667 907
11.9833 907
12.0 908
12.0167 909
12.0333 909
12.05 910
12.0667 911
12.0833 911
12.1 912
12.1167 913
12.1333 913
12.15 914
12.1667 914
12.1833 915
12.2 915
12.2167 916
12.2333 916
12.25 917
12.2667 917
12.2833 917
12.3 918
12.3167 918
12.3333 919
12.35 919
12.3667 919
12.3833 919
12.4 920
12.4167 920
12.4333 920
12.45 920
12.4667 921
12.4833 921
12.5 921
12.5167 921
12.5333 921
12.55 921
12.5667 921
12.5833 921
12.6 922
12.6167 922
12.6333 922
12.65 922
12.6667 922
12.6833 922
12.7 921
12.7167 921
12.7333 921
12.75 921
12.7667 921
12.7833 921
12.8 921
12.8167 921
12.8333 920
12.85 920
12.8667 920
12.8833 920
12.9 919
12.9167 919
12.9333 919
12.95 918
12.9667 918
12.9833 918
13.0 917
13.0167 917
13.0333 916
13.05 916
13.0667 915
13.0833 915
13.1 915
13.1167 914
13.1333 913
13.15 913
13.1667 912
13.1833 912
13.2 911
13.2167 910
13.2333 910
13.25 909
13.2667 908
13.2833 908
13.3 907
13.3167 906
13.3333 906
13.35 905
13.3667 904
13.3833 903
13.4 902
13.4167 902
13.4333 901
13.45 900
13.4667 899
13.4833 898
13.5 897
13.5167 896
13.5333 895
13.55 894
13.5667 893
13.5833 892
13.6 891
13.6167 890
13.6333 889
13.65 888
13.6667 887
13.6833 886
13.7 884
13.7167 883
13.7333 882
13.75 881
13.7667 880
13.7833 878
13.8 877
13.8167 876
13.8333 875
13.85 873
13.8667 872
13.8833 871
13.9 869
13.9167 868
13.9333 867
13.95 865
13.9667 864
13.9833 862
14.0 861
14.0167 859
14.0333 858
14.05 856
14.0667 855
14.0833 853
14.1 852
14.1167 850
14.1333 849
14.15 847
14.1667 845
14.1833 844
14.2 842
14.2167 840
14.2333 839
14.25 837
14.2667 835
14.2833 833
14.3 832
14.3167 830
14.3333 828
14.35 826
14.3667 824
14.3833 823
14.4 821
14.4167 819
14.4333 817
14.45 815
14.4667 813
14.4833 811
14.5 809
14.5167 807
14.5333 805
14.55 803
14.5667 801
14.5833 799
14.6 797
14.6167 795
14.6333 793
14.65 791
14.6667 789
14.6833 787
14.7 785
14.7167 782
14.7333 780
14.75 778
14.7667 776
14.7833 774
14.8 772
14.8167 769
14.8333 767
14.85 765
14.8667 762
14.8833 760
14.9 758
14.9167 756
14.9333 753
14.95 751
14.9667 748
14.9833 746
15.0 744
15.0167 741
15.0333 739
15.05 737
15.0667 734
15.0833 732
15.1 729
15.1167 727
15.1333 724
15.15 722
15.1667 719
15.1833 716
15.2 714
15.2167 711
15.2333 709
15.25 706
15.2667 704
15.2833 701
15.3 698
15.3167 696
15.3333 693
15.35 690
15.3667 688
15.3833 685
15.4 682
15.4167 679
15.4333 677
15.45 674
15.4667 671
15.4833 668
15.5 666
15.5167 663
15.5333 660
15.55 657
15.5667 654
15.5833 651
15.6 649
15.6167 646
15.6333 643
15.65 640
15.6667 637
15.6833 634
15.7 631
15.7167 628
15.7333 625
15.75 622
15.7667 619
15.7833 616
15.8 613
15.8167 610
15.8333 607
15.85 604
15.8667 601
15.8833 598
15.9 595
15.9167 592
15.9333 589
15.95 586
15.9667 583
15.9833 580
