9.0 507
9.0167 510
9.0333 514
9.05 517
9.0667 520
9.0833 523
9.1 527
9.1167 530
9.1333 533
9.15 536
9.1667 539
9.1833 542
9.2 546
9.2167 549
9.2333 552
9.25 555
9.2667 558
9.2833 561
9.3 564
9.3167 568
9.3333 571
9.35 574
9.3667 577
9.3833 580
9.4 583
9.4167 586
9.4333 589
9.45 592
9.4667 595
9.4833 598
9.5 601
9.5167 604
9.5333 607
9.55 610
9.5667 613
9.5833 616
9.6 619
9.6167 622
9.6333 625
9.65 628
9.6667 631
9.6833 633
9.7 636
9.7167 639
9.7333 642
9.75 645
9.7667 648
9.7833 650
9.8 653
9.8167 656
9.8333 659
9.85 662
9.8667 664
9.8833 667
9.9 670
9.9167 673
9.9333 675
9.95 678
9.9667 681
9.9833 683
10.0 686
10.0167 689
10.0333 691
10.05 694
10.0667 696
10.0833 699
10.1 702
10.1167 704
10.1333 707
10.15 709
10.1667 712
10.1833 714
10.2 717
10.2167 719
10.2333 722
10.25 724
10.2667 726
10.2833 729
10.3 731
10.3167 734
10.3333 736
10.35 738
10.3667 741
10.3833 743
10.4 745
10.4167 748
10.4333 750
10.45 752
10.4667 755
10.4833 757
10.5 759
10.5167 761
10.5333 763
10.55 766
10.5667 768
10.5833 770
10.6 772
10.6167 774
10.6333 776
10.65 778
10.6667 781
10.6833 783
10.7 785
10.7167 787
10.7333 789
10.75 791
10.7667 793
10.7833 795
10.8 797
10.8167 799
10.8333 800
10.85 802
10.8667 804
10.8833 806
10.9 808
10.9167 810
10.9333 812
10.95 813
10.9667 815
10.9833 817
11.0 819
11.0167 821
11.0333 822
11.05 824
11.0667 826
11.0833 827
11.1 829
11.1167 831
11.1333 832
11.15 834
11.1667 835
11.1833 837
11.2 839
11.2167 840
11.2333 842
11.25 843
11.2667 845
11.2833 846
11.3 848
11.3167 849
11.3333 850
11.35 852
11.3667 853
11.3833 855
11.4 856
11.4167 857
11.4333 859
11.45 860
11.4667 861
11.4833 862
11.5 864
11.5167 865
11.5333 866
11.55 867
11.5667 868
11.5833 870
11.6 871
11.6167 872
11.6333 873
11.65 874
11.6667 875
11.6833 876
11.7 877
11.7167 878
11.7333 879
11.75 880
11.7667 881
11.7833 882
11.8 883
11.8167 884
11.8333 885
11.85 886
11.8667 887
11.8833 887
11.9 888
11.9167 889
11.9333 890
11.95 890
11.9667 891
11.9833 892
12.0 893
12.0167 893
12.0333 894
12.05 895
12.0667 895
12.0833 896
12.1 896
12.1167 897
12.1333 898
12.15 898
12.1667 899
12.1833 899
12.2 900
12.2167 900
12.2333 901
12.25 901
12.2667 901
12.2833 902
12.3 902
12.3167 903
12.3333 903
12.35 903
12.3667 903
12.3833 904
12.4 904
12.4167 904
12.4333 904
12.45 905
12.4667 905
12.4833 905
12.5 905
12.5167 905
12.5333 905
12.55 905
12.5667 906
12.5833 906
12.6 906
12.6167 906
12.6333 906
12.65 906
12.6667 906
12.6833 906
12.7 905
12.7167 905
12.7333 905
12.75 905
12.7667 905
12.7833 905
12.8 905
12.8167 904
12.8333 904
12.85 904
12.8667 904
12.8833 903
12.9 903
12.9167 903
12.9333 902
12.95 902
12.9667 902
12.9833 901
13.0 901
13.0167 900
13.0333 900
13.05 900
13.0667 899
13.0833 899
13.1 898
13.1167 897
13.1333 897
13.15 896
13.1667 896
13.1833 895
13.2 894
13.2167 894
13.2333 893
13.25 892
13.2667 892
13.2833 891
13.3 890
13.3167 890
13.3333 889
13.35 888
13.3667 887
13.3833 886
13.4 885
13.4167 885
13.4333 884
13.45 883
13.4667 882
13.4833 881
13.5 880
13.5167 879
13.5333 878
13.55 877
13.5667 876
13.5833 875
13.6 874
13.6167 873
13.6333 872
13.65 870
13.6667 869
13.6833 868
13.7 867
13.7167 866
13.7333 865
13.75 863
13.7667 862
13.7833 861
13.8 860
13.8167 858
13.8333 857
13.85 856
13.8667 854
13.8833 853
13.9 851
13.9167 850
13.9333 849
13.95 847
13.9667 846
13.9833 844
14.0 843
14.0167 841
14.0333 840
14.05 838
14.0667 837
14.0833 835
14.1 833
14.1167 832
14.1333 830
14.15 829
14.1667 827
14.1833 825
14.2 823
14.2167 822
14.2333 820
14.25 818
14.2667 817
14.2833 815
14.3 813
14.3167 811
14.3333 809
14.35 807
14.3667 806
14.3833 804
14.4 802
14.4167 800
14.4333 798
14.45 796
14.4667 794
14.4833 792
14.5 790
14.5167 788
14.5333 786
14.55 784
14.5667 782
14.5833 780
14.6 778
14.6167 776
14.6333 774
14.65 772
14.6667 769
14.6833 767
14.7 765
14.7167 763
14.7333 761
14.75 758
14.7667 756
14.7833 754
14.8 752
14.8167 749
14.8333 747
14.85 745
14.8667 742
14.8833 740
14.9 738
14.9167 735
14.9333 733
14.95 731
14.9667 728
14.9833 726
15.0 724
15.0167 721
15.0333 719
15.05 716
15.0667 714
15.0833 711
15.1 709
15.1167 706
15.1333 704
15.15 701
15.1667 698
15.1833 696
15.2 693
15.2167 691
15.2333 688
15.25 685
15.2667 683
15.2833 680
15.3 677
15.3167 675
15.3333 672
15.35 669
15.3667 666
15.3833 664
15.4 661
15.4167 658
15.4333 655
15.45 653
15.4667 650
15.4833 647
15.5 644
15.5167 641
15.5333 639
15.55 636
15.5667 633
15.5833 630
15.6 627
15.6167 624
15.6333 621
15.65 618
15.6667 615
15.6833 612
15.7 609
15.7167 606
15.7333 603
15.75 600
15.7667 597
15.7833 594
15.8 591
15.8167 588
15.8333 585
15.85 582
15.8667 579
15.8833 576
15.9 573
15.9167 570
15.9333 567
15.95 564
15.9667 561
15.9833 558
