9.0 520
9.0167 523
9.0333 527
9.05 530
9.0667 533
9.0833 536
9.1 540
9.1167 543
9.1333 546
9.15 549
9.1667 553
9.1833 556
9.2 559
9.2167 562
9.2333 565
9.25 569
9.2667 572
9.2833 575
9.3 578
9.3167 581
9.3333 584
9.35 587
9.3667 590
9.3833 594
9.4 597
9.4167 600
9.4333 603
9.45 606
9.4667 609
9.4833 612
9.5 615
9.5167 618
9.5333 621
9.55 624
9.5667 627
9.5833 630
9.6 633
9.6167 636
9.6333 639
9.65 642
9.6667 645
9.6833 648
9.7 650
9.7167 653
9.7333 656
9.75 659
9.7667 662
9.7833 665
9.8 668
9.8167 670
9.8333 673
9.85 676
9.8667 679
9.8833 681
9.9 684
9.9167 687
9.9333 690
9.95 692
9.9667 695
9.9833 698
10.0 700
10.0167 703
10.0333 706
10.05 708
10.0667 711
10.0833 714
10.1 716
10.1167 719
10.1333 721
10.15 724
10.1667 726
10.1833 729
10.2 731
10.2167 734
10.2333 736
10.25 739
10.2667 741
10.2833 744
10.3 746
10.3167 749
10.3333 751
10.35 753
10.3667 756
10.3833 758
10.4 760
10.4167 763
10.4333 765
10.45 767
10.4667 770
10.4833 772
10.5 774
10.5167 776
10.5333 779
10.55 781
10.5667 783
10.5833 785
10.6 787
10.6167 789
10.6333 792
10.65 794
10.6667 796
10.6833 798
10.7 800
10.7167 802
10.7333 804
10.75 806
10.7667 808
10.7833 810
10.8 812
10.8167 814
10.8333 816
10.85 818
10.8667 820
10.8833 821
10.9 823
10.9167 825
10.9333 827
10.95 829
10.9667 831
10.9833 832
11.0 834
11.0167 836
11.0333 838
11.05 839
11.0667 841
11.0833 843
11.1 844
11.1167 846
11.1333 848
11.15 849
11.1667 851
11.1833 853
11.2 854
11.2167 856
11.2333 857
11.25 859
11.2667 860
11.2833 862
11.3 863
11.3167 865
11.3333 866
11.35 867
11.3667 869
11.3833 870
11.4 872
11.4167 873
11.4333 874
11.45 875
11.4667 877
11.4833 878
11.5 879
11.5167 881
11.5333 882
11.55 883
11.5667 884
11.5833 885
11.6 886
11.6167 888
11.6333 889
11.65 890
11.6667 891
11.6833 892
11.7 893
11.7167 894
11.7333 895
11.75 896
11.7667 897
11.7833 898
11.8 899
11.8167 900
11.8333 901
11.85 901
11.8667 902
11.8833 903
11.9 904
11.9167 905
11.9333 906
11.95 906
11.9667 907
11.9833 908
12.0 908
12.0167 909
12.0333 910
12.05 910
12.0667 911
12.0833 912
12.1 912
12.1167 913
12.1333 913
12.15 914
12.1667 915
12.1833 915
12.2 916
12.2167 916
12.2333 916
12.25 917
12.2667 917
12.2833 918
12.3 918
12.3167 918
12.3333 919
12.35 919
12.3667 919
12.3833 920
12.4 920
12.4167 920
12.4333 920
12.45 921
12.4667 921
12.4833 921
12.5 921
12.5167 921
12.5333 921
12.55 921
12.5667 921
12.5833 922
12.6 922
12.6167 922
12.6333 922
12.65 922
12.6667 922
12.6833 921
12.7 921
12.7167 921
12.7333 921
12.75 921
12.7667 921
12.7833 921
12.8 921
12.8167 920
12.8333 920
12.85 920
12.8667 920
12.8833 919
12.9 919
12.9167 919
12.9333 918
12.95 918
12.9667 918
12.9833 917
13.0 917
13.0167 916
13.0333 916
13.05 915
13.0667 915
13.0833 914
13.1 914
13.1167 913
13.1333 913
13.15 912
13.1667 912
13.1833 911
13.2 910
13.2167 910
13.2333 909
13.25 908
13.2667 908
13.2833 907
13.3 906
13.3167 905
13.3333 905
13.35 904
13.3667 903
13.3833 902
13.4 901
13.4167 900
13.4333 899
13.45 899
13.4667 898
13.4833 897
13.5 896
13.5167 895
13.5333 894
13.55 893
13.5667 892
13.5833 891
13.6 890
13.6167 888
13.6333 887
13.65 886
13.6667 885
13.6833 884
13.7 883
13.7167 881
13.7333 880
13.75 879
13.7667 878
13.7833 876
13.8 875
13.8167 874
13.8333 873
13.85 871
13.8667 870
13.8833 868
13.9 867
13.9167 866
13.9333 864
13.95 863
13.9667 861
13.9833 860
14.0 858
14.0167 857
14.0333 855
14.05 854
14.0667 852
14.0833 851
14.1 849
14.1167 847
14.1333 846
14.15 844
14.1667 842
14.1833 841
14.2 839
14.2167 837
14.2333 836
14.25 834
14.2667 832
14.2833 830
14.3 828
14.3167 827
14.3333 825
14.35 823
14.3667 821
14.3833 819
14.4 817
14.4167 815
14.4333 813
14.45 811
14.4667 809
14.4833 808
14.5 805
14.5167 803
14.5333 801
14.55 799
14.5667 797
14.5833 795
14.6 793
14.6167 791
14.6333 789
14.65 787
14.6667 785
14.6833 782
14.7 780
14.7167 778
14.7333 776
14.75 774
14.7667 771
14.7833 769
14.8 767
14.8167 765
14.8333 762
14.85 760
14.8667 758
14.8833 755
14.9 753
14.9167 750
14.9333 748
14.95 746
14.9667 743
14.9833 741
15.0 738
15.0167 736
15.0333 734
15.05 731
15.0667 729
15.0833 726
15.1 723
15.1167 721
15.1333 718
15.15 716
15.1667 713
15.1833 711
15.2 708
15.2167 705
15.2333 703
15.25 700
15.2667 697
15.2833 695
15.3 692
15.3167 689
15.3333 687
15.35 684
15.3667 681
15.3833 678
15.4 676
15.4167 673
15.4333 670
15.45 667
15.4667 664
15.4833 661
15.5 659
15.5167 656
15.5333 653
15.55 650
15.5667 647
15.5833 644
15.6 641
15.6167 638
15.6333 635
15.65 632
15.6667 629
15.6833 627
15.7 624
15.7167 621
15.7333 618
15.75 615
15.7667 611
15.7833 608
15.8 605
15.8167 602
15.8333 599
15.85 596
15.8667 593
15.8833 590
15.9 587
15.9167 584
15.9333 581
15.95 578
15.9667 574
15.9833 571
