9.0 505
9.0167 509
9.0333 512
9.05 516
9.0667 519
9.0833 523
9.1 526
9.1167 530
9.1333 533
9.15 536
9.1667 540
9.1833 543
9.2 547
9.2167 550
9.2333 554
9.25 557
9.2667 560
9.2833 564
9.3 567
9.3167 570
9.3333 574
9.35 577
9.3667 580
9.3833 584
9.4 587
9.4167 590
9.4333 594
9.45 597
9.4667 600
9.4833 603
9.5 607
9.5167 610
9.5333 613
9.55 616
9.5667 620
9.5833 623
9.6 626
9.6167 629
9.6333 632
9.65 635
9.6667 639
9.6833 642
9.7 645
9.7167 648
9.7333 651
9.75 654
9.7667 657
9.7833 660
9.8 663
9.8167 666
9.8333 669
9.85 672
9.8667 675
9.8833 678
9.9 681
9.9167 684
9.9333 687
9.95 690
9.9667 693
9.9833 696
10.0 699
10.0167 702
10.0333 705
10.05 707
10.0667 710
10.0833 713
10.1 716
10.1167 719
10.1333 722
10.15 724
10.1667 727
10.1833 730
10.2 733
10.2167 735
10.2333 738
10.25 741
10.2667 743
10.2833 746
10.3 749
10.3167 751
10.3333 754
10.35 756
10.3667 759
10.3833 762
10.4 764
10.4167 767
10.4333 769
10.45 772
10.4667 774
10.4833 777
10.5 779
10.5167 782
10.5333 784
10.55 787
10.5667 789
10.5833 791
10.6 794
10.6167 796
10.6333 798
10.65 801
10.6667 803
10.6833 805
10.7 808
10.7167 810
10.7333 812
10.75 814
10.7667 817
10.7833 819
10.8 821
10.8167 823
10.8333 825
10.85 827
10.8667 830
10.8833 832
10.9 834
10.9167 836
10.9333 838
10.95 840
10.9667 842
10.9833 844
11.0 846
11.0167 848
11.0333 850
11.05 852
11.0667 854
11.0833 855
11.1 857
11.1167 859
11.1333 861
11.15 863
11.1667 865
11.1833 867
11.2 868
11.2167 870
11.2333 872
11.25 874
11.2667 875
11.2833 877
11.3 879
11.3167 880
11.3333 882
11.35 884
11.3667 885
11.3833 887
11.4 888
11.4167 890
11.4333 891
11.45 893
11.4667 894
11.4833 896
11.5 897
11.5167 899
11.5333 900
11.55 902
11.5667 903
11.5833 904
11.6 906
11.6167 907
11.6333 908
11.65 910
11.6667 911
11.6833 912
11.7 913
11.7167 915
11.7333 916
11.75 917
11.7667 918
11.7833 919
11.8 920
11.8167 922
11.8333 923
11.85 924
11.8667 925
11.8833 926
11.9 927
11.9167 928
11.9333 929
11.95 930
11.9667 931
11.9833 932
12.0 932
12.0167 933
12.0333 934
12.05 935
12.0667 936
12.0833 937
12.1 938
12.1167 938
12.1333 939
12.15 940
12.1667 940
12.1833 941
12.2 942
12.2167 942
12.2333 943
12.25 944
12.2667 944
12.2833 945
12.3 945
12.3167 946
12.3333 947
12.35 947
12.3667 948
12.3833 948
12.4 948
12.4167 949
12.4333 949
12.45 950
12.4667 950
12.4833 950
12.5 951
12.5167 951
12.5333 951
12.55 952
12.5667 952
12.5833 952
12.6 952
12.6167 952
12.6333 953
12.65 953
12.6667 953
12.6833 953
12.7 953
12.7167 953
12.7333 953
12.75 953
12.7667 953
12.7833 953
12.8 953
12.8167 953
12.8333 953
12.85 953
12.8667 953
12.8833 953
12.9 953
12.9167 953
12.9333 952
12.95 952
12.9667 952
12.9833 952
13.0 951
13.0167 951
13.0333 951
13.05 951
13.0667 950
13.0833 950
13.1 950
13.1167 949
13.1333 949
13.15 948
13.1667 948
13.1833 947
13.2 947
13.2167 946
13.2333 946
13.25 945
13.2667 945
13.2833 944
13.3 944
13.3167 943
13.3333 942
13.35 942
13.3667 941
13.3833 940
13.4 940
13.4167 939
13.4333 938
13.45 937
13.4667 936
13.4833 936
13.5 935
13.5167 934
13.5333 933
13.55 932
13.5667 931
13.5833 930
13.6 929
13.6167 928
13.6333 927
13.65 926
13.6667 925
13.6833 924
13.7 923
13.7167 922
13.7333 921
13.75 920
13.7667 919
13.7833 918
13.8 917
13.8167 915
13.8333 914
13.85 913
13.8667 912
13.8833 910
13.9 909
13.9167 908
13.9333 907
13.95 905
13.9667 904
13.9833 902
14.0 901
14.0167 900
14.0333 898
14.05 897
14.0667 895
14.0833 894
14.1 892
14.1167 891
14.1333 889
14.15 888
14.1667 886
14.1833 885
14.2 883
14.2167 881
14.2333 880
14.25 878
14.2667 876
14.2833 875
14.3 873
14.3167 871
14.3333 869
14.35 868
14.3667 866
14.3833 864
14.4 862
14.4167 860
14.4333 859
14.45 857
14.4667 855
14.4833 853
14.5 851
14.5167 849
14.5333 847
14.55 845
14.5667 843
14.5833 841
14.6 839
14.6167 837
14.6333 835
14.65 833
14.6667 831
14.6833 829
14.7 827
14.7167 824
14.7333 822
14.75 820
14.7667 818
14.7833 816
14.8 814
14.8167 811
14.8333 809
14.85 807
14.8667 805
14.8833 802
14.9 800
14.9167 798
14.9333 795
14.95 793
14.9667 790
14.9833 788
15.0 785
15.0167 783
15.0333 780
15.05 778
15.0667 776
15.0833 773
15.1 771
15.1167 768
15.1333 765
15.15 763
15.1667 760
15.1833 758
15.2 755
15.2167 753
15.2333 750
15.25 747
15.2667 745
15.2833 742
15.3 739
15.3167 737
15.3333 734
15.35 731
15.3667 728
15.3833 726
15.4 723
15.4167 720
15.4333 717
15.45 715
15.4667 712
15.4833 709
15.5 706
15.5167 703
15.5333 700
15.55 697
15.5667 695
15.5833 692
15.6 689
15.6167 686
15.6333 683
15.65 680
15.6667 677
15.6833 674
15.7 671
15.7167 668
15.7333 665
15.75 662
15.7667 659
15.7833 656
15.8 653
15.8167 650
15.8333 646
15.85 643
15.8667 640
15.8833 637
15.9 634
15.9167 631
15.9333 628
15.95 624
15.9667 621
15.9833 618
