9.0 487
9.0167 490
9.0333 494
9.05 497
9.0667 500
9.0833 504
9.1 507
9.1167 511
9.1333 514
9.15 518
9.1667 521
9.1833 524
9.2 528
9.2167 531
9.2333 535
9.25 538
9.2667 541
9.2833 545
9.3 548
9.3167 552
9.3333 555
9.35 558
9.3667 561
9.3833 565
9.4 568
9.4167 571
9.4333 575
9.45 578
9.4667 581
9.4833 584
9.5 588
9.5167 591
9.5333 594
9.55 597
9.5667 601
9.5833 604
9.6 607
9.6167 610
9.6333 613
9.65 616
9.6667 619
9.6833 623
9.7 626
9.7167 629
9.7333 632
9.75 635
9.7667 638
9.7833 641
9.8 644
9.8167 647
9.8333 650
9.85 653
9.8667 656
9.8833 659
9.9 662
9.9167 665
9.9333 668
9.95 671
9.9667 674
9.9833 677
10.0 680
10.0167 682
10.0333 685
10.05 688
10.0667 691
10.0833 694
10.1 697
10.1167 699
10.1333 702
10.15 705
10.1667 708
10.1833 710
10.2 713
10.2167 716
10.2333 718
10.25 721
10.2667 724
10.2833 726
10.3 729
10.3167 732
10.3333 734
10.35 737
10.3667 740
10.3833 742
10.4 745
10.4167 747
10.4333 750
10.45 752
10.4667 755
10.4833 757
10.5 760
10.5167 762
10.5333 764
10.55 767
10.5667 769
10.5833 772
10.6 774
10.6167 776
10.6333 779
10.65 781
10.6667 783
10.6833 786
10.7 788
10.7167 790
10.7333 792
10.75 795
10.7667 797
10.7833 799
10.8 801
10.8167 803
10.8333 805
10.85 808
10.8667 810
10.8833 812
10.9 814
10.9167 816
10.9333 818
10.95 820
10.9667 822
10.9833 824
11.0 826
11.0167 828
11.0333 830
11.05 832
11.0667 834
11.0833 836
11.1 837
11.1167 839
11.1333 841
11.15 843
11.1667 845
11.1833 846
11.2 848
11.2167 850
11.2333 852
11.25 853
11.2667 855
11.2833 857
11.3 858
11.3167 860
11.3333 862
11.35 863
11.3667 865
11.3833 867
11.4 868
11.4167 870
11.4333 871
11.45 873
11.4667 874
11.4833 876
11.5 877
11.5167 878
11.5333 880
11.55 881
11.5667 883
11.5833 884
11.6 885
11.6167 887
11.6333 888
11.65 889
11.6667 890
11.6833 892
11.7 893
11.7167 894
11.7333 895
11.75 896
11.7667 898
11.7833 899
11.8 900
11.8167 901
11.8333 902
11.85 903
11.8667 904
11.8833 905
11.9 906
11.9167 907
11.9333 908
11.95 909
11.9667 910
11.9833 911
12.0 912
12.0167 913
12.0333 913
12.05 914
12.0667 915
12.0833 916
12.1 917
12.1167 917
12.1333 918
12.15 919
12.1667 920
12.1833 920
12.2 921
12.2167 922
12.2333 922
12.25 923
12.2667 923
12.2833 924
12.3 924
12.3167 925
12.3333 925
12.35 926
12.3667 926
12.3833 927
12.4 927
12.4167 928
12.4333 928
12.45 928
12.4667 929
12.4833 929
12.5 929
12.5167 930
12.5333 930
12.55 930
12.5667 930
12.5833 931
12.6 931
12.6167 931
12.6333 931
12.65 931
12.6667 931
12.6833 931
12.7 932
12.7167 932
12.7333 932
12.75 932
12.7667 932
12.7833 932
12.8 932
12.8167 932
12.8333 931
12.85 931
12.8667 931
12.8833 931
12.9 931
12.9167 931
12.9333 931
12.95 930
12.9667 930
12.9833 930
13.0 930
13.0167 929
13.0333 929
13.05 929
13.0667 928
13.0833 928
13.1 927
13.1167 927
13.1333 927
13.15 926
13.1667 926
13.1833 925
13.2 925
13.2167 924
13.2333 924
13.25 923
13.2667 922
13.2833 922
13.3 921
13.3167 921
13.3333 920
13.35 919
13.3667 918
13.3833 918
13.4 917
13.4167 916
13.4333 915
13.45 915
13.4667 914
13.4833 913
13.5 912
13.5167 911
13.5333 910
13.55 909
13.5667 909
13.5833 908
13.6 907
13.6167 906
13.6333 905
13.65 904
13.6667 903
13.6833 901
13.7 900
13.7167 899
13.7333 898
13.75 897
13.7667 896
13.7833 895
13.8 893
13.8167 892
13.8333 891
13.85 890
13.8667 888
13.8833 887
13.9 886
13.9167 885
13.9333 883
13.95 882
13.9667 880
13.9833 879
14.0 878
14.0167 876
14.0333 875
14.05 873
14.0667 872
14.0833 870
14.1 869
14.1167 867
14.1333 866
14.15 864
14.1667 862
14.1833 861
14.2 859
14.2167 858
14.2333 856
14.25 854
14.2667 853
14.2833 851
14.3 849
14.3167 847
14.3333 846
14.35 844
14.3667 842
14.3833 840
14.4 838
14.4167 836
14.4333 835
14.45 833
14.4667 831
14.4833 829
14.5 827
14.5167 825
14.5333 823
14.55 821
14.5667 819
14.5833 817
14.6 815
14.6167 813
14.6333 811
14.65 809
14.6667 806
14.6833 804
14.7 802
14.7167 800
14.7333 798
14.75 796
14.7667 793
14.7833 791
14.8 789
14.8167 787
14.8333 784
14.85 782
14.8667 780
14.8833 777
14.9 775
14.9167 773
14.9333 770
14.95 768
14.9667 766
14.9833 763
15.0 760
15.0167 758
15.0333 755
15.05 753
15.0667 750
15.0833 748
15.1 745
15.1167 743
15.1333 740
15.15 738
15.1667 735
15.1833 732
15.2 730
15.2167 727
15.2333 725
15.25 722
15.2667 719
15.2833 717
15.3 714
15.3167 711
15.3333 708
15.35 706
15.3667 703
15.3833 700
15.4 697
15.4167 695
15.4333 692
15.45 689
15.4667 686
15.4833 683
15.5 680
15.5167 677
15.5333 675
15.55 672
15.5667 669
15.5833 666
15.6 663
15.6167 660
15.6333 657
15.65 654
15.6667 651
15.6833 648
15.7 645
15.7167 642
15.7333 639
15.75 636
15.7667 633
15.7833 630
15.8 627
15.8167 623
15.8333 620
15.85 617
15.8667 614
15.8833 611
15.9 608
15.9167 605
15.9333 601
15.95 598
15.9667 595
15.9833 592
