9.0 534
9.0167 537
9.0333 541
9.05 544
9.0667 547
9.0833 550
9.1 554
9.1167 557
9.1333 560
9.15 563
9.1667 566
9.1833 569
9.2 573
9.2167 576
9.2333 579
9.25 582
9.2667 585
9.2833 588
9.3 591
9.3167 595
9.3333 598
9.35 601
9.3667 604
9.3833 607
9.4 610
9.4167 613
9.4333 616
9.45 619
9.4667 622
9.4833 625
9.5 628
9.5167 631
9.5333 634
9.55 637
9.5667 640
9.5833 643
9.6 646
9.6167 649
9.6333 652
9.65 655
9.6667 658
9.6833 660
9.7 663
9.7167 666
9.7333 669
9.75 672
9.7667 675
9.7833 677
9.8 680
9.8167 683
9.8333 686
9.85 689
9.8667 691
9.8833 694
9.9 697
9.9167 699
9.9333 702
9.95 705
9.9667 708
9.9833 710
10.0 713
10.0167 715
10.0333 718
10.05 721
10.0667 723
10.0833 726
10.1 728
10.1167 731
10.1333 734
10.15 736
10.1667 739
10.1833 741
10.2 744
10.2167 746
10.2333 749
10.25 751
10.2667 753
10.2833 756
10.3 758
10.3167 761
10.3333 763
10.35 765
10.3667 768
10.3833 770
10.4 772
10.4167 775
10.4333 777
10.45 779
10.4667 782
10.4833 784
10.5 786
10.5167 788
10.5333 790
10.55 793
10.5667 795
10.5833 797
10.6 799
10.6167 801
10.6333 803
10.65 806
10.6667 808
10.6833 810
10.7 812
10.7167 814
10.7333 816
10.75 818
10.7667 820
10.7833 822
10.8 824
10.8167 826
10.8333 828
10.85 830
10.8667 831
10.8833 833
10.9 835
10.9167 837
10.9333 839
10.95 841
10.9667 843
10.9833 844
11.0 846
11.0167 848
11.0333 850
11.05 851
11.0667 853
11.0833 855
11.1 856
11.1167 858
11.1333 860
11.15 861
11.1667 863
11.1833 864
11.2 866
11.2167 868
11.2333 869
11.25 871
11.2667 872
11.2833 874
11.3 875
11.3167 877
11.3333 878
11.35 879
11.3667 881
11.3833 882
11.4 884
11.4167 885
11.4333 886
11.45 888
11.4667 889
11.4833 890
11.5 892
11.5167 893
11.5333 894
11.55 895
11.5667 896
11.5833 898
11.6 899
11.6167 900
11.6333 901
11.65 902
11.6667 903
11.6833 904
11.7 905
11.7167 906
11.7333 908
11.75 909
11.7667 909
11.7833 910
11.8 911
11.8167 912
11.8333 913
11.85 914
11.8667 915
11.8833 916
11.9 917
11.9167 918
11.9333 918
11.95 919
11.9667 920
11.9833 921
12.0 922
12.0167 922
12.0333 923
12.05 924
12.0667 924
12.0833 925
12.1 926
12.1167 926
12.1333 927
12.15 927
12.1667 928
12.1833 928
12.2 929
12.2167 930
12.2333 930
12.25 930
12.2667 931
12.2833 931
12.3 932
12.3167 932
12.3333 933
12.35 933
12.3667 933
12.3833 934
12.4 934
12.4167 934
12.4333 934
12.45 935
12.4667 935
12.4833 935
12.5 935
12.5167 936
12.5333 936
12.55 936
12.5667 936
12.5833 936
12.6 936
12.6167 936
12.6333 936
12.65 936
12.6667 936
12.6833 936
12.7 936
12.7167 936
12.7333 936
12.75 936
12.7667 936
12.7833 936
12.8 936
12.8167 936
12.8333 935
12.85 935
12.8667 935
12.8833 935
12.9 935
12.9167 934
12.9333 934
12.95 934
12.9667 933
12.9833 933
13.0 933
13.0167 932
13.0333 932
13.05 932
13.0667 931
13.0833 931
13.1 930
13.1167 930
13.1333 929
13.15 929
13.1667 928
13.1833 928
13.2 927
13.2167 927
13.2333 926
13.25 925
13.2667 925
13.2833 924
13.3 923
13.3167 923
13.3333 922
13.35 921
13.3667 920
13.3833 920
13.4 919
13.4167 918
13.4333 917
13.45 916
13.4667 916
13.4833 915
13.5 914
13.5167 913
13.5333 912
13.55 911
13.5667 910
13.5833 909
13.6 908
13.6167 907
13.6333 906
13.65 905
13.6667 904
13.6833 903
13.7 902
13.7167 900
13.7333 899
13.75 898
13.7667 897
13.7833 896
13.8 895
13.8167 893
13.8333 892
13.85 891
13.8667 890
13.8833 888
13.9 887
13.9167 886
13.9333 884
13.95 883
13.9667 882
13.9833 880
14.0 879
14.0167 877
14.0333 876
14.05 874
14.0667 873
14.0833 871
14.1 870
14.1167 868
14.1333 867
14.15 865
14.1667 864
14.1833 862
14.2 860
14.2167 859
14.2333 857
14.25 855
14.2667 854
14.2833 852
14.3 850
14.3167 849
14.3333 847
14.35 845
14.3667 843
14.3833 842
14.4 840
14.4167 838
14.4333 836
14.45 834
14.4667 832
14.4833 830
14.5 829
14.5167 827
14.5333 825
14.55 823
14.5667 821
14.5833 819
14.6 817
14.6167 815
14.6333 813
14.65 811
14.6667 809
14.6833 807
14.7 804
14.7167 802
14.7333 800
14.75 798
14.7667 796
14.7833 794
14.8 792
14.8167 789
14.8333 787
14.85 785
14.8667 783
14.8833 780
14.9 778
14.9167 776
14.9333 774
14.95 771
14.9667 769
14.9833 767
15.0 764
15.0167 762
15.0333 760
15.05 757
15.0667 755
15.0833 752
15.1 750
15.1167 747
15.1333 745
15.15 742
15.1667 740
15.1833 737
15.2 735
15.2167 732
15.2333 730
15.25 727
15.2667 725
15.2833 722
15.3 719
15.3167 717
15.3333 714
15.35 712
15.3667 709
15.3833 706
15.4 704
15.4167 701
15.4333 698
15.45 695
15.4667 693
15.4833 690
15.5 687
15.5167 684
15.5333 682
15.55 679
15.5667 676
15.5833 673
15.6 670
15.6167 668
15.6333 665
15.65 662
15.6667 659
15.6833 656
15.7 653
15.7167 650
15.7333 647
15.75 645
15.7667 642
15.7833 639
15.8 636
15.8167 633
15.8333 630
15.85 627
15.8667 624
15.8833 621
15.9 618
15.9167 615
15.9333 612
15.95 609
15.9667 606
15.9833 602
