9.0 526
9.0167 529
9.0333 533
9.05 536
9.0667 539
9.0833 542
9.1 546
9.1167 549
9.1333 552
9.15 556
9.1667 559
9.1833 562
9.2 565
9.2167 569
9.2333 572
9.25 575
9.2667 578
9.2833 581
9.3 585
9.3167 588
9.3333 591
9.35 594
9.3667 597
9.3833 600
9.4 604
9.4167 607
9.4333 610
9.45 613
9.4667 616
9.4833 619
9.5 622
9.5167 625
9.5333 628
9.55 631
9.5667 634
9.5833 637
9.6 640
9.6167 643
9.6333 646
9.65 649
9.6667 652
9.6833 655
9.7 658
9.7167 661
9.7333 664
9.75 667
9.7667 670
9.7833 673
9.8 676
9.8167 679
9.8333 681
9.85 684
9.8667 687
9.8833 690
9.9 693
9.9167 696
9.9333 698
9.95 701
9.9667 704
9.9833 707
10.0 709
10.0167 712
10.0333 715
10.05 718
10.0667 720
10.0833 723
10.1 726
10.1167 728
10.1333 731
10.15 733
10.1667 736
10.1833 739
10.2 741
10.2167 744
10.2333 746
10.25 749
10.2667 751
10.2833 754
10.3 756
10.3167 759
10.3333 761
10.35 764
10.3667 766
10.3833 769
10.4 771
10.4167 773
10.4333 776
10.45 778
10.4667 781
10.4833 783
10.5 785
10.5167 788
10.5333 790
10.55 792
10.5667 794
10.5833 797
10.6 799
10.6167 801
10.6333 803
10.65 806
10.6667 808
10.6833 810
10.7 812
10.7167 814
10.7333 816
10.75 818
10.7667 821
10.7833 823
10.8 825
10.8167 827
10.8333 829
10.85 831
10.8667 833
10.8833 835
10.9 837
10.9167 839
10.9333 841
10.95 843
10.9667 844
10.9833 846
11.0 848
11.0167 850
11.0333 852
11.05 854
11.0667 856
11.0833 857
11.1 859
11.1167 861
11.1333 863
11.15 864
11.1667 866
11.1833 868
11.2 869
11.2167 871
11.2333 873
11.25 874
11.2667 876
11.2833 878
11.3 879
11.3167 881
11.3333 882
11.35 884
11.3667 885
11.3833 887
11.4 888
11.4167 890
11.4333 891
11.45 893
11.4667 894
11.4833 895
11.5 897
11.5167 898
11.5333 899
11.55 901
11.5667 902
11.5833 903
11.6 905
11.6167 906
11.6333 907
11.65 908
11.6667 909
11.6833 911
11.7 912
11.7167 913
11.7333 914
11.75 915
11.7667 916
11.7833 917
11.8 918
11.8167 920
11.8333 921
11.85 922
11.8667 923
11.8833 924
11.9 924
11.9167 925
11.9333 926
11.95 927
11.9667 928
11.9833 929
12.0 930
12.0167 931
12.0333 931
12.05 932
12.0667 933
12.0833 934
12.1 935
12.1167 935
12.1333 936
12.15 937
12.1667 937
12.1833 938
12.2 939
12.2167 939
12.2333 940
12.25 940
12.2667 941
12.2833 941
12.3 942
12.3167 942
12.3333 943
12.35 943
12.3667 944
12.3833 944
12.4 945
12.4167 945
12.4333 945
12.45 946
12.4667 946
12.4833 946
12.5 947
12.5167 947
12.5333 947
12.55 948
12.5667 948
12.5833 948
12.6 948
12.6167 948
12.6333 949
12.65 949
12.6667 949
12.6833 949
12.7 949
12.7167 949
12.7333 949
12.75 949
12.7667 949
12.7833 949
12.8 949
12.8167 949
12.8333 949
12.85 949
12.8667 949
12.8833 949
12.9 948
12.9167 948
12.9333 948
12.95 948
12.9667 948
12.9833 947
13.0 947
13.0167 947
13.0333 947
13.05 946
13.0667 946
13.0833 946
13.1 945
13.1167 945
13.1333 945
13.15 944
13.1667 944
13.1833 943
13.2 943
13.2167 942
13.2333 942
13.25 941
13.2667 941
13.2833 940
13.3 939
13.3167 939
13.3333 938
13.35 938
13.3667 937
13.3833 936
13.4 936
13.4167 935
13.4333 934
13.45 933
13.4667 933
13.4833 932
13.5 931
13.5167 930
13.5333 929
13.55 929
13.5667 928
13.5833 927
13.6 926
13.6167 925
13.6333 924
13.65 923
13.6667 922
13.6833 921
13.7 920
13.7167 919
13.7333 918
13.75 917
13.7667 916
13.7833 915
13.8 914
13.8167 912
13.8333 911
13.85 910
13.8667 909
13.8833 908
13.9 906
13.9167 905
13.9333 904
13.95 903
13.9667 901
13.9833 900
14.0 899
14.0167 897
14.0333 896
14.05 895
14.0667 893
14.0833 892
14.1 890
14.1167 889
14.1333 888
14.15 886
14.1667 885
14.1833 883
14.2 881
14.2167 880
14.2333 878
14.25 877
14.2667 875
14.2833 874
14.3 872
14.3167 870
14.3333 869
14.35 867
14.3667 865
14.3833 864
14.4 862
14.4167 860
14.4333 858
14.45 856
14.4667 855
14.4833 853
14.5 851
14.5167 849
14.5333 847
14.55 845
14.5667 844
14.5833 842
14.6 840
14.6167 838
14.6333 836
14.65 834
14.6667 832
14.6833 830
14.7 828
14.7167 826
14.7333 824
14.75 822
14.7667 820
14.7833 817
14.8 815
14.8167 813
14.8333 811
14.85 809
14.8667 807
14.8833 805
14.9 802
14.9167 800
14.9333 798
14.95 796
14.9667 793
14.9833 791
15.0 789
15.0167 787
15.0333 784
15.05 782
15.0667 780
15.0833 777
15.1 775
15.1167 772
15.1333 770
15.15 768
15.1667 765
15.1833 763
15.2 760
15.2167 758
15.2333 755
15.25 753
15.2667 750
15.2833 748
15.3 745
15.3167 743
15.3333 740
15.35 737
15.3667 735
15.3833 732
15.4 730
15.4167 727
15.4333 724
15.45 722
15.4667 719
15.4833 716
15.5 714
15.5167 711
15.5333 708
15.55 705
15.5667 703
15.5833 700
15.6 697
15.6167 694
15.6333 692
15.65 689
15.6667 686
15.6833 683
15.7 680
15.7167 677
15.7333 674
15.75 672
15.7667 669
15.7833 666
15.8 663
15.8167 660
15.8333 657
15.85 654
15.8667 651
15.8833 648
15.9 645
15.9167 642
15.9333 639
15.95 636
15.9667 633
15.9833 630
