9.0 255
9.0167 257
9.0333 260
9.05 263
9.0667 267
9.0833 270
9.1 273
9.1167 276
9.1333 279
9.15 282
9.1667 285
9.1833 289
9.2 292
9.2167 295
9.2333 298
9.25 301
9.2667 304
9.2833 307
9.3 310
9.3167 313
9.3333 316
9.35 319
9.3667 323
9.3833 326
9.4 329
9.4167 332
9.4333 335
9.45 338
9.4667 341
9.4833 344
9.5 347
9.5167 350
9.5333 353
9.55 356
9.5667 359
9.5833 362
9.6 364
9.6167 367
9.6333 370
9.65 373
9.6667 376
9.6833 379
9.7 382
9.7167 385
9.7333 388
9.75 390
9.7667 393
9.7833 396
9.8 399
9.8167 402
9.8333 405
9.85 407
9.8667 410
9.8833 413
9.9 416
9.9167 418
9.9333 421
9.95 424
9.9667 427
9.9833 429
10.0 432
10.0167 435
10.0333 437
10.05 440
10.0667 442
10.0833 445
10.1 448
10.1167 450
10.1333 453
10.15 455
10.1667 458
10.1833 461
10.2 463
10.2167 466
10.2333 468
10.25 471
10.2667 473
10.2833 475
10.3 478
10.3167 480
10.3333 483
10.35 485
10.3667 488
10.3833 490
10.4 492
10.4167 495
10.4333 497
10.45 499
10.4667 502
10.4833 504
10.5 506
10.5167 508
10.5333 511
10.55 513
10.5667 515
10.5833 517
10.6 519
10.6167 521
10.6333 524
10.65 526
10.6667 528
10.6833 530
10.7 532
10.7167 534
10.7333 536
10.75 538
10.7667 540
10.7833 542
10.8 544
10.8167 546
10.8333 548
10.85 550
10.8667 552
10.8833 554
10.9 556
10.9167 558
10.9333 559
10.95 561
10.9667 563
10.9833 565
11.0 567
11.0167 568
11.0333 570
11.05 572
11.0667 574
11.0833 575
11.1 577
11.1167 579
11.1333 580
11.15 582
11.1667 584
11.1833 585
11.2 587
11.2167 588
11.2333 590
11.25 591
11.2667 593
11.2833 594
11.3 596
11.3167 597
11.3333 599
11.35 600
11.3667 602
11.3833 603
11.4 604
11.4167 606
11.4333 607
11.45 608
11.4667 610
11.4833 611
11.5 612
11.5167 613
11.5333 615
11.55 616
11.5667 617
11.5833 618
11.6 619
11.6167 620
11.6333 622
11.65 623
11.6667 624
11.6833 625
11.7 626
11.7167 627
11.7333 628
11.75 629
11.7667 630
11.7833 631
11.8 632
11.8167 633
11.8333 633
11.85 634
11.8667 635
11.8833 636
11.9 637
11.9167 638
11.9333 638
11.95 639
11.9667 640
11.9833 641
12.0 641
12.0167 642
12.0333 643
12.05 643
12.0667 644
12.0833 645
12.1 645
12.1167 646
12.1333 646
12.15 647
12.1667 647
12.1833 648
12.2 648
12.2167 649
12.2333 649
12.25 650
12.2667 650
12.2833 650
12.3 651
12.3167 651
12.3333 651
12.35 652
12.3667 652
12.3833 652
12.4 652
12.4167 653
12.4333 653
12.45 653
12.4667 653
12.4833 653
12.5 653
12.5167 654
12.5333 654
12.55 654
12.5667 654
12.5833 654
12.6 654
12.6167 654
12.6333 654
12.65 654
12.6667 654
12.6833 654
12.7 654
12.7167 653
12.7333 653
12.75 653
12.7667 653
12.7833 653
12.8 652
12.8167 652
12.8333 652
12.85 652
12.8667 651
12.8833 651
12.9 651
12.9167 650
12.9333 650
12.95 650
12.9667 649
12.9833 649
13.0 648
13.0167 648
13.0333 647
13.05 647
13.0667 646
13.0833 646
13.1 645
13.1167 645
13.1333 644
13.15 643
13.1667 643
13.1833 642
13.2 641
13.2167 641
13.2333 640
13.25 639
13.2667 639
13.2833 638
13.3 637
13.3167 636
13.3333 635
13.35 635
13.3667 634
13.3833 633
13.4 632
13.4167 631
13.4333 630
13.45 629
13.4667 628
13.4833 627
13.5 626
13.5167 625
13.5333 624
13.55 623
13.5667 622
13.5833 621
13.6 620
13.6167 618
13.6333 617
13.65 616
13.6667 615
13.6833 614
13.7 612
13.7167 611
13.7333 610
13.75 609
13.7667 607
13.7833 606
13.8 605
13.8167 603
13.8333 602
13.85 600
13.8667 599
13.8833 598
13.9 596
13.9167 595
13.9333 593
13.95 592
13.9667 590
13.9833 589
14.0 587
14.0167 585
14.0333 584
14.05 582
14.0667 581
14.0833 579
14.1 577
14.1167 576
14.1333 574
14.15 572
14.1667 571
14.1833 569
14.2 567
14.2167 565
14.2333 563
14.25 562
14.2667 560
14.2833 558
14.3 556
14.3167 554
14.3333 552
14.35 550
14.3667 548
14.3833 547
14.4 545
14.4167 543
14.4333 541
14.45 539
14.4667 537
14.4833 534
14.5 532
14.5167 530
14.5333 528
14.55 526
14.5667 524
14.5833 522
14.6 520
14.6167 518
14.6333 515
14.65 513
14.6667 511
14.6833 509
14.7 506
14.7167 504
14.7333 502
14.75 500
14.7667 497
14.7833 495
14.8 493
14.8167 490
14.8333 488
14.85 486
14.8667 483
14.8833 481
14.9 478
14.9167 476
14.9333 473
14.95 471
14.9667 469
14.9833 466
15.0 464
15.0167 461
15.0333 459
15.05 456
15.0667 454
15.0833 451
15.1 448
15.1167 446
15.1333 443
15.15 441
15.1667 438
15.1833 435
15.2 433
15.2167 430
15.2333 427
15.25 425
15.2667 422
15.2833 419
15.3 416
15.3167 414
15.3333 411
15.35 408
15.3667 405
15.3833 403
15.4 400
15.4167 397
15.4333 394
15.45 391
15.4667 388
15.4833 386
15.5 383
15.5167 380
15.5333 377
15.55 374
15.5667 371
15.5833 368
15.6 365
15.6167 362
15.6333 359
15.65 356
15.6667 353
15.6833 350
15.7 347
15.7167 344
15.7333 341
15.75 338
15.7667 335
15.7833 332
15.8 329
15.8167 326
15.8333 323
15.85 320
15.8667 317
15.8833 314
15.9 311
15.9167 308
15.9333 305
15.95 302
15.9667 299
15.9833 296
