9.0 275
9.0167 280
9.0333 283
9.05 287
9.0667 290
9.0833 294
9.1 297
9.1167 301
9.1333 304
9.15 308
9.1667 311
9.1833 315
9.2 318
9.2167 322
9.2333 325
9.25 329
9.2667 332
9.2833 336
9.3 339
9.3167 343
9.3333 346
9.35 350
9.3667 353
9.3833 357
9.4 360
9.4167 364
9.4333 367
9.45 371
9.4667 374
9.4833 377
9.5 381
9.5167 384
9.5333 388
9.55 391
9.5667 394
9.5833 398
9.6 401
9.6167 404
9.6333 408
9.65 411
9.6667 414
9.6833 418
9.7 421
9.7167 424
9.7333 428
9.75 431
9.7667 434
9.7833 437
9.8 441
9.8167 444
9.8333 447
9.85 450
9.8667 454
9.8833 457
9.9 460
9.9167 463
9.9333 466
9.95 469
9.9667 473
9.9833 476
10.0 479
10.0167 482
10.0333 485
10.05 488
10.0667 491
10.0833 494
10.1 497
10.1167 500
10.1333 503
10.15 506
10.1667 509
10.1833 512
10.2 515
10.2167 518
10.2333 521
10.25 524
10.2667 527
10.2833 530
10.3 533
10.3167 536
10.3333 538
10.35 541
10.3667 544
10.3833 547
10.4 550
10.4167 552
10.4333 555
10.45 558
10.4667 561
10.4833 563
10.5 566
10.5167 569
10.5333 572
10.55 574
10.5667 577
10.5833 579
10.6 582
10.6167 585
10.6333 587
10.65 590
10.6667 592
10.6833 595
10.7 597
10.7167 600
10.7333 602
10.75 605
10.7667 607
10.7833 610
10.8 612
10.8167 615
10.8333 617
10.85 619
10.8667 622
10.8833 624
10.9 626
10.9167 629
10.9333 631
10.95 633
10.9667 636
10.9833 638
11.0 640
11.0167 642
11.0333 645
11.05 647
11.0667 649
11.0833 651
11.1 653
11.1167 655
11.1333 657
11.15 659
11.1667 661
11.1833 663
11.2 665
11.2167 667
11.2333 669
11.25 671
11.2667 673
11.2833 675
11.3 677
11.3167 679
11.3333 681
11.35 683
11.3667 685
11.3833 687
11.4 688
11.4167 690
11.4333 692
11.45 694
11.4667 695
11.4833 697
11.5 699
11.5167 700
11.5333 702
11.55 704
11.5667 705
11.5833 707
11.6 709
11.6167 710
11.6333 712
11.65 713
11.6667 715
11.6833 716
11.7 718
11.7167 719
11.7333 720
11.75 722
11.7667 723
11.7833 725
11.8 726
11.8167 727
11.8333 729
11.85 730
11.8667 731
11.8833 732
11.9 734
11.9167 735
11.9333 736
11.95 737
11.9667 738
11.9833 740
12.0 741
12.0167 742
12.0333 743
12.05 744
12.0667 745
12.0833 746
12.1 747
12.1167 748
12.1333 749
12.15 750
12.1667 751
12.1833 752
12.2 753
12.2167 753
12.2333 754
12.25 755
12.2667 756
12.2833 757
12.3 757
12.3167 758
12.3333 759
12.35 760
12.3667 760
12.3833 761
12.4 762
12.4167 762
12.4333 763
12.45 763
12.4667 764
12.4833 764
12.5 765
12.5167 765
12.5333 766
12.55 766
12.5667 767
12.5833 767
12.6 768
12.6167 768
12.6333 768
12.65 769
12.6667 769
12.6833 769
12.7 770
12.7167 770
12.7333 770
12.75 770
12.7667 771
12.7833 771
12.8 771
12.8167 771
12.8333 771
12.85 771
12.8667 771
12.8833 771
12.9 771
12.9167 771
12.9333 771
12.95 771
12.9667 771
12.9833 771
13.0 771
13.0167 771
13.0333 771
13.05 771
13.0667 771
13.0833 770
13.1 770
13.1167 770
13.1333 770
13.15 769
13.1667 769
13.1833 769
13.2 768
13.2167 768
13.2333 768
13.25 767
13.2667 767
13.2833 767
13.3 766
13.3167 766
13.3333 765
13.35 765
13.3667 764
13.3833 763
13.4 763
13.4167 762
13.4333 762
13.45 761
13.4667 760
13.4833 760
13.5 759
13.5167 758
13.5333 758
13.55 757
13.5667 756
13.5833 755
13.6 754
13.6167 754
13.6333 753
13.65 752
13.6667 751
13.6833 750
13.7 749
13.7167 748
13.7333 747
13.75 746
13.7667 745
13.7833 744
13.8 743
13.8167 742
13.8333 741
13.85 740
13.8667 739
13.8833 737
13.9 736
13.9167 735
13.9333 734
13.95 733
13.9667 731
13.9833 730
14.0 729
14.0167 728
14.0333 726
14.05 725
14.0667 723
14.0833 722
14.1 721
14.1167 719
14.1333 718
14.15 716
14.1667 715
14.1833 713
14.2 712
14.2167 710
14.2333 709
14.25 707
14.2667 706
14.2833 704
14.3 702
14.3167 701
14.3333 699
14.35 697
14.3667 696
14.3833 694
14.4 692
14.4167 690
14.4333 689
14.45 687
14.4667 685
14.4833 683
14.5 681
14.5167 679
14.5333 678
14.55 676
14.5667 674
14.5833 672
14.6 670
14.6167 668
14.6333 666
14.65 664
14.6667 662
14.6833 660
14.7 658
14.7167 656
14.7333 653
14.75 651
14.7667 649
14.7833 647
14.8 645
14.8167 643
14.8333 640
14.85 638
14.8667 636
14.8833 634
14.9 631
14.9167 629
14.9333 627
14.95 625
14.9667 622
14.9833 620
15.0 618
15.0167 616
15.0333 614
15.05 611
15.0667 609
15.0833 606
15.1 604
15.1167 601
15.1333 599
15.15 596
15.1667 594
15.1833 591
15.2 589
15.2167 586
15.2333 584
15.25 581
15.2667 578
15.2833 576
15.3 573
15.3167 570
15.3333 568
15.35 565
15.3667 562
15.3833 559
15.4 557
15.4167 554
15.4333 551
15.45 548
15.4667 546
15.4833 543
15.5 540
15.5167 537
15.5333 534
15.55 531
15.5667 528
15.5833 525
15.6 523
15.6167 520
15.6333 517
15.65 514
15.6667 511
15.6833 508
15.7 505
15.7167 502
15.7333 499
15.75 496
15.7667 493
15.7833 490
15.8 487
15.8167 483
15.8333 480
15.85 477
15.8667 474
15.8833 471
15.9 468
15.9167 465
15.9333 461
15.95 458
15.9667 455
15.9833 452
