9.0 157
9.0167 160
9.0333 162
9.05 164
9.0667 167
9.0833 169
9.1 172
9.1167 174
9.1333 176
9.15 179
9.1667 181
9.1833 184
9.2 186
9.2167 188
9.2333 191
9.25 193
9.2667 196
9.2833 198
9.3 201
9.3167 203
9.3333 205
9.35 208
9.3667 210
9.3833 213
9.4 215
9.4167 218
9.4333 220
9.45 223
9.4667 225
9.4833 228
9.5 230
9.5167 232
9.5333 235
9.55 237
9.5667 240
9.5833 242
9.6 245
9.6167 247
9.6333 249
9.65 252
9.6667 254
9.6833 257
9.7 259
9.7167 262
9.7333 264
9.75 266
9.7667 269
9.7833 271
9.8 274
9.8167 276
9.8333 278
9.85 281
9.8667 283
9.8833 286
9.9 288
9.9167 290
9.9333 293
9.95 295
9.9667 297
9.9833 300
10.0 302
10.0167 305
10.0333 307
10.05 309
10.0667 311
10.0833 314
10.1 316
10.1167 318
10.1333 321
10.15 323
10.1667 325
10.1833 328
10.2 330
10.2167 332
10.2333 334
10.25 336
10.2667 339
10.2833 341
10.3 343
10.3167 345
10.3333 348
10.35 350
10.3667 352
10.3833 354
10.4 356
10.4167 358
10.4333 360
10.45 363
10.4667 365
10.4833 367
10.5 369
10.5167 371
10.5333 373
10.55 375
10.5667 377
10.5833 379
10.6 381
10.6167 383
10.6333 385
10.65 387
10.6667 389
10.6833 391
10.7 393
10.7167 395
10.7333 397
10.75 399
10.7667 401
10.7833 403
10.8 405
10.8167 407
10.8333 409
10.85 410
10.8667 412
10.8833 414
10.9 416
10.9167 418
10.9333 420
10.95 421
10.9667 423
10.9833 425
11.0 427
11.0167 428
11.0333 430
11.05 432
11.0667 433
11.0833 435
11.1 437
11.1167 438
11.1333 440
11.15 442
11.1667 443
11.1833 445
11.2 446
11.2167 448
11.2333 450
11.25 451
11.2667 453
11.2833 454
11.3 456
11.3167 457
11.3333 459
11.35 460
11.3667 461
11.3833 463
11.4 464
11.4167 466
11.4333 467
11.45 468
11.4667 470
11.4833 471
11.5 472
11.5167 474
11.5333 475
11.55 476
11.5667 477
11.5833 479
11.6 480
11.6167 481
11.6333 482
11.65 484
11.6667 485
11.6833 486
11.7 487
11.7167 488
11.7333 489
11.75 490
11.7667 491
11.7833 492
11.8 493
11.8167 494
11.8333 495
11.85 496
11.8667 497
11.8833 498
11.9 499
11.9167 500
11.9333 501
11.95 502
11.9667 503
11.9833 504
12.0 504
12.0167 505
12.0333 506
12.05 507
12.0667 508
12.0833 508
12.1 509
12.1167 510
12.1333 511
12.15 511
12.1667 512
12.1833 513
12.2 513
12.2167 514
12.2333 514
12.25 515
12.2667 516
12.2833 516
12.3 517
12.3167 517
12.3333 518
12.35 518
12.3667 519
12.3833 519
12.4 519
12.4167 520
12.4333 520
12.45 521
12.4667 521
12.4833 521
12.5 522
12.5167 522
12.5333 522
12.55 523
12.5667 523
12.5833 523
12.6 523
12.6167 523
12.6333 524
12.65 524
12.6667 524
12.6833 524
12.7 524
12.7167 524
12.7333 524
12.75 525
12.7667 525
12.7833 525
12.8 525
12.8167 525
12.8333 525
12.85 525
12.8667 524
12.8833 524
12.9 524
12.9167 524
12.9333 524
12.95 524
12.9667 524
12.9833 524
13.0 523
13.0167 523
13.0333 523
13.05 523
13.0667 522
13.0833 522
13.1 522
13.1167 522
13.1333 521
13.15 521
13.1667 521
13.1833 520
13.2 520
13.2167 519
13.2333 519
13.25 518
13.2667 518
13.2833 517
13.3 517
13.3167 516
13.3333 516
13.35 515
13.3667 515
13.3833 514
13.4 514
13.4167 513
13.4333 512
13.45 512
13.4667 511
13.4833 510
13.5 510
13.5167 509
13.5333 508
13.55 507
13.5667 507
13.5833 506
13.6 505
13.6167 504
13.6333 503
13.65 502
13.6667 502
13.6833 501
13.7 500
13.7167 499
13.7333 498
13.75 497
13.7667 496
13.7833 495
13.8 494
13.8167 493
13.8333 492
13.85 491
13.8667 490
13.8833 489
13.9 488
13.9167 486
13.9333 485
13.95 484
13.9667 483
13.9833 482
14.0 481
14.0167 479
14.0333 478
14.05 477
14.0667 476
14.0833 474
14.1 473
14.1167 472
14.1333 470
14.15 469
14.1667 468
14.1833 466
14.2 465
14.2167 464
14.2333 462
14.25 461
14.2667 459
14.2833 458
14.3 456
14.3167 455
14.3333 453
14.35 452
14.3667 450
14.3833 449
14.4 447
14.4167 446
14.4333 444
14.45 443
14.4667 441
14.4833 439
14.5 438
14.5167 436
14.5333 434
14.55 433
14.5667 431
14.5833 429
14.6 428
14.6167 426
14.6333 424
14.65 422
14.6667 421
14.6833 419
14.7 417
14.7167 415
14.7333 413
14.75 411
14.7667 410
14.7833 408
14.8 406
14.8167 404
14.8333 402
14.85 400
14.8667 398
14.8833 396
14.9 394
14.9167 392
14.9333 390
14.95 388
14.9667 386
14.9833 384
15.0 383
15.0167 381
15.0333 379
15.05 377
15.0667 375
15.0833 373
15.1 371
15.1167 369
15.1333 367
15.15 365
15.1667 362
15.1833 360
15.2 358
15.2167 356
15.2333 354
15.25 352
15.2667 349
15.2833 347
15.3 345
15.3167 343
15.3333 341
15.35 338
15.3667 336
15.3833 334
15.4 332
15.4167 329
15.4333 327
15.45 325
15.4667 323
15.4833 320
15.5 318
15.5167 316
15.5333 313
15.55 311
15.5667 309
15.5833 307
15.6 304
15.6167 302
15.6333 299
15.65 297
15.6667 295
15.6833 292
15.7 290
15.7167 288
15.7333 285
15.75 283
15.7667 281
15.7833 278
15.8 276
15.8167 273
15.8333 271
15.85 268
15.8667 266
15.8833 264
15.9 261
15.9167 259
15.9333 256
15.95 254
15.9667 252
15.9833 249
