9.0 161
9.0167 163
9.0333 166
9.05 168
9.0667 171
9.0833 173
9.1 175
9.1167 178
9.1333 180
9.15 183
9.1667 185
9.1833 188
9.2 190
9.2167 193
9.2333 195
9.25 198
9.2667 200
9.2833 203
9.3 205
9.3167 208
9.3333 210
9.35 213
9.3667 215
9.3833 218
9.4 220
9.4167 223
9.4333 225
9.45 228
9.4667 230
9.4833 233
9.5 235
9.5167 238
9.5333 240
9.55 243
9.5667 245
9.5833 248
9.6 250
9.6167 253
9.6333 255
9.65 258
9.6667 260
9.6833 263
9.7 265
9.7167 268
9.7333 270
9.75 273
9.7667 275
9.7833 278
9.8 280
9.8167 283
9.8333 285
9.85 287
9.8667 290
9.8833 292
9.9 295
9.9167 297
9.9333 300
9.95 302
9.9667 304
9.9833 307
10.0 309
10.0167 312
10.0333 314
10.05 316
10.0667 319
10.0833 321
10.1 324
10.1167 326
10.1333 328
10.15 331
10.1667 333
10.1833 335
10.2 338
10.2167 340
10.2333 342
10.25 345
10.2667 347
10.2833 349
10.3 351
10.3167 354
10.3333 356
10.35 358
10.3667 360
10.3833 363
10.4 365
10.4167 367
10.4333 369
10.45 371
10.4667 374
10.4833 376
10.5 378
10.5167 380
10.5333 382
10.55 384
10.5667 386
10.5833 389
10.6 391
10.6167 393
10.6333 395
10.65 397
10.6667 399
10.6833 401
10.7 403
10.7167 405
10.7333 407
10.75 409
10.7667 411
10.7833 413
10.8 415
10.8167 417
10.8333 419
10.85 421
10.8667 423
10.8833 424
10.9 426
10.9167 428
10.9333 430
10.95 432
10.9667 434
10.9833 436
11.0 437
11.0167 439
11.0333 441
11.05 443
11.0667 444
11.0833 446
11.1 448
11.1167 450
11.1333 451
11.15 453
11.1667 455
11.1833 456
11.2 458
11.2167 460
11.2333 461
11.25 463
11.2667 464
11.2833 466
11.3 467
11.3167 469
11.3333 470
11.35 472
11.3667 473
11.3833 475
11.4 476
11.4167 478
11.4333 479
11.45 481
11.4667 482
11.4833 483
11.5 485
11.5167 486
11.5333 488
11.55 489
11.5667 490
11.5833 491
11.6 493
11.6167 494
11.6333 495
11.65 497
11.6667 498
11.6833 499
11.7 500
11.7167 501
11.7333 502
11.75 504
11.7667 505
11.7833 506
11.8 507
11.8167 508
11.8333 509
11.85 510
11.8667 511
11.8833 512
11.9 513
11.9167 514
11.9333 515
11.95 516
11.9667 517
11.9833 518
12.0 519
12.0167 519
12.0333 520
12.05 521
12.0667 522
12.0833 523
12.1 524
12.1167 524
12.1333 525
12.15 526
12.1667 527
12.1833 527
12.2 528
12.2167 529
12.2333 529
12.25 530
12.2667 530
12.2833 531
12.3 532
12.3167 532
12.3333 533
12.35 533
12.3667 534
12.3833 534
12.4 535
12.4167 535
12.4333 536
12.45 536
12.4667 537
12.4833 537
12.5 537
12.5167 538
12.5333 538
12.55 538
12.5667 539
12.5833 539
12.6 539
12.6167 539
12.6333 540
12.65 540
12.6667 540
12.6833 540
12.7 540
12.7167 541
12.7333 541
12.75 541
12.7667 541
12.7833 541
12.8 541
12.8167 541
12.8333 541
12.85 541
12.8667 541
12.8833 541
12.9 541
12.9167 541
12.9333 541
12.95 541
12.9667 541
12.9833 540
13.0 540
13.0167 540
13.0333 540
13.05 540
13.0667 540
13.0833 539
13.1 539
13.1167 539
13.1333 538
13.15 538
13.1667 538
13.1833 537
13.2 537
13.2167 537
13.2333 536
13.25 536
13.2667 535
13.2833 535
13.3 535
13.3167 534
13.3333 534
13.35 533
13.3667 532
13.3833 532
13.4 531
13.4167 531
13.4333 530
13.45 530
13.4667 529
13.4833 528
13.5 528
13.5167 527
13.5333 526
13.55 525
13.5667 525
13.5833 524
13.6 523
13.6167 522
13.6333 521
13.65 521
13.6667 520
13.6833 519
13.7 518
13.7167 517
13.7333 516
13.75 515
13.7667 514
13.7833 513
13.8 512
13.8167 511
13.8333 510
13.85 509
13.8667 508
13.8833 507
13.9 506
13.9167 505
13.9333 504
13.95 503
13.9667 502
13.9833 501
14.0 499
14.0167 498
14.0333 497
14.05 496
14.0667 495
14.0833 493
14.1 492
14.1167 491
14.1333 489
14.15 488
14.1667 487
14.1833 485
14.2 484
14.2167 483
14.2333 481
14.25 480
14.2667 478
14.2833 477
14.3 476
14.3167 474
14.3333 473
14.35 471
14.3667 470
14.3833 468
14.4 466
14.4167 465
14.4333 463
14.45 462
14.4667 460
14.4833 459
14.5 457
14.5167 455
14.5333 454
14.55 452
14.5667 450
14.5833 449
14.6 447
14.6167 445
14.6333 443
14.65 442
14.6667 440
14.6833 438
14.7 436
14.7167 434
14.7333 433
14.75 431
14.7667 429
14.7833 427
14.8 425
14.8167 423
14.8333 421
14.85 419
14.8667 418
14.8833 416
14.9 414
14.9167 412
14.9333 410
14.95 408
14.9667 406
14.9833 404
15.0 402
15.0167 400
15.0333 398
15.05 396
15.0667 394
15.0833 392
15.1 390
15.1167 388
15.1333 386
15.15 384
15.1667 382
15.1833 379
15.2 377
15.2167 375
15.2333 373
15.25 371
15.2667 369
15.2833 366
15.3 364
15.3167 362
15.3333 360
15.35 358
15.3667 355
15.3833 353
15.4 351
15.4167 348
15.4333 346
15.45 344
15.4667 342
15.4833 339
15.5 337
15.5167 335
15.5333 332
15.55 330
15.5667 328
15.5833 325
15.6 323
15.6167 320
15.6333 318
15.65 316
15.6667 313
15.6833 311
15.7 309
15.7167 306
15.7333 304
15.75 301
15.7667 299
15.7833 296
15.8 294
15.8167 292
15.8333 289
15.85 287
15.8667 284
15.8833 282
15.9 279
15.9167 277
15.9333 274
15.95 272
15.9667 269
15.9833 267
