9.0 159
9.0167 162
9.0333 164
9.05 166
9.0667 169
9.0833 171
9.1 174
9.1167 176
9.1333 179
9.15 181
9.1667 184
9.1833 186
9.2 188
9.2167 191
9.2333 193
9.25 196
9.2667 198
9.2833 201
9.3 203
9.3167 206
9.3333 208
9.35 211
9.3667 213
9.3833 216
9.4 218
9.4167 221
9.4333 223
9.45 226
9.4667 228
9.4833 231
9.5 233
9.5167 235
9.5333 238
9.55 240
9.5667 243
9.5833 245
9.6 248
9.6167 250
9.6333 253
9.65 255
9.6667 258
9.6833 260
9.7 263
9.7167 265
9.7333 268
9.75 270
9.7667 272
9.7833 275
9.8 277
9.8167 280
9.8333 282
9.85 285
9.8667 287
9.8833 289
9.9 292
9.9167 294
9.9333 297
9.95 299
9.9667 301
9.9833 304
10.0 306
10.0167 309
10.0333 311
10.05 313
10.0667 316
10.0833 318
10.1 320
10.1167 323
10.1333 325
10.15 327
10.1667 330
10.1833 332
10.2 334
10.2167 337
10.2333 339
10.25 341
10.2667 343
10.2833 346
10.3 348
10.3167 350
10.3333 352
10.35 355
10.3667 357
10.3833 359
10.4 361
10.4167 363
10.4333 365
10.45 368
10.4667 370
10.4833 372
10.5 374
10.5167 376
10.5333 378
10.55 380
10.5667 382
10.5833 385
10.6 387
10.6167 389
10.6333 391
10.65 393
10.6667 395
10.6833 397
10.7 399
10.7167 401
10.7333 403
10.75 405
10.7667 407
10.7833 409
10.8 411
10.8167 412
10.8333 414
10.85 416
10.8667 418
10.8833 420
10.9 422
10.9167 424
10.9333 425
10.95 427
10.9667 429
10.9833 431
11.0 433
11.0167 434
11.0333 436
11.05 438
11.0667 440
11.0833 441
11.1 443
11.1167 445
11.1333 446
11.15 448
11.1667 450
11.1833 451
11.2 453
11.2167 455
11.2333 456
11.25 458
11.2667 459
11.2833 461
11.3 462
11.3167 464
11.3333 465
11.35 467
11.3667 468
11.3833 470
11.4 471
11.4167 473
11.4333 474
11.45 475
11.4667 477
11.4833 478
11.5 479
11.5167 481
11.5333 482
11.55 483
11.5667 485
11.5833 486
11.6 487
11.6167 488
11.6333 490
11.65 491
11.6667 492
11.6833 493
11.7 494
11.7167 496
11.7333 497
11.75 498
11.7667 499
11.7833 500
11.8 501
11.8167 502
11.8333 503
11.85 504
11.8667 505
11.8833 506
11.9 507
11.9167 508
11.9333 509
11.95 510
11.9667 511
11.9833 512
12.0 513
12.0167 513
12.0333 514
12.05 515
12.0667 516
12.0833 517
12.1 517
12.1167 518
12.1333 519
12.15 520
12.1667 520
12.1833 521
12.2 522
12.2167 522
12.2333 523
12.25 523
12.2667 524
12.2833 525
12.3 525
12.3167 526
12.3333 526
12.35 527
12.3667 527
12.3833 528
12.4 528
12.4167 529
12.4333 529
12.45 529
12.4667 530
12.4833 530
12.5 531
12.5167 531
12.5333 531
12.55 532
12.5667 532
12.5833 532
12.6 532
12.6167 533
12.6333 533
12.65 533
12.6667 533
12.6833 533
12.7 533
12.7167 534
12.7333 534
12.75 534
12.7667 534
12.7833 534
12.8 534
12.8167 534
12.8333 534
12.85 534
12.8667 534
12.8833 534
12.9 534
12.9167 534
12.9333 534
12.95 533
12.9667 533
12.9833 533
13.0 533
13.0167 533
13.0333 533
13.05 532
13.0667 532
13.0833 532
13.1 532
13.1167 531
13.1333 531
13.15 531
13.1667 530
13.1833 530
13.2 530
13.2167 529
13.2333 529
13.25 528
13.2667 528
13.2833 527
13.3 527
13.3167 526
13.3333 526
13.35 525
13.3667 525
13.3833 524
13.4 524
13.4167 523
13.4333 522
13.45 522
13.4667 521
13.4833 520
13.5 520
13.5167 519
13.5333 518
13.55 518
13.5667 517
13.5833 516
13.6 515
13.6167 514
13.6333 514
13.65 513
13.6667 512
13.6833 511
13.7 510
13.7167 509
13.7333 508
13.75 507
13.7667 506
13.7833 505
13.8 504
13.8167 503
13.8333 502
13.85 501
13.8667 500
13.8833 499
13.9 498
13.9167 497
13.9333 496
13.95 495
13.9667 494
13.9833 493
14.0 491
14.0167 490
14.0333 489
14.05 488
14.0667 486
14.0833 485
14.1 484
14.1167 483
14.1333 481
14.15 480
14.1667 479
14.1833 477
14.2 476
14.2167 475
14.2333 473
14.25 472
14.2667 470
14.2833 469
14.3 467
14.3167 466
14.3333 464
14.35 463
14.3667 461
14.3833 460
14.4 458
14.4167 457
14.4333 455
14.45 454
14.4667 452
14.4833 450
14.5 449
14.5167 447
14.5333 445
14.55 444
14.5667 442
14.5833 440
14.6 439
14.6167 437
14.6333 435
14.65 433
14.6667 432
14.6833 430
14.7 428
14.7167 426
14.7333 424
14.75 423
14.7667 421
14.7833 419
14.8 417
14.8167 415
14.8333 413
14.85 411
14.8667 409
14.8833 407
14.9 405
14.9167 403
14.9333 401
14.95 400
14.9667 398
14.9833 396
15.0 394
15.0167 392
15.0333 390
15.05 388
15.0667 386
15.0833 384
15.1 382
15.1167 380
15.1333 378
15.15 376
15.1667 373
15.1833 371
15.2 369
15.2167 367
15.2333 365
15.25 363
15.2667 360
15.2833 358
15.3 356
15.3167 354
15.3333 352
15.35 349
15.3667 347
15.3833 345
15.4 343
15.4167 340
15.4333 338
15.45 336
15.4667 334
15.4833 331
15.5 329
15.5167 327
15.5333 324
15.55 322
15.5667 320
15.5833 317
15.6 315
15.6167 313
15.6333 310
15.65 308
15.6667 305
15.6833 303
15.7 301
15.7167 298
15.7333 296
15.75 293
15.7667 291
15.7833 289
15.8 286
15.8167 284
15.8333 281
15.85 279
15.8667 276
15.8833 274
15.9 272
15.9167 269
15.9333 267
15.95 264
15.9667 262
15.9833 259
