9.0 447
9.0167 450
9.0333 453
9.05 457
9.0667 460
9.0833 463
9.1 466
9.1167 469
9.1333 472
9.15 475
9.1667 478
9.1833 481
9.2 484
9.2167 487
9.2333 490
9.25 493
9.2667 496
9.2833 499
9.3 502
9.3167 505
9.3333 508
9.35 511
9.3667 514
9.3833 517
9.4 520
9.4167 523
9.4333 526
9.45 529
9.4667 532
9.4833 535
9.5 538
9.5167 541
9.5333 543
9.55 546
9.5667 549
9.5833 552
9.6 555
9.6167 558
9.6333 560
9.65 563
9.6667 566
9.6833 569
9.7 572
9.7167 574
9.7333 577
9.75 580
9.7667 583
9.7833 585
9.8 588
9.8167 591
9.8333 594
9.85 596
9.8667 599
9.8833 602
9.9 604
9.9167 607
9.9333 610
9.95 612
9.9667 615
9.9833 617
10.0 620
10.0167 623
10.0333 625
10.05 628
10.0667 630
10.0833 633
10.1 635
10.1167 638
10.1333 640
10.15 643
10.1667 645
10.1833 648
10.2 650
10.2167 652
10.2333 655
10.25 657
10.2667 660
10.2833 662
10.3 664
10.3167 667
10.3333 669
10.35 671
10.3667 674
10.3833 676
10.4 678
10.4167 680
10.4333 683
10.45 685
10.4667 687
10.4833 689
10.5 691
10.5167 694
10.5333 696
10.55 698
10.5667 700
10.5833 702
10.6 704
10.6167 706
10.6333 708
10.65 710
10.6667 712
10.6833 715
10.7 717
10.7167 719
10.7333 720
10.75 722
10.7667 724
10.7833 726
10.8 728
10.8167 730
10.8333 732
10.85 734
10.8667 736
10.8833 738
10.9 739
10.9167 741
10.9333 743
10.95 745
10.9667 747
10.9833 748
11.0 750
11.0167 752
11.0333 753
11.05 755
11.0667 757
11.0833 758
11.1 760
11.1167 762
11.1333 763
11.15 765
11.1667 766
11.1833 768
11.2 769
11.2167 771
11.2333 773
11.25 774
11.2667 775
11.2833 777
11.3 778
11.3167 780
11.3333 781
11.35 783
11.3667 784
11.3833 785
11.4 787
11.4167 788
11.4333 789
11.45 790
11.4667 792
11.4833 793
11.5 794
11.5167 795
11.5333 797
11.55 798
11.5667 799
11.5833 800
11.6 801
11.6167 802
11.6333 803
11.65 804
11.6667 805
11.6833 806
11.7 807
11.7167 808
11.7333 809
11.75 810
11.7667 811
11.7833 812
11.8 813
11.8167 814
11.8333 815
11.85 816
11.8667 817
11.8833 817
11.9 818
11.9167 819
11.9333 820
11.95 821
11.9667 821
11.9833 822
12.0 823
12.0167 823
12.0333 824
12.05 825
12.0667 825
12.0833 826
12.1 826
12.1167 827
12.1333 828
12.15 828
12.1667 829
12.1833 829
12.2 830
12.2167 830
12.2333 830
12.25 831
12.2667 831
12.2833 832
12.3 832
12.3167 832
12.3333 833
12.35 833
12.3667 833
12.3833 834
12.4 834
12.4167 834
12.4333 834
12.45 834
12.4667 835
12.4833 835
12.5 835
12.5167 835
12.5333 835
12.55 835
12.5667 835
12.5833 835
12.6 835
12.6167 835
12.6333 835
12.65 835
12.6667 835
12.6833 835
12.7 835
12.7167 835
12.7333 835
12.75 835
12.7667 835
12.7833 834
12.8 834
12.8167 834
12.8333 834
12.85 834
12.8667 833
12.8833 833
12.9 833
12.9167 832
12.9333 832
12.95 832
12.9667 831
12.9833 831
13.0 831
13.0167 830
13.0333 830
13.05 829
13.0667 829
13.0833 828
13.1 828
13.1167 827
13.1333 827
13.15 826
13.1667 825
13.1833 825
13.2 824
13.2167 823
13.2333 823
13.25 822
13.2667 821
13.2833 821
13.3 820
13.3167 819
13.3333 818
13.35 818
13.3667 817
13.3833 816
13.4 815
13.4167 814
13.4333 813
13.45 812
13.4667 812
13.4833 811
13.5 810
13.5167 809
13.5333 808
13.55 807
13.5667 806
13.5833 805
13.6 804
13.6167 802
13.6333 801
13.65 800
13.6667 799
13.6833 798
13.7 797
13.7167 796
13.7333 794
13.75 793
13.7667 792
13.7833 791
13.8 789
13.8167 788
13.8333 787
13.85 785
13.8667 784
13.8833 783
13.9 781
13.9167 780
13.9333 779
13.95 777
13.9667 776
13.9833 774
14.0 773
14.0167 771
14.0333 770
14.05 768
14.0667 767
14.0833 765
14.1 764
14.1167 762
14.1333 760
14.15 759
14.1667 757
14.1833 755
14.2 754
14.2167 752
14.2333 750
14.25 749
14.2667 747
14.2833 745
14.3 743
14.3167 742
14.3333 740
14.35 738
14.3667 736
14.3833 734
14.4 732
14.4167 731
14.4333 729
14.45 727
14.4667 725
14.4833 723
14.5 721
14.5167 719
14.5333 717
14.55 715
14.5667 713
14.5833 711
14.6 709
14.6167 707
14.6333 705
14.65 703
14.6667 700
14.6833 698
14.7 696
14.7167 694
14.7333 692
14.75 690
14.7667 687
14.7833 685
14.8 683
14.8167 681
14.8333 679
14.85 676
14.8667 674
14.8833 672
14.9 669
14.9167 667
14.9333 665
14.95 662
14.9667 660
14.9833 658
15.0 655
15.0167 653
15.0333 651
15.05 648
15.0667 646
15.0833 643
15.1 641
15.1167 638
15.1333 636
15.15 633
15.1667 631
15.1833 628
15.2 626
15.2167 623
15.2333 621
15.25 618
15.2667 615
15.2833 613
15.3 610
15.3167 608
15.3333 605
15.35 602
15.3667 600
15.3833 597
15.4 594
15.4167 592
15.4333 589
15.45 586
15.4667 583
15.4833 581
15.5 578
15.5167 575
15.5333 572
15.55 570
15.5667 567
15.5833 564
15.6 561
15.6167 558
15.6333 556
15.65 553
15.6667 550
15.6833 547
15.7 544
15.7167 541
15.7333 538
15.75 535
15.7667 533
15.7833 530
15.8 527
15.8167 524
15.8333 521
15.85 518
15.8667 515
15.8833 512
15.9 509
15.9167 506
15.9333 503
15.95 500
15.9667 497
15.9833 494
