9.0 362
9.0167 366
9.0333 370
9.05 373
9.0667 376
9.0833 379
9.1 382
9.1167 386
9.1333 389
9.15 392
9.1667 395
9.1833 398
9.2 401
9.2167 404
9.2333 408
9.25 411
9.2667 414
9.2833 417
9.3 420
9.3167 423
9.3333 426
9.35 429
9.3667 433
9.3833 436
9.4 439
9.4167 442
9.4333 445
9.45 448
9.4667 451
9.4833 454
9.5 457
9.5167 460
9.5333 463
9.55 466
9.5667 469
9.5833 472
9.6 475
9.6167 478
9.6333 481
9.65 484
9.6667 487
9.6833 490
9.7 493
9.7167 496
9.7333 499
9.75 502
9.7667 505
9.7833 508
9.8 511
9.8167 513
9.8333 516
9.85 519
9.8667 522
9.8833 525
9.9 528
9.9167 531
9.9333 533
9.95 536
9.9667 539
9.9833 542
10.0 544
10.0167 547
10.0333 550
10.05 553
10.0667 555
10.0833 558
10.1 561
10.1167 564
10.1333 566
10.15 569
10.1667 572
10.1833 574
10.2 577
10.2167 579
10.2333 582
10.25 585
10.2667 587
10.2833 590
10.3 592
10.3167 595
10.3333 597
10.35 600
10.3667 602
10.3833 605
10.4 607
10.4167 610
10.4333 612
10.45 615
10.4667 617
10.4833 619
10.5 622
10.5167 624
10.5333 627
10.55 629
10.5667 631
10.5833 633
10.6 636
10.6167 638
10.6333 640
10.65 643
10.6667 645
10.6833 647
10.7 649
10.7167 651
10.7333 654
10.75 656
10.7667 658
10.7833 660
10.8 662
10.8167 664
10.8333 666
10.85 668
10.8667 671
10.8833 673
10.9 675
10.9167 677
10.9333 679
10.95 681
10.9667 683
10.9833 684
11.0 686
11.0167 688
11.0333 690
11.05 692
11.0667 694
11.0833 696
11.1 698
11.1167 699
11.1333 701
11.15 703
11.1667 705
11.1833 706
11.2 708
11.2167 710
11.2333 712
11.25 713
11.2667 715
11.2833 717
11.3 718
11.3167 720
11.3333 721
11.35 723
11.3667 725
11.3833 726
11.4 728
11.4167 729
11.4333 731
11.45 732
11.4667 734
11.4833 735
11.5 736
11.5167 738
11.5333 739
11.55 740
11.5667 742
11.5833 743
11.6 744
11.6167 746
11.6333 747
11.65 748
11.6667 750
11.6833 751
11.7 752
11.7167 753
11.7333 754
11.75 755
11.7667 757
11.7833 758
11.8 759
11.8167 760
11.8333 761
11.85 762
11.8667 763
11.8833 764
11.9 765
11.9167 766
11.9333 767
11.95 768
11.9667 769
11.9833 769
12.0 770
12.0167 771
12.0333 772
12.05 773
12.0667 774
12.0833 774
12.1 775
12.1167 776
12.1333 777
12.15 777
12.1667 778
12.1833 779
12.2 779
12.2167 780
12.2333 780
12.25 781
12.2667 782
12.2833 782
12.3 783
12.3167 783
12.3333 784
12.35 784
12.3667 784
12.3833 785
12.4 785
12.4167 786
12.4333 786
12.45 786
12.4667 787
12.4833 787
12.5 787
12.5167 788
12.5333 788
12.55 788
12.5667 788
12.5833 788
12.6 789
12.6167 789
12.6333 789
12.65 789
12.6667 789
12.6833 789
12.7 789
12.7167 789
12.7333 789
12.75 789
12.7667 789
12.7833 789
12.8 789
12.8167 789
12.8333 789
12.85 789
12.8667 789
12.8833 789
12.9 788
12.9167 788
12.9333 788
12.95 788
12.9667 788
12.9833 787
13.0 787
13.0167 787
13.0333 786
13.05 786
13.0667 786
13.0833 785
13.1 785
13.1167 784
13.1333 784
13.15 783
13.1667 783
13.1833 782
13.2 782
13.2167 781
13.2333 781
13.25 780
13.2667 780
13.2833 779
13.3 778
13.3167 778
13.3333 777
13.35 776
13.3667 776
13.3833 775
13.4 774
13.4167 773
13.4333 773
13.45 772
13.4667 771
13.4833 770
13.5 769
13.5167 768
13.5333 767
13.55 767
13.5667 766
13.5833 765
13.6 764
13.6167 763
13.6333 762
13.65 761
13.6667 760
13.6833 758
13.7 757
13.7167 756
13.7333 755
13.75 754
13.7667 753
13.7833 752
13.8 750
13.8167 749
13.8333 748
13.85 747
13.8667 745
13.8833 744
13.9 743
13.9167 742
13.9333 740
13.95 739
13.9667 737
13.9833 736
14.0 735
14.0167 733
14.0333 732
14.05 730
14.0667 729
14.0833 727
14.1 726
14.1167 724
14.1333 723
14.15 721
14.1667 720
14.1833 718
14.2 716
14.2167 715
14.2333 713
14.25 711
14.2667 710
14.2833 708
14.3 706
14.3167 704
14.3333 703
14.35 701
14.3667 699
14.3833 697
14.4 695
14.4167 694
14.4333 692
14.45 690
14.4667 688
14.4833 686
14.5 684
14.5167 682
14.5333 680
14.55 678
14.5667 676
14.5833 674
14.6 672
14.6167 670
14.6333 668
14.65 666
14.6667 664
14.6833 662
14.7 660
14.7167 658
14.7333 655
14.75 653
14.7667 651
14.7833 649
14.8 647
14.8167 644
14.8333 642
14.85 640
14.8667 638
14.8833 635
14.9 633
14.9167 631
14.9333 628
14.95 626
14.9667 624
14.9833 621
15.0 619
15.0167 617
15.0333 615
15.05 612
15.0667 610
15.0833 607
15.1 605
15.1167 602
15.1333 600
15.15 597
15.1667 595
15.1833 592
15.2 590
15.2167 587
15.2333 584
15.25 582
15.2667 579
15.2833 577
15.3 574
15.3167 571
15.3333 569
15.35 566
15.3667 563
15.3833 561
15.4 558
15.4167 555
15.4333 553
15.45 550
15.4667 547
15.4833 544
15.5 542
15.5167 539
15.5333 536
15.55 533
15.5667 530
15.5833 528
15.6 525
15.6167 522
15.6333 519
15.65 516
15.6667 513
15.6833 510
15.7 508
15.7167 505
15.7333 502
15.75 499
15.7667 496
15.7833 493
15.8 490
15.8167 487
15.8333 484
15.85 481
15.8667 478
15.8833 475
15.9 472
15.9167 469
15.9333 466
15.95 463
15.9667 460
15.9833 457
