9.0 260
9.0167 264
9.0333 267
9.05 270
9.0667 273
9.0833 276
9.1 279
9.1167 282
9.1333 285
9.15 288
9.1667 291
9.1833 294
9.2 297
9.2167 300
9.2333 303
9.25 306
9.2667 309
9.2833 312
9.3 315
9.3167 318
9.3333 321
9.35 324
9.3667 327
9.3833 330
9.4 333
9.4167 336
9.4333 339
9.45 342
9.4667 345
9.4833 348
9.5 351
9.5167 354
9.5333 357
9.55 360
9.5667 363
9.5833 366
9.6 369
9.6167 372
9.6333 375
9.65 378
9.6667 381
9.6833 384
9.7 386
9.7167 389
9.7333 392
9.75 395
9.7667 398
9.7833 401
9.8 404
9.8167 407
9.8333 409
9.85 412
9.8667 415
9.8833 418
9.9 421
9.9167 424
9.9333 426
9.95 429
9.9667 432
9.9833 435
10.0 438
10.0167 440
10.0333 443
10.05 446
10.0667 449
10.0833 451
10.1 454
10.1167 457
10.1333 459
10.15 462
10.1667 465
10.1833 467
10.2 470
10.2167 473
10.2333 475
10.25 478
10.2667 481
10.2833 483
10.3 486
10.3167 488
10.3333 491
10.35 494
10.3667 496
10.3833 499
10.4 501
10.4167 504
10.4333 506
10.45 509
10.4667 511
10.4833 514
10.5 516
10.5167 518
10.5333 521
10.55 523
10.5667 526
10.5833 528
10.6 530
10.6167 533
10.6333 535
10.65 537
10.6667 540
10.6833 542
10.7 544
10.7167 547
10.7333 549
10.75 551
10.7667 553
10.7833 556
10.8 558
10.8167 560
10.8333 562
10.85 564
10.8667 566
10.8833 569
10.9 571
10.9167 573
10.9333 575
10.95 577
10.9667 579
10.9833 581
11.0 583
11.0167 585
11.0333 587
11.05 589
11.0667 591
11.0833 593
11.1 595
11.1167 597
11.1333 599
11.15 601
11.1667 602
11.1833 604
11.2 606
11.2167 608
11.2333 610
11.25 612
11.2667 613
11.2833 615
11.3 617
11.3167 619
11.3333 620
11.35 622
11.3667 624
11.3833 625
11.4 627
11.4167 629
11.4333 630
11.45 632
11.4667 633
11.4833 635
11.5 636
11.5167 638
11.5333 639
11.55 641
11.5667 642
11.5833 644
11.6 645
11.6167 647
11.6333 648
11.65 650
11.6667 651
11.6833 652
11.7 654
11.7167 655
11.7333 656
11.75 657
11.7667 659
11.7833 660
11.8 661
11.8167 662
11.8333 664
11.85 665
11.8667 666
11.8833 667
11.9 668
11.9167 669
11.9333 670
11.95 671
11.9667 672
11.9833 673
12.0 674
12.0167 675
12.0333 676
12.05 677
12.0667 678
12.0833 679
12.1 680
12.1167 681
12.1333 682
12.15 683
12.1667 683
12.1833 684
12.2 685
12.2167 686
12.2333 687
12.25 687
12.2667 688
12.2833 689
12.3 689
12.3167 690
12.3333 691
12.35 691
12.3667 692
12.3833 692
12.4 693
12.4167 693
12.4333 694
12.45 695
12.4667 695
12.4833 695
12.5 696
12.5167 696
12.5333 697
12.55 697
12.5667 697
12.5833 698
12.6 698
12.6167 698
12.6333 699
12.65 699
12.6667 699
12.6833 699
12.7 700
12.7167 700
12.7333 700
12.75 700
12.7667 700
12.7833 700
12.8 701
12.8167 701
12.8333 701
12.85 701
12.8667 701
12.8833 701
12.9 701
12.9167 701
12.9333 701
12.95 701
12.9667 700
12.9833 700
13.0 700
13.0167 700
13.0333 700
13.05 700
13.0667 699
13.0833 699
13.1 699
13.1167 699
13.1333 698
13.15 698
13.1667 698
13.1833 697
13.2 697
13.2167 697
13.2333 696
13.25 696
13.2667 695
13.2833 695
13.3 694
13.3167 694
13.3333 693
13.35 693
13.3667 692
13.3833 692
13.4 691
13.4167 691
13.4333 690
13.45 689
13.4667 689
13.4833 688
13.5 687
13.5167 686
13.5333 686
13.55 685
13.5667 684
13.5833 683
13.6 682
13.6167 682
13.6333 681
13.65 680
13.6667 679
13.6833 678
13.7 677
13.7167 676
13.7333 675
13.75 674
13.7667 673
13.7833 672
13.8 671
13.8167 670
13.8333 669
13.85 668
13.8667 667
13.8833 666
13.9 665
13.9167 663
13.9333 662
13.95 661
13.9667 660
13.9833 658
14.0 657
14.0167 656
14.0333 655
14.05 653
14.0667 652
14.0833 651
14.1 649
14.1167 648
14.1333 646
14.15 645
14.1667 644
14.1833 642
14.2 641
14.2167 639
14.2333 638
14.25 636
14.2667 635
14.2833 633
14.3 631
14.3167 630
14.3333 628
14.35 627
14.3667 625
14.3833 623
14.4 622
14.4167 620
14.4333 618
14.45 617
14.4667 615
14.4833 613
14.5 611
14.5167 609
14.5333 608
14.55 606
14.5667 604
14.5833 602
14.6 600
14.6167 598
14.6333 596
14.65 595
14.6667 593
14.6833 591
14.7 589
14.7167 587
14.7333 585
14.75 583
14.7667 581
14.7833 579
14.8 577
14.8167 574
14.8333 572
14.85 570
14.8667 568
14.8833 566
14.9 564
14.9167 562
14.9333 560
14.95 557
14.9667 555
14.9833 553
15.0 551
15.0167 549
15.0333 547
15.05 545
15.0667 542
15.0833 540
15.1 538
15.1167 535
15.1333 533
15.15 531
15.1667 528
15.1833 526
15.2 524
15.2167 521
15.2333 519
15.25 516
15.2667 514
15.2833 511
15.3 509
15.3167 506
15.3333 504
15.35 501
15.3667 499
15.3833 496
15.4 494
15.4167 491
15.4333 489
15.45 486
15.4667 483
15.4833 481
15.5 478
15.5167 476
15.5333 473
15.55 470
15.5667 468
15.5833 465
15.6 462
15.6167 460
15.6333 457
15.65 454
15.6667 451
15.6833 449
15.7 446
15.7167 443
15.7333 441
15.75 438
15.7667 435
15.7833 432
15.8 429
15.8167 427
15.8333 424
15.85 421
15.8667 418
15.8833 415
15.9 412
15.9167 410
15.9333 407
15.95 404
15.9667 401
15.9833 398
