9.0 462
9.0167 465
9.0333 468
9.05 471
9.0667 474
9.0833 477
9.1 480
9.1167 483
9.1333 486
9.15 489
9.1667 492
9.1833 495
9.2 498
9.2167 500
9.2333 503
9.25 506
9.2667 509
9.2833 512
9.3 515
9.3167 518
9.3333 521
9.35 524
9.3667 526
9.3833 529
9.4 532
9.4167 535
9.4333 538
9.45 541
9.4667 543
9.4833 546
9.5 549
9.5167 552
9.5333 555
9.55 557
9.5667 560
9.5833 563
9.6 566
9.6167 568
9.6333 571
9.65 574
9.6667 576
9.6833 579
9.7 582
9.7167 584
9.7333 587
9.75 590
9.7667 592
9.7833 595
9.8 598
9.8167 600
9.8333 603
9.85 605
9.8667 608
9.8833 611
9.9 613
9.9167 616
9.9333 618
9.95 621
9.9667 623
9.9833 626
10.0 628
10.0167 631
10.0333 633
10.05 636
10.0667 638
10.0833 641
10.1 643
10.1167 645
10.1333 648
10.15 650
10.1667 652
10.1833 655
10.2 657
10.2167 660
10.2333 662
10.25 664
10.2667 666
10.2833 669
10.3 671
10.3167 673
10.3333 675
10.35 678
10.3667 680
10.3833 682
10.4 684
10.4167 686
10.4333 689
10.45 691
10.4667 693
10.4833 695
10.5 697
10.5167 699
10.5333 701
10.55 703
10.5667 705
10.5833 708
10.6 710
10.6167 712
10.6333 714
10.65 716
10.6667 717
10.6833 719
10.7 721
10.7167 723
10.7333 725
10.75 727
10.7667 729
10.7833 731
10.8 733
10.8167 735
10.8333 736
10.85 738
10.8667 740
10.8833 742
10.9 744
10.9167 745
10.9333 747
10.95 749
10.9667 750
10.9833 752
11.0 754
11.0167 755
11.0333 757
11.05 759
11.0667 760
11.0833 762
11.1 764
11.1167 765
11.1333 767
11.15 768
11.1667 770
11.1833 771
11.2 773
11.2167 774
11.2333 776
11.25 777
11.2667 778
11.2833 780
11.3 781
11.3167 783
11.3333 784
11.35 785
11.3667 787
11.3833 788
11.4 789
11.4167 791
11.4333 792
11.45 793
11.4667 794
11.4833 795
11.5 797
11.5167 798
11.5333 799
11.55 800
11.5667 801
11.5833 802
11.6 804
11.6167 805
11.6333 806
11.65 807
11.6667 808
11.6833 809
11.7 810
11.7167 811
11.7333 812
11.75 813
11.7667 814
11.7833 814
11.8 815
11.8167 816
11.8333 817
11.85 818
11.8667 819
11.8833 820
11.9 820
11.9167 821
11.9333 822
11.95 823
11.9667 823
11.9833 824
12.0 825
12.0167 825
12.0333 826
12.05 827
12.0667 827
12.0833 828
12.1 829
12.1167 829
12.1333 830
12.15 830
12.1667 831
12.1833 831
12.2 832
12.2167 832
12.2333 833
12.25 833
12.2667 833
12.2833 834
12.3 834
12.3167 835
12.3333 835
12.35 835
12.3667 836
12.3833 836
12.4 836
12.4167 836
12.4333 837
12.45 837
12.4667 837
12.4833 837
12.5 837
12.5167 837
12.5333 838
12.55 838
12.5667 838
12.5833 838
12.6 838
12.6167 838
12.6333 838
12.65 838
12.6667 838
12.6833 838
12.7 838
12.7167 838
12.7333 838
12.75 838
12.7667 838
12.7833 837
12.8 837
12.8167 837
12.8333 837
12.85 837
12.8667 837
12.8833 836
12.9 836
12.9167 836
12.9333 835
12.95 835
12.9667 835
12.9833 834
13.0 834
13.0167 834
13.0333 833
13.05 833
13.0667 833
13.0833 832
13.1 832
13.1167 831
13.1333 831
13.15 830
13.1667 830
13.1833 829
13.2 828
13.2167 828
13.2333 827
13.25 827
13.2667 826
13.2833 825
13.3 825
13.3167 824
13.3333 823
13.35 823
13.3667 822
13.3833 821
13.4 820
13.4167 819
13.4333 819
13.45 818
13.4667 817
13.4833 816
13.5 815
13.5167 814
13.5333 813
13.55 812
13.5667 812
13.5833 811
13.6 810
13.6167 809
13.6333 808
13.65 807
13.6667 805
13.6833 804
13.7 803
13.7167 802
13.7333 801
13.75 800
13.7667 799
13.7833 798
13.8 796
13.8167 795
13.8333 794
13.85 793
13.8667 792
13.8833 790
13.9 789
13.9167 788
13.9333 786
13.95 785
13.9667 784
13.9833 782
14.0 781
14.0167 780
14.0333 778
14.05 777
14.0667 775
14.0833 774
14.1 772
14.1167 771
14.1333 769
14.15 768
14.1667 766
14.1833 765
14.2 763
14.2167 762
14.2333 760
14.25 758
14.2667 757
14.2833 755
14.3 754
14.3167 752
14.3333 750
14.35 748
14.3667 747
14.3833 745
14.4 743
14.4167 741
14.4333 740
14.45 738
14.4667 736
14.4833 734
14.5 732
14.5167 731
14.5333 729
14.55 727
14.5667 725
14.5833 723
14.6 721
14.6167 719
14.6333 717
14.65 715
14.6667 713
14.6833 711
14.7 709
14.7167 707
14.7333 705
14.75 703
14.7667 701
14.7833 699
14.8 697
14.8167 695
14.8333 693
14.85 690
14.8667 688
14.8833 686
14.9 684
14.9167 682
14.9333 680
14.95 677
14.9667 675
14.9833 673
15.0 671
15.0167 668
15.0333 666
15.05 664
15.0667 662
15.0833 659
15.1 657
15.1167 655
15.1333 652
15.15 650
15.1667 647
15.1833 645
15.2 643
15.2167 640
15.2333 638
15.25 635
15.2667 633
15.2833 630
15.3 628
15.3167 625
15.3333 623
15.35 620
15.3667 618
15.3833 615
15.4 613
15.4167 610
15.4333 608
15.45 605
15.4667 603
15.4833 600
15.5 597
15.5167 595
15.5333 592
15.55 589
15.5667 587
15.5833 584
15.6 582
15.6167 579
15.6333 576
15.65 573
15.6667 571
15.6833 568
15.7 565
15.7167 563
15.7333 560
15.75 557
15.7667 554
15.7833 552
15.8 549
15.8167 546
15.8333 543
15.85 540
15.8667 537
15.8833 535
15.9 532
15.9167 529
15.9333 526
15.95 523
15.9667 520
15.9833 518
