9.0 158
9.0167 160
9.0333 162
9.05 165
9.0667 167
9.0833 169
9.1 172
9.1167 174
9.1333 177
9.15 179
9.1667 181
9.1833 184
9.2 186
9.2167 189
9.2333 191
9.25 193
9.2667 196
9.2833 198
9.3 200
9.3167 203
9.3333 205
9.35 208
9.3667 210
9.3833 213
9.4 215
9.4167 217
9.4333 220
9.45 222
9.4667 225
9.4833 227
9.5 229
9.5167 232
9.5333 234
9.55 237
9.5667 239
9.5833 241
9.6 244
9.6167 246
9.6333 249
9.65 251
9.6667 253
9.6833 256
9.7 258
9.7167 260
9.7333 263
9.75 265
9.7667 268
9.7833 270
9.8 272
9.8167 275
9.8333 277
9.85 279
9.8667 282
9.8833 284
9.9 286
9.9167 289
9.9333 291
9.95 293
9.9667 296
9.9833 298
10.0 300
10.0167 302
10.0333 305
10.05 307
10.0667 309
10.0833 311
10.1 314
10.1167 316
10.1333 318
10.15 320
10.1667 323
10.1833 325
10.2 327
10.2167 329
10.2333 331
10.25 334
10.2667 336
10.2833 338
10.3 340
10.3167 342
10.3333 344
10.35 346
10.3667 349
10.3833 351
10.4 353
10.4167 355
10.4333 357
10.45 359
10.4667 361
10.4833 363
10.5 365
10.5167 367
10.5333 369
10.55 371
10.5667 373
10.5833 375
10.6 377
10.6167 379
10.6333 381
10.65 383
10.6667 385
10.6833 387
10.7 389
10.7167 391
10.7333 393
10.75 394
10.7667 396
10.7833 398
10.8 400
10.8167 402
10.8333 404
10.85 405
10.8667 407
10.8833 409
10.9 411
10.9167 412
10.9333 414
10.95 416
10.9667 418
10.9833 419
11.0 421
11.0167 423
11.0333 424
11.05 426
11.0667 428
11.0833 429
11.1 431
11.1167 432
11.1333 434
11.15 436
11.1667 437
11.1833 439
11.2 440
11.2167 442
11.2333 443
11.25 445
11.2667 446
11.2833 448
11.3 449
11.3167 450
11.3333 452
11.35 453
11.3667 455
11.3833 456
11.4 457
11.4167 459
11.4333 460
11.45 461
11.4667 463
11.4833 464
11.5 465
11.5167 466
11.5333 467
11.55 469
11.5667 470
11.5833 471
11.6 472
11.6167 473
11.6333 475
11.65 476
11.6667 477
11.6833 478
11.7 479
11.7167 480
11.7333 481
11.75 482
11.7667 483
11.7833 484
11.8 485
11.8167 486
11.8333 487
11.85 488
11.8667 489
11.8833 490
11.9 490
11.9167 491
11.9333 492
11.95 493
11.9667 494
11.9833 495
12.0 495
12.0167 496
12.0333 497
12.05 498
12.0667 498
12.0833 499
12.1 500
12.1167 500
12.1333 501
12.15 502
12.1667 502
12.1833 503
12.2 503
12.2167 504
12.2333 504
12.25 505
12.2667 506
12.2833 506
12.3 506
12.3167 507
12.3333 507
12.35 508
12.3667 508
12.3833 509
12.4 509
12.4167 509
12.4333 510
12.45 510
12.4667 510
12.4833 511
12.5 511
12.5167 511
12.5333 511
12.55 512
12.5667 512
12.5833 512
12.6 512
12.6167 512
12.6333 512
12.65 513
12.6667 513
12.6833 513
12.7 513
12.7167 513
12.7333 513
12.75 513
12.7667 513
12.7833 513
12.8 513
12.8167 513
12.8333 513
12.85 513
12.8667 513
12.8833 512
12.9 512
12.9167 512
12.9333 512
12.95 512
12.9667 512
12.9833 511
13.0 511
13.0167 511
13.0333 511
13.05 510
13.0667 510
13.0833 510
13.1 509
13.1167 509
13.1333 508
13.15 508
13.1667 508
13.1833 507
13.2 507
13.2167 506
13.2333 506
13.25 505
13.2667 505
13.2833 504
13.3 504
13.3167 503
13.3333 503
13.35 502
13.3667 501
13.3833 501
13.4 500
13.4167 499
13.4333 499
13.45 498
13.4667 497
13.4833 497
13.5 496
13.5167 495
13.5333 494
13.55 493
13.5667 493
13.5833 492
13.6 491
13.6167 490
13.6333 489
13.65 488
13.6667 487
13.6833 487
13.7 486
13.7167 485
13.7333 484
13.75 483
13.7667 482
13.7833 481
13.8 480
13.8167 478
13.8333 477
13.85 476
13.8667 475
13.8833 474
13.9 473
13.9167 472
13.9333 471
13.95 469
13.9667 468
13.9833 467
14.0 466
14.0167 465
14.0333 463
14.05 462
14.0667 461
14.0833 459
14.1 458
14.1167 457
14.1333 455
14.15 454
14.1667 453
14.1833 451
14.2 450
14.2167 448
14.2333 447
14.25 446
14.2667 444
14.2833 443
14.3 441
14.3167 440
14.3333 438
14.35 437
14.3667 435
14.3833 433
14.4 432
14.4167 430
14.4333 429
14.45 427
14.4667 425
14.4833 424
14.5 422
14.5167 420
14.5333 419
14.55 417
14.5667 415
14.5833 414
14.6 412
14.6167 410
14.6333 408
14.65 407
14.6667 405
14.6833 403
14.7 401
14.7167 399
14.7333 397
14.75 396
14.7667 394
14.7833 392
14.8 390
14.8167 388
14.8333 386
14.85 384
14.8667 382
14.8833 380
14.9 378
14.9167 376
14.9333 374
14.95 372
14.9667 370
14.9833 368
15.0 367
15.0167 365
15.0333 363
15.05 361
15.0667 359
15.0833 357
15.1 355
15.1167 353
15.1333 350
15.15 348
15.1667 346
15.1833 344
15.2 342
15.2167 340
15.2333 338
15.25 336
15.2667 333
15.2833 331
15.3 329
15.3167 327
15.3333 325
15.35 322
15.3667 320
15.3833 318
15.4 316
15.4167 313
15.4333 311
15.45 309
15.4667 307
15.4833 304
15.5 302
15.5167 300
15.5333 298
15.55 295
15.5667 293
15.5833 291
15.6 288
15.6167 286
15.6333 284
15.65 281
15.6667 279
15.6833 277
15.7 274
15.7167 272
15.7333 270
15.75 267
15.7667 265
15.7833 262
15.8 260
15.8167 258
15.8333 255
15.85 253
15.8667 251
15.8833 248
15.9 246
15.9167 243
15.9333 241
15.95 239
15.9667 236
15.9833 234
