9.0 206
9.0167 210
9.0333 212
9.05 215
9.0667 218
9.0833 221
9.1 224
9.1167 226
9.1333 229
9.15 232
9.1667 235
9.1833 237
9.2 240
9.2167 243
9.2333 246
9.25 249
9.2667 252
9.2833 254
9.3 257
9.3167 260
9.3333 263
9.35 266
9.3667 268
9.3833 271
9.4 274
9.4167 277
9.4333 280
9.45 282
9.4667 285
9.4833 288
9.5 291
9.5167 294
9.5333 296
9.55 299
9.5667 302
9.5833 305
9.6 308
9.6167 310
9.6333 313
9.65 316
9.6667 319
9.6833 322
9.7 324
9.7167 327
9.7333 330
9.75 333
9.7667 335
9.7833 338
9.8 341
9.8167 344
9.8333 346
9.85 349
9.8667 352
9.8833 354
9.9 357
9.9167 360
9.9333 362
9.95 365
9.9667 368
9.9833 371
10.0 373
10.0167 376
10.0333 378
10.05 381
10.0667 384
10.0833 386
10.1 389
10.1167 392
10.1333 394
10.15 397
10.1667 399
10.1833 402
10.2 404
10.2167 407
10.2333 410
10.25 412
10.2667 415
10.2833 417
10.3 420
10.3167 422
10.3333 425
10.35 427
10.3667 430
10.3833 432
10.4 434
10.4167 437
10.4333 439
10.45 442
10.4667 444
10.4833 446
10.5 449
10.5167 451
10.5333 454
10.55 456
10.5667 458
10.5833 461
10.6 463
10.6167 465
10.6333 467
10.65 470
10.6667 472
10.6833 474
10.7 476
10.7167 479
10.7333 481
10.75 483
10.7667 485
10.7833 487
10.8 490
10.8167 492
10.8333 494
10.85 496
10.8667 498
10.8833 500
10.9 502
10.9167 504
10.9333 506
10.95 508
10.9667 510
10.9833 512
11.0 514
11.0167 516
11.0333 518
11.05 520
11.0667 522
11.0833 524
11.1 526
11.1167 528
11.1333 530
11.15 532
11.1667 533
11.1833 535
11.2 537
11.2167 539
11.2333 541
11.25 542
11.2667 544
11.2833 546
11.3 548
11.3167 549
11.3333 551
11.35 553
11.3667 554
11.3833 556
11.4 558
11.4167 559
11.4333 561
11.45 562
11.4667 564
11.4833 565
11.5 567
11.5167 569
11.5333 570
11.55 572
11.5667 573
11.5833 574
11.6 576
11.6167 577
11.6333 579
11.65 580
11.6667 581
11.6833 583
11.7 584
11.7167 585
11.7333 587
11.75 588
11.7667 589
11.7833 590
11.8 592
11.8167 593
11.8333 594
11.85 595
11.8667 596
11.8833 597
11.9 599
11.9167 600
11.9333 601
11.95 602
11.9667 603
11.9833 604
12.0 605
12.0167 606
12.0333 607
12.05 608
12.0667 609
12.0833 610
12.1 611
12.1167 612
12.1333 612
12.15 613
12.1667 614
12.1833 615
12.2 616
12.2167 616
12.2333 617
12.25 618
12.2667 619
12.2833 619
12.3 620
12.3167 621
12.3333 621
12.35 622
12.3667 623
12.3833 623
12.4 624
12.4167 624
12.4333 625
12.45 625
12.4667 626
12.4833 626
12.5 627
12.5167 627
12.5333 628
12.55 628
12.5667 629
12.5833 629
12.6 629
12.6167 630
12.6333 630
12.65 630
12.6667 631
12.6833 631
12.7 631
12.7167 631
12.7333 632
12.75 632
12.7667 632
12.7833 632
12.8 632
12.8167 632
12.8333 632
12.85 632
12.8667 633
12.8833 633
12.9 633
12.9167 633
12.9333 633
12.95 633
12.9667 632
12.9833 632
13.0 632
13.0167 632
13.0333 632
13.05 632
13.0667 632
13.0833 632
13.1 631
13.1167 631
13.1333 631
13.15 631
13.1667 630
13.1833 630
13.2 630
13.2167 629
13.2333 629
13.25 629
13.2667 628
13.2833 628
13.3 627
13.3167 627
13.3333 627
13.35 626
13.3667 626
13.3833 625
13.4 624
13.4167 624
13.4333 623
13.45 623
13.4667 622
13.4833 622
13.5 621
13.5167 620
13.5333 620
13.55 619
13.5667 618
13.5833 617
13.6 617
13.6167 616
13.6333 615
13.65 614
13.6667 613
13.6833 613
13.7 612
13.7167 611
13.7333 610
13.75 609
13.7667 608
13.7833 607
13.8 606
13.8167 605
13.8333 604
13.85 603
13.8667 602
13.8833 601
13.9 600
13.9167 599
13.9333 598
13.95 596
13.9667 595
13.9833 594
14.0 593
14.0167 592
14.0333 591
14.05 589
14.0667 588
14.0833 587
14.1 585
14.1167 584
14.1333 583
14.15 582
14.1667 580
14.1833 579
14.2 577
14.2167 576
14.2333 575
14.25 573
14.2667 572
14.2833 570
14.3 569
14.3167 567
14.3333 566
14.35 564
14.3667 563
14.3833 561
14.4 559
14.4167 558
14.4333 556
14.45 555
14.4667 553
14.4833 551
14.5 550
14.5167 548
14.5333 546
14.55 544
14.5667 543
14.5833 541
14.6 539
14.6167 537
14.6333 535
14.65 534
14.6667 532
14.6833 530
14.7 528
14.7167 526
14.7333 524
14.75 522
14.7667 520
14.7833 519
14.8 517
14.8167 515
14.8333 513
14.85 511
14.8667 509
14.8833 507
14.9 505
14.9167 502
14.9333 500
14.95 498
14.9667 496
14.9833 494
15.0 493
15.0167 491
15.0333 489
15.05 486
15.0667 484
15.0833 482
15.1 480
15.1167 478
15.1333 475
15.15 473
15.1667 471
15.1833 469
15.2 466
15.2167 464
15.2333 462
15.25 459
15.2667 457
15.2833 455
15.3 452
15.3167 450
15.3333 448
15.35 445
15.3667 443
15.3833 440
15.4 438
15.4167 436
15.4333 433
15.45 431
15.4667 428
15.4833 426
15.5 423
15.5167 421
15.5333 418
15.55 416
15.5667 413
15.5833 411
15.6 408
15.6167 406
15.6333 403
15.65 400
15.6667 398
15.6833 395
15.7 393
15.7167 390
15.7333 387
15.75 385
15.7667 382
15.7833 380
15.8 377
15.8167 374
15.8333 372
15.85 369
15.8667 366
15.8833 364
15.9 361
15.9167 358
15.9333 355
15.95 353
15.9667 350
15.9833 347
