9.0 438
9.0167 440
9.0333 443
9.05 446
9.0667 449
9.0833 452
9.1 455
9.1167 458
9.1333 461
9.15 464
9.1667 467
9.1833 470
9.2 473
9.2167 476
9.2333 479
9.25 482
9.2667 485
9.2833 488
9.3 491
9.3167 494
9.3333 497
9.35 500
9.3667 503
9.3833 506
9.4 509
9.4167 511
9.4333 514
9.45 517
9.4667 520
9.4833 523
9.5 526
9.5167 529
9.5333 531
9.55 534
9.5667 537
9.5833 540
9.6 543
9.6167 545
9.6333 548
9.65 551
9.6667 554
9.6833 557
9.7 559
9.7167 562
9.7333 565
9.75 567
9.7667 570
9.7833 573
9.8 576
9.8167 578
9.8333 581
9.85 584
9.8667 586
9.8833 589
9.9 591
9.9167 594
9.9333 597
9.95 599
9.9667 602
9.9833 604
10.0 607
10.0167 610
10.0333 612
10.05 615
10.0667 617
10.0833 620
10.1 622
10.1167 625
10.1333 627
10.15 630
10.1667 632
10.1833 634
10.2 637
10.2167 639
10.2333 642
10.25 644
10.2667 646
10.2833 649
10.3 651
10.3167 654
10.3333 656
10.35 658
10.3667 660
10.3833 663
10.4 665
10.4167 667
10.4333 670
10.45 672
10.4667 674
10.4833 676
10.5 678
10.5167 681
10.5333 683
10.55 685
10.5667 687
10.5833 689
10.6 691
10.6167 694
10.6333 696
10.65 698
10.6667 700
10.6833 702
10.7 704
10.7167 706
10.7333 708
10.75 710
10.7667 712
10.7833 714
10.8 716
10.8167 718
10.8333 720
10.85 722
10.8667 723
10.8833 725
10.9 727
10.9167 729
10.9333 731
10.95 733
10.9667 735
10.9833 736
11.0 738
11.0167 740
11.0333 742
11.05 743
11.0667 745
11.0833 747
11.1 748
11.1167 750
11.1333 752
11.15 753
11.1667 755
11.1833 757
11.2 758
11.2167 760
11.2333 761
11.25 763
11.2667 764
11.2833 766
11.3 767
11.3167 769
11.3333 770
11.35 772
11.3667 773
11.3833 775
11.4 776
11.4167 778
11.4333 779
11.45 780
11.4667 782
11.4833 783
11.5 784
11.5167 786
11.5333 787
11.55 788
11.5667 789
11.5833 791
11.6 792
11.6167 793
11.6333 794
11.65 795
11.6667 796
11.6833 798
11.7 799
11.7167 800
11.7333 801
11.75 802
11.7667 803
11.7833 804
11.8 805
11.8167 806
11.8333 807
11.85 808
11.8667 809
11.8833 810
11.9 811
11.9167 812
11.9333 812
11.95 813
11.9667 814
11.9833 815
12.0 816
12.0167 817
12.0333 817
12.05 818
12.0667 819
12.0833 820
12.1 820
12.1167 821
12.1333 822
12.15 822
12.1667 823
12.1833 824
12.2 824
12.2167 825
12.2333 825
12.25 826
12.2667 826
12.2833 827
12.3 827
12.3167 828
12.3333 828
12.35 829
12.3667 829
12.3833 830
12.4 830
12.4167 830
12.4333 831
12.45 831
12.4667 831
12.4833 832
12.5 832
12.5167 832
12.5333 833
12.55 833
12.5667 833
12.5833 833
12.6 833
12.6167 834
12.6333 834
12.65 834
12.6667 834
12.6833 834
12.7 834
12.7167 834
12.7333 834
12.75 834
12.7667 834
12.7833 834
12.8 834
12.8167 834
12.8333 834
12.85 834
12.8667 834
12.8833 834
12.9 834
12.9167 833
12.9333 833
12.95 833
12.9667 833
12.9833 833
13.0 832
13.0167 832
13.0333 832
13.05 832
13.0667 831
13.0833 831
13.1 831
13.1167 830
13.1333 830
13.15 830
13.1667 829
13.1833 829
13.2 828
13.2167 828
13.2333 827
13.25 827
13.2667 826
13.2833 826
13.3 825
13.3167 825
13.3333 824
13.35 823
13.3667 823
13.3833 822
13.4 821
13.4167 821
13.4333 820
13.45 819
13.4667 819
13.4833 818
13.5 817
13.5167 816
13.5333 816
13.55 815
13.5667 814
13.5833 813
13.6 812
13.6167 811
13.6333 810
13.65 810
13.6667 809
13.6833 808
13.7 807
13.7167 806
13.7333 805
13.75 804
13.7667 803
13.7833 802
13.8 801
13.8167 799
13.8333 798
13.85 797
13.8667 796
13.8833 795
13.9 794
13.9167 793
13.9333 791
13.95 790
13.9667 789
13.9833 788
14.0 786
14.0167 785
14.0333 784
14.05 783
14.0667 781
14.0833 780
14.1 779
14.1167 777
14.1333 776
14.15 774
14.1667 773
14.1833 772
14.2 770
14.2167 769
14.2333 767
14.25 766
14.2667 764
14.2833 763
14.3 761
14.3167 759
14.3333 758
14.35 756
14.3667 755
14.3833 753
14.4 751
14.4167 750
14.4333 748
14.45 746
14.4667 745
14.4833 743
14.5 741
14.5167 739
14.5333 738
14.55 736
14.5667 734
14.5833 732
14.6 730
14.6167 729
14.6333 727
14.65 725
14.6667 723
14.6833 721
14.7 719
14.7167 717
14.7333 715
14.75 713
14.7667 711
14.7833 709
14.8 707
14.8167 705
14.8333 703
14.85 701
14.8667 699
14.8833 697
14.9 695
14.9167 693
14.9333 691
14.95 689
14.9667 687
14.9833 684
15.0 682
15.0167 680
15.0333 678
15.05 676
15.0667 673
15.0833 671
15.1 669
15.1167 667
15.1333 664
15.15 662
15.1667 660
15.1833 658
15.2 655
15.2167 653
15.2333 651
15.25 648
15.2667 646
15.2833 643
15.3 641
15.3167 639
15.3333 636
15.35 634
15.3667 631
15.3833 629
15.4 626
15.4167 624
15.4333 622
15.45 619
15.4667 617
15.4833 614
15.5 611
15.5167 609
15.5333 606
15.55 604
15.5667 601
15.5833 599
15.6 596
15.6167 593
15.6333 591
15.65 588
15.6667 586
15.6833 583
15.7 580
15.7167 578
15.7333 575
15.75 572
15.7667 569
15.7833 567
15.8 564
15.8167 561
15.8333 559
15.85 556
15.8667 553
15.8833 550
15.9 548
15.9167 545
15.9333 542
15.95 539
15.9667 536
15.9833 534
