9.0 364
9.0167 366
9.0333 369
9.05 372
9.0667 375
9.0833 378
9.1 381
9.1167 385
9.1333 388
9.15 391
9.1667 394
9.1833 397
9.2 400
9.2167 403
9.2333 406
9.25 409
9.2667 412
9.2833 415
9.3 418
9.3167 421
9.3333 424
9.35 427
9.3667 430
9.3833 432
9.4 435
9.4167 438
9.4333 441
9.45 444
9.4667 447
9.4833 450
9.5 453
9.5167 456
9.5333 459
9.55 461
9.5667 464
9.5833 467
9.6 470
9.6167 473
9.6333 476
9.65 478
9.6667 481
9.6833 484
9.7 487
9.7167 490
9.7333 492
9.75 495
9.7667 498
9.7833 501
9.8 503
9.8167 506
9.8333 509
9.85 511
9.8667 514
9.8833 517
9.9 519
9.9167 522
9.9333 525
9.95 527
9.9667 530
9.9833 533
10.0 535
10.0167 538
10.0333 540
10.05 543
10.0667 545
10.0833 548
10.1 550
10.1167 553
10.1333 555
10.15 558
10.1667 560
10.1833 563
10.2 565
10.2167 568
10.2333 570
10.25 572
10.2667 575
10.2833 577
10.3 579
10.3167 582
10.3333 584
10.35 586
10.3667 589
10.3833 591
10.4 593
10.4167 596
10.4333 598
10.45 600
10.4667 602
10.4833 604
10.5 607
10.5167 609
10.5333 611
10.55 613
10.5667 615
10.5833 617
10.6 619
10.6167 622
10.6333 624
10.65 626
10.6667 628
10.6833 630
10.7 632
10.7167 634
10.7333 636
10.75 638
10.7667 640
10.7833 641
10.8 643
10.8167 645
10.8333 647
10.85 649
10.8667 651
10.8833 653
10.9 654
10.9167 656
10.9333 658
10.95 660
10.9667 662
10.9833 663
11.0 665
11.0167 667
11.0333 668
11.05 670
11.0667 672
11.0833 673
11.1 675
11.1167 676
11.1333 678
11.15 680
11.1667 681
11.1833 683
11.2 684
11.2167 686
11.2333 687
11.25 689
11.2667 690
11.2833 691
11.3 693
11.3167 694
11.3333 696
11.35 697
11.3667 698
11.3833 700
11.4 701
11.4167 702
11.4333 703
11.45 705
11.4667 706
11.4833 707
11.5 708
11.5167 710
11.5333 711
11.55 712
11.5667 713
11.5833 714
11.6 715
11.6167 716
11.6333 717
11.65 718
11.6667 719
11.6833 720
11.7 721
11.7167 722
11.7333 723
11.75 724
11.7667 725
11.7833 726
11.8 727
11.8167 727
11.8333 728
11.85 729
11.8667 730
11.8833 731
11.9 731
11.9167 732
11.9333 733
11.95 734
11.9667 734
11.9833 735
12.0 735
12.0167 736
12.0333 737
12.05 737
12.0667 738
12.0833 738
12.1 739
12.1167 739
12.1333 740
12.15 740
12.1667 741
12.1833 741
12.2 742
12.2167 742
12.2333 742
12.25 743
12.2667 743
12.2833 743
12.3 744
12.3167 744
12.3333 744
12.35 744
12.3667 745
12.3833 745
12.4 745
12.4167 745
12.4333 745
12.45 745
12.4667 746
12.4833 746
12.5 746
12.5167 746
12.5333 746
12.55 746
12.5667 746
12.5833 746
12.6 746
12.6167 746
12.6333 746
12.65 745
12.6667 745
12.6833 745
12.7 745
12.7167 745
12.7333 745
12.75 744
12.7667 744
12.7833 744
12.8 744
12.8167 743
12.8333 743
12.85 743
12.8667 742
12.8833 742
12.9 742
12.9167 741
12.9333 741
12.95 740
12.9667 740
12.9833 739
13.0 739
13.0167 738
13.0333 738
13.05 737
13.0667 737
13.0833 736
13.1 735
13.1167 735
13.1333 734
13.15 733
13.1667 733
13.1833 732
13.2 731
13.2167 730
13.2333 730
13.25 729
13.2667 728
13.2833 727
13.3 726
13.3167 725
13.3333 725
13.35 724
13.3667 723
13.3833 722
13.4 721
13.4167 720
13.4333 719
13.45 718
13.4667 717
13.4833 716
13.5 715
13.5167 714
13.5333 713
13.55 711
13.5667 710
13.5833 709
13.6 708
13.6167 707
13.6333 706
13.65 704
13.6667 703
13.6833 702
13.7 700
13.7167 699
13.7333 698
13.75 697
13.7667 695
13.7833 694
13.8 692
13.8167 691
13.8333 690
13.85 688
13.8667 687
13.8833 685
13.9 684
13.9167 682
13.9333 681
13.95 679
13.9667 678
13.9833 676
14.0 674
14.0167 673
14.0333 671
14.05 669
14.0667 668
14.0833 666
14.1 664
14.1167 663
14.1333 661
14.15 659
14.1667 657
14.1833 656
14.2 654
14.2167 652
14.2333 650
14.25 648
14.2667 646
14.2833 645
14.3 643
14.3167 641
14.3333 639
14.35 637
14.3667 635
14.3833 633
14.4 631
14.4167 629
14.4333 627
14.45 625
14.4667 623
14.4833 621
14.5 619
14.5167 617
14.5333 615
14.55 612
14.5667 610
14.5833 608
14.6 606
14.6167 604
14.6333 602
14.65 599
14.6667 597
14.6833 595
14.7 593
14.7167 590
14.7333 588
14.75 586
14.7667 583
14.7833 581
14.8 579
14.8167 576
14.8333 574
14.85 572
14.8667 569
14.8833 567
14.9 564
14.9167 562
14.9333 559
14.95 557
14.9667 555
14.9833 552
15.0 549
15.0167 546
15.0333 544
15.05 541
15.0667 538
15.0833 536
15.1 533
15.1167 531
15.1333 528
15.15 526
15.1667 523
15.1833 520
15.2 518
15.2167 515
15.2333 512
15.25 510
15.2667 507
15.2833 504
15.3 501
15.3167 499
15.3333 496
15.35 493
15.3667 491
15.3833 488
15.4 485
15.4167 482
15.4333 479
15.45 477
15.4667 474
15.4833 471
15.5 468
15.5167 465
15.5333 462
15.55 460
15.5667 457
15.5833 454
15.6 451
15.6167 448
15.6333 445
15.65 442
15.6667 439
15.6833 436
15.7 433
15.7167 430
15.7333 428
15.75 425
15.7667 422
15.7833 419
15.8 416
15.8167 413
15.8333 410
15.85 407
15.8667 404
15.8833 401
15.9 398
15.9167 395
15.9333 392
15.95 389
15.9667 386
15.9833 383
