9.0 531
9.0167 534
9.0333 538
9.05 541
9.0667 544
9.0833 548
9.1 551
9.1167 554
9.1333 558
9.15 561
9.1667 564
9.1833 568
9.2 571
9.2167 574
9.2333 577
9.25 581
9.2667 584
9.2833 587
9.3 590
9.3167 594
9.3333 597
9.35 600
9.3667 603
9.3833 606
9.4 609
9.4167 613
9.4333 616
9.45 619
9.4667 622
9.4833 625
9.5 628
9.5167 631
9.5333 634
9.55 637
9.5667 640
9.5833 643
9.6 647
9.6167 650
9.6333 653
9.65 656
9.6667 659
9.6833 661
9.7 664
9.7167 667
9.7333 670
9.75 673
9.7667 676
9.7833 679
9.8 682
9.8167 685
9.8333 688
9.85 691
9.8667 693
9.8833 696
9.9 699
9.9167 702
9.9333 705
9.95 707
9.9667 710
9.9833 713
10.0 716
10.0167 718
10.0333 721
10.05 724
10.0667 726
10.0833 729
10.1 732
10.1167 734
10.1333 737
10.15 739
10.1667 742
10.1833 745
10.2 747
10.2167 750
10.2333 752
10.25 755
10.2667 757
10.2833 760
10.3 762
10.3167 765
10.3333 767
10.35 770
10.3667 772
10.3833 774
10.4 777
10.4167 779
10.4333 782
10.45 784
10.4667 786
10.4833 789
10.5 791
10.5167 793
10.5333 795
10.55 798
10.5667 800
10.5833 802
10.6 804
10.6167 806
10.6333 809
10.65 811
10.6667 813
10.6833 815
10.7 817
10.7167 819
10.7333 821
10.75 823
10.7667 825
10.7833 827
10.8 829
10.8167 831
10.8333 833
10.85 835
10.8667 837
10.8833 839
10.9 841
10.9167 843
10.9333 845
10.95 847
10.9667 849
10.9833 850
11.0 852
11.0167 854
11.0333 856
11.05 858
11.0667 859
11.0833 861
11.1 863
11.1167 864
11.1333 866
11.15 868
11.1667 869
11.1833 871
11.2 873
11.2167 874
11.2333 876
11.25 877
11.2667 879
11.2833 880
11.3 882
11.3167 883
11.3333 885
11.35 886
11.3667 888
11.3833 889
11.4 890
11.4167 892
11.4333 893
11.45 894
11.4667 896
11.4833 897
11.5 898
11.5167 900
11.5333 901
11.55 902
11.5667 903
11.5833 904
11.6 906
11.6167 907
11.6333 908
11.65 909
11.6667 910
11.6833 911
11.7 912
11.7167 913
11.7333 914
11.75 915
11.7667 916
11.7833 917
11.8 918
11.8167 919
11.8333 920
11.85 921
11.8667 922
11.8833 923
11.9 924
11.9167 924
11.9333 925
11.95 926
11.9667 927
11.9833 927
12.0 928
12.0167 929
12.0333 930
12.05 930
12.0667 931
12.0833 932
12.1 932
12.1167 933
12.1333 933
12.15 934
12.1667 934
12.1833 935
12.2 935
12.2167 936
12.2333 936
12.25 937
12.2667 937
12.2833 938
12.3 938
12.3167 938
12.3333 939
12.35 939
12.3667 939
12.3833 940
12.4 940
12.4167 940
12.4333 940
12.45 941
12.4667 941
12.4833 941
12.5 941
12.5167 941
12.5333 941
12.55 942
12.5667 942
12.5833 942
12.6 942
12.6167 942
12.6333 942
12.65 942
12.6667 942
12.6833 942
12.7 942
12.7167 941
12.7333 941
12.75 941
12.7667 941
12.7833 941
12.8 941
12.8167 940
12.8333 940
12.85 940
12.8667 940
12.8833 939
12.9 939
12.9167 939
12.9333 938
12.95 938
12.9667 938
12.9833 937
13.0 937
13.0167 936
13.0333 936
13.05 935
13.0667 935
13.0833 934
13.1 934
13.1167 933
13.1333 933
13.15 932
13.1667 932
13.1833 931
13.2 930
13.2167 930
13.2333 929
13.25 928
13.2667 928
13.2833 927
13.3 926
13.3167 925
13.3333 924
13.35 924
13.3667 923
13.3833 922
13.4 921
13.4167 920
13.4333 919
13.45 918
13.4667 917
13.4833 916
13.5 915
13.5167 914
13.5333 913
13.55 912
13.5667 911
13.5833 910
13.6 909
13.6167 908
13.6333 907
13.65 906
13.6667 905
13.6833 903
13.7 902
13.7167 901
13.7333 900
13.75 898
13.7667 897
13.7833 896
13.8 895
13.8167 893
13.8333 892
13.85 891
13.8667 889
13.8833 888
13.9 886
13.9167 885
13.9333 883
13.95 882
13.9667 880
13.9833 879
14.0 877
14.0167 876
14.0333 874
14.05 873
14.0667 871
14.0833 869
14.1 868
14.1167 866
14.1333 865
14.15 863
14.1667 861
14.1833 859
14.2 858
14.2167 856
14.2333 854
14.25 852
14.2667 851
14.2833 849
14.3 847
14.3167 845
14.3333 843
14.35 841
14.3667 839
14.3833 837
14.4 836
14.4167 834
14.4333 832
14.45 830
14.4667 828
14.4833 826
14.5 824
14.5167 821
14.5333 819
14.55 817
14.5667 815
14.5833 813
14.6 811
14.6167 809
14.6333 807
14.65 804
14.6667 802
14.6833 800
14.7 798
14.7167 796
14.7333 793
14.75 791
14.7667 789
14.7833 786
14.8 784
14.8167 782
14.8333 779
14.85 777
14.8667 775
14.8833 772
14.9 770
14.9167 767
14.9333 765
14.95 763
14.9667 760
14.9833 758
15.0 755
15.0167 753
15.0333 750
15.05 748
15.0667 745
15.0833 742
15.1 740
15.1167 737
15.1333 735
15.15 732
15.1667 729
15.1833 727
15.2 724
15.2167 721
15.2333 719
15.25 716
15.2667 713
15.2833 711
15.3 708
15.3167 705
15.3333 702
15.35 699
15.3667 697
15.3833 694
15.4 691
15.4167 688
15.4333 685
15.45 682
15.4667 680
15.4833 677
15.5 674
15.5167 671
15.5333 668
15.55 665
15.5667 662
15.5833 659
15.6 656
15.6167 653
15.6333 650
15.65 647
15.6667 644
15.6833 641
15.7 638
15.7167 635
15.7333 632
15.75 629
15.7667 626
15.7833 622
15.8 619
15.8167 616
15.8333 613
15.85 610
15.8667 607
15.8833 604
15.9 600
15.9167 597
15.9333 594
15.95 591
15.9667 588
15.9833 584
