9.0 492
9.0167 496
9.0333 499
9.05 502
9.0667 506
9.0833 509
9.1 513
9.1167 516
9.1333 519
9.15 523
9.1667 526
9.1833 529
9.2 533
9.2167 536
9.2333 539
9.25 543
9.2667 546
9.2833 549
9.3 553
9.3167 556
9.3333 559
9.35 562
9.3667 566
9.3833 569
9.4 572
9.4167 575
9.4333 578
9.45 582
9.4667 585
9.4833 588
9.5 591
9.5167 594
9.5333 598
9.55 601
9.5667 604
9.5833 607
9.6 610
9.6167 613
9.6333 616
9.65 619
9.6667 622
9.6833 625
9.7 629
9.7167 632
9.7333 635
9.75 638
9.7667 641
9.7833 644
9.8 647
9.8167 650
9.8333 652
9.85 655
9.8667 658
9.8833 661
9.9 664
9.9167 667
9.9333 670
9.95 673
9.9667 676
9.9833 679
10.0 681
10.0167 684
10.0333 687
10.05 690
10.0667 693
10.0833 695
10.1 698
10.1167 701
10.1333 704
10.15 706
10.1667 709
10.1833 712
10.2 714
10.2167 717
10.2333 720
10.25 722
10.2667 725
10.2833 728
10.3 730
10.3167 733
10.3333 735
10.35 738
10.3667 740
10.3833 743
10.4 745
10.4167 748
10.4333 750
10.45 753
10.4667 755
10.4833 758
10.5 760
10.5167 762
10.5333 765
10.55 767
10.5667 770
10.5833 772
10.6 774
10.6167 777
10.6333 779
10.65 781
10.6667 783
10.6833 786
10.7 788
10.7167 790
10.7333 792
10.75 795
10.7667 797
10.7833 799
10.8 801
10.8167 803
10.8333 805
10.85 807
10.8667 809
10.8833 811
10.9 814
10.9167 816
10.9333 818
10.95 820
10.9667 822
10.9833 824
11.0 825
11.0167 827
11.0333 829
11.05 831
11.0667 833
11.0833 835
11.1 837
11.1167 839
11.1333 840
11.15 842
11.1667 844
11.1833 846
11.2 848
11.2167 849
11.2333 851
11.25 853
11.2667 854
11.2833 856
11.3 858
11.3167 859
11.3333 861
11.35 863
11.3667 864
11.3833 866
11.4 867
11.4167 869
11.4333 870
11.45 872
11.4667 873
11.4833 875
11.5 876
11.5167 877
11.5333 879
11.55 880
11.5667 882
11.5833 883
11.6 884
11.6167 886
11.6333 887
11.65 888
11.6667 889
11.6833 891
11.7 892
11.7167 893
11.7333 894
11.75 895
11.7667 897
11.7833 898
11.8 899
11.8167 900
11.8333 901
11.85 902
11.8667 903
11.8833 904
11.9 905
11.9167 906
11.9333 907
11.95 908
11.9667 32
11.9833 910
12.0 911
12.0167 912
12.0333 912
12.05 913
12.0667 914
12.0833 915
12.1 916
12.1167 916
12.1333 917
12.15 918
12.1667 919
12.1833 919
12.2 920
12.2167 921
12.2333 921
12.25 922
12.2667 922
12.2833 923
12.3 924
12.3167 924
12.3333 925
12.35 925
12.3667 926
12.3833 926
12.4 927
12.4167 927
12.4333 927
12.45 928
12.4667 928
12.4833 928
12.5 929
12.5167 929
12.5333 929
12.55 930
12.5667 930
12.5833 930
12.6 930
12.6167 931
12.6333 931
12.65 931
12.6667 931
12.6833 931
12.7 931
12.7167 931
12.7333 931
12.75 931
12.7667 931
12.7833 931
12.8 931
12.8167 931
12.8333 931
12.85 931
12.8667 931
12.8833 931
12.9 931
12.9167 931
12.9333 931
12.95 930
12.9667 930
12.9833 930
13.0 930
13.0167 929
13.0333 929
13.05 929
13.0667 929
13.0833 928
13.1 928
13.1167 927
13.1333 927
13.15 927
13.1667 926
13.1833 926
13.2 925
13.2167 925
13.2333 924
13.25 924
13.2667 923
13.2833 923
13.3 922
13.3167 921
13.3333 921
13.35 920
13.3667 920
13.3833 919
13.4 918
13.4167 917
13.4333 917
13.45 916
13.4667 915
13.4833 914
13.5 914
13.5167 913
13.5333 912
13.55 911
13.5667 910
13.5833 909
13.6 908
13.6167 907
13.6333 906
13.65 905
13.6667 904
13.6833 903
13.7 902
13.7167 901
13.7333 900
13.75 899
13.7667 898
13.7833 897
13.8 896
13.8167 895
13.8333 893
13.85 892
13.8667 891
13.8833 890
13.9 889
13.9167 887
13.9333 886
13.95 885
13.9667 883
13.9833 882
14.0 881
14.0167 879
14.0333 878
14.05 876
14.0667 875
14.0833 874
14.1 872
14.1167 871
14.1333 869
14.15 868
14.1667 866
14.1833 865
14.2 863
14.2167 861
14.2333 860
14.25 858
14.2667 857
14.2833 855
14.3 853
14.3167 851
14.3333 850
14.35 848
14.3667 846
14.3833 845
14.4 843
14.4167 841
14.4333 839
14.45 837
14.4667 835
14.4833 834
14.5 832
14.5167 830
14.5333 828
14.55 826
14.5667 824
14.5833 822
14.6 820
14.6167 818
14.6333 816
14.65 814
14.6667 812
14.6833 810
14.7 808
14.7167 806
14.7333 804
14.75 802
14.7667 799
14.7833 797
14.8 795
14.8167 793
14.8333 791
14.85 789
14.8667 786
14.8833 784
14.9 782
14.9167 780
14.9333 777
14.95 775
14.9667 773
14.9833 770
15.0 768
15.0167 765
15.0333 763
15.05 760
15.0667 758
15.0833 756
15.1 753
15.1167 751
15.1333 748
15.15 746
15.1667 743
15.1833 741
15.2 738
15.2167 736
15.2333 733
15.25 731
15.2667 728
15.2833 725
15.3 723
15.3167 720
15.3333 717
15.35 715
15.3667 712
15.3833 709
15.4 707
15.4167 704
15.4333 701
15.45 699
15.4667 696
15.4833 693
15.5 690
15.5167 687
15.5333 685
15.55 682
15.5667 679
15.5833 676
15.6 673
15.6167 670
15.6333 668
15.65 665
15.6667 662
15.6833 659
15.7 656
15.7167 653
15.7333 650
15.75 647
15.7667 644
15.7833 641
15.8 638
15.8167 635
15.8333 632
15.85 629
15.8667 626
15.8833 623
15.9 620
15.9167 617
15.9333 614
15.95 611
15.9667 607
15.9833 604
