9.0 220
9.0167 222
9.0333 225
9.05 229
9.0667 232
9.0833 235
9.1 238
9.1167 241
9.1333 244
9.15 247
9.1667 250
9.1833 253
9.2 256
9.2167 259
9.2333 262
9.25 265
9.2667 268
9.2833 270
9.3 273
9.3167 276
9.3333 279
9.35 282
9.3667 285
9.3833 288
9.4 291
9.4167 294
9.4333 297
9.45 300
9.4667 303
9.4833 306
9.5 309
9.5167 312
9.5333 315
9.55 317
9.5667 320
9.5833 323
9.6 326
9.6167 329
9.6333 332
9.65 335
9.6667 338
9.6833 340
9.7 343
9.7167 346
9.7333 349
9.75 352
9.7667 354
9.7833 357
9.8 360
9.8167 363
9.8333 365
9.85 368
9.8667 371
9.8833 374
9.9 376
9.9167 379
9.9333 382
9.95 384
9.9667 387
9.9833 390
10.0 392
10.0167 395
10.0333 398
10.05 400
10.0667 403
10.0833 405
10.1 408
10.1167 411
10.1333 413
10.15 416
10.1667 418
10.1833 421
10.2 423
10.2167 426
10.2333 428
10.25 431
10.2667 433
10.2833 436
10.3 438
10.3167 441
10.3333 443
10.35 445
10.3667 448
10.3833 450
10.4 452
10.4167 455
10.4333 457
10.45 459
10.4667 462
10.4833 464
10.5 466
10.5167 469
10.5333 471
10.55 473
10.5667 475
10.5833 477
10.6 480
10.6167 482
10.6333 484
10.65 486
10.6667 488
10.6833 490
10.7 492
10.7167 495
10.7333 497
10.75 499
10.7667 501
10.7833 503
10.8 505
10.8167 507
10.8333 509
10.85 511
10.8667 513
10.8833 515
10.9 517
10.9167 518
10.9333 520
10.95 522
10.9667 524
10.9833 526
11.0 528
11.0167 530
11.0333 531
11.05 533
11.0667 535
11.0833 537
11.1 538
11.1167 540
11.1333 542
11.15 543
11.1667 545
11.1833 547
11.2 548
11.2167 550
11.2333 552
11.25 553
11.2667 555
11.2833 556
11.3 558
11.3167 559
11.3333 561
11.35 562
11.3667 564
11.3833 565
11.4 567
11.4167 568
11.4333 569
11.45 571
11.4667 572
11.4833 573
11.5 575
11.5167 576
11.5333 577
11.55 579
11.5667 580
11.5833 581
11.6 582
11.6167 584
11.6333 585
11.65 586
11.6667 587
11.6833 588
11.7 589
11.7167 590
11.7333 591
11.75 592
11.7667 594
11.7833 595
11.8 596
11.8167 597
11.8333 597
11.85 598
11.8667 599
11.8833 600
11.9 601
11.9167 602
11.9333 603
11.95 604
11.9667 605
11.9833 605
12.0 606
12.0167 607
12.0333 608
12.05 608
12.0667 609
12.0833 610
12.1 610
12.1167 611
12.1333 612
12.15 612
12.1667 613
12.1833 614
12.2 614
12.2167 615
12.2333 615
12.25 616
12.2667 616
12.2833 617
12.3 617
12.3167 618
12.3333 618
12.35 618
12.3667 619
12.3833 619
12.4 619
12.4167 620
12.4333 620
12.45 620
12.4667 621
12.4833 621
12.5 621
12.5167 621
12.5333 621
12.55 622
12.5667 622
12.5833 622
12.6 622
12.6167 622
12.6333 622
12.65 622
12.6667 622
12.6833 622
12.7 622
12.7167 622
12.7333 622
12.75 622
12.7667 622
12.7833 622
12.8 622
12.8167 622
12.8333 622
12.85 621
12.8667 621
12.8833 621
12.9 621
12.9167 621
12.9333 620
12.95 620
12.9667 620
12.9833 619
13.0 619
13.0167 619
13.0333 618
13.05 618
13.0667 618
13.0833 617
13.1 617
13.1167 616
13.1333 616
13.15 615
13.1667 615
13.1833 614
13.2 614
13.2167 613
13.2333 612
13.25 612
13.2667 611
13.2833 610
13.3 610
13.3167 609
13.3333 608
13.35 608
13.3667 607
13.3833 606
13.4 605
13.4167 605
13.4333 604
13.45 603
13.4667 602
13.4833 601
13.5 600
13.5167 599
13.5333 598
13.55 597
13.5667 596
13.5833 596
13.6 595
13.6167 593
13.6333 592
13.65 591
13.6667 590
13.6833 589
13.7 588
13.7167 587
13.7333 586
13.75 585
13.7667 583
13.7833 582
13.8 581
13.8167 580
13.8333 579
13.85 577
13.8667 576
13.8833 575
13.9 573
13.9167 572
13.9333 571
13.95 569
13.9667 568
13.9833 567
14.0 565
14.0167 564
14.0333 562
14.05 561
14.0667 559
14.0833 558
14.1 556
14.1167 555
14.1333 553
14.15 552
14.1667 550
14.1833 548
14.2 547
14.2167 545
14.2333 543
14.25 542
14.2667 540
14.2833 538
14.3 537
14.3167 535
14.3333 533
14.35 531
14.3667 529
14.3833 528
14.4 526
14.4167 524
14.4333 522
14.45 520
14.4667 518
14.4833 516
14.5 515
14.5167 513
14.5333 511
14.55 509
14.5667 507
14.5833 505
14.6 503
14.6167 501
14.6333 499
14.65 497
14.6667 495
14.6833 492
14.7 490
14.7167 488
14.7333 486
14.75 484
14.7667 482
14.7833 480
14.8 477
14.8167 475
14.8333 473
14.85 471
14.8667 468
14.8833 466
14.9 464
14.9167 462
14.9333 459
14.95 457
14.9667 455
14.9833 452
15.0 450
15.0167 448
15.0333 446
15.05 443
15.0667 441
15.0833 438
15.1 436
15.1167 434
15.1333 431
15.15 429
15.1667 426
15.1833 424
15.2 421
15.2167 419
15.2333 416
15.25 414
15.2667 411
15.2833 408
15.3 406
15.3167 403
15.3333 401
15.35 398
15.3667 395
15.3833 393
15.4 390
15.4167 387
15.4333 385
15.45 382
15.4667 379
15.4833 377
15.5 374
15.5167 371
15.5333 369
15.55 366
15.5667 363
15.5833 360
15.6 358
15.6167 355
15.6333 352
15.65 349
15.6667 346
15.6833 344
15.7 341
15.7167 338
15.7333 335
15.75 332
15.7667 329
15.7833 327
15.8 324
15.8167 321
15.8333 318
15.85 315
15.8667 312
15.8833 309
15.9 306
15.9167 303
15.9333 300
15.95 297
15.9667 295
15.9833 292
