9.0 266
9.0167 270
9.0333 273
9.05 277
9.0667 280
9.0833 284
9.1 287
9.1167 291
9.1333 294
9.15 298
9.1667 301
9.1833 305
9.2 308
9.2167 312
9.2333 315
9.25 318
9.2667 322
9.2833 325
9.3 329
9.3167 332
9.3333 336
9.35 339
9.3667 343
9.3833 346
9.4 349
9.4167 353
9.4333 356
9.45 360
9.4667 363
9.4833 366
9.5 370
9.5167 373
9.5333 376
9.55 380
9.5667 383
9.5833 386
9.6 390
9.6167 393
9.6333 396
9.65 400
9.6667 403
9.6833 406
9.7 409
9.7167 413
9.7333 416
9.75 419
9.7667 422
9.7833 425
9.8 429
9.8167 432
9.8333 435
9.85 438
9.8667 441
9.8833 444
9.9 448
9.9167 451
9.9333 454
9.95 457
9.9667 460
9.9833 463
10.0 466
10.0167 469
10.0333 472
10.05 475
10.0667 478
10.0833 481
10.1 484
10.1167 487
10.1333 490
10.15 493
10.1667 496
10.1833 499
10.2 502
10.2167 505
10.2333 508
10.25 511
10.2667 514
10.2833 516
10.3 519
10.3167 522
10.3333 525
10.35 528
10.3667 530
10.3833 533
10.4 536
10.4167 539
10.4333 541
10.45 544
10.4667 547
10.4833 550
10.5 552
10.5167 555
10.5333 558
10.55 560
10.5667 563
10.5833 565
10.6 568
10.6167 571
10.6333 573
10.65 576
10.6667 578
10.6833 581
10.7 583
10.7167 586
10.7333 588
10.75 590
10.7667 593
10.7833 595
10.8 598
10.8167 600
10.8333 602
10.85 605
10.8667 607
10.8833 609
10.9 612
10.9167 614
10.9333 616
10.95 618
10.9667 621
10.9833 623
11.0 625
11.0167 627
11.0333 629
11.05 632
11.0667 634
11.0833 636
11.1 638
11.1167 640
11.1333 642
11.15 644
11.1667 646
11.1833 648
11.2 650
11.2167 652
11.2333 654
11.25 656
11.2667 658
11.2833 660
11.3 662
11.3167 664
11.3333 665
11.35 667
11.3667 669
11.3833 671
11.4 673
11.4167 674
11.4333 676
11.45 678
11.4667 680
11.4833 681
11.5 683
11.5167 685
11.5333 686
11.55 688
11.5667 689
11.5833 691
11.6 693
11.6167 694
11.6333 696
11.65 697
11.6667 699
11.6833 700
11.7 702
11.7167 703
11.7333 704
11.75 706
11.7667 707
11.7833 709
11.8 710
11.8167 711
11.8333 712
11.85 714
11.8667 715
11.8833 716
11.9 717
11.9167 719
11.9333 720
11.95 721
11.9667 722
11.9833 723
12.0 724
12.0167 725
12.0333 727
12.05 728
12.0667 729
12.0833 730
12.1 731
12.1167 732
12.1333 733
12.15 733
12.1667 734
12.1833 735
12.2 736
12.2167 737
12.2333 738
12.25 739
12.2667 739
12.2833 740
12.3 741
12.3167 742
12.3333 742
12.35 743
12.3667 744
12.3833 744
12.4 745
12.4167 746
12.4333 746
12.45 747
12.4667 747
12.4833 748
12.5 748
12.5167 749
12.5333 749
12.55 750
12.5667 750
12.5833 751
12.6 751
12.6167 752
12.6333 752
12.65 752
12.6667 753
12.6833 753
12.7 753
12.7167 753
12.7333 754
12.75 754
12.7667 754
12.7833 754
12.8 754
12.8167 754
12.8333 755
12.85 755
12.8667 755
12.8833 755
12.9 755
12.9167 755
12.9333 755
12.95 755
12.9667 755
12.9833 755
13.0 755
13.0167 755
13.0333 754
13.05 754
13.0667 754
13.0833 754
13.1 754
13.1167 753
13.1333 753
13.15 753
13.1667 753
13.1833 752
13.2 752
13.2167 752
13.2333 751
13.25 751
13.2667 751
13.2833 750
13.3 750
13.3167 749
13.3333 749
13.35 748
13.3667 748
13.3833 747
13.4 747
13.4167 746
13.4333 745
13.45 745
13.4667 744
13.4833 743
13.5 743
13.5167 742
13.5333 741
13.55 741
13.5667 740
13.5833 739
13.6 738
13.6167 737
13.6333 737
13.65 736
13.6667 735
13.6833 734
13.7 733
13.7167 732
13.7333 731
13.75 730
13.7667 729
13.7833 728
13.8 727
13.8167 726
13.8333 725
13.85 724
13.8667 723
13.8833 722
13.9 720
13.9167 719
13.9333 718
13.95 717
13.9667 716
13.9833 714
14.0 713
14.0167 712
14.0333 710
14.05 709
14.0667 708
14.0833 706
14.1 705
14.1167 704
14.1333 702
14.15 701
14.1667 699
14.1833 698
14.2 696
14.2167 695
14.2333 693
14.25 692
14.2667 690
14.2833 689
14.3 687
14.3167 685
14.3333 684
14.35 682
14.3667 680
14.3833 679
14.4 677
14.4167 675
14.4333 674
14.45 672
14.4667 670
14.4833 668
14.5 666
14.5167 664
14.5333 663
14.55 661
14.5667 659
14.5833 657
14.6 655
14.6167 653
14.6333 651
14.65 649
14.6667 647
14.6833 645
14.7 643
14.7167 641
14.7333 639
14.75 637
14.7667 635
14.7833 633
14.8 630
14.8167 628
14.8333 626
14.85 624
14.8667 622
14.8833 620
14.9 617
14.9167 615
14.9333 613
14.95 610
14.9667 608
14.9833 606
15.0 604
15.0167 602
15.0333 600
15.05 597
15.0667 595
15.0833 593
15.1 590
15.1167 588
15.1333 585
15.15 583
15.1667 580
15.1833 578
15.2 575
15.2167 573
15.2333 570
15.25 568
15.2667 565
15.2833 562
15.3 560
15.3167 557
15.3333 554
15.35 552
15.3667 549
15.3833 546
15.4 544
15.4167 541
15.4333 538
15.45 535
15.4667 533
15.4833 530
15.5 527
15.5167 524
15.5333 522
15.55 519
15.5667 516
15.5833 513
15.6 510
15.6167 507
15.6333 504
15.65 501
15.6667 498
15.6833 496
15.7 493
15.7167 490
15.7333 487
15.75 484
15.7667 481
15.7833 478
15.8 475
15.8167 472
15.8333 469
15.85 465
15.8667 462
15.8833 459
15.9 456
15.9167 453
15.9333 450
15.95 447
15.9667 444
15.9833 441
