9.0 342
9.0167 346
9.0333 350
9.05 353
9.0667 357
9.0833 361
9.1 364
9.1167 368
9.1333 371
9.15 375
9.1667 379
9.1833 382
9.2 386
9.2167 389
9.2333 393
9.25 396
9.2667 400
9.2833 404
9.3 407
9.3167 411
9.3333 414
9.35 418
9.3667 421
9.3833 425
9.4 428
9.4167 432
9.4333 435
9.45 438
9.4667 442
9.4833 445
9.5 449
9.5167 452
9.5333 456
9.55 459
9.5667 462
9.5833 466
9.6 469
9.6167 473
9.6333 476
9.65 479
9.6667 483
9.6833 486
9.7 489
9.7167 493
9.7333 496
9.75 499
9.7667 503
9.7833 506
9.8 509
9.8167 512
9.8333 515
9.85 519
9.8667 522
9.8833 525
9.9 528
9.9167 531
9.9333 535
9.95 538
9.9667 541
9.9833 544
10.0 547
10.0167 550
10.0333 553
10.05 556
10.0667 560
10.0833 563
10.1 566
10.1167 569
10.1333 572
10.15 575
10.1667 578
10.1833 581
10.2 584
10.2167 586
10.2333 589
10.25 592
10.2667 595
10.2833 598
10.3 601
10.3167 604
10.3333 607
10.35 609
10.3667 612
10.3833 615
10.4 618
10.4167 621
10.4333 623
10.45 626
10.4667 629
10.4833 632
10.5 634
10.5167 637
10.5333 640
10.55 642
10.5667 645
10.5833 648
10.6 650
10.6167 653
10.6333 655
10.65 658
10.6667 660
10.6833 663
10.7 665
10.7167 668
10.7333 670
10.75 673
10.7667 675
10.7833 678
10.8 680
10.8167 683
10.8333 685
10.85 687
10.8667 690
10.8833 692
10.9 694
10.9167 697
10.9333 699
10.95 701
10.9667 703
10.9833 706
11.0 708
11.0167 710
11.0333 712
11.05 714
11.0667 716
11.0833 719
11.1 721
11.1167 723
11.1333 725
11.15 727
11.1667 729
11.1833 731
11.2 733
11.2167 735
11.2333 737
11.25 739
11.2667 741
11.2833 743
11.3 744
11.3167 746
11.3333 748
11.35 750
11.3667 752
11.3833 754
11.4 755
11.4167 757
11.4333 759
11.45 761
11.4667 762
11.4833 764
11.5 766
11.5167 767
11.5333 769
11.55 771
11.5667 772
11.5833 774
11.6 775
11.6167 777
11.6333 778
11.65 780
11.6667 781
11.6833 783
11.7 784
11.7167 786
11.7333 787
11.75 788
11.7667 790
11.7833 791
11.8 792
11.8167 794
11.8333 795
11.85 796
11.8667 797
11.8833 799
11.9 800
11.9167 801
11.9333 802
11.95 803
11.9667 805
11.9833 806
12.0 807
12.0167 808
12.0333 809
12.05 810
12.0667 811
12.0833 812
12.1 813
12.1167 814
12.1333 815
12.15 816
12.1667 816
12.1833 817
12.2 818
12.2167 819
12.2333 820
12.25 821
12.2667 821
12.2833 822
12.3 823
12.3167 824
12.3333 824
12.35 825
12.3667 825
12.3833 826
12.4 827
12.4167 827
12.4333 828
12.45 828
12.4667 829
12.4833 829
12.5 830
12.5167 830
12.5333 831
12.55 831
12.5667 832
12.5833 832
12.6 832
12.6167 833
12.6333 833
12.65 833
12.6667 834
12.6833 834
12.7 834
12.7167 834
12.7333 835
12.75 835
12.7667 835
12.7833 835
12.8 835
12.8167 835
12.8333 835
12.85 835
12.8667 835
12.8833 835
12.9 835
12.9167 835
12.9333 835
12.95 835
12.9667 835
12.9833 835
13.0 835
13.0167 835
13.0333 835
13.05 834
13.0667 834
13.0833 834
13.1 834
13.1167 833
13.1333 833
13.15 833
13.1667 832
13.1833 832
13.2 832
13.2167 831
13.2333 831
13.25 830
13.2667 830
13.2833 829
13.3 829
13.3167 828
13.3333 828
13.35 827
13.3667 827
13.3833 826
13.4 825
13.4167 825
13.4333 824
13.45 823
13.4667 823
13.4833 822
13.5 821
13.5167 821
13.5333 820
13.55 819
13.5667 818
13.5833 817
13.6 816
13.6167 816
13.6333 815
13.65 814
13.6667 813
13.6833 812
13.7 811
13.7167 810
13.7333 809
13.75 808
13.7667 807
13.7833 806
13.8 804
13.8167 803
13.8333 802
13.85 801
13.8667 800
13.8833 799
13.9 797
13.9167 796
13.9333 795
13.95 794
13.9667 792
13.9833 791
14.0 790
14.0167 788
14.0333 787
14.05 786
14.0667 784
14.0833 783
14.1 781
14.1167 780
14.1333 778
14.15 777
14.1667 775
14.1833 774
14.2 772
14.2167 770
14.2333 769
14.25 767
14.2667 766
14.2833 764
14.3 762
14.3167 761
14.3333 759
14.35 757
14.3667 755
14.3833 754
14.4 752
14.4167 750
14.4333 748
14.45 746
14.4667 744
14.4833 742
14.5 741
14.5167 739
14.5333 737
14.55 735
14.5667 733
14.5833 731
14.6 729
14.6167 727
14.6333 725
14.65 723
14.6667 720
14.6833 718
14.7 716
14.7167 714
14.7333 712
14.75 710
14.7667 708
14.7833 705
14.8 703
14.8167 701
14.8333 699
14.85 696
14.8667 694
14.8833 692
14.9 689
14.9167 687
14.9333 685
14.95 682
14.9667 680
14.9833 678
15.0 676
15.0167 674
15.0333 671
15.05 669
15.0667 666
15.0833 664
15.1 661
15.1167 659
15.1333 656
15.15 653
15.1667 651
15.1833 648
15.2 646
15.2167 643
15.2333 640
15.25 638
15.2667 635
15.2833 632
15.3 630
15.3167 627
15.3333 624
15.35 621
15.3667 619
15.3833 616
15.4 613
15.4167 610
15.4333 607
15.45 604
15.4667 602
15.4833 599
15.5 596
15.5167 593
15.5333 590
15.55 587
15.5667 584
15.5833 581
15.6 578
15.6167 575
15.6333 572
15.65 569
15.6667 566
15.6833 563
15.7 560
15.7167 557
15.7333 554
15.75 551
15.7667 548
15.7833 545
15.8 542
15.8167 538
15.8333 535
15.85 532
15.8667 529
15.8833 526
15.9 522
15.9167 519
15.9333 516
15.95 513
15.9667 510
15.9833 506
