9.0 554
9.0167 557
9.0333 561
9.05 564
9.0667 567
9.0833 571
9.1 574
9.1167 578
9.1333 581
9.15 584
9.1667 588
9.1833 591
9.2 594
9.2167 598
9.2333 601
9.25 604
9.2667 607
9.2833 611
9.3 614
9.3167 617
9.3333 620
9.35 624
9.3667 627
9.3833 630
9.4 633
9.4167 636
9.4333 639
9.45 643
9.4667 646
9.4833 649
9.5 652
9.5167 655
9.5333 658
9.55 661
9.5667 664
9.5833 667
9.6 670
9.6167 674
9.6333 677
9.65 680
9.6667 683
9.6833 686
9.7 689
9.7167 691
9.7333 694
9.75 697
9.7667 700
9.7833 703
9.8 706
9.8167 709
9.8333 712
9.85 715
9.8667 718
9.8833 720
9.9 723
9.9167 726
9.9333 729
9.95 732
9.9667 734
9.9833 737
10.0 740
10.0167 743
10.0333 745
10.05 748
10.0667 751
10.0833 753
10.1 756
10.1167 759
10.1333 761
10.15 764
10.1667 767
10.1833 769
10.2 772
10.2167 774
10.2333 777
10.25 779
10.2667 782
10.2833 784
10.3 787
10.3167 789
10.3333 792
10.35 794
10.3667 797
10.3833 799
10.4 802
10.4167 804
10.4333 806
10.45 809
10.4667 811
10.4833 813
10.5 816
10.5167 818
10.5333 820
10.55 822
10.5667 825
10.5833 827
10.6 829
10.6167 831
10.6333 833
10.65 836
10.6667 838
10.6833 840
10.7 842
10.7167 844
10.7333 846
10.75 848
10.7667 850
10.7833 852
10.8 854
10.8167 856
10.8333 858
10.85 860
10.8667 862
10.8833 864
10.9 866
10.9167 868
10.9333 870
10.95 872
10.9667 874
10.9833 875
11.0 877
11.0167 879
11.0333 881
11.05 883
11.0667 884
11.0833 886
11.1 888
11.1167 889
11.1333 891
11.15 893
11.1667 894
11.1833 896
11.2 898
11.2167 899
11.2333 901
11.25 902
11.2667 904
11.2833 905
11.3 907
11.3167 908
11.3333 910
11.35 911
11.3667 913
11.3833 914
11.4 916
11.4167 917
11.4333 918
11.45 920
11.4667 921
11.4833 922
11.5 924
11.5167 925
11.5333 926
11.55 927
11.5667 929
11.5833 930
11.6 931
11.6167 932
11.6333 933
11.65 934
11.6667 935
11.6833 937
11.7 938
11.7167 939
11.7333 940
11.75 941
11.7667 942
11.7833 943
11.8 944
11.8167 945
11.8333 945
11.85 946
11.8667 947
11.8833 948
11.9 949
11.9167 950
11.9333 951
11.95 951
11.9667 952
11.9833 953
12.0 954
12.0167 954
12.0333 955
12.05 956
12.0667 956
12.0833 957
12.1 958
12.1167 958
12.1333 959
12.15 959
12.1667 960
12.1833 960
12.2 961
12.2167 961
12.2333 962
12.25 962
12.2667 963
12.2833 963
12.3 964
12.3167 964
12.3333 964
12.35 965
12.3667 965
12.3833 965
12.4 966
12.4167 966
12.4333 966
12.45 966
12.4667 966
12.4833 967
12.5 967
12.5167 967
12.5333 967
12.55 967
12.5667 967
12.5833 967
12.6 967
12.6167 967
12.6333 967
12.65 967
12.6667 967
12.6833 967
12.7 967
12.7167 967
12.7333 967
12.75 967
12.7667 967
12.7833 967
12.8 966
12.8167 966
12.8333 966
12.85 966
12.8667 965
12.8833 965
12.9 965
12.9167 965
12.9333 964
12.95 964
12.9667 963
12.9833 963
13.0 963
13.0167 962
13.0333 962
13.05 961
13.0667 961
13.0833 960
13.1 960
13.1167 959
13.1333 959
13.15 958
13.1667 957
13.1833 957
13.2 956
13.2167 956
13.2333 955
13.25 954
13.2667 953
13.2833 953
13.3 952
13.3167 951
13.3333 950
13.35 950
13.3667 949
13.3833 948
13.4 947
13.4167 946
13.4333 945
13.45 944
13.4667 943
13.4833 942
13.5 941
13.5167 940
13.5333 939
13.55 938
13.5667 937
13.5833 936
13.6 935
13.6167 934
13.6333 933
13.65 932
13.6667 931
13.6833 929
13.7 928
13.7167 927
13.7333 926
13.75 924
13.7667 923
13.7833 922
13.8 921
13.8167 919
13.8333 918
13.85 917
13.8667 915
13.8833 914
13.9 912
13.9167 911
13.9333 909
13.95 908
13.9667 906
13.9833 905
14.0 903
14.0167 902
14.0333 900
14.05 899
14.0667 897
14.0833 896
14.1 894
14.1167 892
14.1333 891
14.15 889
14.1667 887
14.1833 886
14.2 884
14.2167 882
14.2333 880
14.25 878
14.2667 877
14.2833 875
14.3 873
14.3167 871
14.3333 869
14.35 867
14.3667 865
14.3833 864
14.4 862
14.4167 860
14.4333 858
14.45 856
14.4667 854
14.4833 852
14.5 850
14.5167 848
14.5333 846
14.55 843
14.5667 841
14.5833 839
14.6 837
14.6167 835
14.6333 833
14.65 831
14.6667 828
14.6833 826
14.7 824
14.7167 822
14.7333 819
14.75 817
14.7667 815
14.7833 813
14.8 810
14.8167 808
14.8333 806
14.85 803
14.8667 801
14.8833 798
14.9 796
14.9167 793
14.9333 791
14.95 789
14.9667 786
14.9833 784
15.0 781
15.0167 779
15.0333 776
15.05 774
15.0667 771
15.0833 769
15.1 766
15.1167 763
15.1333 761
15.15 758
15.1667 755
15.1833 753
15.2 750
15.2167 747
15.2333 745
15.25 742
15.2667 739
15.2833 736
15.3 734
15.3167 731
15.3333 728
15.35 725
15.3667 722
15.3833 720
15.4 717
15.4167 714
15.4333 711
15.45 708
15.4667 705
15.4833 702
15.5 700
15.5167 697
15.5333 694
15.55 691
15.5667 688
15.5833 685
15.6 682
15.6167 679
15.6333 676
15.65 673
15.6667 670
15.6833 667
15.7 664
15.7167 660
15.7333 657
15.75 654
15.7667 651
15.7833 648
15.8 645
15.8167 642
15.8333 639
15.85 635
15.8667 632
15.8833 629
15.9 626
15.9167 623
15.9333 619
15.95 616
15.9667 613
15.9833 610
