9.0 601
9.0167 604
9.0333 608
9.05 611
9.0667 614
9.0833 618
9.1 621
9.1167 624
9.1333 628
9.15 631
9.1667 634
9.1833 638
9.2 641
9.2167 644
9.2333 647
9.25 651
9.2667 654
9.2833 657
9.3 660
9.3167 663
9.3333 667
9.35 670
9.3667 673
9.3833 676
9.4 679
9.4167 682
9.4333 685
9.45 689
9.4667 692
9.4833 695
9.5 698
9.5167 701
9.5333 704
9.55 707
9.5667 710
9.5833 713
9.6 716
9.6167 719
9.6333 722
9.65 725
9.6667 728
9.6833 731
9.7 734
9.7167 737
9.7333 740
9.75 743
9.7667 745
9.7833 748
9.8 751
9.8167 754
9.8333 757
9.85 760
9.8667 762
9.8833 765
9.9 768
9.9167 771
9.9333 774
9.95 776
9.9667 779
9.9833 782
10.0 784
10.0167 787
10.0333 790
10.05 792
10.0667 795
10.0833 798
10.1 800
10.1167 803
10.1333 806
10.15 808
10.1667 811
10.1833 813
10.2 816
10.2167 818
10.2333 821
10.25 823
10.2667 826
10.2833 828
10.3 831
10.3167 833
10.3333 836
10.35 838
10.3667 840
10.3833 843
10.4 845
10.4167 847
10.4333 850
10.45 852
10.4667 854
10.4833 857
10.5 859
10.5167 861
10.5333 863
10.55 866
10.5667 868
10.5833 870
10.6 872
10.6167 874
10.6333 877
10.65 879
10.6667 881
10.6833 883
10.7 885
10.7167 887
10.7333 889
10.75 891
10.7667 893
10.7833 895
10.8 897
10.8167 899
10.8333 901
10.85 903
10.8667 905
10.8833 907
10.9 909
10.9167 911
10.9333 913
10.95 914
10.9667 916
10.9833 918
11.0 920
11.0167 922
11.0333 923
11.05 925
11.0667 927
11.0833 929
11.1 930
11.1167 932
11.1333 934
11.15 935
11.1667 937
11.1833 939
11.2 940
11.2167 942
11.2333 943
11.25 945
11.2667 946
11.2833 948
11.3 949
11.3167 951
11.3333 952
11.35 954
11.3667 955
11.3833 957
11.4 958
11.4167 959
11.4333 961
11.45 962
11.4667 963
11.4833 965
11.5 966
11.5167 967
11.5333 968
11.55 970
11.5667 971
11.5833 972
11.6 973
11.6167 974
11.6333 976
11.65 977
11.6667 978
11.6833 979
11.7 980
11.7167 981
11.7333 982
11.75 983
11.7667 984
11.7833 985
11.8 986
11.8167 987
11.8333 988
11.85 989
11.8667 990
11.8833 991
11.9 991
11.9167 992
11.9333 993
11.95 994
11.9667 995
11.9833 995
12.0 996
12.0167 997
12.0333 998
12.05 998
12.0667 999
12.0833 1000
12.1 1000
12.1167 1001
12.1333 1002
12.15 1002
12.1667 1003
12.1833 1003
12.2 1004
12.2167 1004
12.2333 1005
12.25 1005
12.2667 1006
12.2833 1006
12.3 1007
12.3167 1007
12.3333 1007
12.35 1008
12.3667 1008
12.3833 1008
12.4 1009
12.4167 1009
12.4333 1009
12.45 1010
12.4667 1010
12.4833 1010
12.5 1010
12.5167 1010
12.5333 1011
12.55 1011
12.5667 1011
12.5833 1011
12.6 1011
12.6167 1011
12.6333 1011
12.65 1011
12.6667 1011
12.6833 1011
12.7 1011
12.7167 1011
12.7333 1011
12.75 1011
12.7667 1011
12.7833 1011
12.8 1010
12.8167 1010
12.8333 1010
12.85 1010
12.8667 1010
12.8833 1010
12.9 1009
12.9167 1009
12.9333 1009
12.95 1008
12.9667 1008
12.9833 1008
13.0 1007
13.0167 1007
13.0333 1007
13.05 1006
13.0667 1006
13.0833 1005
13.1 1005
13.1167 1004
13.1333 1004
13.15 1003
13.1667 1003
13.1833 1002
13.2 1002
13.2167 1001
13.2333 1000
13.25 1000
13.2667 999
13.2833 998
13.3 998
13.3167 997
13.3333 996
13.35 995
13.3667 995
13.3833 994
13.4 993
13.4167 992
13.4333 991
13.45 991
13.4667 990
13.4833 989
13.5 988
13.5167 987
13.5333 986
13.55 985
13.5667 984
13.5833 983
13.6 982
13.6167 981
13.6333 980
13.65 979
13.6667 978
13.6833 977
13.7 976
13.7167 974
13.7333 973
13.75 972
13.7667 971
13.7833 970
13.8 968
13.8167 967
13.8333 966
13.85 965
13.8667 963
13.8833 962
13.9 961
13.9167 959
13.9333 958
13.95 957
13.9667 955
13.9833 954
14.0 952
14.0167 951
14.0333 949
14.05 948
14.0667 946
14.0833 945
14.1 943
14.1167 942
14.1333 940
14.15 939
14.1667 937
14.1833 935
14.2 934
14.2167 932
14.2333 930
14.25 929
14.2667 927
14.2833 925
14.3 923
14.3167 922
14.3333 920
14.35 918
14.3667 916
14.3833 914
14.4 913
14.4167 911
14.4333 909
14.45 907
14.4667 905
14.4833 903
14.5 901
14.5167 899
14.5333 897
14.55 895
14.5667 893
14.5833 891
14.6 889
14.6167 887
14.6333 885
14.65 883
14.6667 881
14.6833 879
14.7 877
14.7167 874
14.7333 872
14.75 870
14.7667 868
14.7833 866
14.8 863
14.8167 861
14.8333 859
14.85 857
14.8667 854
14.8833 852
14.9 850
14.9167 847
14.9333 845
14.95 843
14.9667 840
14.9833 838
15.0 836
15.0167 833
15.0333 831
15.05 828
15.0667 826
15.0833 823
15.1 821
15.1167 818
15.1333 816
15.15 813
15.1667 811
15.1833 808
15.2 806
15.2167 803
15.2333 800
15.25 798
15.2667 795
15.2833 793
15.3 790
15.3167 787
15.3333 785
15.35 782
15.3667 779
15.3833 776
15.4 774
15.4167 771
15.4333 768
15.45 765
15.4667 763
15.4833 760
15.5 757
15.5167 754
15.5333 751
15.55 748
15.5667 746
15.5833 743
15.6 740
15.6167 737
15.6333 734
15.65 731
15.6667 728
15.6833 725
15.7 722
15.7167 719
15.7333 716
15.75 713
15.7667 710
15.7833 707
15.8 704
15.8167 701
15.8333 698
15.85 695
15.8667 692
15.8833 689
15.9 686
15.9167 682
15.9333 679
15.95 676
15.9667 673
15.9833 670
