9.0 410
9.0167 413
9.0333 417
9.05 420
9.0667 423
9.0833 426
9.1 430
9.1167 433
9.1333 436
9.15 439
9.1667 443
9.1833 446
9.2 449
9.2167 452
9.2333 456
9.25 459
9.2667 462
9.2833 465
9.3 468
9.3167 472
9.3333 475
9.35 478
9.3667 481
9.3833 484
9.4 487
9.4167 491
9.4333 494
9.45 497
9.4667 500
9.4833 503
9.5 506
9.5167 509
9.5333 512
9.55 515
9.5667 518
9.5833 521
9.6 524
9.6167 527
9.6333 530
9.65 533
9.6667 536
9.6833 539
9.7 542
9.7167 545
9.7333 548
9.75 551
9.7667 554
9.7833 557
9.8 559
9.8167 562
9.8333 565
9.85 568
9.8667 571
9.8833 574
9.9 576
9.9167 579
9.9333 582
9.95 585
9.9667 588
9.9833 590
10.0 593
10.0167 596
10.0333 598
10.05 601
10.0667 604
10.0833 606
10.1 609
10.1167 612
10.1333 614
10.15 617
10.1667 619
10.1833 622
10.2 625
10.2167 627
10.2333 630
10.25 632
10.2667 635
10.2833 637
10.3 640
10.3167 642
10.3333 644
10.35 647
10.3667 649
10.3833 652
10.4 654
10.4167 656
10.4333 659
10.45 661
10.4667 663
10.4833 666
10.5 668
10.5167 670
10.5333 672
10.55 675
10.5667 677
10.5833 679
10.6 681
10.6167 683
10.6333 686
10.65 688
10.6667 690
10.6833 692
10.7 694
10.7167 696
10.7333 698
10.75 700
10.7667 702
10.7833 704
10.8 706
10.8167 708
10.8333 710
10.85 712
10.8667 714
10.8833 716
10.9 718
10.9167 720
10.9333 721
10.95 723
10.9667 725
10.9833 727
11.0 729
11.0167 730
11.0333 732
11.05 734
11.0667 736
11.0833 737
11.1 739
11.1167 741
11.1333 742
11.15 744
11.1667 746
11.1833 747
11.2 749
11.2167 750
11.2333 752
11.25 753
11.2667 755
11.2833 756
11.3 758
11.3167 759
11.3333 761
11.35 762
11.3667 763
11.3833 765
11.4 766
11.4167 767
11.4333 769
11.45 770
11.4667 771
11.4833 773
11.5 774
11.5167 775
11.5333 776
11.55 777
11.5667 779
11.5833 780
11.6 781
11.6167 782
11.6333 783
11.65 784
11.6667 785
11.6833 786
11.7 787
11.7167 788
11.7333 789
11.75 790
11.7667 791
11.7833 792
11.8 793
11.8167 794
11.8333 794
11.85 795
11.8667 796
11.8833 797
11.9 798
11.9167 798
11.9333 799
11.95 800
11.9667 801
11.9833 801
12.0 802
12.0167 803
12.0333 803
12.05 804
12.0667 804
12.0833 805
12.1 806
12.1167 806
12.1333 807
12.15 807
12.1667 808
12.1833 808
12.2 808
12.2167 809
12.2333 809
12.25 810
12.2667 810
12.2833 810
12.3 811
12.3167 811
12.3333 811
12.35 811
12.3667 812
12.3833 812
12.4 812
12.4167 812
12.4333 812
12.45 812
12.4667 813
12.4833 813
12.5 813
12.5167 813
12.5333 813
12.55 813
12.5667 813
12.5833 813
12.6 813
12.6167 813
12.6333 813
12.65 812
12.6667 812
12.6833 812
12.7 812
12.7167 812
12.7333 812
12.75 811
12.7667 811
12.7833 811
12.8 811
12.8167 810
12.8333 810
12.85 810
12.8667 809
12.8833 809
12.9 808
12.9167 808
12.9333 808
12.95 807
12.9667 807
12.9833 806
13.0 806
13.0167 805
13.0333 805
13.05 804
13.0667 803
13.0833 803
13.1 802
13.1167 801
13.1333 801
13.15 800
13.1667 799
13.1833 799
13.2 798
13.2167 797
13.2333 796
13.25 796
13.2667 795
13.2833 794
13.3 793
13.3167 792
13.3333 791
13.35 790
13.3667 789
13.3833 788
13.4 787
13.4167 786
13.4333 785
13.45 784
13.4667 783
13.4833 782
13.5 781
13.5167 780
13.5333 779
13.55 778
13.5667 776
13.5833 775
13.6 774
13.6167 773
13.6333 772
13.65 770
13.6667 769
13.6833 768
13.7 766
13.7167 765
13.7333 764
13.75 762
13.7667 761
13.7833 759
13.8 758
13.8167 757
13.8333 755
13.85 754
13.8667 752
13.8833 751
13.9 749
13.9167 747
13.9333 746
13.95 744
13.9667 743
13.9833 741
14.0 739
14.0167 738
14.0333 736
14.05 734
14.0667 733
14.0833 731
14.1 729
14.1167 727
14.1333 725
14.15 724
14.1667 722
14.1833 720
14.2 718
14.2167 716
14.2333 714
14.25 712
14.2667 711
14.2833 709
14.3 707
14.3167 705
14.3333 703
14.35 701
14.3667 699
14.3833 697
14.4 694
14.4167 692
14.4333 690
14.45 688
14.4667 686
14.4833 684
14.5 682
14.5167 680
14.5333 677
14.55 675
14.5667 673
14.5833 671
14.6 668
14.6167 666
14.6333 664
14.65 661
14.6667 659
14.6833 657
14.7 654
14.7167 652
14.7333 650
14.75 647
14.7667 645
14.7833 642
14.8 640
14.8167 638
14.8333 635
14.85 633
14.8667 630
14.8833 628
14.9 625
14.9167 622
14.9333 620
14.95 617
14.9667 615
14.9833 612
15.0 609
15.0167 606
15.0333 603
15.05 601
15.0667 598
15.0833 595
15.1 593
15.1167 590
15.1333 587
15.15 584
15.1667 582
15.1833 579
15.2 576
15.2167 573
15.2333 570
15.25 568
15.2667 565
15.2833 562
15.3 559
15.3167 556
15.3333 553
15.35 550
15.3667 548
15.3833 545
15.4 542
15.4167 539
15.4333 536
15.45 533
15.4667 530
15.4833 527
15.5 524
15.5167 521
15.5333 518
15.55 515
15.5667 512
15.5833 509
15.6 506
15.6167 503
15.6333 499
15.65 496
15.6667 493
15.6833 490
15.7 487
15.7167 484
15.7333 481
15.75 478
15.7667 474
15.7833 471
15.8 468
15.8167 465
15.8333 462
15.85 459
15.8667 455
15.8833 452
15.9 449
15.9167 446
15.9333 442
15.95 439
15.9667 436
15.9833 433
