9.0 381
9.0167 384
9.0333 387
9.05 390
9.0667 394
9.0833 397
9.1 400
9.1167 403
9.1333 406
9.15 410
9.1667 413
9.1833 416
9.2 419
9.2167 422
9.2333 425
9.25 429
9.2667 432
9.2833 435
9.3 438
9.3167 441
9.3333 444
9.35 447
9.3667 450
9.3833 453
9.4 456
9.4167 459
9.4333 462
9.45 465
9.4667 468
9.4833 471
9.5 474
9.5167 477
9.5333 480
9.55 483
9.5667 486
9.5833 489
9.6 492
9.6167 495
9.6333 498
9.65 501
9.6667 504
9.6833 507
9.7 510
9.7167 512
9.7333 515
9.75 518
9.7667 521
9.7833 524
9.8 526
9.8167 529
9.8333 532
9.85 535
9.8667 537
9.8833 540
9.9 543
9.9167 546
9.9333 548
9.95 551
9.9667 554
9.9833 556
10.0 559
10.0167 562
10.0333 564
10.05 567
10.0667 569
10.0833 572
10.1 574
10.1167 577
10.1333 579
10.15 582
10.1667 584
10.1833 587
10.2 589
10.2167 592
10.2333 594
10.25 597
10.2667 599
10.2833 601
10.3 604
10.3167 606
10.3333 608
10.35 611
10.3667 613
10.3833 615
10.4 618
10.4167 620
10.4333 622
10.45 624
10.4667 627
10.4833 629
10.5 631
10.5167 633
10.5333 635
10.55 638
10.5667 640
10.5833 642
10.6 644
10.6167 646
10.6333 648
10.65 650
10.6667 652
10.6833 654
10.7 656
10.7167 658
10.7333 660
10.75 662
10.7667 664
10.7833 666
10.8 668
10.8167 669
10.8333 671
10.85 673
10.8667 675
10.8833 677
10.9 679
10.9167 680
10.9333 682
10.95 684
10.9667 686
10.9833 687
11.0 689
11.0167 691
11.0333 692
11.05 694
11.0667 695
11.0833 697
11.1 699
11.1167 700
11.1333 702
11.15 703
11.1667 705
11.1833 706
11.2 708
11.2167 709
11.2333 711
11.25 712
11.2667 713
11.2833 715
11.3 716
11.3167 717
11.3333 719
11.35 720
11.3667 721
11.3833 723
11.4 724
11.4167 725
11.4333 726
11.45 727
11.4667 729
11.4833 730
11.5 731
11.5167 732
11.5333 733
11.55 734
11.5667 735
11.5833 736
11.6 737
11.6167 738
11.6333 739
11.65 740
11.6667 741
11.6833 742
11.7 743
11.7167 744
11.7333 745
11.75 745
11.7667 746
11.7833 747
11.8 748
11.8167 749
11.8333 749
11.85 750
11.8667 751
11.8833 752
11.9 752
11.9167 753
11.9333 753
11.95 754
11.9667 755
11.9833 755
12.0 756
12.0167 756
12.0333 757
12.05 757
12.0667 758
12.0833 758
12.1 759
12.1167 759
12.1333 760
12.15 760
12.1667 760
12.1833 761
12.2 761
12.2167 761
12.2333 761
12.25 762
12.2667 762
12.2833 762
12.3 762
12.3167 763
12.3333 763
12.35 763
12.3667 763
12.3833 763
12.4 763
12.4167 763
12.4333 763
12.45 763
12.4667 763
12.4833 763
12.5 763
12.5167 763
12.5333 763
12.55 763
12.5667 763
12.5833 763
12.6 763
12.6167 762
12.6333 762
12.65 762
12.6667 762
12.6833 762
12.7 761
12.7167 761
12.7333 761
12.75 760
12.7667 760
12.7833 760
12.8 759
12.8167 759
12.8333 758
12.85 758
12.8667 757
12.8833 757
12.9 756
12.9167 756
12.9333 755
12.95 755
12.9667 754
12.9833 754
13.0 753
13.0167 752
13.0333 752
13.05 751
13.0667 750
13.0833 749
13.1 749
13.1167 748
13.1333 747
13.15 746
13.1667 746
13.1833 745
13.2 744
13.2167 743
13.2333 742
13.25 741
13.2667 740
13.2833 739
13.3 738
13.3167 737
13.3333 736
13.35 735
13.3667 734
13.3833 733
13.4 732
13.4167 731
13.4333 730
13.45 729
13.4667 727
13.4833 726
13.5 725
13.5167 724
13.5333 723
13.55 721
13.5667 720
13.5833 719
13.6 717
13.6167 716
13.6333 715
13.65 713
13.6667 712
13.6833 711
13.7 709
13.7167 708
13.7333 706
13.75 705
13.7667 703
13.7833 702
13.8 700
13.8167 699
13.8333 697
13.85 696
13.8667 694
13.8833 692
13.9 691
13.9167 689
13.9333 687
13.95 686
13.9667 684
13.9833 682
14.0 680
14.0167 679
14.0333 677
14.05 675
14.0667 673
14.0833 671
14.1 670
14.1167 668
14.1333 666
14.15 664
14.1667 662
14.1833 660
14.2 658
14.2167 656
14.2333 654
14.25 652
14.2667 650
14.2833 648
14.3 646
14.3167 644
14.3333 642
14.35 640
14.3667 638
14.3833 636
14.4 633
14.4167 631
14.4333 629
14.45 627
14.4667 625
14.4833 622
14.5 620
14.5167 618
14.5333 616
14.55 613
14.5667 611
14.5833 609
14.6 606
14.6167 604
14.6333 602
14.65 599
14.6667 597
14.6833 594
14.7 592
14.7167 590
14.7333 587
14.75 585
14.7667 582
14.7833 580
14.8 577
14.8167 575
14.8333 572
14.85 569
14.8667 567
14.8833 564
14.9 562
14.9167 559
14.9333 556
14.95 554
14.9667 551
14.9833 549
15.0 545
15.0167 542
15.0333 539
15.05 537
15.0667 534
15.0833 531
15.1 528
15.1167 526
15.1333 523
15.15 520
15.1667 517
15.1833 514
15.2 512
15.2167 509
15.2333 506
15.25 503
15.2667 500
15.2833 497
15.3 494
15.3167 491
15.3333 488
15.35 486
15.3667 483
15.3833 480
15.4 477
15.4167 474
15.4333 471
15.45 468
15.4667 465
15.4833 462
15.5 459
15.5167 456
15.5333 453
15.55 449
15.5667 446
15.5833 443
15.6 440
15.6167 437
15.6333 434
15.65 431
15.6667 428
15.6833 425
15.7 422
15.7167 418
15.7333 415
15.75 412
15.7667 409
15.7833 406
15.8 403
15.8167 399
15.8333 396
15.85 393
15.8667 390
15.8833 386
15.9 383
15.9167 380
15.9333 377
15.95 374
15.9667 370
15.9833 367
