9.0 249
9.0167 253
9.0333 257
9.05 260
9.0667 263
9.0833 266
9.1 269
9.1167 273
9.1333 276
9.15 279
9.1667 282
9.1833 285
9.2 289
9.2167 292
9.2333 295
9.25 298
9.2667 301
9.2833 304
9.3 308
9.3167 311
9.3333 314
9.35 317
9.3667 320
9.3833 324
9.4 327
9.4167 330
9.4333 333
9.45 336
9.4667 339
9.4833 343
9.5 346
9.5167 349
9.5333 352
9.55 355
9.5667 358
9.5833 361
9.6 364
9.6167 368
9.6333 371
9.65 374
9.6667 377
9.6833 380
9.7 383
9.7167 386
9.7333 389
9.75 392
9.7667 395
9.7833 398
9.8 401
9.8167 404
9.8333 407
9.85 410
9.8667 413
9.8833 416
9.9 419
9.9167 422
9.9333 425
9.95 428
9.9667 431
9.9833 434
10.0 437
10.0167 440
10.0333 443
10.05 446
10.0667 448
10.0833 451
10.1 454
10.1167 457
10.1333 460
10.15 463
10.1667 466
10.1833 468
10.2 471
10.2167 474
10.2333 477
10.25 479
10.2667 482
10.2833 485
10.3 488
10.3167 490
10.3333 493
10.35 496
10.3667 498
10.3833 501
10.4 504
10.4167 506
10.4333 509
10.45 512
10.4667 514
10.4833 517
10.5 519
10.5167 522
10.5333 524
10.55 527
10.5667 529
10.5833 532
10.6 534
10.6167 537
10.6333 539
10.65 542
10.6667 544
10.6833 547
10.7 549
10.7167 551
10.7333 554
10.75 556
10.7667 559
10.7833 561
10.8 563
10.8167 565
10.8333 568
10.85 570
10.8667 572
10.8833 575
10.9 577
10.9167 579
10.9333 581
10.95 583
10.9667 585
10.9833 588
11.0 590
11.0167 592
11.0333 594
11.05 596
11.0667 598
11.0833 600
11.1 602
11.1167 604
11.1333 606
11.15 608
11.1667 610
11.1833 612
11.2 614
11.2167 616
11.2333 618
11.25 620
11.2667 622
11.2833 624
11.3 625
11.3167 627
11.3333 629
11.35 631
11.3667 633
11.3833 634
11.4 636
11.4167 638
11.4333 639
11.45 641
11.4667 643
11.4833 644
11.5 646
11.5167 648
11.5333 649
11.55 651
11.5667 652
11.5833 654
11.6 655
11.6167 657
11.6333 658
11.65 660
11.6667 661
11.6833 663
11.7 664
11.7167 666
11.7333 667
11.75 668
11.7667 670
11.7833 671
11.8 672
11.8167 674
11.8333 675
11.85 676
11.8667 677
11.8833 679
11.9 680
11.9167 681
11.9333 682
11.95 683
11.9667 684
11.9833 685
12.0 687
12.0167 688
12.0333 689
12.05 690
12.0667 691
12.0833 692
12.1 693
12.1167 694
12.1333 695
12.15 695
12.1667 696
12.1833 697
12.2 698
12.2167 699
12.2333 700
12.25 701
12.2667 701
12.2833 702
12.3 703
12.3167 704
12.3333 704
12.35 705
12.3667 706
12.3833 706
12.4 707
12.4167 707
12.4333 708
12.45 709
12.4667 709
12.4833 710
12.5 710
12.5167 711
12.5333 711
12.55 712
12.5667 712
12.5833 712
12.6 713
12.6167 713
12.6333 714
12.65 714
12.6667 714
12.6833 714
12.7 715
12.7167 715
12.7333 715
12.75 715
12.7667 716
12.7833 716
12.8 716
12.8167 716
12.8333 716
12.85 716
12.8667 716
12.8833 716
12.9 716
12.9167 717
12.9333 716
12.95 716
12.9667 716
12.9833 716
13.0 716
13.0167 716
13.0333 716
13.05 716
13.0667 716
13.0833 716
13.1 715
13.1167 715
13.1333 715
13.15 715
13.1667 714
13.1833 714
13.2 714
13.2167 713
13.2333 713
13.25 713
13.2667 712
13.2833 712
13.3 711
13.3167 711
13.3333 711
13.35 710
13.3667 710
13.3833 709
13.4 708
13.4167 708
13.4333 707
13.45 707
13.4667 706
13.4833 705
13.5 705
13.5167 704
13.5333 703
13.55 703
13.5667 702
13.5833 701
13.6 700
13.6167 700
13.6333 699
13.65 698
13.6667 697
13.6833 696
13.7 695
13.7167 694
13.7333 693
13.75 692
13.7667 691
13.7833 690
13.8 689
13.8167 688
13.8333 687
13.85 686
13.8667 685
13.8833 684
13.9 683
13.9167 682
13.9333 681
13.95 680
13.9667 678
13.9833 677
14.0 676
14.0167 675
14.0333 673
14.05 672
14.0667 671
14.0833 669
14.1 668
14.1167 667
14.1333 665
14.15 664
14.1667 663
14.1833 661
14.2 660
14.2167 658
14.2333 657
14.25 655
14.2667 654
14.2833 652
14.3 651
14.3167 649
14.3333 647
14.35 646
14.3667 644
14.3833 642
14.4 641
14.4167 639
14.4333 637
14.45 636
14.4667 634
14.4833 632
14.5 630
14.5167 629
14.5333 627
14.55 625
14.5667 623
14.5833 621
14.6 619
14.6167 618
14.6333 616
14.65 614
14.6667 612
14.6833 610
14.7 608
14.7167 606
14.7333 604
14.75 602
14.7667 600
14.7833 598
14.8 596
14.8167 594
14.8333 591
14.85 589
14.8667 587
14.8833 585
14.9 583
14.9167 581
14.9333 579
14.95 576
14.9667 574
14.9833 572
15.0 570
15.0167 568
15.0333 566
15.05 564
15.0667 561
15.0833 559
15.1 557
15.1167 554
15.1333 552
15.15 549
15.1667 547
15.1833 545
15.2 542
15.2167 540
15.2333 537
15.25 535
15.2667 532
15.2833 530
15.3 527
15.3167 525
15.3333 522
15.35 520
15.3667 517
15.3833 514
15.4 512
15.4167 509
15.4333 507
15.45 504
15.4667 501
15.4833 499
15.5 496
15.5167 493
15.5333 491
15.55 488
15.5667 485
15.5833 482
15.6 480
15.6167 477
15.6333 474
15.65 471
15.6667 469
15.6833 466
15.7 463
15.7167 460
15.7333 457
15.75 454
15.7667 452
15.7833 449
15.8 446
15.8167 443
15.8333 440
15.85 437
15.8667 434
15.8833 431
15.9 428
15.9167 425
15.9333 422
15.95 419
15.9667 416
15.9833 413
