9.0 287
9.0167 291
9.0333 294
9.05 297
9.0667 301
9.0833 304
9.1 307
9.1167 310
9.1333 314
9.15 317
9.1667 320
9.1833 324
9.2 327
9.2167 330
9.2333 333
9.25 337
9.2667 340
9.2833 343
9.3 346
9.3167 350
9.3333 353
9.35 356
9.3667 359
9.3833 363
9.4 366
9.4167 369
9.4333 372
9.45 375
9.4667 379
9.4833 382
9.5 385
9.5167 388
9.5333 391
9.55 395
9.5667 398
9.5833 401
9.6 404
9.6167 407
9.6333 410
9.65 413
9.6667 417
9.6833 420
9.7 423
9.7167 426
9.7333 429
9.75 432
9.7667 435
9.7833 438
9.8 441
9.8167 444
9.8333 447
9.85 450
9.8667 453
9.8833 456
9.9 459
9.9167 462
9.9333 465
9.95 468
9.9667 471
9.9833 474
10.0 477
10.0167 480
10.0333 483
10.05 486
10.0667 489
10.0833 492
10.1 494
10.1167 497
10.1333 500
10.15 503
10.1667 506
10.1833 509
10.2 511
10.2167 514
10.2333 517
10.25 520
10.2667 523
10.2833 525
10.3 528
10.3167 531
10.3333 533
10.35 536
10.3667 539
10.3833 541
10.4 544
10.4167 547
10.4333 549
10.45 552
10.4667 555
10.4833 557
10.5 560
10.5167 562
10.5333 565
10.55 567
10.5667 570
10.5833 572
10.6 575
10.6167 577
10.6333 580
10.65 582
10.6667 585
10.6833 587
10.7 589
10.7167 592
10.7333 594
10.75 596
10.7667 599
10.7833 601
10.8 603
10.8167 606
10.8333 608
10.85 610
10.8667 613
10.8833 615
10.9 617
10.9167 619
10.9333 621
10.95 624
10.9667 626
10.9833 628
11.0 630
11.0167 632
11.0333 634
11.05 636
11.0667 638
11.0833 640
11.1 642
11.1167 644
11.1333 646
11.15 648
11.1667 650
11.1833 652
11.2 654
11.2167 656
11.2333 658
11.25 660
11.2667 662
11.2833 663
11.3 665
11.3167 667
11.3333 669
11.35 671
11.3667 672
11.3833 674
11.4 676
11.4167 677
11.4333 679
11.45 681
11.4667 682
11.4833 684
11.5 686
11.5167 687
11.5333 689
11.55 690
11.5667 692
11.5833 693
11.6 695
11.6167 696
11.6333 698
11.65 699
11.6667 701
11.6833 702
11.7 703
11.7167 705
11.7333 706
11.75 708
11.7667 709
11.7833 710
11.8 711
11.8167 713
11.8333 714
11.85 715
11.8667 716
11.8833 718
11.9 719
11.9167 720
11.9333 721
11.95 722
11.9667 723
11.9833 724
12.0 725
12.0167 726
12.0333 727
12.05 728
12.0667 729
12.0833 730
12.1 731
12.1167 732
12.1333 733
12.15 734
12.1667 735
12.1833 736
12.2 736
12.2167 737
12.2333 738
12.25 739
12.2667 739
12.2833 740
12.3 741
12.3167 742
12.3333 742
12.35 743
12.3667 744
12.3833 744
12.4 745
12.4167 745
12.4333 746
12.45 746
12.4667 747
12.4833 747
12.5 748
12.5167 748
12.5333 749
12.55 749
12.5667 750
12.5833 750
12.6 750
12.6167 751
12.6333 751
12.65 751
12.6667 751
12.6833 752
12.7 752
12.7167 752
12.7333 752
12.75 752
12.7667 753
12.7833 753
12.8 753
12.8167 753
12.8333 753
12.85 753
12.8667 753
12.8833 753
12.9 753
12.9167 753
12.9333 753
12.95 753
12.9667 753
12.9833 753
13.0 753
13.0167 753
13.0333 752
13.05 752
13.0667 752
13.0833 752
13.1 752
13.1167 751
13.1333 751
13.15 751
13.1667 750
13.1833 750
13.2 750
13.2167 749
13.2333 749
13.25 748
13.2667 748
13.2833 748
13.3 747
13.3167 747
13.3333 746
13.35 746
13.3667 745
13.3833 744
13.4 744
13.4167 743
13.4333 743
13.45 742
13.4667 741
13.4833 741
13.5 740
13.5167 739
13.5333 738
13.55 738
13.5667 737
13.5833 736
13.6 735
13.6167 734
13.6333 733
13.65 733
13.6667 732
13.6833 731
13.7 730
13.7167 729
13.7333 728
13.75 727
13.7667 726
13.7833 725
13.8 724
13.8167 723
13.8333 721
13.85 720
13.8667 719
13.8833 718
13.9 717
13.9167 716
13.9333 714
13.95 713
13.9667 712
13.9833 711
14.0 709
14.0167 708
14.0333 707
14.05 705
14.0667 704
14.0833 703
14.1 701
14.1167 700
14.1333 698
14.15 697
14.1667 696
14.1833 694
14.2 693
14.2167 691
14.2333 689
14.25 688
14.2667 686
14.2833 685
14.3 683
14.3167 681
14.3333 680
14.35 678
14.3667 676
14.3833 675
14.4 673
14.4167 671
14.4333 670
14.45 668
14.4667 666
14.4833 664
14.5 662
14.5167 661
14.5333 659
14.55 657
14.5667 655
14.5833 653
14.6 651
14.6167 649
14.6333 647
14.65 645
14.6667 643
14.6833 641
14.7 639
14.7167 637
14.7333 635
14.75 633
14.7667 631
14.7833 629
14.8 627
14.8167 624
14.8333 622
14.85 620
14.8667 618
14.8833 616
14.9 614
14.9167 611
14.9333 609
14.95 607
14.9667 604
14.9833 602
15.0 601
15.0167 598
15.0333 596
15.05 594
15.0667 591
15.0833 589
15.1 586
15.1167 584
15.1333 582
15.15 579
15.1667 577
15.1833 574
15.2 572
15.2167 569
15.2333 567
15.25 564
15.2667 562
15.2833 559
15.3 556
15.3167 554
15.3333 551
15.35 549
15.3667 546
15.3833 543
15.4 541
15.4167 538
15.4333 535
15.45 533
15.4667 530
15.4833 527
15.5 524
15.5167 522
15.5333 519
15.55 516
15.5667 513
15.5833 511
15.6 508
15.6167 505
15.6333 502
15.65 499
15.6667 496
15.6833 494
15.7 491
15.7167 488
15.7333 485
15.75 482
15.7667 479
15.7833 476
15.8 473
15.8167 470
15.8333 467
15.85 464
15.8667 461
15.8833 458
15.9 455
15.9167 452
15.9333 449
15.95 446
15.9667 443
15.9833 440
