9.0 436
9.0167 440
9.0333 444
9.05 447
9.0667 451
9.0833 454
9.1 458
9.1167 461
9.1333 465
9.15 468
9.1667 472
9.1833 475
9.2 479
9.2167 482
9.2333 486
9.25 489
9.2667 493
9.2833 496
9.3 499
9.3167 503
9.3333 506
9.35 510
9.3667 513
9.3833 516
9.4 520
9.4167 523
9.4333 526
9.45 530
9.4667 533
9.4833 536
9.5 539
9.5167 543
9.5333 546
9.55 549
9.5667 553
9.5833 556
9.6 559
9.6167 562
9.6333 565
9.65 569
9.6667 572
9.6833 575
9.7 578
9.7167 581
9.7333 584
9.75 588
9.7667 591
9.7833 594
9.8 597
9.8167 600
9.8333 603
9.85 606
9.8667 609
9.8833 612
9.9 615
9.9167 618
9.9333 621
9.95 624
9.9667 627
9.9833 630
10.0 633
10.0167 636
10.0333 639
10.05 642
10.0667 645
10.0833 648
10.1 650
10.1167 653
10.1333 656
10.15 659
10.1667 662
10.1833 665
10.2 667
10.2167 670
10.2333 673
10.25 676
10.2667 678
10.2833 681
10.3 684
10.3167 686
10.3333 689
10.35 692
10.3667 694
10.3833 697
10.4 700
10.4167 702
10.4333 705
10.45 707
10.4667 710
10.4833 712
10.5 715
10.5167 717
10.5333 720
10.55 722
10.5667 725
10.5833 727
10.6 730
10.6167 732
10.6333 734
10.65 737
10.6667 739
10.6833 741
10.7 744
10.7167 746
10.7333 748
10.75 751
10.7667 753
10.7833 755
10.8 757
10.8167 760
10.8333 762
10.85 764
10.8667 766
10.8833 768
10.9 770
10.9167 772
10.9333 775
10.95 777
10.9667 779
10.9833 781
11.0 783
11.0167 785
11.0333 787
11.05 789
11.0667 791
11.0833 793
11.1 794
11.1167 796
11.1333 798
11.15 800
11.1667 802
11.1833 804
11.2 806
11.2167 807
11.2333 809
11.25 811
11.2667 813
11.2833 814
11.3 816
11.3167 818
11.3333 819
11.35 821
11.3667 823
11.3833 824
11.4 826
11.4167 827
11.4333 829
11.45 830
11.4667 832
11.4833 833
11.5 835
11.5167 836
11.5333 838
11.55 839
11.5667 841
11.5833 842
11.6 843
11.6167 845
11.6333 846
11.65 847
11.6667 849
11.6833 850
11.7 851
11.7167 852
11.7333 854
11.75 855
11.7667 856
11.7833 857
11.8 858
11.8167 859
11.8333 861
11.85 862
11.8667 863
11.8833 864
11.9 865
11.9167 866
11.9333 867
11.95 868
11.9667 869
11.9833 869
12.0 870
12.0167 871
12.0333 872
12.05 873
12.0667 874
12.0833 875
12.1 875
12.1167 876
12.1333 877
12.15 878
12.1667 878
12.1833 879
12.2 880
12.2167 880
12.2333 881
12.25 882
12.2667 882
12.2833 883
12.3 883
12.3167 884
12.3333 884
12.35 885
12.3667 885
12.3833 886
12.4 886
12.4167 886
12.4333 887
12.45 887
12.4667 888
12.4833 888
12.5 888
12.5167 888
12.5333 889
12.55 889
12.5667 889
12.5833 889
12.6 890
12.6167 890
12.6333 890
12.65 890
12.6667 890
12.6833 890
12.7 890
12.7167 890
12.7333 890
12.75 890
12.7667 890
12.7833 890
12.8 890
12.8167 890
12.8333 890
12.85 890
12.8667 890
12.8833 890
12.9 889
12.9167 889
12.9333 889
12.95 889
12.9667 889
12.9833 888
13.0 888
13.0167 888
13.0333 887
13.05 887
13.0667 887
13.0833 886
13.1 886
13.1167 885
13.1333 885
13.15 884
13.1667 884
13.1833 883
13.2 883
13.2167 882
13.2333 882
13.25 881
13.2667 880
13.2833 880
13.3 879
13.3167 878
13.3333 878
13.35 877
13.3667 876
13.3833 876
13.4 875
13.4167 874
13.4333 873
13.45 872
13.4667 871
13.4833 871
13.5 870
13.5167 869
13.5333 868
13.55 867
13.5667 866
13.5833 865
13.6 864
13.6167 863
13.6333 862
13.65 861
13.6667 860
13.6833 859
13.7 857
13.7167 856
13.7333 855
13.75 854
13.7667 853
13.7833 851
13.8 850
13.8167 849
13.8333 848
13.85 846
13.8667 845
13.8833 844
13.9 842
13.9167 841
13.9333 840
13.95 838
13.9667 837
13.9833 835
14.0 834
14.0167 832
14.0333 831
14.05 829
14.0667 828
14.0833 826
14.1 825
14.1167 823
14.1333 821
14.15 820
14.1667 818
14.1833 816
14.2 815
14.2167 813
14.2333 811
14.25 809
14.2667 808
14.2833 806
14.3 804
14.3167 802
14.3333 800
14.35 799
14.3667 797
14.3833 795
14.4 793
14.4167 791
14.4333 789
14.45 787
14.4667 785
14.4833 783
14.5 781
14.5167 779
14.5333 777
14.55 775
14.5667 773
14.5833 771
14.6 769
14.6167 767
14.6333 764
14.65 762
14.6667 760
14.6833 758
14.7 756
14.7167 753
14.7333 751
14.75 749
14.7667 747
14.7833 744
14.8 742
14.8167 740
14.8333 737
14.85 735
14.8667 733
14.8833 730
14.9 728
14.9167 725
14.9333 723
14.95 720
14.9667 718
14.9833 715
15.0 713
15.0167 711
15.0333 708
15.05 706
15.0667 703
15.0833 701
15.1 698
15.1167 695
15.1333 693
15.15 690
15.1667 687
15.1833 685
15.2 682
15.2167 679
15.2333 677
15.25 674
15.2667 671
15.2833 668
15.3 666
15.3167 663
15.3333 660
15.35 657
15.3667 654
15.3833 651
15.4 649
15.4167 646
15.4333 643
15.45 640
15.4667 637
15.4833 634
15.5 631
15.5167 628
15.5333 625
15.55 622
15.5667 619
15.5833 616
15.6 613
15.6167 610
15.6333 607
15.65 604
15.6667 601
15.6833 598
15.7 595
15.7167 592
15.7333 589
15.75 585
15.7667 582
15.7833 579
15.8 576
15.8167 573
15.8333 570
15.85 566
15.8667 563
15.8833 560
15.9 557
15.9167 554
15.9333 550
15.95 547
15.9667 544
15.9833 541
