9.0 451
9.0167 453
9.0333 456
9.05 459
9.0667 462
9.0833 465
9.1 468
9.1167 471
9.1333 474
9.15 477
9.1667 480
9.1833 483
9.2 486
9.2167 489
9.2333 492
9.25 494
9.2667 497
9.2833 500
9.3 503
9.3167 506
9.3333 509
9.35 512
9.3667 515
9.3833 517
9.4 520
9.4167 523
9.4333 526
9.45 529
9.4667 531
9.4833 534
9.5 537
9.5167 540
9.5333 542
9.55 545
9.5667 548
9.5833 551
9.6 553
9.6167 556
9.6333 559
9.65 562
9.6667 564
9.6833 567
9.7 570
9.7167 572
9.7333 575
9.75 578
9.7667 580
9.7833 583
9.8 585
9.8167 588
9.8333 591
9.85 593
9.8667 596
9.8833 598
9.9 601
9.9167 603
9.9333 606
9.95 608
9.9667 611
9.9833 613
10.0 616
10.0167 618
10.0333 621
10.05 623
10.0667 626
10.0833 628
10.1 631
10.1167 633
10.1333 635
10.15 638
10.1667 640
10.1833 642
10.2 645
10.2167 647
10.2333 649
10.25 652
10.2667 654
10.2833 656
10.3 659
10.3167 661
10.3333 663
10.35 665
10.3667 668
10.3833 670
10.4 672
10.4167 674
10.4333 676
10.45 678
10.4667 681
10.4833 683
10.5 685
10.5167 687
10.5333 689
10.55 691
10.5667 693
10.5833 695
10.6 697
10.6167 699
10.6333 701
10.65 703
10.6667 705
10.6833 707
10.7 709
10.7167 711
10.7333 713
10.75 715
10.7667 717
10.7833 719
10.8 721
10.8167 723
10.8333 724
10.85 726
10.8667 728
10.8833 730
10.9 732
10.9167 733
10.9333 735
10.95 737
10.9667 739
10.9833 740
11.0 742
11.0167 744
11.0333 745
11.05 747
11.0667 749
11.0833 750
11.1 752
11.1167 753
11.1333 755
11.15 757
11.1667 758
11.1833 760
11.2 761
11.2167 763
11.2333 764
11.25 766
11.2667 767
11.2833 768
11.3 770
11.3167 771
11.3333 773
11.35 774
11.3667 775
11.3833 777
11.4 778
11.4167 779
11.4333 781
11.45 782
11.4667 783
11.4833 784
11.5 786
11.5167 787
11.5333 788
11.55 789
11.5667 790
11.5833 792
11.6 793
11.6167 794
11.6333 795
11.65 796
11.6667 797
11.6833 798
11.7 799
11.7167 800
11.7333 801
11.75 802
11.7667 803
11.7833 804
11.8 805
11.8167 806
11.8333 807
11.85 808
11.8667 809
11.8833 810
11.9 810
11.9167 811
11.9333 812
11.95 813
11.9667 814
11.9833 814
12.0 815
12.0167 816
12.0333 816
12.05 817
12.0667 818
12.0833 818
12.1 819
12.1167 820
12.1333 820
12.15 821
12.1667 821
12.1833 822
12.2 823
12.2167 823
12.2333 824
12.25 824
12.2667 825
12.2833 825
12.3 825
12.3167 826
12.3333 826
12.35 827
12.3667 827
12.3833 827
12.4 828
12.4167 828
12.4333 828
12.45 828
12.4667 829
12.4833 829
12.5 829
12.5167 829
12.5333 830
12.55 830
12.5667 830
12.5833 830
12.6 830
12.6167 830
12.6333 830
12.65 830
12.6667 831
12.6833 831
12.7 831
12.7167 831
12.7333 831
12.75 831
12.7667 830
12.7833 830
12.8 830
12.8167 830
12.8333 830
12.85 830
12.8667 830
12.8833 830
12.9 829
12.9167 829
12.9333 829
12.95 829
12.9667 828
12.9833 828
13.0 828
13.0167 828
13.0333 827
13.05 827
13.0667 827
13.0833 826
13.1 826
13.1167 825
13.1333 825
13.15 824
13.1667 824
13.1833 824
13.2 823
13.2167 822
13.2333 822
13.25 821
13.2667 821
13.2833 820
13.3 820
13.3167 819
13.3333 818
13.35 818
13.3667 817
13.3833 816
13.4 816
13.4167 815
13.4333 814
13.45 813
13.4667 813
13.4833 812
13.5 811
13.5167 810
13.5333 809
13.55 809
13.5667 808
13.5833 807
13.6 806
13.6167 805
13.6333 804
13.65 803
13.6667 802
13.6833 801
13.7 800
13.7167 799
13.7333 798
13.75 797
13.7667 796
13.7833 795
13.8 794
13.8167 793
13.8333 792
13.85 790
13.8667 789
13.8833 788
13.9 787
13.9167 786
13.9333 784
13.95 783
13.9667 782
13.9833 781
14.0 779
14.0167 778
14.0333 777
14.05 775
14.0667 774
14.0833 773
14.1 771
14.1167 770
14.1333 768
14.15 767
14.1667 765
14.1833 764
14.2 762
14.2167 761
14.2333 759
14.25 758
14.2667 756
14.2833 755
14.3 753
14.3167 752
14.3333 750
14.35 748
14.3667 747
14.3833 745
14.4 743
14.4167 742
14.4333 740
14.45 738
14.4667 737
14.4833 735
14.5 733
14.5167 731
14.5333 730
14.55 728
14.5667 726
14.5833 724
14.6 722
14.6167 720
14.6333 719
14.65 717
14.6667 715
14.6833 713
14.7 711
14.7167 709
14.7333 707
14.75 705
14.7667 703
14.7833 701
14.8 699
14.8167 697
14.8333 695
14.85 693
14.8667 691
14.8833 689
14.9 687
14.9167 685
14.9333 683
14.95 680
14.9667 678
14.9833 676
15.0 674
15.0167 672
15.0333 670
15.05 667
15.0667 665
15.0833 663
15.1 661
15.1167 658
15.1333 656
15.15 654
15.1667 652
15.1833 649
15.2 647
15.2167 645
15.2333 642
15.25 640
15.2667 638
15.2833 635
15.3 633
15.3167 630
15.3333 628
15.35 626
15.3667 623
15.3833 621
15.4 618
15.4167 616
15.4333 613
15.45 611
15.4667 608
15.4833 606
15.5 603
15.5167 601
15.5333 598
15.55 596
15.5667 593
15.5833 590
15.6 588
15.6167 585
15.6333 583
15.65 580
15.6667 577
15.6833 575
15.7 572
15.7167 569
15.7333 567
15.75 564
15.7667 561
15.7833 559
15.8 556
15.8167 553
15.8333 551
15.85 548
15.8667 545
15.8833 542
15.9 540
15.9167 537
15.9333 534
15.95 531
15.9667 528
15.9833 526
