9.0 433
9.0167 436
9.0333 439
9.05 442
9.0667 445
9.0833 449
9.1 452
9.1167 455
9.1333 458
9.15 462
9.1667 465
9.1833 468
9.2 471
9.2167 474
9.2333 478
9.25 481
9.2667 484
9.2833 487
9.3 490
9.3167 493
9.3333 497
9.35 500
9.3667 503
9.3833 506
9.4 509
9.4167 512
9.4333 515
9.45 518
9.4667 521
9.4833 524
9.5 528
9.5167 531
9.5333 534
9.55 537
9.5667 540
9.5833 543
9.6 546
9.6167 549
9.6333 552
9.65 555
9.6667 558
9.6833 561
9.7 564
9.7167 566
9.7333 569
9.75 572
9.7667 575
9.7833 578
9.8 581
9.8167 584
9.8333 587
9.85 590
9.8667 592
9.8833 595
9.9 598
9.9167 601
9.9333 604
9.95 606
9.9667 609
9.9833 612
10.0 615
10.0167 617
10.0333 620
10.05 623
10.0667 626
10.0833 628
10.1 631
10.1167 634
10.1333 636
10.15 639
10.1667 642
10.1833 644
10.2 647
10.2167 649
10.2333 652
10.25 654
10.2667 657
10.2833 660
10.3 662
10.3167 665
10.3333 667
10.35 670
10.3667 672
10.3833 674
10.4 677
10.4167 679
10.4333 682
10.45 684
10.4667 687
10.4833 689
10.5 691
10.5167 694
10.5333 696
10.55 698
10.5667 701
10.5833 703
10.6 705
10.6167 707
10.6333 710
10.65 712
10.6667 714
10.6833 716
10.7 718
10.7167 721
10.7333 723
10.75 725
10.7667 727
10.7833 729
10.8 731
10.8167 733
10.8333 735
10.85 737
10.8667 739
10.8833 741
10.9 743
10.9167 745
10.9333 747
10.95 749
10.9667 751
10.9833 753
11.0 755
11.0167 757
11.0333 759
11.05 761
11.0667 762
11.0833 764
11.1 766
11.1167 768
11.1333 770
11.15 771
11.1667 773
11.1833 775
11.2 777
11.2167 778
11.2333 780
11.25 782
11.2667 783
11.2833 785
11.3 786
11.3167 788
11.3333 790
11.35 791
11.3667 793
11.3833 794
11.4 796
11.4167 797
11.4333 799
11.45 800
11.4667 801
11.4833 803
11.5 804
11.5167 806
11.5333 807
11.55 808
11.5667 810
11.5833 811
11.6 812
11.6167 814
11.6333 815
11.65 816
11.6667 817
11.6833 819
11.7 820
11.7167 821
11.7333 822
11.75 823
11.7667 824
11.7833 825
11.8 826
11.8167 828
11.8333 829
11.85 830
11.8667 831
11.8833 832
11.9 833
11.9167 834
11.9333 834
11.95 835
11.9667 836
11.9833 837
12.0 838
12.0167 839
12.0333 840
12.05 841
12.0667 841
12.0833 842
12.1 843
12.1167 844
12.1333 844
12.15 845
12.1667 846
12.1833 846
12.2 847
12.2167 848
12.2333 848
12.25 849
12.2667 849
12.2833 850
12.3 850
12.3167 851
12.3333 851
12.35 852
12.3667 852
12.3833 853
12.4 853
12.4167 854
12.4333 854
12.45 854
12.4667 855
12.4833 855
12.5 855
12.5167 856
12.5333 856
12.55 856
12.5667 856
12.5833 857
12.6 857
12.6167 857
12.6333 857
12.65 857
12.6667 857
12.6833 857
12.7 858
12.7167 858
12.7333 858
12.75 858
12.7667 858
12.7833 858
12.8 858
12.8167 858
12.8333 858
12.85 857
12.8667 857
12.8833 857
12.9 857
12.9167 857
12.9333 857
12.95 857
12.9667 856
12.9833 856
13.0 856
13.0167 856
13.0333 855
13.05 855
13.0667 855
13.0833 854
13.1 854
13.1167 854
13.1333 853
13.15 853
13.1667 852
13.1833 852
13.2 851
13.2167 851
13.2333 850
13.25 850
13.2667 849
13.2833 849
13.3 848
13.3167 847
13.3333 847
13.35 846
13.3667 845
13.3833 845
13.4 844
13.4167 843
13.4333 843
13.45 842
13.4667 841
13.4833 840
13.5 839
13.5167 839
13.5333 838
13.55 837
13.5667 836
13.5833 835
13.6 834
13.6167 833
13.6333 832
13.65 831
13.6667 830
13.6833 829
13.7 828
13.7167 827
13.7333 826
13.75 825
13.7667 824
13.7833 823
13.8 822
13.8167 821
13.8333 819
13.85 818
13.8667 817
13.8833 816
13.9 814
13.9167 813
13.9333 812
13.95 811
13.9667 809
13.9833 808
14.0 807
14.0167 805
14.0333 804
14.05 802
14.0667 801
14.0833 800
14.1 798
14.1167 797
14.1333 795
14.15 794
14.1667 792
14.1833 791
14.2 789
14.2167 787
14.2333 786
14.25 784
14.2667 783
14.2833 781
14.3 779
14.3167 778
14.3333 776
14.35 774
14.3667 773
14.3833 771
14.4 769
14.4167 767
14.4333 765
14.45 764
14.4667 762
14.4833 760
14.5 758
14.5167 756
14.5333 754
14.55 752
14.5667 751
14.5833 749
14.6 747
14.6167 745
14.6333 743
14.65 741
14.6667 739
14.6833 737
14.7 735
14.7167 733
14.7333 730
14.75 728
14.7667 726
14.7833 724
14.8 722
14.8167 720
14.8333 718
14.85 716
14.8667 713
14.8833 711
14.9 709
14.9167 707
14.9333 704
14.95 702
14.9667 700
14.9833 698
15.0 695
15.0167 692
15.0333 690
15.05 688
15.0667 685
15.0833 683
15.1 681
15.1167 678
15.1333 676
15.15 673
15.1667 671
15.1833 668
15.2 666
15.2167 663
15.2333 661
15.25 658
15.2667 656
15.2833 653
15.3 651
15.3167 648
15.3333 645
15.35 643
15.3667 640
15.3833 638
15.4 635
15.4167 632
15.4333 630
15.45 627
15.4667 624
15.4833 622
15.5 619
15.5167 616
15.5333 613
15.55 611
15.5667 608
15.5833 605
15.6 602
15.6167 600
15.6333 597
15.65 594
15.6667 591
15.6833 588
15.7 585
15.7167 582
15.7333 580
15.75 577
15.7667 574
15.7833 571
15.8 568
15.8167 565
15.8333 562
15.85 559
15.8667 556
15.8833 553
15.9 550
15.9167 547
15.9333 544
15.95 541
15.9667 538
15.9833 535
