9.0 343
9.0167 347
9.0333 351
9.05 354
9.0667 357
9.0833 361
9.1 364
9.1167 368
9.1333 371
9.15 374
9.1667 378
9.1833 381
9.2 384
9.2167 388
9.2333 391
9.25 394
9.2667 398
9.2833 401
9.3 404
9.3167 408
9.3333 411
9.35 414
9.3667 418
9.3833 421
9.4 424
9.4167 428
9.4333 431
9.45 434
9.4667 437
9.4833 441
9.5 444
9.5167 447
9.5333 450
9.55 454
9.5667 457
9.5833 460
9.6 463
9.6167 466
9.6333 470
9.65 473
9.6667 476
9.6833 479
9.7 482
9.7167 485
9.7333 488
9.75 492
9.7667 495
9.7833 498
9.8 501
9.8167 504
9.8333 507
9.85 510
9.8667 513
9.8833 516
9.9 519
9.9167 522
9.9333 525
9.95 528
9.9667 531
9.9833 534
10.0 537
10.0167 540
10.0333 543
10.05 546
10.0667 549
10.0833 552
10.1 554
10.1167 557
10.1333 560
10.15 563
10.1667 566
10.1833 569
10.2 571
10.2167 574
10.2333 577
10.25 580
10.2667 583
10.2833 585
10.3 588
10.3167 591
10.3333 593
10.35 596
10.3667 599
10.3833 601
10.4 604
10.4167 607
10.4333 609
10.45 612
10.4667 615
10.4833 617
10.5 620
10.5167 622
10.5333 625
10.55 627
10.5667 630
10.5833 632
10.6 635
10.6167 637
10.6333 640
10.65 642
10.6667 644
10.6833 647
10.7 649
10.7167 652
10.7333 654
10.75 656
10.7667 659
10.7833 661
10.8 663
10.8167 665
10.8333 668
10.85 670
10.8667 672
10.8833 674
10.9 677
10.9167 679
10.9333 681
10.95 683
10.9667 685
10.9833 687
11.0 689
11.0167 691
11.0333 693
11.05 695
11.0667 698
11.0833 700
11.1 701
11.1167 703
11.1333 705
11.15 707
11.1667 709
11.1833 711
11.2 713
11.2167 715
11.2333 717
11.25 719
11.2667 720
11.2833 722
11.3 724
11.3167 726
11.3333 728
11.35 729
11.3667 731
11.3833 733
11.4 734
11.4167 736
11.4333 738
11.45 739
11.4667 741
11.4833 742
11.5 744
11.5167 746
11.5333 747
11.55 749
11.5667 750
11.5833 752
11.6 753
11.6167 754
11.6333 756
11.65 757
11.6667 759
11.6833 760
11.7 761
11.7167 763
11.7333 764
11.75 765
11.7667 766
11.7833 768
11.8 769
11.8167 770
11.8333 771
11.85 773
11.8667 774
11.8833 775
11.9 776
11.9167 777
11.9333 778
11.95 779
11.9667 780
11.9833 781
12.0 782
12.0167 783
12.0333 784
12.05 785
12.0667 786
12.0833 787
12.1 788
12.1167 789
12.1333 790
12.15 790
12.1667 791
12.1833 792
12.2 793
12.2167 793
12.2333 794
12.25 795
12.2667 796
12.2833 796
12.3 797
12.3167 798
12.3333 798
12.35 799
12.3667 799
12.3833 800
12.4 800
12.4167 801
12.4333 801
12.45 802
12.4667 802
12.4833 803
12.5 803
12.5167 803
12.5333 804
12.55 804
12.5667 805
12.5833 805
12.6 805
12.6167 805
12.6333 806
12.65 806
12.6667 806
12.6833 806
12.7 806
12.7167 807
12.7333 807
12.75 807
12.7667 807
12.7833 807
12.8 807
12.8167 807
12.8333 807
12.85 807
12.8667 807
12.8833 807
12.9 807
12.9167 807
12.9333 807
12.95 807
12.9667 806
12.9833 806
13.0 806
13.0167 806
13.0333 806
13.05 805
13.0667 805
13.0833 805
13.1 805
13.1167 804
13.1333 804
13.15 804
13.1667 803
13.1833 803
13.2 802
13.2167 802
13.2333 801
13.25 801
13.2667 800
13.2833 800
13.3 799
13.3167 799
13.3333 798
13.35 798
13.3667 797
13.3833 796
13.4 796
13.4167 795
13.4333 794
13.45 793
13.4667 793
13.4833 792
13.5 791
13.5167 790
13.5333 790
13.55 789
13.5667 788
13.5833 787
13.6 786
13.6167 785
13.6333 784
13.65 783
13.6667 782
13.6833 781
13.7 780
13.7167 779
13.7333 778
13.75 777
13.7667 776
13.7833 775
13.8 774
13.8167 773
13.8333 771
13.85 770
13.8667 769
13.8833 768
13.9 767
13.9167 765
13.9333 764
13.95 763
13.9667 761
13.9833 760
14.0 759
14.0167 757
14.0333 756
14.05 754
14.0667 753
14.0833 752
14.1 750
14.1167 749
14.1333 747
14.15 746
14.1667 744
14.1833 742
14.2 741
14.2167 739
14.2333 738
14.25 736
14.2667 734
14.2833 733
14.3 731
14.3167 729
14.3333 728
14.35 726
14.3667 724
14.3833 722
14.4 721
14.4167 719
14.4333 717
14.45 715
14.4667 713
14.4833 711
14.5 709
14.5167 707
14.5333 706
14.55 704
14.5667 702
14.5833 700
14.6 698
14.6167 696
14.6333 694
14.65 691
14.6667 689
14.6833 687
14.7 685
14.7167 683
14.7333 681
14.75 679
14.7667 677
14.7833 674
14.8 672
14.8167 670
14.8333 668
14.85 666
14.8667 663
14.8833 661
14.9 659
14.9167 656
14.9333 654
14.95 652
14.9667 649
14.9833 647
15.0 645
15.0167 643
15.0333 640
15.05 638
15.0667 635
15.0833 633
15.1 631
15.1167 628
15.1333 625
15.15 623
15.1667 620
15.1833 618
15.2 615
15.2167 613
15.2333 610
15.25 607
15.2667 605
15.2833 602
15.3 600
15.3167 597
15.3333 594
15.35 591
15.3667 589
15.3833 586
15.4 583
15.4167 581
15.4333 578
15.45 575
15.4667 572
15.4833 569
15.5 567
15.5167 564
15.5333 561
15.55 558
15.5667 555
15.5833 552
15.6 549
15.6167 547
15.6333 544
15.65 541
15.6667 538
15.6833 535
15.7 532
15.7167 529
15.7333 526
15.75 523
15.7667 520
15.7833 517
15.8 514
15.8167 511
15.8333 508
15.85 505
15.8667 502
15.8833 498
15.9 495
15.9167 492
15.9333 489
15.95 486
15.9667 483
15.9833 480
