9.0 490
9.0167 493
9.0333 496
9.05 499
9.0667 502
9.0833 505
9.1 508
9.1167 511
9.1333 514
9.15 517
9.1667 520
9.1833 523
9.2 526
9.2167 529
9.2333 532
9.25 535
9.2667 538
9.2833 541
9.3 544
9.3167 547
9.3333 550
9.35 553
9.3667 556
9.3833 559
9.4 562
9.4167 565
9.4333 568
9.45 571
9.4667 574
9.4833 576
9.5 579
9.5167 582
9.5333 585
9.55 588
9.5667 591
9.5833 594
9.6 596
9.6167 599
9.6333 602
9.65 605
9.6667 608
9.6833 610
9.7 613
9.7167 616
9.7333 619
9.75 621
9.7667 624
9.7833 627
9.8 629
9.8167 632
9.8333 635
9.85 637
9.8667 640
9.8833 643
9.9 645
9.9167 648
9.9333 650
9.95 653
9.9667 656
9.9833 658
10.0 661
10.0167 663
10.0333 666
10.05 668
10.0667 671
10.0833 673
10.1 676
10.1167 678
10.1333 681
10.15 683
10.1667 686
10.1833 688
10.2 690
10.2167 693
10.2333 695
10.25 698
10.2667 700
10.2833 702
10.3 705
10.3167 707
10.3333 709
10.35 711
10.3667 714
10.3833 716
10.4 718
10.4167 720
10.4333 723
10.45 725
10.4667 727
10.4833 729
10.5 731
10.5167 734
10.5333 736
10.55 738
10.5667 740
10.5833 742
10.6 744
10.6167 746
10.6333 748
10.65 750
10.6667 752
10.6833 754
10.7 756
10.7167 758
10.7333 760
10.75 762
10.7667 764
10.7833 766
10.8 768
10.8167 770
10.8333 772
10.85 773
10.8667 775
10.8833 777
10.9 779
10.9167 781
10.9333 782
10.95 784
10.9667 786
10.9833 788
11.0 789
11.0167 791
11.0333 793
11.05 794
11.0667 796
11.0833 798
11.1 799
11.1167 801
11.1333 803
11.15 804
11.1667 806
11.1833 807
11.2 809
11.2167 810
11.2333 812
11.25 813
11.2667 815
11.2833 816
11.3 818
11.3167 819
11.3333 820
11.35 822
11.3667 823
11.3833 825
11.4 826
11.4167 827
11.4333 828
11.45 830
11.4667 831
11.4833 832
11.5 834
11.5167 835
11.5333 836
11.55 837
11.5667 838
11.5833 839
11.6 841
11.6167 842
11.6333 843
11.65 844
11.6667 845
11.6833 846
11.7 847
11.7167 848
11.7333 849
11.75 850
11.7667 851
11.7833 852
11.8 853
11.8167 854
11.8333 855
11.85 855
11.8667 856
11.8833 857
11.9 858
11.9167 859
11.9333 860
11.95 860
11.9667 861
11.9833 862
12.0 863
12.0167 863
12.0333 864
12.05 865
12.0667 865
12.0833 866
12.1 867
12.1167 867
12.1333 868
12.15 868
12.1667 869
12.1833 869
12.2 870
12.2167 870
12.2333 871
12.25 871
12.2667 872
12.2833 872
12.3 873
12.3167 873
12.3333 873
12.35 874
12.3667 874
12.3833 874
12.4 875
12.4167 875
12.4333 875
12.45 875
12.4667 876
12.4833 876
12.5 876
12.5167 876
12.5333 876
12.55 876
12.5667 877
12.5833 877
12.6 877
12.6167 877
12.6333 877
12.65 877
12.6667 877
12.6833 877
12.7 877
12.7167 877
12.7333 877
12.75 877
12.7667 877
12.7833 876
12.8 876
12.8167 876
12.8333 876
12.85 876
12.8667 876
12.8833 875
12.9 875
12.9167 875
12.9333 875
12.95 874
12.9667 874
12.9833 874
13.0 873
13.0167 873
13.0333 873
13.05 872
13.0667 872
13.0833 871
13.1 871
13.1167 870
13.1333 870
13.15 869
13.1667 869
13.1833 868
13.2 868
13.2167 867
13.2333 867
13.25 866
13.2667 865
13.2833 865
13.3 864
13.3167 863
13.3333 863
13.35 862
13.3667 861
13.3833 860
13.4 860
13.4167 859
13.4333 858
13.45 857
13.4667 856
13.4833 855
13.5 855
13.5167 854
13.5333 853
13.55 852
13.5667 851
13.5833 850
13.6 849
13.6167 848
13.6333 847
13.65 846
13.6667 845
13.6833 844
13.7 843
13.7167 842
13.7333 841
13.75 839
13.7667 838
13.7833 837
13.8 836
13.8167 835
13.8333 834
13.85 832
13.8667 831
13.8833 830
13.9 828
13.9167 827
13.9333 826
13.95 825
13.9667 823
13.9833 822
14.0 820
14.0167 819
14.0333 818
14.05 816
14.0667 815
14.0833 813
14.1 812
14.1167 810
14.1333 809
14.15 807
14.1667 806
14.1833 804
14.2 803
14.2167 801
14.2333 799
14.25 798
14.2667 796
14.2833 794
14.3 793
14.3167 791
14.3333 789
14.35 788
14.3667 786
14.3833 784
14.4 782
14.4167 781
14.4333 779
14.45 777
14.4667 775
14.4833 773
14.5 772
14.5167 770
14.5333 768
14.55 766
14.5667 764
14.5833 762
14.6 760
14.6167 758
14.6333 756
14.65 754
14.6667 752
14.6833 750
14.7 748
14.7167 746
14.7333 744
14.75 742
14.7667 740
14.7833 738
14.8 736
14.8167 733
14.8333 731
14.85 729
14.8667 727
14.8833 725
14.9 723
14.9167 720
14.9333 718
14.95 716
14.9667 714
14.9833 711
15.0 709
15.0167 707
15.0333 705
15.05 702
15.0667 700
15.0833 698
15.1 695
15.1167 693
15.1333 691
15.15 688
15.1667 686
15.1833 683
15.2 681
15.2167 678
15.2333 676
15.25 673
15.2667 671
15.2833 668
15.3 666
15.3167 663
15.3333 661
15.35 658
15.3667 656
15.3833 653
15.4 651
15.4167 648
15.4333 645
15.45 643
15.4667 640
15.4833 637
15.5 635
15.5167 632
15.5333 629
15.55 627
15.5667 624
15.5833 621
15.6 619
15.6167 616
15.6333 613
15.65 610
15.6667 608
15.6833 605
15.7 602
15.7167 599
15.7333 597
15.75 594
15.7667 591
15.7833 588
15.8 585
15.8167 582
15.8333 579
15.85 577
15.8667 574
15.8833 571
15.9 568
15.9167 565
15.9333 562
15.95 559
15.9667 556
15.9833 553
