9.0 444
9.0167 447
9.0333 450
9.05 453
9.0667 456
9.0833 459
9.1 462
9.1167 465
9.1333 468
9.15 471
9.1667 474
9.1833 477
9.2 480
9.2167 483
9.2333 486
9.25 489
9.2667 492
9.2833 495
9.3 498
9.3167 501
9.3333 504
9.35 507
9.3667 510
9.3833 513
9.4 516
9.4167 519
9.4333 522
9.45 525
9.4667 528
9.4833 531
9.5 534
9.5167 537
9.5333 539
9.55 542
9.5667 545
9.5833 548
9.6 551
9.6167 554
9.6333 557
9.65 559
9.6667 562
9.6833 565
9.7 568
9.7167 571
9.7333 573
9.75 576
9.7667 579
9.7833 582
9.8 584
9.8167 587
9.8333 590
9.85 592
9.8667 595
9.8833 598
9.9 600
9.9167 603
9.9333 606
9.95 608
9.9667 611
9.9833 614
10.0 616
10.0167 619
10.0333 621
10.05 624
10.0667 627
10.0833 629
10.1 632
10.1167 634
10.1333 637
10.15 639
10.1667 642
10.1833 644
10.2 647
10.2167 649
10.2333 651
10.25 654
10.2667 656
10.2833 659
10.3 661
10.3167 663
10.3333 666
10.35 668
10.3667 671
10.3833 673
10.4 675
10.4167 677
10.4333 680
10.45 682
10.4667 684
10.4833 687
10.5 689
10.5167 691
10.5333 693
10.55 695
10.5667 698
10.5833 700
10.6 702
10.6167 704
10.6333 706
10.65 708
10.6667 710
10.6833 712
10.7 715
10.7167 717
10.7333 719
10.75 721
10.7667 723
10.7833 725
10.8 727
10.8167 729
10.8333 731
10.85 733
10.8667 734
10.8833 736
10.9 738
10.9167 740
10.9333 742
10.95 744
10.9667 746
10.9833 748
11.0 749
11.0167 751
11.0333 753
11.05 755
11.0667 756
11.0833 758
11.1 760
11.1167 762
11.1333 763
11.15 765
11.1667 767
11.1833 768
11.2 770
11.2167 771
11.2333 773
11.25 775
11.2667 776
11.2833 778
11.3 779
11.3167 781
11.3333 782
11.35 784
11.3667 785
11.3833 787
11.4 788
11.4167 790
11.4333 791
11.45 792
11.4667 794
11.4833 795
11.5 796
11.5167 798
11.5333 799
11.55 800
11.5667 802
11.5833 803
11.6 804
11.6167 805
11.6333 807
11.65 808
11.6667 809
11.6833 810
11.7 811
11.7167 812
11.7333 813
11.75 814
11.7667 816
11.7833 817
11.8 818
11.8167 819
11.8333 820
11.85 821
11.8667 822
11.8833 823
11.9 824
11.9167 824
11.9333 825
11.95 826
11.9667 827
11.9833 828
12.0 829
12.0167 830
12.0333 830
12.05 831
12.0667 832
12.0833 833
12.1 833
12.1167 834
12.1333 835
12.15 835
12.1667 836
12.1833 837
12.2 837
12.2167 838
12.2333 839
12.25 839
12.2667 840
12.2833 840
12.3 841
12.3167 841
12.3333 842
12.35 842
12.3667 843
12.3833 843
12.4 844
12.4167 844
12.4333 844
12.45 845
12.4667 845
12.4833 845
12.5 846
12.5167 846
12.5333 846
12.55 847
12.5667 847
12.5833 847
12.6 847
12.6167 847
12.6333 848
12.65 848
12.6667 848
12.6833 848
12.7 848
12.7167 848
12.7333 848
12.75 848
12.7667 848
12.7833 848
12.8 848
12.8167 848
12.8333 848
12.85 848
12.8667 848
12.8833 848
12.9 848
12.9167 848
12.9333 848
12.95 847
12.9667 847
12.9833 847
13.0 847
13.0167 847
13.0333 846
13.05 846
13.0667 846
13.0833 845
13.1 845
13.1167 845
13.1333 844
13.15 844
13.1667 844
13.1833 843
13.2 843
13.2167 842
13.2333 842
13.25 841
13.2667 841
13.2833 840
13.3 840
13.3167 839
13.3333 839
13.35 838
13.3667 837
13.3833 837
13.4 836
13.4167 835
13.4333 835
13.45 834
13.4667 833
13.4833 833
13.5 832
13.5167 831
13.5333 830
13.55 830
13.5667 829
13.5833 828
13.6 827
13.6167 826
13.6333 825
13.65 824
13.6667 824
13.6833 823
13.7 822
13.7167 821
13.7333 820
13.75 819
13.7667 818
13.7833 817
13.8 816
13.8167 814
13.8333 813
13.85 812
13.8667 811
13.8833 810
13.9 809
13.9167 808
13.9333 807
13.95 805
13.9667 804
13.9833 803
14.0 802
14.0167 800
14.0333 799
14.05 798
14.0667 796
14.0833 795
14.1 794
14.1167 792
14.1333 791
14.15 790
14.1667 788
14.1833 787
14.2 785
14.2167 784
14.2333 782
14.25 781
14.2667 779
14.2833 778
14.3 776
14.3167 775
14.3333 773
14.35 771
14.3667 770
14.3833 768
14.4 767
14.4167 765
14.4333 763
14.45 762
14.4667 760
14.4833 758
14.5 756
14.5167 755
14.5333 753
14.55 751
14.5667 749
14.5833 748
14.6 746
14.6167 744
14.6333 742
14.65 740
14.6667 738
14.6833 736
14.7 734
14.7167 733
14.7333 731
14.75 729
14.7667 727
14.7833 725
14.8 723
14.8167 721
14.8333 719
14.85 717
14.8667 715
14.8833 713
14.9 710
14.9167 708
14.9333 706
14.95 704
14.9667 702
14.9833 700
15.0 698
15.0167 695
15.0333 693
15.05 691
15.0667 689
15.0833 687
15.1 684
15.1167 682
15.1333 680
15.15 677
15.1667 675
15.1833 673
15.2 671
15.2167 668
15.2333 666
15.25 663
15.2667 661
15.2833 659
15.3 656
15.3167 654
15.3333 651
15.35 649
15.3667 647
15.3833 644
15.4 642
15.4167 639
15.4333 637
15.45 634
15.4667 632
15.4833 629
15.5 627
15.5167 624
15.5333 621
15.55 619
15.5667 616
15.5833 614
15.6 611
15.6167 608
15.6333 606
15.65 603
15.6667 600
15.6833 598
15.7 595
15.7167 592
15.7333 590
15.75 587
15.7667 584
15.7833 582
15.8 579
15.8167 576
15.8333 573
15.85 571
15.8667 568
15.8833 565
15.9 562
15.9167 559
15.9333 557
15.95 554
15.9667 551
15.9833 548
