9.0 452
9.0167 455
9.0333 458
9.05 461
9.0667 464
9.0833 468
9.1 471
9.1167 474
9.1333 477
9.15 480
9.1667 484
9.1833 487
9.2 490
9.2167 493
9.2333 496
9.25 500
9.2667 503
9.2833 506
9.3 509
9.3167 512
9.3333 515
9.35 518
9.3667 522
9.3833 525
9.4 528
9.4167 531
9.4333 534
9.45 537
9.4667 540
9.4833 543
9.5 546
9.5167 549
9.5333 552
9.55 555
9.5667 558
9.5833 561
9.6 564
9.6167 567
9.6333 570
9.65 573
9.6667 576
9.6833 579
9.7 582
9.7167 585
9.7333 588
9.75 591
9.7667 594
9.7833 597
9.8 600
9.8167 602
9.8333 605
9.85 608
9.8667 611
9.8833 614
9.9 617
9.9167 619
9.9333 622
9.95 625
9.9667 628
9.9833 630
10.0 633
10.0167 636
10.0333 639
10.05 641
10.0667 644
10.0833 647
10.1 649
10.1167 652
10.1333 655
10.15 657
10.1667 660
10.1833 662
10.2 665
10.2167 668
10.2333 670
10.25 673
10.2667 675
10.2833 678
10.3 680
10.3167 683
10.3333 685
10.35 688
10.3667 690
10.3833 693
10.4 695
10.4167 698
10.4333 700
10.45 702
10.4667 705
10.4833 707
10.5 709
10.5167 712
10.5333 714
10.55 716
10.5667 719
10.5833 721
10.6 723
10.6167 726
10.6333 728
10.65 730
10.6667 732
10.6833 734
10.7 737
10.7167 739
10.7333 741
10.75 743
10.7667 745
10.7833 747
10.8 749
10.8167 751
10.8333 753
10.85 755
10.8667 758
10.8833 760
10.9 762
10.9167 764
10.9333 765
10.95 767
10.9667 769
10.9833 771
11.0 773
11.0167 775
11.0333 777
11.05 779
11.0667 781
11.0833 782
11.1 784
11.1167 786
11.1333 788
11.15 790
11.1667 791
11.1833 793
11.2 795
11.2167 796
11.2333 798
11.25 800
11.2667 801
11.2833 803
11.3 805
11.3167 806
11.3333 808
11.35 809
11.3667 811
11.3833 813
11.4 814
11.4167 816
11.4333 817
11.45 818
11.4667 820
11.4833 821
11.5 823
11.5167 824
11.5333 826
11.55 827
11.5667 828
11.5833 830
11.6 831
11.6167 832
11.6333 833
11.65 835
11.6667 836
11.6833 837
11.7 838
11.7167 839
11.7333 841
11.75 842
11.7667 843
11.7833 844
11.8 845
11.8167 846
11.8333 847
11.85 848
11.8667 849
11.8833 850
11.9 851
11.9167 852
11.9333 853
11.95 854
11.9667 855
11.9833 856
12.0 857
12.0167 858
12.0333 859
12.05 859
12.0667 860
12.0833 861
12.1 862
12.1167 863
12.1333 863
12.15 864
12.1667 865
12.1833 865
12.2 866
12.2167 867
12.2333 867
12.25 868
12.2667 869
12.2833 869
12.3 870
12.3167 870
12.3333 871
12.35 871
12.3667 872
12.3833 872
12.4 873
12.4167 873
12.4333 874
12.45 874
12.4667 874
12.4833 875
12.5 875
12.5167 875
12.5333 876
12.55 876
12.5667 876
12.5833 876
12.6 877
12.6167 877
12.6333 877
12.65 877
12.6667 877
12.6833 877
12.7 878
12.7167 878
12.7333 878
12.75 878
12.7667 878
12.7833 878
12.8 878
12.8167 878
12.8333 878
12.85 878
12.8667 878
12.8833 878
12.9 877
12.9167 877
12.9333 877
12.95 877
12.9667 877
12.9833 877
13.0 876
13.0167 876
13.0333 876
13.05 876
13.0667 875
13.0833 875
13.1 875
13.1167 874
13.1333 874
13.15 874
13.1667 873
13.1833 873
13.2 872
13.2167 872
13.2333 871
13.25 871
13.2667 870
13.2833 870
13.3 869
13.3167 869
13.3333 868
13.35 868
13.3667 867
13.3833 866
13.4 866
13.4167 865
13.4333 864
13.45 864
13.4667 863
13.4833 862
13.5 861
13.5167 860
13.5333 860
13.55 859
13.5667 858
13.5833 857
13.6 856
13.6167 855
13.6333 854
13.65 854
13.6667 853
13.6833 852
13.7 851
13.7167 850
13.7333 849
13.75 848
13.7667 847
13.7833 845
13.8 844
13.8167 843
13.8333 842
13.85 841
13.8667 840
13.8833 839
13.9 837
13.9167 836
13.9333 835
13.95 834
13.9667 832
13.9833 831
14.0 830
14.0167 829
14.0333 827
14.05 826
14.0667 824
14.0833 823
14.1 822
14.1167 820
14.1333 819
14.15 817
14.1667 816
14.1833 814
14.2 813
14.2167 811
14.2333 810
14.25 808
14.2667 807
14.2833 805
14.3 804
14.3167 802
14.3333 800
14.35 799
14.3667 797
14.3833 795
14.4 794
14.4167 792
14.4333 790
14.45 788
14.4667 787
14.4833 785
14.5 783
14.5167 781
14.5333 779
14.55 777
14.5667 776
14.5833 774
14.6 772
14.6167 770
14.6333 768
14.65 766
14.6667 764
14.6833 762
14.7 760
14.7167 758
14.7333 756
14.75 754
14.7667 752
14.7833 750
14.8 748
14.8167 746
14.8333 744
14.85 741
14.8667 739
14.8833 737
14.9 735
14.9167 733
14.9333 731
14.95 728
14.9667 726
14.9833 724
15.0 721
15.0167 719
15.0333 717
15.05 714
15.0667 712
15.0833 710
15.1 707
15.1167 705
15.1333 703
15.15 700
15.1667 698
15.1833 696
15.2 693
15.2167 691
15.2333 688
15.25 686
15.2667 683
15.2833 681
15.3 678
15.3167 676
15.3333 673
15.35 671
15.3667 668
15.3833 665
15.4 663
15.4167 660
15.4333 658
15.45 655
15.4667 652
15.4833 650
15.5 647
15.5167 644
15.5333 642
15.55 639
15.5667 636
15.5833 634
15.6 631
15.6167 628
15.6333 625
15.65 623
15.6667 620
15.6833 617
15.7 614
15.7167 611
15.7333 609
15.75 606
15.7667 603
15.7833 600
15.8 597
15.8167 594
15.8333 591
15.85 588
15.8667 585
15.8833 583
15.9 580
15.9167 577
15.9333 574
15.95 571
15.9667 568
15.9833 565
