9.0 438
9.0167 441
9.0333 444
9.05 447
9.0667 450
9.0833 454
9.1 457
9.1167 460
9.1333 463
9.15 466
9.1667 470
9.1833 473
9.2 476
9.2167 479
9.2333 482
9.25 486
9.2667 489
9.2833 492
9.3 495
9.3167 498
9.3333 501
9.35 504
9.3667 507
9.3833 511
9.4 514
9.4167 517
9.4333 520
9.45 523
9.4667 526
9.4833 529
9.5 532
9.5167 535
9.5333 538
9.55 541
9.5667 544
9.5833 547
9.6 550
9.6167 553
9.6333 556
9.65 559
9.6667 562
9.6833 565
9.7 568
9.7167 571
9.7333 574
9.75 576
9.7667 579
9.7833 582
9.8 585
9.8167 588
9.8333 591
9.85 594
9.8667 596
9.8833 599
9.9 602
9.9167 605
9.9333 608
9.95 610
9.9667 613
9.9833 616
10.0 619
10.0167 621
10.0333 624
10.05 627
10.0667 629
10.0833 632
10.1 635
10.1167 637
10.1333 640
10.15 643
10.1667 645
10.1833 648
10.2 650
10.2167 653
10.2333 655
10.25 658
10.2667 661
10.2833 663
10.3 666
10.3167 668
10.3333 671
10.35 673
10.3667 675
10.3833 678
10.4 680
10.4167 683
10.4333 685
10.45 688
10.4667 690
10.4833 692
10.5 695
10.5167 697
10.5333 699
10.55 702
10.5667 704
10.5833 706
10.6 708
10.6167 711
10.6333 713
10.65 715
10.6667 717
10.6833 719
10.7 722
10.7167 724
10.7333 726
10.75 728
10.7667 730
10.7833 732
10.8 734
10.8167 736
10.8333 738
10.85 740
10.8667 742
10.8833 744
10.9 746
10.9167 748
10.9333 750
10.95 752
10.9667 754
10.9833 756
11.0 758
11.0167 760
11.0333 762
11.05 764
11.0667 765
11.0833 767
11.1 769
11.1167 771
11.1333 773
11.15 774
11.1667 776
11.1833 778
11.2 779
11.2167 781
11.2333 783
11.25 784
11.2667 786
11.2833 788
11.3 789
11.3167 791
11.3333 792
11.35 794
11.3667 795
11.3833 797
11.4 798
11.4167 800
11.4333 801
11.45 803
11.4667 804
11.4833 806
11.5 807
11.5167 808
11.5333 810
11.55 811
11.5667 813
11.5833 814
11.6 815
11.6167 816
11.6333 818
11.65 819
11.6667 820
11.6833 821
11.7 822
11.7167 824
11.7333 825
11.75 826
11.7667 827
11.7833 828
11.8 829
11.8167 830
11.8333 831
11.85 832
11.8667 833
11.8833 834
11.9 835
11.9167 836
11.9333 837
11.95 838
11.9667 839
11.9833 840
12.0 841
12.0167 842
12.0333 842
12.05 843
12.0667 844
12.0833 845
12.1 846
12.1167 846
12.1333 847
12.15 848
12.1667 848
12.1833 849
12.2 850
12.2167 850
12.2333 851
12.25 852
12.2667 852
12.2833 853
12.3 853
12.3167 854
12.3333 854
12.35 855
12.3667 855
12.3833 856
12.4 856
12.4167 856
12.4333 857
12.45 857
12.4667 858
12.4833 858
12.5 858
12.5167 859
12.5333 859
12.55 859
12.5667 859
12.5833 859
12.6 860
12.6167 860
12.6333 860
12.65 860
12.6667 860
12.6833 860
12.7 861
12.7167 861
12.7333 861
12.75 861
12.7667 861
12.7833 861
12.8 861
12.8167 861
12.8333 861
12.85 860
12.8667 860
12.8833 860
12.9 860
12.9167 860
12.9333 860
12.95 860
12.9667 859
12.9833 859
13.0 859
13.0167 859
13.0333 858
13.05 858
13.0667 858
13.0833 857
13.1 857
13.1167 857
13.1333 856
13.15 856
13.1667 855
13.1833 855
13.2 855
13.2167 854
13.2333 854
13.25 853
13.2667 852
13.2833 852
13.3 851
13.3167 851
13.3333 850
13.35 849
13.3667 849
13.3833 848
13.4 847
13.4167 847
13.4333 846
13.45 845
13.4667 845
13.4833 844
13.5 843
13.5167 842
13.5333 841
13.55 840
13.5667 840
13.5833 839
13.6 838
13.6167 837
13.6333 836
13.65 835
13.6667 834
13.6833 833
13.7 832
13.7167 831
13.7333 830
13.75 829
13.7667 828
13.7833 827
13.8 826
13.8167 824
13.8333 823
13.85 822
13.8667 821
13.8833 820
13.9 818
13.9167 817
13.9333 816
13.95 815
13.9667 813
13.9833 812
14.0 811
14.0167 809
14.0333 808
14.05 807
14.0667 805
14.0833 804
14.1 802
14.1167 801
14.1333 799
14.15 798
14.1667 796
14.1833 795
14.2 793
14.2167 792
14.2333 790
14.25 789
14.2667 787
14.2833 785
14.3 784
14.3167 782
14.3333 781
14.35 779
14.3667 777
14.3833 775
14.4 774
14.4167 772
14.4333 770
14.45 768
14.4667 767
14.4833 765
14.5 763
14.5167 761
14.5333 759
14.55 757
14.5667 755
14.5833 754
14.6 752
14.6167 750
14.6333 748
14.65 746
14.6667 744
14.6833 742
14.7 740
14.7167 738
14.7333 736
14.75 734
14.7667 731
14.7833 729
14.8 727
14.8167 725
14.8333 723
14.85 721
14.8667 719
14.8833 716
14.9 714
14.9167 712
14.9333 710
14.95 708
14.9667 705
14.9833 703
15.0 700
15.0167 698
15.0333 696
15.05 693
15.0667 691
15.0833 689
15.1 686
15.1167 684
15.1333 682
15.15 679
15.1667 677
15.1833 674
15.2 672
15.2167 669
15.2333 667
15.25 664
15.2667 662
15.2833 659
15.3 657
15.3167 654
15.3333 652
15.35 649
15.3667 646
15.3833 644
15.4 641
15.4167 639
15.4333 636
15.45 633
15.4667 631
15.4833 628
15.5 625
15.5167 623
15.5333 620
15.55 617
15.5667 614
15.5833 612
15.6 609
15.6167 606
15.6333 603
15.65 601
15.6667 598
15.6833 595
15.7 592
15.7167 589
15.7333 587
15.75 584
15.7667 581
15.7833 578
15.8 575
15.8167 572
15.8333 569
15.85 566
15.8667 563
15.8833 560
15.9 557
15.9167 554
15.9333 552
15.95 549
15.9667 546
15.9833 543
