9.0 308
9.0167 310
9.0333 313
9.05 316
9.0667 319
9.0833 322
9.1 325
9.1167 328
9.1333 331
9.15 334
9.1667 336
9.1833 339
9.2 342
9.2167 345
9.2333 348
9.25 351
9.2667 354
9.2833 357
9.3 359
9.3167 362
9.3333 365
9.35 368
9.3667 371
9.3833 374
9.4 376
9.4167 379
9.4333 382
9.45 385
9.4667 387
9.4833 390
9.5 393
9.5167 396
9.5333 398
9.55 401
9.5667 404
9.5833 407
9.6 409
9.6167 412
9.6333 415
9.65 417
9.6667 420
9.6833 423
9.7 425
9.7167 428
9.7333 431
9.75 433
9.7667 436
9.7833 438
9.8 441
9.8167 444
9.8333 446
9.85 449
9.8667 451
9.8833 454
9.9 456
9.9167 459
9.9333 461
9.95 464
9.9667 466
9.9833 469
10.0 471
10.0167 474
10.0333 476
10.05 478
10.0667 481
10.0833 483
10.1 485
10.1167 488
10.1333 490
10.15 493
10.1667 495
10.1833 497
10.2 499
10.2167 502
10.2333 504
10.25 506
10.2667 508
10.2833 511
10.3 513
10.3167 515
10.3333 517
10.35 519
10.3667 522
10.3833 524
10.4 526
10.4167 528
10.4333 530
10.45 532
10.4667 534
10.4833 536
10.5 538
10.5167 540
10.5333 542
10.55 544
10.5667 546
10.5833 548
10.6 550
10.6167 552
10.6333 554
10.65 556
10.6667 558
10.6833 560
10.7 561
10.7167 563
10.7333 565
10.75 567
10.7667 569
10.7833 570
10.8 572
10.8167 574
10.8333 576
10.85 577
10.8667 579
10.8833 581
10.9 582
10.9167 584
10.9333 586
10.95 587
10.9667 589
10.9833 590
11.0 592
11.0167 594
11.0333 595
11.05 597
11.0667 598
11.0833 600
11.1 601
11.1167 602
11.1333 604
11.15 605
11.1667 607
11.1833 608
11.2 609
11.2167 611
11.2333 612
11.25 613
11.2667 615
11.2833 616
11.3 617
11.3167 618
11.3333 620
11.35 621
11.3667 622
11.3833 623
11.4 624
11.4167 625
11.4333 627
11.45 628
11.4667 629
11.4833 630
11.5 631
11.5167 632
11.5333 633
11.55 634
11.5667 635
11.5833 636
11.6 637
11.6167 638
11.6333 638
11.65 639
11.6667 640
11.6833 641
11.7 642
11.7167 643
11.7333 643
11.75 644
11.7667 645
11.7833 646
11.8 646
11.8167 647
11.8333 648
11.85 648
11.8667 649
11.8833 650
11.9 650
11.9167 651
11.9333 651
11.95 652
11.9667 652
11.9833 653
12.0 653
12.0167 654
12.0333 654
12.05 655
12.0667 655
12.0833 655
12.1 656
12.1167 656
12.1333 657
12.15 657
12.1667 657
12.1833 657
12.2 658
12.2167 658
12.2333 658
12.25 658
12.2667 659
12.2833 659
12.3 659
12.3167 659
12.3333 659
12.35 659
12.3667 659
12.3833 659
12.4 659
12.4167 659
12.4333 659
12.45 659
12.4667 659
12.4833 659
12.5 659
12.5167 659
12.5333 659
12.55 659
12.5667 659
12.5833 658
12.6 658
12.6167 658
12.6333 658
12.65 658
12.6667 657
12.6833 657
12.7 657
12.7167 656
12.7333 656
12.75 656
12.7667 655
12.7833 655
12.8 654
12.8167 654
12.8333 654
12.85 653
12.8667 653
12.8833 652
12.9 652
12.9167 651
12.9333 650
12.95 650
12.9667 649
12.9833 649
13.0 648
13.0167 647
13.0333 647
13.05 646
13.0667 645
13.0833 644
13.1 644
13.1167 643
13.1333 642
13.15 641
13.1667 641
13.1833 640
13.2 639
13.2167 638
13.2333 637
13.25 636
13.2667 635
13.2833 634
13.3 633
13.3167 632
13.3333 631
13.35 630
13.3667 629
13.3833 628
13.4 627
13.4167 626
13.4333 625
13.45 624
13.4667 622
13.4833 621
13.5 620
13.5167 619
13.5333 618
13.55 616
13.5667 615
13.5833 614
13.6 613
13.6167 611
13.6333 610
13.65 609
13.6667 607
13.6833 606
13.7 604
13.7167 603
13.7333 602
13.75 600
13.7667 599
13.7833 597
13.8 596
13.8167 594
13.8333 593
13.85 591
13.8667 590
13.8833 588
13.9 586
13.9167 585
13.9333 583
13.95 581
13.9667 580
13.9833 578
14.0 576
14.0167 575
14.0333 573
14.05 571
14.0667 569
14.0833 568
14.1 566
14.1167 564
14.1333 562
14.15 560
14.1667 559
14.1833 557
14.2 555
14.2167 553
14.2333 551
14.25 549
14.2667 547
14.2833 545
14.3 543
14.3167 541
14.3333 539
14.35 537
14.3667 535
14.3833 533
14.4 531
14.4167 529
14.4333 527
14.45 525
14.4667 522
14.4833 520
14.5 518
14.5167 516
14.5333 514
14.55 512
14.5667 509
14.5833 507
14.6 505
14.6167 503
14.6333 500
14.65 498
14.6667 496
14.6833 494
14.7 491
14.7167 489
14.7333 487
14.75 484
14.7667 482
14.7833 479
14.8 477
14.8167 475
14.8333 472
14.85 470
14.8667 467
14.8833 465
14.9 462
14.9167 460
14.9333 457
14.95 455
14.9667 452
14.9833 450
15.0 446
15.0167 444
15.0333 441
15.05 439
15.0667 436
15.0833 434
15.1 431
15.1167 428
15.1333 426
15.15 423
15.1667 420
15.1833 418
15.2 415
15.2167 412
15.2333 410
15.25 407
15.2667 404
15.2833 402
15.3 399
15.3167 396
15.3333 393
15.35 391
15.3667 388
15.3833 385
15.4 382
15.4167 380
15.4333 377
15.45 374
15.4667 371
15.4833 368
15.5 366
15.5167 363
15.5333 360
15.55 357
15.5667 354
15.5833 351
15.6 348
15.6167 346
15.6333 343
15.65 340
15.6667 337
15.6833 334
15.7 331
15.7167 328
15.7333 325
15.75 322
15.7667 319
15.7833 317
15.8 314
15.8167 311
15.8333 308
15.85 305
15.8667 302
15.8833 299
15.9 296
15.9167 293
15.9333 290
15.95 287
15.9667 284
15.9833 281
