9.0 196
9.0167 198
9.0333 201
9.05 203
9.0667 206
9.0833 208
9.1 211
9.1167 213
9.1333 216
9.15 218
9.1667 221
9.1833 224
9.2 226
9.2167 229
9.2333 231
9.25 234
9.2667 236
9.2833 239
9.3 241
9.3167 244
9.3333 247
9.35 249
9.3667 252
9.3833 254
9.4 257
9.4167 259
9.4333 262
9.45 264
9.4667 267
9.4833 269
9.5 272
9.5167 274
9.5333 277
9.55 279
9.5667 282
9.5833 284
9.6 287
9.6167 289
9.6333 292
9.65 294
9.6667 297
9.6833 299
9.7 302
9.7167 304
9.7333 306
9.75 309
9.7667 311
9.7833 314
9.8 316
9.8167 319
9.8333 321
9.85 323
9.8667 326
9.8833 328
9.9 330
9.9167 333
9.9333 335
9.95 337
9.9667 340
9.9833 342
10.0 344
10.0167 347
10.0333 349
10.05 351
10.0667 354
10.0833 356
10.1 358
10.1167 360
10.1333 363
10.15 365
10.1667 367
10.1833 369
10.2 371
10.2167 374
10.2333 376
10.25 378
10.2667 380
10.2833 382
10.3 384
10.3167 386
10.3333 388
10.35 391
10.3667 393
10.3833 395
10.4 397
10.4167 399
10.4333 401
10.45 403
10.4667 405
10.4833 407
10.5 409
10.5167 411
10.5333 413
10.55 415
10.5667 417
10.5833 419
10.6 420
10.6167 422
10.6333 424
10.65 426
10.6667 428
10.6833 430
10.7 432
10.7167 433
10.7333 435
10.75 437
10.7667 439
10.7833 441
10.8 442
10.8167 444
10.8333 446
10.85 447
10.8667 449
10.8833 451
10.9 452
10.9167 454
10.9333 456
10.95 457
10.9667 459
10.9833 461
11.0 462
11.0167 464
11.0333 465
11.05 467
11.0667 468
11.0833 470
11.1 471
11.1167 473
11.1333 474
11.15 476
11.1667 477
11.1833 478
11.2 480
11.2167 481
11.2333 483
11.25 484
11.2667 485
11.2833 487
11.3 488
11.3167 489
11.3333 490
11.35 492
11.3667 493
11.3833 494
11.4 495
11.4167 496
11.4333 498
11.45 499
11.4667 500
11.4833 501
11.5 502
11.5167 503
11.5333 504
11.55 505
11.5667 506
11.5833 507
11.6 508
11.6167 509
11.6333 510
11.65 511
11.6667 512
11.6833 513
11.7 514
11.7167 515
11.7333 516
11.75 517
11.7667 518
11.7833 518
11.8 519
11.8167 520
11.8333 521
11.85 522
11.8667 522
11.8833 523
11.9 524
11.9167 524
11.9333 525
11.95 526
11.9667 526
11.9833 527
12.0 528
12.0167 528
12.0333 529
12.05 529
12.0667 530
12.0833 530
12.1 531
12.1167 531
12.1333 532
12.15 532
12.1667 533
12.1833 533
12.2 533
12.2167 534
12.2333 534
12.25 535
12.2667 535
12.2833 535
12.3 535
12.3167 536
12.3333 536
12.35 536
12.3667 536
12.3833 537
12.4 537
12.4167 537
12.4333 537
12.45 537
12.4667 537
12.4833 537
12.5 538
12.5167 538
12.5333 538
12.55 538
12.5667 538
12.5833 538
12.6 538
12.6167 538
12.6333 538
12.65 537
12.6667 537
12.6833 537
12.7 537
12.7167 537
12.7333 537
12.75 537
12.7667 536
12.7833 536
12.8 536
12.8167 536
12.8333 535
12.85 535
12.8667 535
12.8833 534
12.9 534
12.9167 534
12.9333 533
12.95 533
12.9667 533
12.9833 532
13.0 532
13.0167 531
13.0333 531
13.05 530
13.0667 530
13.0833 529
13.1 529
13.1167 528
13.1333 527
13.15 527
13.1667 526
13.1833 526
13.2 525
13.2167 524
13.2333 524
13.25 523
13.2667 522
13.2833 521
13.3 521
13.3167 520
13.3333 519
13.35 518
13.3667 517
13.3833 517
13.4 516
13.4167 515
13.4333 514
13.45 513
13.4667 512
13.4833 511
13.5 510
13.5167 509
13.5333 508
13.55 507
13.5667 506
13.5833 505
13.6 504
13.6167 503
13.6333 502
13.65 501
13.6667 500
13.6833 499
13.7 497
13.7167 496
13.7333 495
13.75 494
13.7667 493
13.7833 491
13.8 490
13.8167 489
13.8333 487
13.85 486
13.8667 485
13.8833 484
13.9 482
13.9167 481
13.9333 479
13.95 478
13.9667 477
13.9833 475
14.0 474
14.0167 472
14.0333 471
14.05 469
14.0667 468
14.0833 466
14.1 465
14.1167 463
14.1333 462
14.15 460
14.1667 459
14.1833 457
14.2 455
14.2167 454
14.2333 452
14.25 450
14.2667 449
14.2833 447
14.3 445
14.3167 444
14.3333 442
14.35 440
14.3667 438
14.3833 437
14.4 435
14.4167 433
14.4333 431
14.45 429
14.4667 427
14.4833 426
14.5 424
14.5167 422
14.5333 420
14.55 418
14.5667 416
14.5833 414
14.6 412
14.6167 410
14.6333 408
14.65 406
14.6667 404
14.6833 402
14.7 400
14.7167 398
14.7333 396
14.75 394
14.7667 392
14.7833 390
14.8 388
14.8167 386
14.8333 384
14.85 382
14.8667 379
14.8833 377
14.9 375
14.9167 373
14.9333 371
14.95 369
14.9667 366
14.9833 364
15.0 362
15.0167 360
15.0333 357
15.05 355
15.0667 353
15.0833 351
15.1 348
15.1167 346
15.1333 344
15.15 341
15.1667 339
15.1833 337
15.2 334
15.2167 332
15.2333 330
15.25 327
15.2667 325
15.2833 323
15.3 320
15.3167 318
15.3333 316
15.35 313
15.3667 311
15.3833 308
15.4 306
15.4167 303
15.4333 301
15.45 299
15.4667 296
15.4833 294
15.5 291
15.5167 289
15.5333 286
15.55 284
15.5667 281
15.5833 279
15.6 276
15.6167 274
15.6333 271
15.65 269
15.6667 266
15.6833 264
15.7 261
15.7167 259
15.7333 256
15.75 254
15.7667 251
15.7833 248
15.8 246
15.8167 243
15.8333 241
15.85 238
15.8667 236
15.8833 233
15.9 231
15.9167 228
15.9333 225
15.95 223
15.9667 220
15.9833 218
