9.0 169
9.0167 172
9.0333 175
9.05 177
9.0667 179
9.0833 182
9.1 184
9.1167 187
9.1333 189
9.15 191
9.1667 194
9.1833 196
9.2 199
9.2167 201
9.2333 204
9.25 206
9.2667 209
9.2833 211
9.3 214
9.3167 216
9.3333 218
9.35 221
9.3667 223
9.3833 226
9.4 228
9.4167 231
9.4333 233
9.45 236
9.4667 238
9.4833 241
9.5 243
9.5167 246
9.5333 248
9.55 251
9.5667 253
9.5833 256
9.6 258
9.6167 260
9.6333 263
9.65 265
9.6667 268
9.6833 270
9.7 273
9.7167 275
9.7333 278
9.75 280
9.7667 283
9.7833 285
9.8 287
9.8167 290
9.8333 292
9.85 295
9.8667 297
9.8833 300
9.9 302
9.9167 305
9.9333 307
9.95 309
9.9667 312
9.9833 314
10.0 317
10.0167 319
10.0333 321
10.05 324
10.0667 326
10.0833 328
10.1 331
10.1167 333
10.1333 335
10.15 338
10.1667 340
10.1833 342
10.2 345
10.2167 347
10.2333 349
10.25 352
10.2667 354
10.2833 356
10.3 358
10.3167 361
10.3333 363
10.35 365
10.3667 367
10.3833 370
10.4 372
10.4167 374
10.4333 376
10.45 379
10.4667 381
10.4833 383
10.5 385
10.5167 387
10.5333 389
10.55 391
10.5667 394
10.5833 396
10.6 398
10.6167 400
10.6333 402
10.65 404
10.6667 406
10.6833 408
10.7 410
10.7167 412
10.7333 414
10.75 416
10.7667 418
10.7833 420
10.8 422
10.8167 424
10.8333 426
10.85 428
10.8667 430
10.8833 432
10.9 434
10.9167 436
10.9333 438
10.95 440
10.9667 441
10.9833 443
11.0 445
11.0167 447
11.0333 449
11.05 450
11.0667 452
11.0833 454
11.1 456
11.1167 458
11.1333 459
11.15 461
11.1667 463
11.1833 464
11.2 466
11.2167 468
11.2333 469
11.25 471
11.2667 473
11.2833 474
11.3 476
11.3167 477
11.3333 479
11.35 480
11.3667 482
11.3833 484
11.4 485
11.4167 487
11.4333 488
11.45 489
11.4667 491
11.4833 492
11.5 494
11.5167 495
11.5333 497
11.55 498
11.5667 499
11.5833 501
11.6 502
11.6167 503
11.6333 505
11.65 506
11.6667 507
11.6833 508
11.7 510
11.7167 511
11.7333 512
11.75 513
11.7667 514
11.7833 516
11.8 517
11.8167 518
11.8333 519
11.85 520
11.8667 521
11.8833 522
11.9 523
11.9167 524
11.9333 525
11.95 526
11.9667 527
11.9833 528
12.0 529
12.0167 530
12.0333 531
12.05 532
12.0667 533
12.0833 534
12.1 535
12.1167 535
12.1333 536
12.15 537
12.1667 538
12.1833 539
12.2 539
12.2167 540
12.2333 541
12.25 542
12.2667 542
12.2833 543
12.3 544
12.3167 544
12.3333 545
12.35 545
12.3667 546
12.3833 547
12.4 547
12.4167 548
12.4333 548
12.45 549
12.4667 549
12.4833 550
12.5 550
12.5167 550
12.5333 551
12.55 551
12.5667 552
12.5833 552
12.6 552
12.6167 553
12.6333 553
12.65 553
12.6667 554
12.6833 554
12.7 554
12.7167 554
12.7333 555
12.75 555
12.7667 555
12.7833 555
12.8 555
12.8167 555
12.8333 555
12.85 556
12.8667 556
12.8833 556
12.9 556
12.9167 556
12.9333 556
12.95 556
12.9667 556
12.9833 556
13.0 556
13.0167 555
13.0333 555
13.05 555
13.0667 555
13.0833 555
13.1 555
13.1167 555
13.1333 554
13.15 554
13.1667 554
13.1833 554
13.2 553
13.2167 553
13.2333 553
13.25 552
13.2667 552
13.2833 552
13.3 551
13.3167 551
13.3333 551
13.35 550
13.3667 550
13.3833 549
13.4 549
13.4167 548
13.4333 548
13.45 547
13.4667 547
13.4833 546
13.5 546
13.5167 545
13.5333 544
13.55 544
13.5667 543
13.5833 542
13.6 542
13.6167 541
13.6333 540
13.65 540
13.6667 539
13.6833 538
13.7 537
13.7167 536
13.7333 536
13.75 535
13.7667 534
13.7833 533
13.8 532
13.8167 531
13.8333 530
13.85 529
13.8667 528
13.8833 527
13.9 527
13.9167 526
13.9333 525
13.95 523
13.9667 522
13.9833 521
14.0 520
14.0167 519
14.0333 518
14.05 517
14.0667 516
14.0833 515
14.1 513
14.1167 512
14.1333 511
14.15 510
14.1667 509
14.1833 507
14.2 506
14.2167 505
14.2333 504
14.25 502
14.2667 501
14.2833 500
14.3 498
14.3167 497
14.3333 495
14.35 494
14.3667 493
14.3833 491
14.4 490
14.4167 488
14.4333 487
14.45 485
14.4667 484
14.4833 482
14.5 481
14.5167 479
14.5333 478
14.55 476
14.5667 475
14.5833 473
14.6 471
14.6167 470
14.6333 468
14.65 466
14.6667 465
14.6833 463
14.7 461
14.7167 460
14.7333 458
14.75 456
14.7667 454
14.7833 453
14.8 451
14.8167 449
14.8333 447
14.85 445
14.8667 444
14.8833 442
14.9 440
14.9167 438
14.9333 436
14.95 434
14.9667 432
14.9833 430
15.0 429
15.0167 427
15.0333 425
15.05 423
15.0667 421
15.0833 420
15.1 418
15.1167 415
15.1333 413
15.15 411
15.1667 409
15.1833 407
15.2 405
15.2167 403
15.2333 401
15.25 399
15.2667 397
15.2833 395
15.3 393
15.3167 391
15.3333 388
15.35 386
15.3667 384
15.3833 382
15.4 380
15.4167 378
15.4333 375
15.45 373
15.4667 371
15.4833 369
15.5 366
15.5167 364
15.5333 362
15.55 360
15.5667 357
15.5833 355
15.6 353
15.6167 351
15.6333 348
15.65 346
15.6667 344
15.6833 341
15.7 339
15.7167 337
15.7333 334
15.75 332
15.7667 330
15.7833 327
15.8 325
15.8167 322
15.8333 320
15.85 318
15.8667 315
15.8833 313
15.9 311
15.9167 308
15.9333 306
15.95 303
15.9667 301
15.9833 298
