9.0 439
9.0167 442
9.0333 445
9.05 448
9.0667 451
9.0833 454
9.1 457
9.1167 460
9.1333 463
9.15 466
9.1667 469
9.1833 472
9.2 475
9.2167 478
9.2333 480
9.25 483
9.2667 486
9.2833 489
9.3 492
9.3167 495
9.3333 498
9.35 501
9.3667 503
9.3833 506
9.4 509
9.4167 512
9.4333 515
9.45 517
9.4667 520
9.4833 523
9.5 526
9.5167 529
9.5333 531
9.55 534
9.5667 537
9.5833 539
9.6 542
9.6167 545
9.6333 548
9.65 550
9.6667 553
9.6833 556
9.7 558
9.7167 561
9.7333 564
9.75 566
9.7667 569
9.7833 571
9.8 574
9.8167 577
9.8333 579
9.85 582
9.8667 584
9.8833 587
9.9 589
9.9167 592
9.9333 594
9.95 597
9.9667 599
9.9833 602
10.0 604
10.0167 607
10.0333 609
10.05 612
10.0667 614
10.0833 617
10.1 619
10.1167 621
10.1333 624
10.15 626
10.1667 628
10.1833 631
10.2 633
10.2167 635
10.2333 638
10.25 640
10.2667 642
10.2833 644
10.3 647
10.3167 649
10.3333 651
10.35 653
10.3667 656
10.3833 658
10.4 660
10.4167 662
10.4333 664
10.45 666
10.4667 669
10.4833 671
10.5 673
10.5167 675
10.5333 677
10.55 679
10.5667 681
10.5833 683
10.6 685
10.6167 687
10.6333 689
10.65 691
10.6667 693
10.6833 695
10.7 697
10.7167 699
10.7333 701
10.75 702
10.7667 704
10.7833 706
10.8 708
10.8167 710
10.8333 712
10.85 713
10.8667 715
10.8833 717
10.9 719
10.9167 720
10.9333 722
10.95 724
10.9667 725
10.9833 727
11.0 729
11.0167 730
11.0333 732
11.05 734
11.0667 735
11.0833 737
11.1 738
11.1167 740
11.1333 741
11.15 743
11.1667 744
11.1833 746
11.2 747
11.2167 749
11.2333 750
11.25 752
11.2667 753
11.2833 755
11.3 756
11.3167 757
11.3333 759
11.35 760
11.3667 761
11.3833 763
11.4 764
11.4167 765
11.4333 766
11.45 768
11.4667 769
11.4833 770
11.5 771
11.5167 772
11.5333 773
11.55 775
11.5667 776
11.5833 777
11.6 778
11.6167 779
11.6333 780
11.65 781
11.6667 782
11.6833 783
11.7 784
11.7167 785
11.7333 786
11.75 787
11.7667 788
11.7833 789
11.8 789
11.8167 790
11.8333 791
11.85 792
11.8667 793
11.8833 793
11.9 794
11.9167 795
11.9333 796
11.95 796
11.9667 797
11.9833 798
12.0 799
12.0167 799
12.0333 800
12.05 800
12.0667 801
12.0833 802
12.1 802
12.1167 803
12.1333 803
12.15 804
12.1667 804
12.1833 805
12.2 805
12.2167 806
12.2333 806
12.25 806
12.2667 807
12.2833 807
12.3 808
12.3167 808
12.3333 808
12.35 808
12.3667 809
12.3833 809
12.4 809
12.4167 809
12.4333 810
12.45 810
12.4667 810
12.4833 810
12.5 810
12.5167 811
12.5333 811
12.55 811
12.5667 811
12.5833 811
12.6 811
12.6167 811
12.6333 811
12.65 811
12.6667 811
12.6833 811
12.7 811
12.7167 811
12.7333 810
12.75 810
12.7667 810
12.7833 810
12.8 810
12.8167 810
12.8333 809
12.85 809
12.8667 809
12.8833 809
12.9 808
12.9167 808
12.9333 808
12.95 807
12.9667 807
12.9833 807
13.0 806
13.0167 806
13.0333 806
13.05 805
13.0667 805
13.0833 804
13.1 804
13.1167 803
13.1333 803
13.15 802
13.1667 801
13.1833 801
13.2 800
13.2167 800
13.2333 799
13.25 798
13.2667 798
13.2833 797
13.3 796
13.3167 796
13.3333 795
13.35 794
13.3667 793
13.3833 793
13.4 792
13.4167 791
13.4333 790
13.45 789
13.4667 788
13.4833 787
13.5 787
13.5167 786
13.5333 785
13.55 784
13.5667 783
13.5833 782
13.6 781
13.6167 780
13.6333 779
13.65 778
13.6667 777
13.6833 775
13.7 774
13.7167 773
13.7333 772
13.75 771
13.7667 770
13.7833 769
13.8 767
13.8167 766
13.8333 765
13.85 764
13.8667 762
13.8833 761
13.9 760
13.9167 758
13.9333 757
13.95 756
13.9667 754
13.9833 753
14.0 752
14.0167 750
14.0333 749
14.05 747
14.0667 746
14.0833 744
14.1 743
14.1167 741
14.1333 740
14.15 738
14.1667 737
14.1833 735
14.2 733
14.2167 732
14.2333 730
14.25 729
14.2667 727
14.2833 725
14.3 724
14.3167 722
14.3333 720
14.35 718
14.3667 717
14.3833 715
14.4 713
14.4167 711
14.4333 709
14.45 708
14.4667 706
14.4833 704
14.5 702
14.5167 700
14.5333 698
14.55 696
14.5667 694
14.5833 693
14.6 691
14.6167 689
14.6333 687
14.65 685
14.6667 683
14.6833 681
14.7 679
14.7167 677
14.7333 674
14.75 672
14.7667 670
14.7833 668
14.8 666
14.8167 664
14.8333 662
14.85 660
14.8667 657
14.8833 655
14.9 653
14.9167 651
14.9333 649
14.95 646
14.9667 644
14.9833 642
15.0 640
15.0167 637
15.0333 635
15.05 633
15.0667 631
15.0833 628
15.1 626
15.1167 623
15.1333 621
15.15 619
15.1667 616
15.1833 614
15.2 611
15.2167 609
15.2333 607
15.25 604
15.2667 602
15.2833 599
15.3 597
15.3167 594
15.3333 592
15.35 589
15.3667 587
15.3833 584
15.4 582
15.4167 579
15.4333 576
15.45 574
15.4667 571
15.4833 569
15.5 566
15.5167 563
15.5333 561
15.55 558
15.5667 555
15.5833 553
15.6 550
15.6167 547
15.6333 545
15.65 542
15.6667 539
15.6833 536
15.7 534
15.7167 531
15.7333 528
15.75 526
15.7667 523
15.7833 520
15.8 517
15.8167 514
15.8333 512
15.85 509
15.8667 506
15.8833 503
15.9 500
15.9167 497
15.9333 495
15.95 492
15.9667 489
15.9833 486
