9.0 409
9.0167 412
9.0333 415
9.05 418
9.0667 421
9.0833 424
9.1 427
9.1167 430
9.1333 433
9.15 437
9.1667 440
9.1833 443
9.2 446
9.2167 449
9.2333 452
9.25 455
9.2667 458
9.2833 461
9.3 464
9.3167 467
9.3333 470
9.35 473
9.3667 476
9.3833 479
9.4 482
9.4167 485
9.4333 488
9.45 491
9.4667 494
9.4833 497
9.5 499
9.5167 502
9.5333 505
9.55 508
9.5667 511
9.5833 514
9.6 517
9.6167 520
9.6333 523
9.65 525
9.6667 528
9.6833 531
9.7 534
9.7167 537
9.7333 540
9.75 542
9.7667 545
9.7833 548
9.8 551
9.8167 553
9.8333 556
9.85 559
9.8667 562
9.8833 564
9.9 567
9.9167 570
9.9333 572
9.95 575
9.9667 578
9.9833 580
10.0 583
10.0167 586
10.0333 588
10.05 591
10.0667 594
10.0833 596
10.1 599
10.1167 601
10.1333 604
10.15 606
10.1667 609
10.1833 611
10.2 614
10.2167 616
10.2333 619
10.25 621
10.2667 624
10.2833 626
10.3 629
10.3167 631
10.3333 633
10.35 636
10.3667 638
10.3833 641
10.4 643
10.4167 645
10.4333 648
10.45 650
10.4667 652
10.4833 655
10.5 657
10.5167 659
10.5333 661
10.55 664
10.5667 666
10.5833 668
10.6 670
10.6167 672
10.6333 675
10.65 677
10.6667 679
10.6833 681
10.7 683
10.7167 685
10.7333 687
10.75 689
10.7667 691
10.7833 693
10.8 695
10.8167 697
10.8333 699
10.85 701
10.8667 703
10.8833 705
10.9 707
10.9167 709
10.9333 711
10.95 713
10.9667 715
10.9833 717
11.0 718
11.0167 720
11.0333 722
11.05 724
11.0667 726
11.0833 727
11.1 729
11.1167 731
11.1333 733
11.15 734
11.1667 736
11.1833 738
11.2 739
11.2167 741
11.2333 743
11.25 744
11.2667 746
11.2833 747
11.3 749
11.3167 751
11.3333 752
11.35 754
11.3667 755
11.3833 757
11.4 758
11.4167 759
11.4333 761
11.45 762
11.4667 764
11.4833 765
11.5 766
11.5167 768
11.5333 769
11.55 770
11.5667 772
11.5833 773
11.6 774
11.6167 775
11.6333 777
11.65 778
11.6667 779
11.6833 780
11.7 781
11.7167 783
11.7333 784
11.75 785
11.7667 786
11.7833 787
11.8 788
11.8167 789
11.8333 790
11.85 791
11.8667 792
11.8833 793
11.9 794
11.9167 795
11.9333 796
11.95 797
11.9667 798
11.9833 798
12.0 799
12.0167 800
12.0333 801
12.05 802
12.0667 803
12.0833 803
12.1 804
12.1167 805
12.1333 805
12.15 806
12.1667 807
12.1833 807
12.2 808
12.2167 809
12.2333 809
12.25 810
12.2667 810
12.2833 811
12.3 812
12.3167 812
12.3333 813
12.35 813
12.3667 813
12.3833 814
12.4 814
12.4167 815
12.4333 815
12.45 815
12.4667 816
12.4833 816
12.5 816
12.5167 817
12.5333 817
12.55 817
12.5667 818
12.5833 818
12.6 818
12.6167 818
12.6333 818
12.65 818
12.6667 819
12.6833 819
12.7 819
12.7167 819
12.7333 819
12.75 819
12.7667 819
12.7833 819
12.8 819
12.8167 819
12.8333 819
12.85 819
12.8667 819
12.8833 819
12.9 818
12.9167 818
12.9333 818
12.95 818
12.9667 818
12.9833 818
13.0 817
13.0167 817
13.0333 817
13.05 817
13.0667 816
13.0833 816
13.1 816
13.1167 815
13.1333 815
13.15 814
13.1667 814
13.1833 814
13.2 813
13.2167 813
13.2333 812
13.25 812
13.2667 811
13.2833 811
13.3 810
13.3167 809
13.3333 809
13.35 808
13.3667 808
13.3833 807
13.4 806
13.4167 806
13.4333 805
13.45 804
13.4667 804
13.4833 803
13.5 802
13.5167 801
13.5333 800
13.55 800
13.5667 799
13.5833 798
13.6 797
13.6167 796
13.6333 795
13.65 794
13.6667 793
13.6833 792
13.7 791
13.7167 790
13.7333 789
13.75 788
13.7667 787
13.7833 786
13.8 785
13.8167 784
13.8333 783
13.85 782
13.8667 781
13.8833 779
13.9 778
13.9167 777
13.9333 776
13.95 775
13.9667 773
13.9833 772
14.0 771
14.0167 769
14.0333 768
14.05 767
14.0667 765
14.0833 764
14.1 763
14.1167 761
14.1333 760
14.15 758
14.1667 757
14.1833 755
14.2 754
14.2167 752
14.2333 751
14.25 749
14.2667 748
14.2833 746
14.3 745
14.3167 743
14.3333 742
14.35 740
14.3667 738
14.3833 737
14.4 735
14.4167 733
14.4333 731
14.45 730
14.4667 728
14.4833 726
14.5 724
14.5167 723
14.5333 721
14.55 719
14.5667 717
14.5833 715
14.6 713
14.6167 712
14.6333 710
14.65 708
14.6667 706
14.6833 704
14.7 702
14.7167 700
14.7333 698
14.75 696
14.7667 694
14.7833 692
14.8 690
14.8167 688
14.8333 686
14.85 684
14.8667 682
14.8833 679
14.9 677
14.9167 675
14.9333 673
14.95 671
14.9667 669
14.9833 666
15.0 664
15.0167 662
15.0333 659
15.05 657
15.0667 655
15.0833 653
15.1 650
15.1167 648
15.1333 646
15.15 643
15.1667 641
15.1833 639
15.2 636
15.2167 634
15.2333 631
15.25 629
15.2667 627
15.2833 624
15.3 622
15.3167 619
15.3333 617
15.35 614
15.3667 612
15.3833 609
15.4 607
15.4167 604
15.4333 602
15.45 599
15.4667 597
15.4833 594
15.5 591
15.5167 589
15.5333 586
15.55 584
15.5667 581
15.5833 578
15.6 576
15.6167 573
15.6333 570
15.65 568
15.6667 565
15.6833 562
15.7 559
15.7167 557
15.7333 554
15.75 551
15.7667 548
15.7833 546
15.8 543
15.8167 540
15.8333 537
15.85 534
15.8667 532
15.8833 529
15.9 526
15.9167 523
15.9333 520
15.95 517
15.9667 514
15.9833 512
