9.0 388
9.0167 391
9.0333 394
9.05 397
9.0667 400
9.0833 404
9.1 407
9.1167 410
9.1333 413
9.15 417
9.1667 420
9.1833 423
9.2 426
9.2167 429
9.2333 432
9.25 436
9.2667 439
9.2833 442
9.3 445
9.3167 448
9.3333 451
9.35 454
9.3667 457
9.3833 461
9.4 464
9.4167 467
9.4333 470
9.45 473
9.4667 476
9.4833 479
9.5 482
9.5167 485
9.5333 488
9.55 491
9.5667 494
9.5833 497
9.6 500
9.6167 503
9.6333 506
9.65 508
9.6667 511
9.6833 514
9.7 517
9.7167 520
9.7333 523
9.75 526
9.7667 529
9.7833 531
9.8 534
9.8167 537
9.8333 540
9.85 542
9.8667 545
9.8833 548
9.9 551
9.9167 553
9.9333 556
9.95 559
9.9667 561
9.9833 564
10.0 567
10.0167 569
10.0333 572
10.05 575
10.0667 577
10.0833 580
10.1 582
10.1167 585
10.1333 587
10.15 590
10.1667 592
10.1833 595
10.2 597
10.2167 600
10.2333 602
10.25 605
10.2667 607
10.2833 610
10.3 612
10.3167 614
10.3333 617
10.35 619
10.3667 621
10.3833 624
10.4 626
10.4167 628
10.4333 631
10.45 633
10.4667 635
10.4833 637
10.5 639
10.5167 642
10.5333 644
10.55 646
10.5667 648
10.5833 650
10.6 652
10.6167 654
10.6333 657
10.65 659
10.6667 661
10.6833 663
10.7 665
10.7167 667
10.7333 669
10.75 671
10.7667 672
10.7833 674
10.8 676
10.8167 678
10.8333 680
10.85 682
10.8667 684
10.8833 686
10.9 687
10.9167 689
10.9333 691
10.95 693
10.9667 694
10.9833 696
11.0 698
11.0167 699
11.0333 701
11.05 703
11.0667 704
11.0833 706
11.1 708
11.1167 709
11.1333 711
11.15 712
11.1667 714
11.1833 715
11.2 717
11.2167 718
11.2333 720
11.25 721
11.2667 723
11.2833 724
11.3 725
11.3167 727
11.3333 728
11.35 729
11.3667 731
11.3833 732
11.4 733
11.4167 734
11.4333 736
11.45 737
11.4667 738
11.4833 739
11.5 740
11.5167 741
11.5333 742
11.55 744
11.5667 745
11.5833 746
11.6 747
11.6167 748
11.6333 749
11.65 750
11.6667 751
11.6833 752
11.7 752
11.7167 753
11.7333 754
11.75 755
11.7667 756
11.7833 757
11.8 758
11.8167 758
11.8333 759
11.85 760
11.8667 761
11.8833 761
11.9 762
11.9167 763
11.9333 763
11.95 764
11.9667 765
11.9833 765
12.0 766
12.0167 766
12.0333 767
12.05 767
12.0667 768
12.0833 768
12.1 769
12.1167 769
12.1333 770
12.15 770
12.1667 770
12.1833 771
12.2 771
12.2167 771
12.2333 772
12.25 772
12.2667 772
12.2833 772
12.3 773
12.3167 773
12.3333 773
12.35 773
12.3667 773
12.3833 773
12.4 773
12.4167 773
12.4333 774
12.45 774
12.4667 774
12.4833 774
12.5 774
12.5167 773
12.5333 773
12.55 773
12.5667 773
12.5833 773
12.6 773
12.6167 773
12.6333 773
12.65 772
12.6667 772
12.6833 772
12.7 772
12.7167 771
12.7333 771
12.75 771
12.7667 770
12.7833 770
12.8 770
12.8167 769
12.8333 769
12.85 768
12.8667 768
12.8833 768
12.9 767
12.9167 767
12.9333 766
12.95 765
12.9667 765
12.9833 764
13.0 764
13.0167 763
13.0333 762
13.05 762
13.0667 761
13.0833 760
13.1 760
13.1167 759
13.1333 758
13.15 757
13.1667 756
13.1833 756
13.2 755
13.2167 754
13.2333 753
13.25 752
13.2667 751
13.2833 750
13.3 749
13.3167 748
13.3333 747
13.35 746
13.3667 745
13.3833 744
13.4 743
13.4167 742
13.4333 741
13.45 740
13.4667 739
13.4833 737
13.5 736
13.5167 735
13.5333 734
13.55 732
13.5667 731
13.5833 730
13.6 729
13.6167 727
13.6333 726
13.65 725
13.6667 723
13.6833 722
13.7 720
13.7167 719
13.7333 718
13.75 716
13.7667 715
13.7833 713
13.8 712
13.8167 710
13.8333 708
13.85 707
13.8667 705
13.8833 704
13.9 702
13.9167 700
13.9333 699
13.95 697
13.9667 695
13.9833 694
14.0 692
14.0167 690
14.0333 688
14.05 686
14.0667 685
14.0833 683
14.1 681
14.1167 679
14.1333 677
14.15 675
14.1667 673
14.1833 672
14.2 670
14.2167 668
14.2333 666
14.25 664
14.2667 662
14.2833 660
14.3 658
14.3167 656
14.3333 653
14.35 651
14.3667 649
14.3833 647
14.4 645
14.4167 643
14.4333 641
14.45 638
14.4667 636
14.4833 634
14.5 632
14.5167 629
14.5333 627
14.55 625
14.5667 623
14.5833 620
14.6 618
14.6167 616
14.6333 613
14.65 611
14.6667 608
14.6833 606
14.7 604
14.7167 601
14.7333 599
14.75 596
14.7667 594
14.7833 591
14.8 589
14.8167 586
14.8333 584
14.85 581
14.8667 579
14.8833 576
14.9 573
14.9167 571
14.9333 568
14.95 565
14.9667 563
14.9833 560
15.0 556
15.0167 554
15.0333 551
15.05 548
15.0667 546
15.0833 543
15.1 540
15.1167 537
15.1333 535
15.15 532
15.1667 529
15.1833 526
15.2 523
15.2167 520
15.2333 518
15.25 515
15.2667 512
15.2833 509
15.3 506
15.3167 503
15.3333 500
15.35 497
15.3667 494
15.3833 491
15.4 488
15.4167 485
15.4333 482
15.45 479
15.4667 476
15.4833 473
15.5 470
15.5167 467
15.5333 464
15.55 461
15.5667 458
15.5833 455
15.6 452
15.6167 449
15.6333 446
15.65 442
15.6667 439
15.6833 436
15.7 433
15.7167 430
15.7333 427
15.75 424
15.7667 420
15.7833 417
15.8 414
15.8167 411
15.8333 408
15.85 404
15.8667 401
15.8833 398
15.9 395
15.9167 391
15.9333 388
15.95 385
15.9667 382
15.9833 378
