9.0 434
9.0167 437
9.0333 441
9.05 444
9.0667 447
9.0833 451
9.1 454
9.1167 457
9.1333 461
9.15 464
9.1667 467
9.1833 471
9.2 474
9.2167 477
9.2333 480
9.25 484
9.2667 487
9.2833 490
9.3 493
9.3167 497
9.3333 500
9.35 503
9.3667 506
9.3833 509
9.4 513
9.4167 516
9.4333 519
9.45 522
9.4667 525
9.4833 528
9.5 531
9.5167 535
9.5333 538
9.55 541
9.5667 544
9.5833 547
9.6 550
9.6167 553
9.6333 556
9.65 559
9.6667 562
9.6833 565
9.7 568
9.7167 571
9.7333 574
9.75 577
9.7667 580
9.7833 583
9.8 586
9.8167 589
9.8333 592
9.85 595
9.8667 598
9.8833 600
9.9 603
9.9167 606
9.9333 609
9.95 612
9.9667 615
9.9833 617
10.0 620
10.0167 623
10.0333 626
10.05 628
10.0667 631
10.0833 634
10.1 637
10.1167 639
10.1333 642
10.15 645
10.1667 647
10.1833 650
10.2 653
10.2167 655
10.2333 658
10.25 660
10.2667 663
10.2833 666
10.3 668
10.3167 671
10.3333 673
10.35 676
10.3667 678
10.3833 681
10.4 683
10.4167 686
10.4333 688
10.45 690
10.4667 693
10.4833 695
10.5 698
10.5167 700
10.5333 702
10.55 705
10.5667 707
10.5833 709
10.6 712
10.6167 714
10.6333 716
10.65 718
10.6667 720
10.6833 723
10.7 725
10.7167 727
10.7333 729
10.75 731
10.7667 733
10.7833 736
10.8 738
10.8167 740
10.8333 742
10.85 744
10.8667 746
10.8833 748
10.9 750
10.9167 752
10.9333 754
10.95 756
10.9667 758
10.9833 760
11.0 762
11.0167 763
11.0333 765
11.05 767
11.0667 769
11.0833 771
11.1 773
11.1167 774
11.1333 776
11.15 778
11.1667 780
11.1833 781
11.2 783
11.2167 785
11.2333 786
11.25 788
11.2667 790
11.2833 791
11.3 793
11.3167 794
11.3333 796
11.35 797
11.3667 799
11.3833 800
11.4 802
11.4167 803
11.4333 805
11.45 806
11.4667 808
11.4833 809
11.5 810
11.5167 812
11.5333 813
11.55 814
11.5667 816
11.5833 817
11.6 818
11.6167 819
11.6333 821
11.65 822
11.6667 823
11.6833 824
11.7 825
11.7167 827
11.7333 828
11.75 829
11.7667 830
11.7833 831
11.8 832
11.8167 833
11.8333 834
11.85 835
11.8667 836
11.8833 837
11.9 838
11.9167 839
11.9333 840
11.95 840
11.9667 841
11.9833 842
12.0 843
12.0167 844
12.0333 845
12.05 845
12.0667 846
12.0833 847
12.1 847
12.1167 848
12.1333 849
12.15 849
12.1667 850
12.1833 851
12.2 851
12.2167 852
12.2333 852
12.25 853
12.2667 853
12.2833 854
12.3 854
12.3167 855
12.3333 855
12.35 856
12.3667 856
12.3833 856
12.4 857
12.4167 857
12.4333 857
12.45 858
12.4667 858
12.4833 858
12.5 859
12.5167 859
12.5333 859
12.55 859
12.5667 859
12.5833 859
12.6 860
12.6167 860
12.6333 860
12.65 860
12.6667 860
12.6833 860
12.7 860
12.7167 860
12.7333 860
12.75 860
12.7667 860
12.7833 860
12.8 860
12.8167 859
12.8333 859
12.85 859
12.8667 859
12.8833 859
12.9 858
12.9167 858
12.9333 858
12.95 858
12.9667 857
12.9833 857
13.0 857
13.0167 856
13.0333 856
13.05 856
13.0667 855
13.0833 855
13.1 854
13.1167 854
13.1333 853
13.15 853
13.1667 852
13.1833 852
13.2 851
13.2167 850
13.2333 850
13.25 849
13.2667 849
13.2833 848
13.3 847
13.3167 847
13.3333 846
13.35 845
13.3667 844
13.3833 844
13.4 843
13.4167 842
13.4333 841
13.45 840
13.4667 839
13.4833 838
13.5 838
13.5167 837
13.5333 836
13.55 835
13.5667 834
13.5833 833
13.6 832
13.6167 831
13.6333 830
13.65 828
13.6667 827
13.6833 826
13.7 825
13.7167 824
13.7333 823
13.75 822
13.7667 820
13.7833 819
13.8 818
13.8167 817
13.8333 815
13.85 814
13.8667 813
13.8833 811
13.9 810
13.9167 809
13.9333 807
13.95 806
13.9667 804
13.9833 803
14.0 801
14.0167 800
14.0333 798
14.05 797
14.0667 795
14.0833 794
14.1 792
14.1167 791
14.1333 789
14.15 787
14.1667 786
14.1833 784
14.2 782
14.2167 781
14.2333 779
14.25 777
14.2667 776
14.2833 774
14.3 772
14.3167 770
14.3333 768
14.35 767
14.3667 765
14.3833 763
14.4 761
14.4167 759
14.4333 757
14.45 755
14.4667 753
14.4833 751
14.5 749
14.5167 747
14.5333 745
14.55 743
14.5667 741
14.5833 739
14.6 737
14.6167 735
14.6333 733
14.65 731
14.6667 729
14.6833 726
14.7 724
14.7167 722
14.7333 720
14.75 718
14.7667 715
14.7833 713
14.8 711
14.8167 709
14.8333 706
14.85 704
14.8667 702
14.8833 699
14.9 697
14.9167 695
14.9333 692
14.95 690
14.9667 687
14.9833 685
15.0 682
15.0167 679
15.0333 677
15.05 674
15.0667 672
15.0833 669
15.1 667
15.1167 664
15.1333 662
15.15 659
15.1667 656
15.1833 654
15.2 651
15.2167 649
15.2333 646
15.25 643
15.2667 641
15.2833 638
15.3 635
15.3167 632
15.3333 630
15.35 627
15.3667 624
15.3833 621
15.4 619
15.4167 616
15.4333 613
15.45 610
15.4667 607
15.4833 605
15.5 602
15.5167 599
15.5333 596
15.55 593
15.5667 590
15.5833 587
15.6 584
15.6167 581
15.6333 578
15.65 575
15.6667 573
15.6833 570
15.7 567
15.7167 564
15.7333 561
15.75 557
15.7667 554
15.7833 551
15.8 548
15.8167 545
15.8333 542
15.85 539
15.8667 536
15.8833 533
15.9 530
15.9167 527
15.9333 524
15.95 520
15.9667 517
15.9833 514
