9.0 431
9.0167 434
9.0333 438
9.05 441
9.0667 445
9.0833 448
9.1 451
9.1167 455
9.1333 458
9.15 461
9.1667 465
9.1833 468
9.2 471
9.2167 475
9.2333 478
9.25 481
9.2667 485
9.2833 488
9.3 491
9.3167 494
9.3333 498
9.35 501
9.3667 504
9.3833 507
9.4 511
9.4167 514
9.4333 517
9.45 520
9.4667 523
9.4833 527
9.5 530
9.5167 533
9.5333 536
9.55 539
9.5667 542
9.5833 545
9.6 548
9.6167 551
9.6333 554
9.65 558
9.6667 561
9.6833 564
9.7 567
9.7167 570
9.7333 573
9.75 576
9.7667 579
9.7833 581
9.8 584
9.8167 587
9.8333 590
9.85 593
9.8667 596
9.8833 599
9.9 602
9.9167 605
9.9333 607
9.95 610
9.9667 613
9.9833 616
10.0 619
10.0167 621
10.0333 624
10.05 627
10.0667 630
10.0833 632
10.1 635
10.1167 638
10.1333 640
10.15 643
10.1667 646
10.1833 648
10.2 651
10.2167 653
10.2333 656
10.25 658
10.2667 661
10.2833 664
10.3 666
10.3167 669
10.3333 671
10.35 673
10.3667 676
10.3833 678
10.4 681
10.4167 683
10.4333 686
10.45 688
10.4667 690
10.4833 693
10.5 695
10.5167 697
10.5333 699
10.55 702
10.5667 704
10.5833 706
10.6 708
10.6167 711
10.6333 713
10.65 715
10.6667 717
10.6833 719
10.7 721
10.7167 724
10.7333 726
10.75 728
10.7667 730
10.7833 732
10.8 734
10.8167 736
10.8333 738
10.85 740
10.8667 742
10.8833 744
10.9 746
10.9167 747
10.9333 749
10.95 751
10.9667 753
10.9833 755
11.0 757
11.0167 758
11.0333 760
11.05 762
11.0667 764
11.0833 765
11.1 767
11.1167 769
11.1333 770
11.15 772
11.1667 774
11.1833 775
11.2 777
11.2167 779
11.2333 780
11.25 782
11.2667 783
11.2833 785
11.3 786
11.3167 788
11.3333 789
11.35 790
11.3667 792
11.3833 793
11.4 795
11.4167 796
11.4333 797
11.45 799
11.4667 800
11.4833 801
11.5 802
11.5167 804
11.5333 805
11.55 806
11.5667 807
11.5833 808
11.6 809
11.6167 811
11.6333 812
11.65 813
11.6667 814
11.6833 815
11.7 816
11.7167 817
11.7333 818
11.75 819
11.7667 820
11.7833 821
11.8 822
11.8167 822
11.8333 823
11.85 824
11.8667 825
11.8833 826
11.9 827
11.9167 827
11.9333 828
11.95 829
11.9667 830
11.9833 830
12.0 831
12.0167 832
12.0333 832
12.05 833
12.0667 833
12.0833 834
12.1 834
12.1167 835
12.1333 836
12.15 836
12.1667 836
12.1833 837
12.2 837
12.2167 838
12.2333 838
12.25 839
12.2667 839
12.2833 839
12.3 839
12.3167 840
12.3333 840
12.35 840
12.3667 841
12.3833 841
12.4 841
12.4167 841
12.4333 841
12.45 841
12.4667 841
12.4833 842
12.5 842
12.5167 842
12.5333 842
12.55 842
12.5667 842
12.5833 842
12.6 842
12.6167 842
12.6333 841
12.65 841
12.6667 841
12.6833 841
12.7 841
12.7167 841
12.7333 840
12.75 840
12.7667 840
12.7833 840
12.8 839
12.8167 839
12.8333 839
12.85 838
12.8667 838
12.8833 838
12.9 837
12.9167 837
12.9333 836
12.95 836
12.9667 835
12.9833 835
13.0 834
13.0167 834
13.0333 833
13.05 833
13.0667 832
13.0833 831
13.1 831
13.1167 830
13.1333 829
13.15 829
13.1667 828
13.1833 827
13.2 826
13.2167 826
13.2333 825
13.25 824
13.2667 823
13.2833 822
13.3 821
13.3167 820
13.3333 820
13.35 819
13.3667 818
13.3833 817
13.4 816
13.4167 815
13.4333 814
13.45 812
13.4667 811
13.4833 810
13.5 809
13.5167 808
13.5333 807
13.55 806
13.5667 804
13.5833 803
13.6 802
13.6167 801
13.6333 799
13.65 798
13.6667 797
13.6833 796
13.7 794
13.7167 793
13.7333 791
13.75 790
13.7667 789
13.7833 787
13.8 786
13.8167 784
13.8333 783
13.85 781
13.8667 780
13.8833 778
13.9 777
13.9167 775
13.9333 773
13.95 772
13.9667 770
13.9833 768
14.0 767
14.0167 765
14.0333 763
14.05 762
14.0667 760
14.0833 758
14.1 756
14.1167 754
14.1333 753
14.15 751
14.1667 749
14.1833 747
14.2 745
14.2167 743
14.2333 741
14.25 739
14.2667 737
14.2833 735
14.3 733
14.3167 731
14.3333 729
14.35 727
14.3667 725
14.3833 723
14.4 721
14.4167 719
14.4333 717
14.45 714
14.4667 712
14.4833 710
14.5 708
14.5167 706
14.5333 703
14.55 701
14.5667 699
14.5833 697
14.6 694
14.6167 692
14.6333 690
14.65 687
14.6667 685
14.6833 683
14.7 680
14.7167 678
14.7333 675
14.75 673
14.7667 670
14.7833 668
14.8 665
14.8167 663
14.8333 660
14.85 658
14.8667 655
14.8833 653
14.9 650
14.9167 647
14.9333 645
14.95 642
14.9667 640
14.9833 637
15.0 633
15.0167 630
15.0333 628
15.05 625
15.0667 622
15.0833 620
15.1 617
15.1167 614
15.1333 611
15.15 608
15.1667 606
15.1833 603
15.2 600
15.2167 597
15.2333 594
15.25 591
15.2667 588
15.2833 586
15.3 583
15.3167 580
15.3333 577
15.35 574
15.3667 571
15.3833 568
15.4 565
15.4167 562
15.4333 559
15.45 556
15.4667 553
15.4833 550
15.5 546
15.5167 543
15.5333 540
15.55 537
15.5667 534
15.5833 531
15.6 528
15.6167 525
15.6333 521
15.65 518
15.6667 515
15.6833 512
15.7 509
15.7167 505
15.7333 502
15.75 499
15.7667 496
15.7833 493
15.8 489
15.8167 486
15.8333 483
15.85 479
15.8667 476
15.8833 473
15.9 469
15.9167 466
15.9333 463
15.95 459
15.9667 456
15.9833 453
