9.0 427
9.0167 430
9.0333 434
9.05 437
9.0667 441
9.0833 444
9.1 447
9.1167 451
9.1333 454
9.15 457
9.1667 461
9.1833 464
9.2 467
9.2167 471
9.2333 474
9.25 477
9.2667 480
9.2833 484
9.3 487
9.3167 490
9.3333 493
9.35 497
9.3667 500
9.3833 503
9.4 506
9.4167 510
9.4333 513
9.45 516
9.4667 519
9.4833 522
9.5 525
9.5167 529
9.5333 532
9.55 535
9.5667 538
9.5833 541
9.6 544
9.6167 547
9.6333 550
9.65 553
9.6667 556
9.6833 559
9.7 562
9.7167 565
9.7333 568
9.75 571
9.7667 574
9.7833 577
9.8 580
9.8167 583
9.8333 586
9.85 589
9.8667 591
9.8833 594
9.9 597
9.9167 600
9.9333 603
9.95 606
9.9667 608
9.9833 611
10.0 614
10.0167 617
10.0333 619
10.05 622
10.0667 625
10.0833 628
10.1 630
10.1167 633
10.1333 636
10.15 638
10.1667 641
10.1833 643
10.2 646
10.2167 649
10.2333 651
10.25 654
10.2667 656
10.2833 659
10.3 661
10.3167 664
10.3333 666
10.35 669
10.3667 671
10.3833 673
10.4 676
10.4167 678
10.4333 681
10.45 683
10.4667 685
10.4833 688
10.5 690
10.5167 692
10.5333 695
10.55 697
10.5667 699
10.5833 701
10.6 703
10.6167 706
10.6333 708
10.65 710
10.6667 712
10.6833 714
10.7 716
10.7167 718
10.7333 721
10.75 723
10.7667 725
10.7833 727
10.8 729
10.8167 731
10.8333 733
10.85 735
10.8667 736
10.8833 738
10.9 740
10.9167 742
10.9333 744
10.95 746
10.9667 748
10.9833 750
11.0 751
11.0167 753
11.0333 755
11.05 757
11.0667 758
11.0833 760
11.1 762
11.1167 763
11.1333 765
11.15 767
11.1667 768
11.1833 770
11.2 771
11.2167 773
11.2333 775
11.25 776
11.2667 778
11.2833 779
11.3 781
11.3167 782
11.3333 783
11.35 785
11.3667 786
11.3833 788
11.4 789
11.4167 790
11.4333 792
11.45 793
11.4667 794
11.4833 795
11.5 797
11.5167 798
11.5333 799
11.55 800
11.5667 801
11.5833 803
11.6 804
11.6167 805
11.6333 806
11.65 807
11.6667 808
11.6833 809
11.7 810
11.7167 811
11.7333 812
11.75 813
11.7667 814
11.7833 815
11.8 816
11.8167 817
11.8333 817
11.85 818
11.8667 819
11.8833 820
11.9 821
11.9167 821
11.9333 822
11.95 823
11.9667 823
11.9833 824
12.0 825
12.0167 825
12.0333 826
12.05 827
12.0667 827
12.0833 828
12.1 828
12.1167 829
12.1333 829
12.15 830
12.1667 830
12.1833 831
12.2 831
12.2167 831
12.2333 832
12.25 832
12.2667 833
12.2833 833
12.3 833
12.3167 833
12.3333 834
12.35 834
12.3667 834
12.3833 834
12.4 834
12.4167 835
12.4333 835
12.45 835
12.4667 835
12.4833 835
12.5 835
12.5167 835
12.5333 835
12.55 835
12.5667 835
12.5833 835
12.6 835
12.6167 835
12.6333 835
12.65 835
12.6667 835
12.6833 834
12.7 834
12.7167 834
12.7333 834
12.75 834
12.7667 833
12.7833 833
12.8 833
12.8167 832
12.8333 832
12.85 832
12.8667 831
12.8833 831
12.9 830
12.9167 830
12.9333 829
12.95 829
12.9667 828
12.9833 828
13.0 827
13.0167 827
13.0333 826
13.05 826
13.0667 825
13.0833 824
13.1 824
13.1167 823
13.1333 822
13.15 822
13.1667 821
13.1833 820
13.2 819
13.2167 818
13.2333 818
13.25 817
13.2667 816
13.2833 815
13.3 814
13.3167 813
13.3333 812
13.35 811
13.3667 810
13.3833 809
13.4 808
13.4167 807
13.4333 806
13.45 805
13.4667 804
13.4833 803
13.5 802
13.5167 801
13.5333 799
13.55 798
13.5667 797
13.5833 796
13.6 795
13.6167 793
13.6333 792
13.65 791
13.6667 789
13.6833 788
13.7 787
13.7167 785
13.7333 784
13.75 783
13.7667 781
13.7833 780
13.8 778
13.8167 777
13.8333 775
13.85 774
13.8667 772
13.8833 770
13.9 769
13.9167 767
13.9333 766
13.95 764
13.9667 762
13.9833 761
14.0 759
14.0167 757
14.0333 756
14.05 754
14.0667 752
14.0833 750
14.1 748
14.1167 747
14.1333 745
14.15 743
14.1667 741
14.1833 739
14.2 737
14.2167 735
14.2333 733
14.25 731
14.2667 729
14.2833 727
14.3 725
14.3167 723
14.3333 721
14.35 719
14.3667 717
14.3833 715
14.4 713
14.4167 711
14.4333 709
14.45 706
14.4667 704
14.4833 702
14.5 700
14.5167 698
14.5333 695
14.55 693
14.5667 691
14.5833 689
14.6 686
14.6167 684
14.6333 682
14.65 679
14.6667 677
14.6833 674
14.7 672
14.7167 669
14.7333 667
14.75 665
14.7667 662
14.7833 660
14.8 657
14.8167 655
14.8333 652
14.85 650
14.8667 647
14.8833 644
14.9 642
14.9167 639
14.9333 637
14.95 634
14.9667 631
14.9833 629
15.0 625
15.0167 622
15.0333 619
15.05 617
15.0667 614
15.0833 611
15.1 608
15.1167 606
15.1333 603
15.15 600
15.1667 597
15.1833 594
15.2 591
15.2167 589
15.2333 586
15.25 583
15.2667 580
15.2833 577
15.3 574
15.3167 571
15.3333 568
15.35 565
15.3667 562
15.3833 559
15.4 556
15.4167 553
15.4333 550
15.45 547
15.4667 544
15.4833 541
15.5 538
15.5167 535
15.5333 532
15.55 529
15.5667 525
15.5833 522
15.6 519
15.6167 516
15.6333 513
15.65 510
15.6667 506
15.6833 503
15.7 500
15.7167 497
15.7333 494
15.75 490
15.7667 487
15.7833 484
15.8 481
15.8167 477
15.8333 474
15.85 471
15.8667 467
15.8833 464
15.9 461
15.9167 457
15.9333 454
15.95 451
15.9667 447
15.9833 444
