9.0 411
9.0167 414
9.0333 417
9.05 420
9.0667 424
9.0833 427
9.1 430
9.1167 434
9.1333 437
9.15 440
9.1667 444
9.1833 447
9.2 450
9.2167 453
9.2333 457
9.25 460
9.2667 463
9.2833 466
9.3 470
9.3167 473
9.3333 476
9.35 479
9.3667 482
9.3833 485
9.4 489
9.4167 492
9.4333 495
9.45 498
9.4667 501
9.4833 504
9.5 507
9.5167 510
9.5333 513
9.55 517
9.5667 520
9.5833 523
9.6 526
9.6167 529
9.6333 532
9.65 535
9.6667 538
9.6833 541
9.7 544
9.7167 547
9.7333 549
9.75 552
9.7667 555
9.7833 558
9.8 561
9.8167 564
9.8333 567
9.85 570
9.8667 572
9.8833 575
9.9 578
9.9167 581
9.9333 584
9.95 586
9.9667 589
9.9833 592
10.0 595
10.0167 597
10.0333 600
10.05 603
10.0667 605
10.0833 608
10.1 611
10.1167 613
10.1333 616
10.15 618
10.1667 621
10.1833 623
10.2 626
10.2167 629
10.2333 631
10.25 634
10.2667 636
10.2833 638
10.3 641
10.3167 643
10.3333 646
10.35 648
10.3667 651
10.3833 653
10.4 655
10.4167 658
10.4333 660
10.45 662
10.4667 665
10.4833 667
10.5 669
10.5167 671
10.5333 674
10.55 676
10.5667 678
10.5833 680
10.6 682
10.6167 684
10.6333 687
10.65 689
10.6667 691
10.6833 693
10.7 695
10.7167 697
10.7333 699
10.75 701
10.7667 703
10.7833 705
10.8 707
10.8167 709
10.8333 711
10.85 713
10.8667 715
10.8833 716
10.9 718
10.9167 720
10.9333 722
10.95 724
10.9667 726
10.9833 727
11.0 729
11.0167 731
11.0333 732
11.05 734
11.0667 736
11.0833 737
11.1 739
11.1167 741
11.1333 742
11.15 744
11.1667 745
11.1833 747
11.2 749
11.2167 750
11.2333 752
11.25 753
11.2667 754
11.2833 756
11.3 757
11.3167 759
11.3333 760
11.35 761
11.3667 763
11.3833 764
11.4 765
11.4167 767
11.4333 768
11.45 769
11.4667 770
11.4833 772
11.5 773
11.5167 774
11.5333 775
11.55 776
11.5667 777
11.5833 778
11.6 780
11.6167 781
11.6333 782
11.65 783
11.6667 784
11.6833 785
11.7 786
11.7167 786
11.7333 787
11.75 788
11.7667 789
11.7833 790
11.8 791
11.8167 792
11.8333 792
11.85 793
11.8667 794
11.8833 795
11.9 795
11.9167 796
11.9333 797
11.95 798
11.9667 798
11.9833 799
12.0 799
12.0167 800
12.0333 801
12.05 801
12.0667 802
12.0833 802
12.1 803
12.1167 803
12.1333 803
12.15 804
12.1667 804
12.1833 805
12.2 805
12.2167 805
12.2333 806
12.25 806
12.2667 806
12.2833 807
12.3 807
12.3167 807
12.3333 807
12.35 807
12.3667 808
12.3833 808
12.4 808
12.4167 808
12.4333 808
12.45 808
12.4667 808
12.4833 808
12.5 808
12.5167 808
12.5333 808
12.55 808
12.5667 808
12.5833 808
12.6 808
12.6167 808
12.6333 807
12.65 807
12.6667 807
12.6833 807
12.7 807
12.7167 806
12.7333 806
12.75 806
12.7667 805
12.7833 805
12.8 805
12.8167 804
12.8333 804
12.85 804
12.8667 803
12.8833 803
12.9 802
12.9167 802
12.9333 801
12.95 801
12.9667 800
12.9833 800
13.0 799
13.0167 798
13.0333 798
13.05 797
13.0667 796
13.0833 796
13.1 795
13.1167 794
13.1333 793
13.15 793
13.1667 792
13.1833 791
13.2 790
13.2167 789
13.2333 789
13.25 788
13.2667 787
13.2833 786
13.3 785
13.3167 784
13.3333 783
13.35 782
13.3667 781
13.3833 780
13.4 779
13.4167 778
13.4333 777
13.45 775
13.4667 774
13.4833 773
13.5 772
13.5167 771
13.5333 770
13.55 768
13.5667 767
13.5833 766
13.6 764
13.6167 763
13.6333 762
13.65 760
13.6667 759
13.6833 758
13.7 756
13.7167 755
13.7333 753
13.75 752
13.7667 750
13.7833 749
13.8 747
13.8167 746
13.8333 744
13.85 743
13.8667 741
13.8833 740
13.9 738
13.9167 736
13.9333 735
13.95 733
13.9667 731
13.9833 730
14.0 728
14.0167 726
14.0333 724
14.05 722
14.0667 721
14.0833 719
14.1 717
14.1167 715
14.1333 713
14.15 711
14.1667 709
14.1833 707
14.2 706
14.2167 704
14.2333 702
14.25 700
14.2667 698
14.2833 695
14.3 693
14.3167 691
14.3333 689
14.35 687
14.3667 685
14.3833 683
14.4 681
14.4167 679
14.4333 676
14.45 674
14.4667 672
14.4833 670
14.5 667
14.5167 665
14.5333 663
14.55 661
14.5667 658
14.5833 656
14.6 654
14.6167 651
14.6333 649
14.65 646
14.6667 644
14.6833 642
14.7 639
14.7167 637
14.7333 634
14.75 632
14.7667 629
14.7833 627
14.8 624
14.8167 622
14.8333 619
14.85 616
14.8667 614
14.8833 611
14.9 609
14.9167 606
14.9333 603
14.95 601
14.9667 598
14.9833 595
15.0 592
15.0167 589
15.0333 586
15.05 583
15.0667 581
15.0833 578
15.1 575
15.1167 572
15.1333 569
15.15 566
15.1667 564
15.1833 561
15.2 558
15.2167 555
15.2333 552
15.25 549
15.2667 546
15.2833 543
15.3 540
15.3167 537
15.3333 534
15.35 531
15.3667 528
15.3833 525
15.4 522
15.4167 519
15.4333 516
15.45 513
15.4667 510
15.4833 507
15.5 504
15.5167 501
15.5333 498
15.55 495
15.5667 492
15.5833 488
15.6 485
15.6167 482
15.6333 479
15.65 476
15.6667 473
15.6833 469
15.7 466
15.7167 463
15.7333 460
15.75 456
15.7667 453
15.7833 450
15.8 447
15.8167 443
15.8333 440
15.85 437
15.8667 433
15.8833 430
15.9 427
15.9167 424
15.9333 420
15.95 417
15.9667 414
15.9833 410
