0.5 1.0000000474974513
1.5 1.0000000474974513
2.5 1.0000000474974513
3.5 1.0000000474974513
4.5 1.0000000474974513
5.5 1.0000000474974513
6.5 4.000000189989805
7.5 64.00000303983688
8.5 264.99998569488525
9.5 460.00000834465027
10.5 610.0000143051147
11.5 718.999981880188
12.5 777.0000100135803
13.5 768.999993801117
14.5 723.9999771118164
15.5 472.00000286102295
16.5 435.9999895095825
17.5 137.9999965429306
18.5 17.000000923871994
19.5 1.0000000474974513
20.5 1.0000000474974513
21.5 1.0000000474974513
22.5 1.0000000474974513
23.5 1.0000000474974513
