0.5 18.99999938905239
1.5 24.000000208616257
2.5 24.000000208616257
3.5 20.999999716877937
4.5 18.99999938905239
5.5 19.999999552965164
6.5 18.99999938905239
7.5 28.00000086426735
8.5 130.99999725818634
9.5 305.9999942779541
10.5 479.99998927116394
11.5 626.9999742507935
12.5 731.000006198883
13.5 782.9999923706055
14.5 777.999997138977
15.5 658.9999794960022
16.5 319.0000057220459
17.5 217.99999475479126
18.5 114.00000005960464
19.5 59.00000035762787
20.5 9.999999776482582
21.5 7.000000216066837
22.5 4.999999888241291
23.5 3.000000026077032
