0.5 13.0000002682209
1.5 10.9999999403954
2.5 13.0000002682209
3.5 14.9999996647239
4.5 18.9999993890524
5.5 17.9999992251396
6.5 16.0000007599592
7.5 23.0000000447035
8.5 89.0000015497208
9.5 175.999999046326
10.5 284.999996423721
11.5 555.000007152557
12.5 642.000019550324
13.5 578.999996185303
14.5 437.99999356269797
15.5 356.99999332428
16.5 151.999995112419
17.5 129.999995231628
18.5 82.0000022649765
19.5 28.0000008642673
20.5 18.9999993890524
21.5 19.9999995529652
22.5 17.9999992251396
23.5 17.9999992251396
