0.5 27.000000700354576
1.5 29.999999329447746
2.5 25.00000037252903
3.5 28.999999165534973
4.5 35.999998450279236
5.5 35.999998450279236
6.5 30.99999949336052
7.5 28.999999165534973
8.5 98.9999994635582
9.5 263.0000114440918
10.5 389.99998569488525
11.5 560.9999895095825
12.5 633.0000162124634
13.5 679.0000200271606
14.5 662.0000004768372
15.5 587.0000123977661
16.5 453.99999618530273
17.5 284.0000092983246
18.5 92.00000017881393
19.5 18.99999938905239
20.5 24.000000208616257
21.5 27.000000700354576
22.5 21.99999988079071
23.5 21.99999988079071
