0.5 8.999999612569809
1.5 8.999999612569809
2.5 16.00000075995922
3.5 16.00000075995922
4.5 17.000000923871994
5.5 13.000000268220901
6.5 9.999999776482582
7.5 12.000000104308128
8.5 78.00000160932541
9.5 90.00000357627869
10.5 465.0000035762787
11.5 280.0000011920929
12.5 474.0000069141388
13.5 555.0000071525574
14.5 477.9999852180481
15.5 615.9999966621399
16.5 532.9999923706055
17.5 266.9999897480011
18.5 65.99999964237213
19.5 14.000000432133675
20.5 17.000000923871994
21.5 17.999999225139618
22.5 17.000000923871994
23.5 14.000000432133675
