0.5 32.00000151991844
1.5 30.99999949336052
2.5 30.99999949336052
3.5 29.999999329447746
4.5 34.00000184774399
5.5 32.999999821186066
6.5 29.999999329447746
7.5 32.999999821186066
8.5 57.00000002980232
9.5 180.00000715255737
10.5 328.000009059906
11.5 448.0000138282776
12.5 462.0000123977661
13.5 234.99999940395355
14.5 538.9999747276306
15.5 476.99999809265137
16.5 358.99999737739563
17.5 179.00000512599945
18.5 37.99999877810478
19.5 32.00000151991844
20.5 28.00000086426735
21.5 29.999999329447746
22.5 32.00000151991844
23.5 29.999999329447746
