0.5 19.9999995529652
1.5 17.000000923872
2.5 23.0000000447035
3.5 24.0000002086163
4.5 28.999999165535
5.5 32.9999998211861
6.5 29.9999993294477
7.5 27.0000007003546
8.5 54.9999997019768
9.5 195.999994874001
10.5 352.999985218048
11.5 486.999988555908
12.5 453.000009059906
13.5 219.999998807907
14.5 593.999981880188
15.5 512.000024318695
16.5 377.999991178513
17.5 214.000001549721
18.5 43.0000014603138
19.5 24.0000002086163
20.5 20.9999997168779
21.5 17.9999992251396
22.5 18.9999993890524
23.5 23.0000000447035
