0.5 37.9999987781048
1.5 35.0000001490116
2.5 37.0000004768372
3.5 35.9999984502792
4.5 37.9999987781048
5.5 43.0000014603138
6.5 45.0000017881393
7.5 41.9999994337559
8.5 50.9999990463257
9.5 83.9999988675118
10.5 112.000003457069
11.5 168.999999761581
12.5 335.00000834465
13.5 386.000007390976
14.5 593.999981880188
15.5 504.99999523162796
16.5 345.999985933304
17.5 187.000006437302
18.5 61.0000006854534
19.5 41.9999994337559
20.5 41.0000011324883
21.5 39.9999991059303
22.5 39.0000008046627
23.5 37.0000004768372
