0.5 39.0000008046627
1.5 35.9999984502792
2.5 39.9999991059303
3.5 41.0000011324883
4.5 45.0000017881393
5.5 37.9999987781048
6.5 39.0000008046627
7.5 41.9999994337559
8.5 45.0000017881393
9.5 97.000002861023
10.5 256.000012159348
11.5 331.00000023841903
12.5 368.999987840652
13.5 296.999990940094
14.5 546.999990940094
15.5 397.000014781952
16.5 310.99998950958303
17.5 180.999994277954
18.5 72.9999989271164
19.5 39.0000008046627
20.5 26.0000005364418
21.5 32.0000015199184
22.5 28.0000008642673
23.5 41.0000011324883
