0.5 14.000000432133701
1.5 12.0000001043081
2.5 9.99999977648258
3.5 10.9999999403954
4.5 14.000000432133701
5.5 17.000000923872
6.5 12.0000001043081
7.5 28.0000008642673
8.5 150.000005960464
9.5 349.99999403953603
10.5 523.000001907349
11.5 674.000024795532
12.5 782.000005245209
13.5 832.000017166138
14.5 819.999992847443
15.5 758.000016212463
16.5 637.000024318695
17.5 270.000010728836
18.5 261.999994516373
19.5 90.999998152256
20.5 10.9999999403954
21.5 8.99999961256981
22.5 12.0000001043081
23.5 8.00000037997961
