0.5 13.0000002682209
1.5 14.000000432133701
2.5 13.0000002682209
3.5 10.9999999403954
4.5 10.9999999403954
5.5 8.99999961256981
6.5 8.00000037997961
7.5 23.0000000447035
8.5 82.0000022649765
9.5 323.000013828278
10.5 501.999974250794
11.5 634.999990463257
12.5 639.999985694885
13.5 528.999984264374
14.5 358.000010251999
15.5 100.00000149011599
16.5 263.99999856948904
17.5 277.999997138977
18.5 219.999998807907
19.5 56.0000017285347
20.5 10.9999999403954
21.5 10.9999999403954
22.5 8.99999961256981
23.5 13.0000002682209
