0.5 12.000000104308128
1.5 13.000000268220901
2.5 12.000000104308128
3.5 19.999999552965164
4.5 24.000000208616257
5.5 18.99999938905239
6.5 16.00000075995922
7.5 43.0000014603138
8.5 87.99999952316284
9.5 256.99999928474426
10.5 477.9999852180481
11.5 570.9999799728394
12.5 731.9999933242798
13.5 777.999997138977
14.5 771.0000276565552
15.5 707.0000171661377
16.5 606.9999933242798
17.5 465.0000035762787
18.5 291.9999957084656
19.5 94.9999988079071
20.5 8.999999612569809
21.5 8.00000037997961
22.5 8.999999612569809
23.5 12.000000104308128
