0.5 25.00000037252903
1.5 24.000000208616257
2.5 26.000000536441803
3.5 4.999999888241291
4.5 2.0000000949949026
5.5 1.0000000474974513
6.5 0.0
7.5 41.00000113248825
8.5 196.99999690055847
9.5 211.99999749660492
10.5 326.9999921321869
11.5 639.9999856948853
12.5 490.00000953674316
13.5 289.99999165534973
14.5 111.00000143051147
15.5 193.00000369548798
16.5 507.00002908706665
17.5 282.00000524520874
18.5 48.00000041723251
19.5 39.000000804662704
20.5 24.000000208616257
21.5 19.999999552965164
22.5 19.999999552965164
23.5 12.000000104308128
