0.5 41.00000113248825
1.5 39.99999910593033
2.5 8.00000037997961
3.5 10.999999940395355
4.5 10.999999940395355
5.5 20.999999716877937
6.5 43.0000014603138
7.5 43.0000014603138
8.5 127.00000405311584
9.5 293.9999997615814
10.5 462.99999952316284
11.5 601.9999980926514
12.5 699.0000009536743
13.5 757.0000290870667
14.5 712.0000123977661
15.5 626.9999742507935
16.5 308.9999854564667
17.5 61.000000685453415
18.5 32.999999821186066
19.5 27.000000700354576
20.5 17.000000923871994
21.5 25.00000037252903
22.5 14.999999664723873
23.5 32.999999821186066
