0.5 23.000000044703484
1.5 32.999999821186066
2.5 29.999999329447746
3.5 29.999999329447746
4.5 37.00000047683716
5.5 32.00000151991844
6.5 29.999999329447746
7.5 30.99999949336052
8.5 37.99999877810478
9.5 50.00000074505806
10.5 94.9999988079071
11.5 158.9999943971634
12.5 248.99999797344208
13.5 456.9999873638153
14.5 649.9999761581421
15.5 647.0000147819519
16.5 537.9999876022339
17.5 374.00001287460327
18.5 142.0000046491623
19.5 71.00000232458115
20.5 37.00000047683716
21.5 39.99999910593033
22.5 34.00000184774399
23.5 28.00000086426735
