0.5 35.00000014901161
1.5 34.00000184774399
2.5 28.999999165534973
3.5 32.00000151991844
4.5 27.000000700354576
5.5 26.000000536441803
6.5 28.00000086426735
7.5 37.00000047683716
8.5 112.99999803304672
9.5 266.00000262260437
10.5 425.9999990463257
11.5 572.0000267028809
12.5 672.9999780654907
13.5 717.0000076293945
14.5 708.0000042915344
15.5 505.99998235702515
16.5 193.00000369548798
17.5 92.00000017881393
18.5 97.00000286102295
19.5 39.99999910593033
20.5 32.999999821186066
21.5 39.99999910593033
22.5 32.999999821186066
23.5 35.999998450279236
