0.5 20.999999716877937
1.5 19.999999552965164
2.5 23.000000044703484
3.5 23.000000044703484
4.5 23.000000044703484
5.5 20.999999716877937
6.5 24.000000208616257
7.5 25.00000037252903
8.5 71.99999690055847
9.5 136.99999451637268
10.5 395.9999978542328
11.5 544.0000295639038
12.5 649.9999761581421
13.5 695.9999799728394
14.5 693.0000185966492
15.5 643.0000066757202
16.5 546.0000038146973
17.5 381.00001215934753
18.5 172.99999296665192
19.5 50.999999046325684
20.5 28.999999165534973
21.5 26.000000536441803
22.5 27.000000700354576
23.5 29.999999329447746
