0.5 17.999999225139618
1.5 17.000000923871994
2.5 17.999999225139618
3.5 18.99999938905239
4.5 20.999999716877937
5.5 26.000000536441803
6.5 24.000000208616257
7.5 32.999999821186066
8.5 93.00000220537186
9.5 159.9999964237213
10.5 194.99999284744263
11.5 449.99998807907104
12.5 663.9999747276306
13.5 745.0000047683716
14.5 263.0000114440918
15.5 338.99998664855957
16.5 286.00001335144043
17.5 173.99999499320984
18.5 114.00000005960464
19.5 86.99999749660492
20.5 29.999999329447746
21.5 28.00000086426735
22.5 30.99999949336052
23.5 29.999999329447746
