0.5 0.0
1.5 8.999999612569809
2.5 6.000000052154064
3.5 7.000000216066837
4.5 4.999999888241291
5.5 2.0000000949949026
6.5 3.000000026077032
7.5 21.99999988079071
8.5 96.00000083446503
9.5 284.9999964237213
10.5 477.9999852180481
11.5 605.0000190734863
12.5 694.0000057220459
13.5 735.0000143051147
14.5 726.0000109672546
15.5 662.9999876022339
16.5 508.0000162124634
17.5 375.99998712539673
18.5 194.99999284744263
19.5 78.00000160932541
20.5 14.000000432133675
21.5 14.999999664723873
22.5 8.999999612569809
23.5 6.000000052154064
