0.5 39.99999910593033
1.5 39.000000804662704
2.5 39.99999910593033
3.5 37.99999877810478
4.5 37.99999877810478
5.5 28.00000086426735
6.5 28.00000086426735
7.5 48.99999871850014
8.5 109.99999940395355
9.5 216.0000056028366
10.5 317.9999887943268
11.5 405.9999883174896
12.5 671.999990940094
13.5 745.0000047683716
14.5 735.0000143051147
15.5 693.0000185966492
16.5 492.000013589859
17.5 181.99999630451202
18.5 172.99999296665192
19.5 158.9999943971634
20.5 37.00000047683716
21.5 20.999999716877937
22.5 23.000000044703484
23.5 28.999999165534973
