0.5 50.999999046325684
1.5 46.00000008940697
2.5 46.99999839067459
3.5 50.00000074505806
4.5 43.0000014603138
5.5 46.99999839067459
6.5 54.999999701976776
7.5 86.99999749660492
8.5 234.99999940395355
9.5 210.999995470047
10.5 365.9999966621399
11.5 626.9999742507935
12.5 740.0000095367432
13.5 781.000018119812
14.5 773.0000019073486
15.5 727.9999852180481
16.5 634.0000033378601
17.5 449.0000009536743
18.5 259.99999046325684
19.5 114.00000005960464
20.5 65.99999964237213
21.5 57.00000002980232
22.5 56.0000017285347
23.5 57.999998331069946
