0.5 14.000000432133675
1.5 14.999999664723873
2.5 14.000000432133675
3.5 12.000000104308128
4.5 9.999999776482582
5.5 6.000000052154064
6.5 9.999999776482582
7.5 26.000000536441803
8.5 151.99999511241913
9.5 150.00000596046448
10.5 293.0000126361847
11.5 586.0000252723694
12.5 683.0000281333923
13.5 731.9999933242798
14.5 737.9999756813049
15.5 700.9999752044678
16.5 612.9999756813049
17.5 483.0000102519989
18.5 326.00000500679016
19.5 163.00000250339508
20.5 18.99999938905239
21.5 16.00000075995922
22.5 16.00000075995922
23.5 21.99999988079071
