0.5 402.0000100135803
1.5 432.99999833106995
2.5 453.99999618530273
3.5 463.99998664855957
4.5 467.00000762939453
5.5 451.00000500679016
6.5 439.9999976158142
7.5 474.0000069141388
8.5 541.9999957084656
9.5 708.0000042915344
10.5 813.0000233650208
11.5 1019.9999809265137
12.5 1019.0000534057617
13.5 1205.9999704360962
14.5 814.9999976158142
15.5 625.0
16.5 625.0
17.5 586.0000252723694
18.5 560.9999895095825
19.5 418.0000126361847
20.5 386.9999945163727
21.5 388.9999985694885
22.5 395.9999978542328
23.5 389.99998569488525
