0.5 23.000000044703484
1.5 23.000000044703484
2.5 25.00000037252903
3.5 27.000000700354576
4.5 25.00000037252903
5.5 16.00000075995922
6.5 0.0
7.5 9.999999776482582
8.5 68.00000369548798
9.5 204.99999821186066
10.5 441.0000145435333
11.5 574.999988079071
12.5 672.9999780654907
13.5 716.0000205039978
14.5 428.99999022483826
15.5 566.9999718666077
16.5 531.000018119812
17.5 324.99998807907104
18.5 225.99999606609344
19.5 59.99999865889549
20.5 8.00000037997961
21.5 14.000000432133675
22.5 20.999999716877937
23.5 17.999999225139618
