0.5 2.0000000949949026
1.5 3.000000026077032
2.5 2.0000000949949026
3.5 2.0000000949949026
4.5 2.0000000949949026
5.5 2.0000000949949026
6.5 2.0000000949949026
7.5 8.999999612569809
8.5 107.00000077486038
9.5 291.9999957084656
10.5 449.0000009536743
11.5 555.0000071525574
12.5 688.0000233650208
13.5 544.0000295639038
14.5 379.9999952316284
15.5 536.0000133514404
16.5 187.00000643730164
17.5 166.99999570846558
18.5 59.99999865889549
19.5 8.00000037997961
20.5 3.000000026077032
21.5 2.0000000949949026
22.5 3.000000026077032
23.5 2.0000000949949026
