0.5 1.0000000474974513
1.5 1.0000000474974513
2.5 1.0000000474974513
3.5 1.0000000474974513
4.5 1.0000000474974513
5.5 2.0000000949949026
6.5 1.0000000474974513
7.5 3.000000026077032
8.5 90.99999815225601
9.5 268.99999380111694
10.5 432.0000112056732
11.5 550.000011920929
12.5 619.0000176429749
13.5 0.0
14.5 569.0000057220459
15.5 354.0000021457672
16.5 314.9999976158142
17.5 164.000004529953
18.5 48.99999871850014
19.5 3.000000026077032
20.5 3.000000026077032
21.5 3.000000026077032
22.5 2.0000000949949026
23.5 2.0000000949949026
