0.5 3.000000026077032
1.5 3.000000026077032
2.5 3.000000026077032
3.5 2.0000000949949026
4.5 2.0000000949949026
5.5 2.0000000949949026
6.5 2.0000000949949026
7.5 4.999999888241291
8.5 100.00000149011612
9.5 280.0000011920929
10.5 442.00000166893005
11.5 578.9999961853027
12.5 550.000011920929
13.5 642.0000195503235
14.5 592.9999947547913
15.5 470.99998593330383
16.5 335.00000834465027
17.5 215.0000035762787
18.5 64.99999761581421
19.5 4.999999888241291
20.5 2.0000000949949026
21.5 3.000000026077032
22.5 3.000000026077032
23.5 3.000000026077032
