0.5 1.0000000474974513
1.5 1.0000000474974513
2.5 2.0000000949949026
3.5 1.0000000474974513
4.5 1.0000000474974513
5.5 1.0000000474974513
6.5 2.0000000949949026
7.5 3.000000026077032
8.5 43.0000014603138
9.5 180.9999942779541
10.5 379.9999952316284
11.5 512.0000243186951
12.5 593.999981880188
13.5 614.0000224113464
14.5 574.0000009536743
15.5 476.99999809265137
16.5 344.0000116825104
17.5 178.00000309944153
18.5 17.000000923871994
19.5 2.0000000949949026
20.5 1.0000000474974513
21.5 1.0000000474974513
22.5 1.0000000474974513
23.5 1.0000000474974513
