0.5 2.0000000949949026
1.5 2.0000000949949026
2.5 2.0000000949949026
3.5 3.000000026077032
4.5 3.000000026077032
5.5 3.000000026077032
6.5 3.000000026077032
7.5 3.000000026077032
8.5 8.00000037997961
9.5 21.99999988079071
10.5 94.9999988079071
11.5 197.9999989271164
12.5 351.99999809265137
13.5 293.9999997615814
14.5 273.00000190734863
15.5 81.00000023841858
16.5 90.00000357627869
17.5 45.00000178813934
18.5 8.00000037997961
19.5 0.0
20.5 2.0000000949949026
21.5 2.0000000949949026
22.5 3.000000026077032
23.5 3.000000026077032
