0.5 3.000000026077032
1.5 0.0
2.5 3.000000026077032
3.5 3.000000026077032
4.5 3.000000026077032
5.5 3.000000026077032
6.5 3.000000026077032
7.5 3.000000026077032
8.5 4.999999888241291
9.5 23.000000044703484
10.5 48.00000041723251
11.5 83.99999886751175
12.5 94.9999988079071
13.5 129.99999523162842
14.5 119.99999731779099
15.5 158.00000727176666
16.5 35.999998450279236
17.5 14.999999664723873
18.5 7.000000216066837
19.5 3.000000026077032
20.5 3.000000026077032
21.5 3.000000026077032
22.5 3.000000026077032
23.5 3.000000026077032
