0.5 1.0000000474974513
1.5 1.0000000474974513
2.5 1.0000000474974513
3.5 1.0000000474974513
4.5 1.0000000474974513
5.5 1.0000000474974513
6.5 1.0000000474974513
7.5 1.0000000474974513
8.5 10.999999940395355
9.5 122.00000137090683
10.5 296.00000381469727
11.5 435.0000023841858
12.5 527.999997138977
13.5 551.9999861717224
14.5 541.0000085830688
15.5 467.99999475479126
16.5 351.00001096725464
17.5 204.99999821186066
18.5 35.00000014901161
19.5 2.0000000949949026
20.5 1.0000000474974513
21.5 1.0000000474974513
22.5 1.0000000474974513
23.5 1.0000000474974513
