0.5 3.000000026077032
1.5 3.000000026077032
2.5 3.000000026077032
3.5 3.000000026077032
4.5 3.000000026077032
5.5 3.000000026077032
6.5 3.000000026077032
7.5 3.000000026077032
8.5 8.999999612569809
9.5 41.999999433755875
10.5 56.0000017285347
11.5 86.99999749660492
12.5 112.0000034570694
13.5 108.99999737739563
14.5 96.00000083446503
15.5 68.00000369548798
16.5 35.00000014901161
17.5 13.000000268220901
18.5 7.000000216066837
19.5 4.999999888241291
20.5 4.000000189989805
21.5 3.000000026077032
22.5 3.000000026077032
23.5 4.000000189989805
