0.5 0.0
1.5 2.0000000949949026
2.5 1.0000000474974513
3.5 2.0000000949949026
4.5 2.0000000949949026
5.5 2.0000000949949026
6.5 2.0000000949949026
7.5 2.0000000949949026
8.5 12.000000104308128
9.5 145.9999978542328
10.5 266.00000262260437
11.5 451.00000500679016
12.5 316.0000145435333
13.5 481.00000619888306
14.5 316.0000145435333
15.5 232.9999953508377
16.5 194.99999284744263
17.5 109.99999940395355
18.5 39.99999910593033
19.5 6.000000052154064
20.5 2.0000000949949026
21.5 2.0000000949949026
22.5 2.0000000949949026
23.5 2.0000000949949026
