0.5 1.0000000474974513
1.5 1.0000000474974513
2.5 1.0000000474974513
3.5 1.0000000474974513
4.5 1.0000000474974513
5.5 1.0000000474974513
6.5 1.0000000474974513
7.5 3.000000026077032
8.5 97.00000286102295
9.5 245.00000476837158
10.5 425.00001192092896
11.5 603.9999723434448
12.5 700.9999752044678
13.5 734.000027179718
14.5 680.0000071525574
15.5 589.9999737739563
16.5 460.999995470047
17.5 349.0000069141388
18.5 168.99999976158142
19.5 28.00000086426735
20.5 0.0
21.5 1.0000000474974513
22.5 1.0000000474974513
23.5 1.0000000474974513
