0.5 2.0000000949949026
1.5 2.0000000949949026
2.5 2.0000000949949026
3.5 1.0000000474974513
4.5 1.0000000474974513
5.5 1.0000000474974513
6.5 1.0000000474974513
7.5 8.999999612569809
8.5 130.99999725818634
9.5 317.00000166893005
10.5 490.9999966621399
11.5 629.9999952316284
12.5 722.000002861023
13.5 757.0000290870667
14.5 736.0000014305115
15.5 660.0000262260437
16.5 519.9999809265137
17.5 347.00000286102295
18.5 150.9999930858612
19.5 28.999999165534973
20.5 1.0000000474974513
21.5 1.0000000474974513
22.5 1.0000000474974513
23.5 1.0000000474974513
