0.5 2.0000000949949026
1.5 2.0000000949949026
2.5 2.0000000949949026
3.5 2.0000000949949026
4.5 2.0000000949949026
5.5 2.0000000949949026
6.5 3.000000026077032
7.5 17.999999225139618
8.5 72.9999989271164
9.5 137.9999965429306
10.5 232.9999953508377
11.5 458.99999141693115
12.5 595.0000286102295
13.5 201.00000500679016
14.5 52.000001072883606
15.5 26.000000536441803
16.5 43.0000014603138
17.5 32.00000151991844
18.5 43.0000014603138
19.5 16.00000075995922
20.5 4.999999888241291
21.5 3.000000026077032
22.5 3.000000026077032
23.5 3.000000026077032
