0.5 2.0000000949949026
1.5 3.000000026077032
2.5 3.000000026077032
3.5 3.000000026077032
4.5 3.000000026077032
5.5 3.000000026077032
6.5 2.0000000949949026
7.5 25.00000037252903
8.5 85.00000089406967
9.5 185.0000023841858
10.5 301.9999861717224
11.5 499.00001287460327
12.5 737.9999756813049
13.5 707.0000171661377
14.5 732.9999804496765
15.5 460.00000834465027
16.5 204.99999821186066
17.5 202.9999941587448
18.5 130.99999725818634
19.5 43.0000014603138
20.5 3.000000026077032
21.5 2.0000000949949026
22.5 2.0000000949949026
23.5 3.000000026077032
