0.5 3.000000026077032
1.5 3.000000026077032
2.5 3.000000026077032
3.5 3.000000026077032
4.5 3.000000026077032
5.5 3.000000026077032
6.5 3.000000026077032
7.5 13.000000268220901
8.5 41.999999433755875
9.5 59.00000035762787
10.5 50.999999046325684
11.5 194.0000057220459
12.5 500.99998712539673
13.5 753.000020980835
14.5 526.0000228881836
15.5 537.0000004768372
16.5 393.0000066757202
17.5 275.9999930858612
18.5 144.99999582767487
19.5 41.999999433755875
20.5 6.000000052154064
21.5 2.0000000949949026
22.5 2.0000000949949026
23.5 2.0000000949949026
