0.5 2.0000000949949026
1.5 2.0000000949949026
2.5 0.0
3.5 2.0000000949949026
4.5 2.0000000949949026
5.5 1.0000000474974513
6.5 2.0000000949949026
7.5 43.99999976158142
8.5 202.00000703334808
9.5 375.0
10.5 535.0000262260437
11.5 657.9999923706055
12.5 745.0000047683716
13.5 768.999993801117
14.5 754.9999952316284
15.5 708.9999914169312
16.5 563.0000233650208
17.5 354.99998927116394
18.5 244.00000274181366
19.5 86.99999749660492
20.5 7.000000216066837
21.5 2.0000000949949026
22.5 2.0000000949949026
23.5 2.0000000949949026
