0.5 2.0000000949949026
1.5 2.0000000949949026
2.5 2.0000000949949026
3.5 2.0000000949949026
4.5 2.0000000949949026
5.5 2.0000000949949026
6.5 2.0000000949949026
7.5 35.00000014901161
8.5 188.9999955892563
9.5 363.99999260902405
10.5 523.9999890327454
11.5 637.0000243186951
12.5 717.0000076293945
13.5 777.0000100135803
14.5 765.999972820282
15.5 699.999988079071
16.5 578.9999961853027
17.5 425.00001192092896
18.5 243.00000071525574
19.5 101.99999809265137
20.5 12.000000104308128
21.5 2.0000000949949026
22.5 2.0000000949949026
23.5 2.0000000949949026
