0.5 2.0000000949949026
1.5 2.0000000949949026
2.5 2.0000000949949026
3.5 1.0000000474974513
4.5 1.0000000474974513
5.5 1.0000000474974513
6.5 1.0000000474974513
7.5 18.99999938905239
8.5 164.000004529953
9.5 338.99998664855957
10.5 504.9999952316284
11.5 654.9999713897705
12.5 750.0
13.5 783.9999794960022
14.5 787.0000004768372
15.5 688.0000233650208
16.5 586.0000252723694
17.5 314.9999976158142
18.5 210.999995470047
19.5 87.99999952316284
20.5 6.000000052154064
21.5 2.0000000949949026
22.5 2.0000000949949026
23.5 2.0000000949949026
