0.5 2.0000000949949026
1.5 2.0000000949949026
2.5 2.0000000949949026
3.5 1.0000000474974513
4.5 1.0000000474974513
5.5 1.0000000474974513
6.5 1.0000000474974513
7.5 18.99999938905239
8.5 172.99999296665192
9.5 351.99999809265137
10.5 523.0000019073486
11.5 665.0000214576721
12.5 767.0000195503235
13.5 781.000018119812
14.5 759.9999904632568
15.5 697.0000267028809
16.5 566.9999718666077
17.5 411.00001335144043
18.5 245.00000476837158
19.5 82.99999684095383
20.5 6.000000052154064
21.5 1.0000000474974513
22.5 1.0000000474974513
23.5 2.0000000949949026
