0.5 2.0000000949949026
1.5 2.0000000949949026
2.5 2.0000000949949026
3.5 3.000000026077032
4.5 3.000000026077032
5.5 3.000000026077032
6.5 3.000000026077032
7.5 4.999999888241291
8.5 23.000000044703484
9.5 75.99999755620956
10.5 310.0000023841858
11.5 404.00001406669617
12.5 291.00000858306885
13.5 289.99999165534973
14.5 303.99999022483826
15.5 358.99999737739563
16.5 317.9999887943268
17.5 174.99999701976776
18.5 112.99999803304672
19.5 29.999999329447746
20.5 2.0000000949949026
21.5 3.000000026077032
22.5 2.0000000949949026
23.5 3.000000026077032
