0.5 2.0000000949949026
1.5 2.0000000949949026
2.5 2.0000000949949026
3.5 2.0000000949949026
4.5 2.0000000949949026
5.5 2.0000000949949026
6.5 3.000000026077032
7.5 17.000000923871994
8.5 104.99999672174454
9.5 206.00000023841858
10.5 448.0000138282776
11.5 602.9999852180481
12.5 444.0000057220459
13.5 442.00000166893005
14.5 642.0000195503235
15.5 698.0000138282776
16.5 510.99997758865356
17.5 324.99998807907104
18.5 82.99999684095383
19.5 8.00000037997961
20.5 2.0000000949949026
21.5 2.0000000949949026
22.5 2.0000000949949026
23.5 2.0000000949949026
