0.5 0.0
1.5 2.0000000949949026
2.5 2.0000000949949026
3.5 3.000000026077032
4.5 2.0000000949949026
5.5 2.0000000949949026
6.5 3.000000026077032
7.5 3.000000026077032
8.5 46.00000008940697
9.5 187.00000643730164
10.5 202.00000703334808
11.5 330.00001311302185
12.5 554.0000200271606
13.5 528.9999842643738
14.5 224.0000069141388
15.5 112.99999803304672
16.5 86.99999749660492
17.5 54.00000140070915
18.5 19.999999552965164
19.5 3.000000026077032
20.5 3.000000026077032
21.5 3.000000026077032
22.5 3.000000026077032
23.5 3.000000026077032
