0.5 2.0000000949949026
1.5 2.0000000949949026
2.5 2.0000000949949026
3.5 2.0000000949949026
4.5 2.0000000949949026
5.5 2.0000000949949026
6.5 2.0000000949949026
7.5 6.000000052154064
8.5 112.0000034570694
9.5 296.999990940094
10.5 462.0000123977661
11.5 597.9999899864197
12.5 688.0000233650208
13.5 699.999988079071
14.5 702.0000219345093
15.5 472.00000286102295
16.5 337.99999952316284
17.5 195.99999487400055
18.5 86.0000029206276
19.5 6.000000052154064
20.5 2.0000000949949026
21.5 2.0000000949949026
22.5 2.0000000949949026
23.5 2.0000000949949026
