0.5 3.000000026077032
1.5 0.0
2.5 3.000000026077032
3.5 3.000000026077032
4.5 3.000000026077032
5.5 2.0000000949949026
6.5 3.000000026077032
7.5 3.000000026077032
8.5 25.00000037252903
9.5 78.00000160932541
10.5 294.99998688697815
11.5 270.00001072883606
12.5 178.00000309944153
13.5 78.00000160932541
14.5 75.99999755620956
15.5 156.00000321865082
16.5 178.00000309944153
17.5 135.00000536441803
18.5 27.000000700354576
19.5 2.0000000949949026
20.5 2.0000000949949026
21.5 3.000000026077032
22.5 3.000000026077032
23.5 2.0000000949949026
