0.5 1.0000000474974513
1.5 2.0000000949949026
2.5 2.0000000949949026
3.5 2.0000000949949026
4.5 2.0000000949949026
5.5 2.0000000949949026
6.5 1.0000000474974513
7.5 2.0000000949949026
8.5 43.99999976158142
9.5 231.00000619888306
10.5 233.99999737739563
11.5 421.999990940094
12.5 513.0000114440918
13.5 574.0000009536743
14.5 321.00000977516174
15.5 307.99999833106995
16.5 214.00000154972076
17.5 104.99999672174454
18.5 21.99999988079071
19.5 2.0000000949949026
20.5 2.0000000949949026
21.5 2.0000000949949026
22.5 1.0000000474974513
23.5 2.0000000949949026
