0.5 2.0000000949949026
1.5 2.0000000949949026
2.5 2.0000000949949026
3.5 2.0000000949949026
4.5 2.0000000949949026
5.5 2.0000000949949026
6.5 2.0000000949949026
7.5 2.0000000949949026
8.5 12.000000104308128
9.5 46.99999839067459
10.5 143.00000667572021
11.5 207.0000022649765
12.5 272.0000147819519
13.5 414.99999165534973
14.5 481.00000619888306
15.5 307.0000112056732
16.5 164.000004529953
17.5 56.0000017285347
18.5 10.999999940395355
19.5 3.000000026077032
20.5 3.000000026077032
21.5 2.0000000949949026
22.5 2.0000000949949026
23.5 1.0000000474974513
