0.5 1.0000000474974513
1.5 1.0000000474974513
2.5 1.0000000474974513
3.5 1.0000000474974513
4.5 1.0000000474974513
5.5 1.0000000474974513
6.5 1.0000000474974513
7.5 1.0000000474974513
8.5 24.000000208616257
9.5 181.99999630451202
10.5 352.9999852180481
11.5 486.0000014305115
12.5 570.9999799728394
13.5 595.0000286102295
14.5 564.9999976158142
15.5 477.9999852180481
16.5 345.99998593330383
17.5 175.99999904632568
18.5 13.000000268220901
19.5 1.0000000474974513
20.5 1.0000000474974513
21.5 0.0
22.5 1.0000000474974513
23.5 1.0000000474974513
