0.5 1.0000000474974513
1.5 1.0000000474974513
2.5 1.0000000474974513
3.5 1.0000000474974513
4.5 1.0000000474974513
5.5 1.0000000474974513
6.5 2.0000000949949026
7.5 2.0000000949949026
8.5 8.00000037997961
9.5 107.00000077486038
10.5 280.9999883174896
11.5 455.00001311302185
12.5 361.0000014305115
13.5 280.9999883174896
14.5 263.0000114440918
15.5 54.00000140070915
16.5 41.999999433755875
17.5 35.00000014901161
18.5 14.999999664723873
19.5 4.000000189989805
20.5 3.000000026077032
21.5 3.000000026077032
22.5 3.000000026077032
23.5 3.000000026077032
