0.5 3.000000026077032
1.5 3.000000026077032
2.5 3.000000026077032
3.5 3.000000026077032
4.5 3.000000026077032
5.5 3.000000026077032
6.5 3.000000026077032
7.5 3.000000026077032
8.5 6.000000052154064
9.5 37.99999877810478
10.5 97.00000286102295
11.5 137.9999965429306
12.5 294.99998688697815
13.5 507.00002908706665
14.5 517.0000195503235
15.5 430.9999942779541
16.5 118.00000071525574
17.5 52.99999937415123
18.5 16.00000075995922
19.5 0.0
20.5 2.0000000949949026
21.5 2.0000000949949026
22.5 2.0000000949949026
23.5 3.000000026077032
