0.5 2.0000000949949026
1.5 1.0000000474974513
2.5 1.0000000474974513
3.5 1.0000000474974513
4.5 2.0000000949949026
5.5 2.0000000949949026
6.5 2.0000000949949026
7.5 2.0000000949949026
8.5 32.999999821186066
9.5 202.00000703334808
10.5 375.99998712539673
11.5 523.9999890327454
12.5 624.0000128746033
13.5 670.0000166893005
14.5 658.9999794960022
15.5 587.9999995231628
16.5 472.00000286102295
17.5 305.0000071525574
18.5 129.99999523162842
19.5 10.999999940395355
20.5 2.0000000949949026
21.5 3.000000026077032
22.5 3.000000026077032
23.5 2.0000000949949026
