0.5 2.0000000949949026
1.5 3.000000026077032
2.5 3.000000026077032
3.5 3.000000026077032
4.5 3.000000026077032
5.5 3.000000026077032
6.5 3.000000026077032
7.5 4.000000189989805
8.5 26.000000536441803
9.5 79.00000363588333
10.5 134.0000033378601
11.5 312.00000643730164
12.5 476.00001096725464
13.5 597.9999899864197
14.5 597.9999899864197
15.5 617.9999709129333
16.5 486.9999885559082
17.5 317.00000166893005
18.5 173.99999499320984
19.5 37.99999877810478
20.5 2.0000000949949026
21.5 2.0000000949949026
22.5 2.0000000949949026
23.5 2.0000000949949026
