0.5 3.000000026077032
1.5 3.000000026077032
2.5 3.000000026077032
3.5 3.000000026077032
4.5 3.000000026077032
5.5 3.000000026077032
6.5 3.000000026077032
7.5 4.000000189989805
8.5 35.999998450279236
9.5 101.00000351667404
10.5 442.00000166893005
11.5 592.0000076293945
12.5 686.9999766349792
13.5 739.0000224113464
14.5 689.9999976158142
15.5 574.999988079071
16.5 481.00000619888306
17.5 250.0
18.5 136.00000739097595
19.5 24.000000208616257
20.5 2.0000000949949026
21.5 2.0000000949949026
22.5 2.0000000949949026
23.5 2.0000000949949026
