0.5 2.0000000949949026
1.5 2.0000000949949026
2.5 2.0000000949949026
3.5 2.0000000949949026
4.5 1.0000000474974513
5.5 1.0000000474974513
6.5 1.0000000474974513
7.5 28.00000086426735
8.5 175.99999904632568
9.5 349.0000069141388
10.5 495.0000047683716
11.5 630.9999823570251
12.5 718.999981880188
13.5 764.9999856948853
14.5 713.9999866485596
15.5 681.9999814033508
16.5 514.9999856948853
17.5 386.00000739097595
18.5 209.99999344348907
19.5 59.00000035762787
20.5 3.000000026077032
21.5 2.0000000949949026
22.5 2.0000000949949026
23.5 2.0000000949949026
