0.5 2.0000000949949026
1.5 2.0000000949949026
2.5 1.0000000474974513
3.5 2.0000000949949026
4.5 2.0000000949949026
5.5 2.0000000949949026
6.5 1.0000000474974513
7.5 17.999999225139618
8.5 168.99999976158142
9.5 354.99998927116394
10.5 521.0000276565552
11.5 688.0000233650208
12.5 787.0000004768372
13.5 820.9999799728394
14.5 800.000011920929
15.5 713.9999866485596
16.5 568.0000185966492
17.5 370.0000047683716
18.5 194.0000057220459
19.5 24.000000208616257
20.5 2.0000000949949026
21.5 1.0000000474974513
22.5 1.0000000474974513
23.5 1.0000000474974513
