0.5 2.0000000949949026
1.5 2.0000000949949026
2.5 2.0000000949949026
3.5 3.000000026077032
4.5 3.000000026077032
5.5 3.000000026077032
6.5 3.000000026077032
7.5 6.000000052154064
8.5 19.999999552965164
9.5 46.00000008940697
10.5 108.0000028014183
11.5 209.99999344348907
12.5 259.99999046325684
13.5 388.0000114440918
14.5 231.99999332427979
15.5 150.00000596046448
16.5 159.9999964237213
17.5 101.00000351667404
18.5 76.99999958276749
19.5 30.99999949336052
20.5 3.000000026077032
21.5 3.000000026077032
22.5 3.000000026077032
23.5 3.000000026077032
