0.5 2.0000000949949026
1.5 2.0000000949949026
2.5 2.0000000949949026
3.5 2.0000000949949026
4.5 2.0000000949949026
5.5 2.0000000949949026
6.5 3.000000026077032
7.5 45.00000178813934
8.5 187.99999356269836
9.5 352.9999852180481
10.5 497.99999594688416
11.5 620.0000047683716
12.5 684.0000152587891
13.5 714.9999737739563
14.5 697.0000267028809
15.5 611.0000014305115
16.5 203.99999618530273
17.5 148.00000190734863
18.5 157.00000524520874
19.5 64.00000303983688
20.5 7.000000216066837
21.5 3.000000026077032
22.5 3.000000026077032
23.5 3.000000026077032
