0.5 3.000000026077032
1.5 3.000000026077032
2.5 3.000000026077032
3.5 3.000000026077032
4.5 3.000000026077032
5.5 3.000000026077032
6.5 4.000000189989805
7.5 41.999999433755875
8.5 224.0000069141388
9.5 455.00001311302185
10.5 0.0
11.5 695.9999799728394
12.5 787.9999876022339
13.5 804.0000200271606
14.5 768.999993801117
15.5 519.9999809265137
16.5 177.0000010728836
17.5 284.0000092983246
18.5 208.00000429153442
19.5 54.00000140070915
20.5 7.000000216066837
21.5 2.0000000949949026
22.5 3.000000026077032
23.5 3.000000026077032
