0.5 2.0000000949949026
1.5 2.0000000949949026
2.5 2.0000000949949026
3.5 2.0000000949949026
4.5 1.0000000474974513
5.5 2.0000000949949026
6.5 2.0000000949949026
7.5 28.00000086426735
8.5 86.99999749660492
9.5 354.0000021457672
10.5 518.999993801117
11.5 654.9999713897705
12.5 737.9999756813049
13.5 823.0000138282776
14.5 647.0000147819519
15.5 708.0000042915344
16.5 448.0000138282776
17.5 405.0000011920929
18.5 296.00000381469727
19.5 89.00000154972076
20.5 23.000000044703484
21.5 3.000000026077032
22.5 2.0000000949949026
23.5 2.0000000949949026
