0.5 2.0000000949949026
1.5 0.0
2.5 2.0000000949949026
3.5 2.0000000949949026
4.5 2.0000000949949026
5.5 2.0000000949949026
6.5 2.0000000949949026
7.5 25.00000037252903
8.5 190.99999964237213
9.5 381.00001215934753
10.5 561.9999766349792
11.5 657.0000052452087
12.5 737.9999756813049
13.5 772.0000147819519
14.5 759.0000033378601
15.5 695.9999799728394
16.5 537.0000004768372
17.5 439.9999976158142
18.5 259.99999046325684
19.5 64.00000303983688
20.5 8.00000037997961
21.5 2.0000000949949026
22.5 2.0000000949949026
23.5 2.0000000949949026
