0.5 0.0
1.5 4.0000001899898106
2.5 4.0000001899898106
3.5 3.00000002607703
4.5 3.00000002607703
5.5 3.00000002607703
6.5 3.00000002607703
7.5 7.00000021606684
8.5 54.0000014007092
9.5 145.99999785423302
10.5 153.999999165535
11.5 279.000014066696
12.5 421.999990940094
13.5 490.000009536743
14.5 210.999995470047
15.5 118.00000071525601
16.5 289.99999165535
17.5 209.000006318092
18.5 57.9999983310699
19.5 8.00000037997961
20.5 2.0000000949949
21.5 2.0000000949949
22.5 2.0000000949949
23.5 2.0000000949949
