0.5 3.00000002607703
1.5 3.00000002607703
2.5 3.00000002607703
3.5 3.00000002607703
4.5 3.00000002607703
5.5 3.00000002607703
6.5 4.0000001899898106
7.5 3.00000002607703
8.5 7.00000021606684
9.5 43.0000014603138
10.5 148.000001907349
11.5 317.00000166893
12.5 377.999991178513
13.5 215.000003576279
14.5 284.000009298325
15.5 263.99999856948904
16.5 199.000000953674
17.5 115.000002086163
18.5 68.000003695488
19.5 4.0000001899898106
20.5 2.0000000949949
21.5 2.0000000949949
22.5 3.00000002607703
23.5 3.00000002607703
