0.5 2.0000000949949
1.5 2.0000000949949
2.5 2.0000000949949
3.5 2.0000000949949
4.5 2.0000000949949
5.5 2.0000000949949
6.5 2.0000000949949
7.5 2.0000000949949
8.5 9.99999977648258
9.5 134.00000333786
10.5 303.000003099442
11.5 442.999988794327
12.5 541.000008583069
13.5 573.000013828278
14.5 560.999989509583
15.5 490.000009536743
16.5 379.99999523162796
17.5 223.000004887581
18.5 50.9999990463257
19.5 4.0000001899898106
20.5 2.0000000949949
21.5 2.0000000949949
22.5 2.0000000949949
23.5 2.0000000949949
