0.5 1.00000004749745
1.5 1.00000004749745
2.5 1.00000004749745
3.5 1.00000004749745
4.5 2.0000000949949
5.5 2.0000000949949
6.5 2.0000000949949
7.5 3.00000002607703
8.5 8.00000037997961
9.5 103.00000011920899
10.5 195.999994874001
11.5 331.99998736381497
12.5 287.000000476837
13.5 623.000025749207
14.5 606.99999332428
15.5 476.99999809265097
16.5 414.99999165535
17.5 190.999999642372
18.5 52.9999993741512
19.5 3.00000002607703
20.5 1.00000004749745
21.5 2.0000000949949
22.5 2.0000000949949
23.5 2.0000000949949
