0.5 1.00000004749745
1.5 1.00000004749745
2.5 1.00000004749745
3.5 1.00000004749745
4.5 1.00000004749745
5.5 1.00000004749745
6.5 1.00000004749745
7.5 1.00000004749745
8.5 10.9999999403954
9.5 141.000002622604
10.5 307.000011205673
11.5 442.999988794327
12.5 533.999979496002
13.5 578.000009059906
14.5 556.9999814033511
15.5 481.000006198883
16.5 368.999987840652
17.5 223.000004887581
18.5 45.0000017881393
19.5 3.00000002607703
20.5 2.0000000949949
21.5 2.0000000949949
22.5 2.0000000949949
23.5 2.0000000949949
