0.5 1.00000004749745
1.5 1.00000004749745
2.5 1.00000004749745
3.5 1.00000004749745
4.5 1.00000004749745
5.5 1.00000004749745
6.5 1.00000004749745
7.5 1.00000004749745
8.5 10.9999999403954
9.5 137.999996542931
10.5 298.99999499321
11.5 437.00000643730203
12.5 533.999979496002
13.5 575.999975204468
14.5 558.000028133392
15.5 485.00001430511503
16.5 368.999987840652
17.5 219.999998807907
18.5 39.0000008046627
19.5 3.00000002607703
20.5 1.00000004749745
21.5 1.00000004749745
22.5 1.00000004749745
23.5 1.00000004749745
