0.5 2.0000000949949
1.5 2.0000000949949
2.5 2.0000000949949
3.5 2.0000000949949
4.5 2.0000000949949
5.5 2.0000000949949
6.5 2.0000000949949
7.5 2.0000000949949
8.5 13.0000002682209
9.5 59.9999986588955
10.5 133.000001311302
11.5 216.000005602837
12.5 201.00000500679
13.5 437.99999356269797
14.5 453.999996185303
15.5 340.999990701675
16.5 317.00000166893
17.5 202.000007033348
18.5 50.9999990463257
19.5 4.0000001899898106
20.5 1.00000004749745
21.5 1.00000004749745
22.5 1.00000004749745
23.5 2.0000000949949
