0.5 2.0000000949949
1.5 3.00000002607703
2.5 2.0000000949949
3.5 2.0000000949949
4.5 2.0000000949949
5.5 2.0000000949949
6.5 2.0000000949949
7.5 2.0000000949949
8.5 13.0000002682209
9.5 82.9999968409538
10.5 210.999995470047
11.5 293.00001263618503
12.5 426.999986171722
13.5 337.000012397766
14.5 231.000006198883
15.5 135.000005364418
16.5 188.999995589256
17.5 119.000002741814
18.5 52.9999993741512
19.5 4.99999988824129
20.5 2.0000000949949
21.5 2.0000000949949
22.5 2.0000000949949
23.5 2.0000000949949
