0.5 3.00000002607703
1.5 3.00000002607703
2.5 3.00000002607703
3.5 3.00000002607703
4.5 3.00000002607703
5.5 3.00000002607703
6.5 3.00000002607703
7.5 2.0000000949949
8.5 6.00000005215406
9.5 41.0000011324883
10.5 92.0000001788139
11.5 119.000002741814
12.5 158.999994397163
13.5 236.000001430511
14.5 239.999994635582
15.5 250.999987125397
16.5 300.999999046326
17.5 208.000004291534
18.5 64.0000030398369
19.5 7.00000021606684
20.5 2.0000000949949
21.5 2.0000000949949
22.5 2.0000000949949
23.5 2.0000000949949
