0.5 3.00000002607703
1.5 3.00000002607703
2.5 3.00000002607703
3.5 3.00000002607703
4.5 3.00000002607703
5.5 3.00000002607703
6.5 3.00000002607703
7.5 3.00000002607703
8.5 14.000000432133701
9.5 37.9999987781048
10.5 134.00000333786
11.5 344.999998807907
12.5 386.999994516373
13.5 393.999993801117
14.5 215.000003576279
15.5 307.99999833107
16.5 180.000007152557
17.5 108.999997377396
18.5 45.0000017881393
19.5 7.00000021606684
20.5 2.0000000949949
21.5 2.0000000949949
22.5 2.0000000949949
23.5 2.0000000949949
