0.5 1.00000004749745
1.5 1.00000004749745
2.5 1.00000004749745
3.5 1.00000004749745
4.5 1.00000004749745
5.5 1.00000004749745
6.5 1.00000004749745
7.5 3.00000002607703
8.5 79.9999982118607
9.5 277.999997138977
10.5 351.00001096725504
11.5 435.000002384186
12.5 578.999996185303
13.5 712.000012397766
14.5 660.000026226044
15.5 644.999980926514
16.5 513.000011444092
17.5 345.999985933304
18.5 172.000005841255
19.5 30.999999493360498
20.5 2.0000000949949
21.5 0.0
22.5 2.0000000949949
23.5 2.0000000949949
