0.5 3.00000002607703
1.5 2.0000000949949
2.5 2.0000000949949
3.5 2.0000000949949
4.5 2.0000000949949
5.5 2.0000000949949
6.5 2.0000000949949
7.5 2.0000000949949
8.5 24.0000002086163
9.5 87.9999995231628
10.5 142.00000464916198
11.5 229.00000214576698
12.5 407.000005245209
13.5 518.00000667572
14.5 333.00000429153397
15.5 361.999988555908
16.5 187.999993562698
17.5 119.999997317791
18.5 41.9999994337559
19.5 9.99999977648258
20.5 3.00000002607703
21.5 3.00000002607703
22.5 3.00000002607703
23.5 3.00000002607703
