0.5 2.0000000949949
1.5 2.0000000949949
2.5 2.0000000949949
3.5 1.00000004749745
4.5 2.0000000949949
5.5 3.00000002607703
6.5 3.00000002607703
7.5 24.0000002086163
8.5 146.999999880791
9.5 388.000011444092
10.5 501.999974250794
11.5 689.999997615814
12.5 629.000008106232
13.5 680.000007152557
14.5 746.999979019165
15.5 675.999999046326
16.5 552.999973297119
17.5 398.99998903274496
18.5 219.999998807907
19.5 85.0000008940697
20.5 7.00000021606684
21.5 2.0000000949949
22.5 2.0000000949949
23.5 2.0000000949949
