0.5 2.0000000949949
1.5 2.0000000949949
2.5 2.0000000949949
3.5 2.0000000949949
4.5 2.0000000949949
5.5 2.0000000949949
6.5 3.00000002607703
7.5 17.9999992251396
8.5 72.9999989271164
9.5 137.999996542931
10.5 232.99999535083802
11.5 458.999991416931
12.5 595.0000286102301
13.5 201.00000500679
14.5 52.0000010728836
15.5 26.0000005364418
16.5 43.0000014603138
17.5 32.0000015199184
18.5 43.0000014603138
19.5 16.0000007599592
20.5 4.99999988824129
21.5 3.00000002607703
22.5 3.00000002607703
23.5 3.00000002607703
