0.5 3.00000002607703
1.5 3.00000002607703
2.5 3.00000002607703
3.5 2.0000000949949
4.5 2.0000000949949
5.5 3.00000002607703
6.5 3.00000002607703
7.5 9.99999977648258
8.5 34.000001847744
9.5 83.9999988675118
10.5 143.00000667572
11.5 266.999989748001
12.5 194.000005722046
13.5 127.00000405311602
14.5 221.000000834465
15.5 358.999997377396
16.5 238.00000548362698
17.5 115.000002086163
18.5 101.99999809265101
19.5 20.9999997168779
20.5 3.00000002607703
21.5 3.00000002607703
22.5 4.0000001899898106
23.5 4.0000001899898106
