0.5 2.0000000949949
1.5 2.0000000949949
2.5 2.0000000949949
3.5 2.0000000949949
4.5 1.00000004749745
5.5 2.0000000949949
6.5 3.00000002607703
7.5 50.0000007450581
8.5 216.000005602837
9.5 395.000010728836
10.5 555.999994277954
11.5 676.999986171722
12.5 762.000024318695
13.5 791.000008583069
14.5 799.000024795532
15.5 707.000017166138
16.5 565.999984741211
17.5 425.999999046326
18.5 239.999994635582
19.5 57.0000000298023
20.5 8.99999961256981
21.5 3.00000002607703
22.5 3.00000002607703
23.5 2.0000000949949
