0.5 2.0000000949949
1.5 2.0000000949949
2.5 1.00000004749745
3.5 1.00000004749745
4.5 1.00000004749745
5.5 1.00000004749745
6.5 3.00000002607703
7.5 68.000003695488
8.5 218.99999678134898
9.5 382.999986410141
10.5 532.000005245209
11.5 685.999989509583
12.5 763.000011444092
13.5 765.999972820282
14.5 760.999977588653
15.5 689.999997615814
16.5 583.999991416931
17.5 423.000007867813
18.5 238.00000548362698
19.5 97.9999974370003
20.5 7.00000021606684
21.5 1.00000004749745
22.5 1.00000004749745
23.5 1.00000004749745
