0.5 1.00000004749745
1.5 1.00000004749745
2.5 1.00000004749745
3.5 1.00000004749745
4.5 1.00000004749745
5.5 1.00000004749745
6.5 2.0000000949949
7.5 52.0000010728836
8.5 219.999998807907
9.5 402.00001001358
10.5 546.999990940094
11.5 674.000024795532
12.5 750.0
13.5 773.000001907349
14.5 748.000025749207
15.5 695.999979972839
16.5 575.999975204468
17.5 418.99999976158097
18.5 232.99999535083802
19.5 93.9999967813492
20.5 7.00000021606684
21.5 1.00000004749745
22.5 1.00000004749745
23.5 2.0000000949949
