0.5 2.0000000949949
1.5 3.00000002607703
2.5 2.0000000949949
3.5 2.0000000949949
4.5 2.0000000949949
5.5 2.0000000949949
6.5 3.00000002607703
7.5 46.000000089407
8.5 159.999996423721
9.5 331.00000023841903
10.5 559.000015258789
11.5 638.999998569489
12.5 739.000022411346
13.5 665.000021457672
14.5 345.999985933304
15.5 414.000004529953
16.5 546.000003814697
17.5 352.999985218048
18.5 192.00000166893
19.5 78.0000016093254
20.5 8.99999961256981
21.5 2.0000000949949
22.5 2.0000000949949
23.5 2.0000000949949
