0.5 0.0
1.5 2.0000000949949
2.5 2.0000000949949
3.5 1.00000004749745
4.5 1.00000004749745
5.5 1.00000004749745
6.5 3.00000002607703
7.5 59.000000357627904
8.5 238.00000548362698
9.5 358.000010251999
10.5 521.000027656555
11.5 597.000002861023
12.5 657.000005245209
13.5 686.999976634979
14.5 716.000020503998
15.5 667.999982833862
16.5 531.000018119812
17.5 400.999993085861
18.5 228.000000119209
19.5 81.00000023841861
20.5 8.00000037997961
21.5 2.0000000949949
22.5 1.00000004749745
23.5 2.0000000949949
