0.5 2.0000000949949
1.5 2.0000000949949
2.5 2.0000000949949
3.5 2.0000000949949
4.5 2.0000000949949
5.5 2.0000000949949
6.5 2.0000000949949
7.5 24.0000002086163
8.5 82.0000022649765
9.5 233.999997377396
10.5 456.99998736381497
11.5 624.000012874603
12.5 644.999980926514
13.5 597.99998998642
14.5 259.999990463257
15.5 266.999989748001
16.5 456.99998736381497
17.5 331.00000023841903
18.5 202.000007033348
19.5 76.9999995827675
20.5 8.99999961256981
21.5 3.00000002607703
22.5 2.0000000949949
23.5 4.0000001899898106
