0.5 1.00000004749745
1.5 2.0000000949949
2.5 1.00000004749745
3.5 1.00000004749745
4.5 1.00000004749745
5.5 1.00000004749745
6.5 2.0000000949949
7.5 29.9999993294477
8.5 187.999993562698
9.5 360.00001430511503
10.5 523.999989032745
11.5 651.000022888184
12.5 748.000025749207
13.5 771.000027656555
14.5 754.000008106232
15.5 698.000013828278
16.5 577.000021934509
17.5 418.99999976158097
18.5 248.999997973442
19.5 92.0000001788139
20.5 10.9999999403954
21.5 1.00000004749745
22.5 1.00000004749745
23.5 1.00000004749745
