0.5 2.0000000949949
1.5 2.0000000949949
2.5 2.0000000949949
3.5 2.0000000949949
4.5 2.0000000949949
5.5 1.00000004749745
6.5 1.00000004749745
7.5 23.0000000447035
8.5 166.999995708466
9.5 345.999985933304
10.5 508.00001621246304
11.5 635.999977588654
12.5 731.99999332428
13.5 776.000022888184
14.5 772.000014781952
15.5 694.000005722046
16.5 526.000022888184
17.5 368.000000715256
18.5 206.000000238419
19.5 90.999998152256
20.5 7.00000021606684
21.5 2.0000000949949
22.5 3.00000002607703
23.5 2.0000000949949
