0.5 2.0000000949949
1.5 2.0000000949949
2.5 2.0000000949949
3.5 2.0000000949949
4.5 2.0000000949949
5.5 1.00000004749745
6.5 2.0000000949949
7.5 18.9999993890524
8.5 152.999997138977
9.5 330.000013113022
10.5 500.99998712539696
11.5 611.000001430512
12.5 714.999973773956
13.5 753.000020980835
14.5 754.999995231629
15.5 647.000014781952
16.5 542.999982833862
17.5 356.99999332428
18.5 152.999997138977
19.5 67.0000016689301
20.5 3.00000002607703
21.5 1.00000004749745
22.5 2.0000000949949
23.5 1.00000004749745
