0.5 2.0000000949949
1.5 2.0000000949949
2.5 2.0000000949949
3.5 2.0000000949949
4.5 2.0000000949949
5.5 2.0000000949949
6.5 1.00000004749745
7.5 12.0000001043081
8.5 150.000005960464
9.5 333.00000429153397
10.5 500.0
11.5 630.999982357025
12.5 720.0000286102301
13.5 745.000004768372
14.5 732.999980449677
15.5 666.000008583069
16.5 527.999997138977
17.5 356.000006198883
18.5 204.999998211861
19.5 39.0000008046627
20.5 2.0000000949949
21.5 2.0000000949949
22.5 2.0000000949949
23.5 2.0000000949949
