0.5 2.0000000949949
1.5 2.0000000949949
2.5 2.0000000949949
3.5 2.0000000949949
4.5 2.0000000949949
5.5 1.00000004749745
6.5 1.00000004749745
7.5 13.0000002682209
8.5 160.999998450279
9.5 340.000003576279
10.5 509.00000333786
11.5 635.999977588654
12.5 722.99998998642
13.5 772.000014781952
14.5 777.999997138977
15.5 601.999998092651
16.5 377.999991178513
17.5 423.99999499321
18.5 199.000000953674
19.5 43.9999997615814
20.5 2.0000000949949
21.5 2.0000000949949
22.5 2.0000000949949
23.5 2.0000000949949
