0.5 3.00000002607703
1.5 3.00000002607703
2.5 3.00000002607703
3.5 3.00000002607703
4.5 3.00000002607703
5.5 4.0000001899898106
6.5 4.0000001899898106
7.5 7.00000021606684
8.5 63.000001013279004
9.5 165.999993681908
10.5 308.999985456467
11.5 263.000011444092
12.5 314.999997615814
13.5 259.999990463257
14.5 207.000002264976
15.5 342.000007629395
16.5 460.999995470047
17.5 186.000004410744
18.5 86.0000029206276
19.5 20.9999997168779
20.5 2.0000000949949
21.5 2.0000000949949
22.5 2.0000000949949
23.5 2.0000000949949
