0.5 2.0000000949949
1.5 2.0000000949949
2.5 2.0000000949949
3.5 3.00000002607703
4.5 3.00000002607703
5.5 3.00000002607703
6.5 3.00000002607703
7.5 4.99999988824129
8.5 23.0000000447035
9.5 75.9999975562096
10.5 310.000002384186
11.5 404.000014066696
12.5 291.000008583069
13.5 289.99999165535
14.5 303.999990224838
15.5 358.999997377396
16.5 317.999988794327
17.5 174.99999701976802
18.5 112.999998033047
19.5 29.9999993294477
20.5 2.0000000949949
21.5 3.00000002607703
22.5 2.0000000949949
23.5 3.00000002607703
