0.5 3.00000002607703
1.5 3.00000002607703
2.5 3.00000002607703
3.5 3.00000002607703
4.5 3.00000002607703
5.5 3.00000002607703
6.5 3.00000002607703
7.5 7.00000021606684
8.5 57.0000000298023
9.5 172.999992966652
10.5 328.000009059906
11.5 462.999999523163
12.5 418.00001263618503
13.5 347.000002861023
14.5 184.000000357628
15.5 197.999998927116
16.5 238.00000548362698
17.5 263.99999856948904
18.5 78.0000016093254
19.5 4.0000001899898106
20.5 2.0000000949949
21.5 2.0000000949949
22.5 2.0000000949949
23.5 2.0000000949949
