0.5 1.00000004749745
1.5 1.00000004749745
2.5 1.00000004749745
3.5 1.00000004749745
4.5 1.00000004749745
5.5 2.0000000949949
6.5 1.00000004749745
7.5 2.0000000949949
8.5 57.9999983310699
9.5 225.999996066093
10.5 382.999986410141
11.5 515.999972820282
12.5 588.99998664856
13.5 600.000023841858
14.5 572.000026702881
15.5 467.999994754791
16.5 316.000014543533
17.5 135.000005364418
18.5 28.0000008642673
19.5 2.0000000949949
20.5 1.00000004749745
21.5 2.0000000949949
22.5 2.0000000949949
23.5 2.0000000949949
