0.5 3.00000002607703
1.5 3.00000002607703
2.5 3.00000002607703
3.5 3.00000002607703
4.5 3.00000002607703
5.5 3.00000002607703
6.5 3.00000002607703
7.5 3.00000002607703
8.5 8.00000037997961
9.5 32.9999998211861
10.5 78.0000016093254
11.5 87.9999995231628
12.5 74.0000009536743
13.5 172.000005841255
14.5 194.999992847443
15.5 82.9999968409538
16.5 159.999996423721
17.5 54.9999997019768
18.5 10.9999999403954
19.5 3.00000002607703
20.5 3.00000002607703
21.5 3.00000002607703
22.5 3.00000002607703
23.5 3.00000002607703
