0.5 2.0000000949949
1.5 3.00000002607703
2.5 2.0000000949949
3.5 2.0000000949949
4.5 2.0000000949949
5.5 3.00000002607703
6.5 3.00000002607703
7.5 3.00000002607703
8.5 7.00000021606684
9.5 28.999999165535
10.5 68.9999982714653
11.5 104.000002145767
12.5 93.9999967813492
13.5 90.0000035762787
14.5 131.999999284744
15.5 142.00000464916198
16.5 86.0000029206276
17.5 25.000000372528998
18.5 4.0000001899898106
19.5 3.00000002607703
20.5 3.00000002607703
21.5 3.00000002607703
22.5 3.00000002607703
23.5 3.00000002607703
