0.5 3.00000002607703
1.5 3.00000002607703
2.5 3.00000002607703
3.5 3.00000002607703
4.5 3.00000002607703
5.5 3.00000002607703
6.5 3.00000002607703
7.5 3.00000002607703
8.5 8.00000037997961
9.5 32.9999998211861
10.5 57.9999983310699
11.5 89.0000015497208
12.5 90.0000035762787
13.5 123.00000339746501
14.5 115.99999666214
15.5 82.0000022649765
16.5 46.9999983906746
17.5 24.0000002086163
18.5 10.9999999403954
19.5 3.00000002607703
20.5 3.00000002607703
21.5 3.00000002607703
22.5 3.00000002607703
23.5 3.00000002607703
