0.5 3.00000002607703
1.5 3.00000002607703
2.5 3.00000002607703
3.5 3.00000002607703
4.5 3.00000002607703
5.5 3.00000002607703
6.5 3.00000002607703
7.5 3.00000002607703
8.5 7.00000021606684
9.5 93.0000022053719
10.5 277.999997138977
11.5 209.000006318092
12.5 351.00001096725504
13.5 224.000006914139
14.5 275.00000596046397
15.5 268.999993801117
16.5 136.000007390976
17.5 90.0000035762787
18.5 25.000000372528998
19.5 3.00000002607703
20.5 2.0000000949949
21.5 2.0000000949949
22.5 2.0000000949949
23.5 2.0000000949949
