0.5 2.0000000949949
1.5 1.00000004749745
2.5 1.00000004749745
3.5 1.00000004749745
4.5 1.00000004749745
5.5 1.00000004749745
6.5 6.00000005215406
7.5 93.0000022053719
8.5 300.000011920929
9.5 479.000002145767
10.5 629.000008106232
11.5 736.000001430511
12.5 765.999972820282
13.5 639.999985694885
14.5 652.00001001358
15.5 568.0000185966489
16.5 259.00000333786
17.5 85.0000008940697
18.5 10.9999999403954
19.5 2.0000000949949
20.5 2.0000000949949
21.5 2.0000000949949
22.5 2.0000000949949
23.5 2.0000000949949
