0.5 0.0
1.5 2.0000000949949
2.5 2.0000000949949
3.5 2.0000000949949
4.5 2.0000000949949
5.5 2.0000000949949
6.5 4.0000001899898106
7.5 18.9999993890524
8.5 46.000000089407
9.5 151.999995112419
10.5 103.00000011920899
11.5 81.00000023841861
12.5 172.000005841255
13.5 155.000001192093
14.5 195.999994874001
15.5 122.000001370907
16.5 63.000001013279004
17.5 12.0000001043081
18.5 4.0000001899898106
19.5 2.0000000949949
20.5 2.0000000949949
21.5 2.0000000949949
22.5 2.0000000949949
23.5 2.0000000949949
