0.5 2.0000000949949026
1.5 2.0000000949949026
2.5 2.0000000949949026
3.5 2.0000000949949026
4.5 2.0000000949949026
5.5 2.0000000949949026
6.5 1.0000000474974513
7.5 8.999999612569809
8.5 103.00000011920929
9.5 261.9999945163727
10.5 555.9999942779541
11.5 605.0000190734863
12.5 805.0000071525574
13.5 606.9999933242798
14.5 720.0000286102295
15.5 474.0000069141388
16.5 307.99999833106995
17.5 216.99999272823334
18.5 151.99999511241913
19.5 82.99999684095383
20.5 2.0000000949949026
21.5 0.0
22.5 0.0
23.5 0.0
