0.5 2.0000000949949026
1.5 2.0000000949949026
2.5 2.0000000949949026
3.5 2.0000000949949026
4.5 2.0000000949949026
5.5 2.0000000949949026
6.5 2.0000000949949026
7.5 2.0000000949949026
8.5 35.00000014901161
9.5 182.99999833106995
10.5 321.00000977516174
11.5 421.00000381469727
12.5 421.999990940094
13.5 531.000018119812
14.5 501.99997425079346
15.5 407.99999237060547
16.5 296.00000381469727
17.5 85.00000089406967
18.5 20.999999716877937
19.5 2.0000000949949026
20.5 0.0
21.5 2.0000000949949026
22.5 2.0000000949949026
23.5 2.0000000949949026
