0.5 2.0000000949949
1.5 2.0000000949949
2.5 2.0000000949949
3.5 2.0000000949949
4.5 2.0000000949949
5.5 2.0000000949949
6.5 2.0000000949949
7.5 2.0000000949949
8.5 9.99999977648258
9.5 39.9999991059303
10.5 78.0000016093254
11.5 114.000000059605
12.5 107.00000077486
13.5 86.9999974966049
14.5 86.9999974966049
15.5 82.9999968409538
16.5 37.9999987781048
17.5 28.999999165535
18.5 8.99999961256981
19.5 2.0000000949949
20.5 2.0000000949949
21.5 2.0000000949949
22.5 2.0000000949949
23.5 2.0000000949949
