0.5 2.0000000949949026
1.5 2.0000000949949026
2.5 2.0000000949949026
3.5 2.0000000949949026
4.5 2.0000000949949026
5.5 2.0000000949949026
6.5 2.0000000949949026
7.5 2.0000000949949026
8.5 19.999999552965164
9.5 93.99999678134918
10.5 186.0000044107437
11.5 245.00000476837158
12.5 280.9999883174896
13.5 388.9999985694885
14.5 421.999990940094
15.5 291.9999957084656
16.5 225.99999606609344
17.5 65.99999964237213
18.5 12.000000104308128
19.5 2.0000000949949026
20.5 2.0000000949949026
21.5 2.0000000949949026
22.5 2.0000000949949026
23.5 2.0000000949949026
