0.5 2.0000000949949026
1.5 2.0000000949949026
2.5 2.0000000949949026
3.5 2.0000000949949026
4.5 2.0000000949949026
5.5 2.0000000949949026
6.5 2.0000000949949026
7.5 2.0000000949949026
8.5 6.000000052154064
9.5 29.999999329447746
10.5 79.99999821186066
11.5 168.99999976158142
12.5 232.9999953508377
13.5 280.9999883174896
14.5 386.00000739097595
15.5 409.0000092983246
16.5 231.99999332427979
17.5 127.00000405311584
18.5 23.000000044703484
19.5 2.0000000949949026
20.5 2.0000000949949026
21.5 2.0000000949949026
22.5 2.0000000949949026
23.5 2.0000000949949026
