0.5 2.0000000949949
1.5 2.0000000949949
2.5 2.0000000949949
3.5 2.0000000949949
4.5 2.0000000949949
5.5 2.0000000949949
6.5 2.0000000949949
7.5 3.00000002607703
8.5 6.00000005215406
9.5 28.999999165535
10.5 87.9999995231628
11.5 133.000001311302
12.5 143.00000667572
13.5 196.999996900559
14.5 243.000000715256
15.5 245.000004768372
16.5 143.00000667572
17.5 65.9999996423721
18.5 17.9999992251396
19.5 2.0000000949949
20.5 2.0000000949949
21.5 2.0000000949949
22.5 2.0000000949949
23.5 2.0000000949949
