0.5 2.0000000949949
1.5 2.0000000949949
2.5 2.0000000949949
3.5 2.0000000949949
4.5 2.0000000949949
5.5 2.0000000949949
6.5 2.0000000949949
7.5 3.00000002607703
8.5 8.00000037997961
9.5 41.0000011324883
10.5 144.999995827675
11.5 349.99999403953603
12.5 287.000000476837
13.5 370.99999189376797
14.5 338.99998664856
15.5 363.000005483627
16.5 250.999987125397
17.5 115.000002086163
18.5 24.0000002086163
19.5 2.0000000949949
20.5 2.0000000949949
21.5 2.0000000949949
22.5 2.0000000949949
23.5 2.0000000949949
