0.5 2.0000000949949026
1.5 2.0000000949949026
2.5 2.0000000949949026
3.5 2.0000000949949026
4.5 2.0000000949949026
5.5 2.0000000949949026
6.5 2.0000000949949026
7.5 2.0000000949949026
8.5 8.00000037997961
9.5 37.00000047683716
10.5 78.00000160932541
11.5 93.99999678134918
12.5 128.9999932050705
13.5 172.99999296665192
14.5 164.000004529953
15.5 135.00000536441803
16.5 92.00000017881393
17.5 20.999999716877937
18.5 4.999999888241291
19.5 9.999999776482582
20.5 2.0000000949949026
21.5 2.0000000949949026
22.5 2.0000000949949026
23.5 2.0000000949949026
