0.5 2.0000000949949
1.5 2.0000000949949
2.5 2.0000000949949
3.5 2.0000000949949
4.5 2.0000000949949
5.5 2.0000000949949
6.5 2.0000000949949
7.5 3.00000002607703
8.5 64.0000030398369
9.5 237.000003457069
10.5 414.000004529953
11.5 569.999992847443
12.5 690.999984741211
13.5 736.999988555908
14.5 731.0000061988829
15.5 656.000018119812
16.5 531.000018119812
17.5 317.999988794327
18.5 35.0000001490116
19.5 13.0000002682209
20.5 2.0000000949949
21.5 2.0000000949949
22.5 2.0000000949949
23.5 2.0000000949949
