0.5 2.0000000949949
1.5 2.0000000949949
2.5 2.0000000949949
3.5 2.0000000949949
4.5 2.0000000949949
5.5 2.0000000949949
6.5 2.0000000949949
7.5 3.00000002607703
8.5 81.00000023841861
9.5 270.999997854233
10.5 462.999999523163
11.5 621.999979019165
12.5 731.99999332428
13.5 777.00001001358
14.5 768.9999938011171
15.5 700.999975204468
16.5 574.999988079071
17.5 344.999998807907
18.5 37.0000004768372
19.5 12.0000001043081
20.5 2.0000000949949
21.5 2.0000000949949
22.5 2.0000000949949
23.5 2.0000000949949
