0.5 2.0000000949949
1.5 2.0000000949949
2.5 2.0000000949949
3.5 2.0000000949949
4.5 2.0000000949949
5.5 2.0000000949949
6.5 2.0000000949949
7.5 7.00000021606684
8.5 46.9999983906746
9.5 131.999999284744
10.5 165.999993681908
11.5 206.000000238419
12.5 323.000013828278
13.5 342.000007629395
14.5 451.00000500679
15.5 298.000007867813
16.5 268.00000667572
17.5 226.999998092651
18.5 123.00000339746501
19.5 59.9999986588955
20.5 4.0000001899898106
21.5 2.0000000949949
22.5 2.0000000949949
23.5 2.0000000949949
