0.5 2.0000000949949
1.5 2.0000000949949
2.5 2.0000000949949
3.5 2.0000000949949
4.5 2.0000000949949
5.5 2.0000000949949
6.5 2.0000000949949
7.5 25.000000372528998
8.5 144.999995827675
9.5 209.000006318092
10.5 273.00000190734903
11.5 423.000007867813
12.5 504.00000810623203
13.5 393.999993801117
14.5 444.000005722046
15.5 638.999998569489
16.5 533.999979496002
17.5 419.999986886978
18.5 223.000004887581
19.5 82.9999968409538
20.5 4.0000001899898106
21.5 2.0000000949949
22.5 2.0000000949949
23.5 2.0000000949949
