0.5 2.0000000949949026
1.5 2.0000000949949026
2.5 2.0000000949949026
3.5 2.0000000949949026
4.5 2.0000000949949026
5.5 2.0000000949949026
6.5 2.0000000949949026
7.5 4.999999888241291
8.5 17.999999225139618
9.5 21.99999988079071
10.5 63.00000101327896
11.5 116.99999868869781
12.5 185.0000023841858
13.5 298.99999499320984
14.5 330.00001311302185
15.5 180.9999942779541
16.5 300.9999990463257
17.5 170.00000178813934
18.5 78.00000160932541
19.5 19.999999552965164
20.5 3.000000026077032
21.5 2.0000000949949026
22.5 2.0000000949949026
23.5 2.0000000949949026
