0.5 2.0000000949949026
1.5 2.0000000949949026
2.5 2.0000000949949026
3.5 2.0000000949949026
4.5 2.0000000949949026
5.5 2.0000000949949026
6.5 3.000000026077032
7.5 20.999999716877937
8.5 114.00000005960464
9.5 370.0000047683716
10.5 569.0000057220459
11.5 704.9999833106995
12.5 769.9999809265137
13.5 758.0000162124634
14.5 776.0000228881836
15.5 718.999981880188
16.5 603.9999723434448
17.5 462.99999952316284
18.5 289.99999165534973
19.5 118.00000071525574
20.5 7.000000216066837
21.5 2.0000000949949026
22.5 2.0000000949949026
23.5 2.0000000949949026
