0.5 2.0000000949949026
1.5 2.0000000949949026
2.5 2.0000000949949026
3.5 2.0000000949949026
4.5 2.0000000949949026
5.5 2.0000000949949026
6.5 3.000000026077032
7.5 17.999999225139618
8.5 134.0000033378601
9.5 298.99999499320984
10.5 287.9999876022339
11.5 493.00000071525574
12.5 708.9999914169312
13.5 619.0000176429749
14.5 617.9999709129333
15.5 344.0000116825104
16.5 405.0000011920929
17.5 363.0000054836273
18.5 0.0
19.5 50.999999046325684
20.5 10.999999940395355
21.5 2.0000000949949026
22.5 2.0000000949949026
23.5 2.0000000949949026
