0.5 2.0000000949949026
1.5 2.0000000949949026
2.5 2.0000000949949026
3.5 2.0000000949949026
4.5 2.0000000949949026
5.5 2.0000000949949026
6.5 2.0000000949949026
7.5 39.000000804662704
8.5 97.00000286102295
9.5 216.0000056028366
10.5 514.9999856948853
11.5 680.9999942779541
12.5 768.999993801117
13.5 810.9999895095825
14.5 808.0000281333923
15.5 745.9999918937683
16.5 638.9999985694885
17.5 433.9999854564667
18.5 294.99998688697815
19.5 83.99999886751175
20.5 4.999999888241291
21.5 2.0000000949949026
22.5 2.0000000949949026
23.5 2.0000000949949026
