0.5 2.0000000949949026
1.5 2.0000000949949026
2.5 2.0000000949949026
3.5 2.0000000949949026
4.5 2.0000000949949026
5.5 2.0000000949949026
6.5 2.0000000949949026
7.5 26.000000536441803
8.5 83.99999886751175
9.5 180.9999942779541
10.5 504.9999952316284
11.5 675.9999990463257
12.5 776.0000228881836
13.5 811.9999766349792
14.5 809.0000152587891
15.5 731.9999933242798
16.5 555.9999942779541
17.5 465.0000035762787
18.5 301.9999861717224
19.5 126.00000202655792
20.5 14.999999664723873
21.5 2.0000000949949026
22.5 2.0000000949949026
23.5 2.0000000949949026
