0.5 2.0000000949949026
1.5 2.0000000949949026
2.5 2.0000000949949026
3.5 2.0000000949949026
4.5 2.0000000949949026
5.5 2.0000000949949026
6.5 2.0000000949949026
7.5 17.000000923871994
8.5 48.00000041723251
9.5 82.99999684095383
10.5 158.9999943971634
11.5 291.00000858306885
12.5 351.00001096725464
13.5 623.0000257492065
14.5 435.9999895095825
15.5 165.00000655651093
16.5 629.9999952316284
17.5 442.9999887943268
18.5 298.99999499320984
19.5 63.00000101327896
20.5 9.999999776482582
21.5 2.0000000949949026
22.5 2.0000000949949026
23.5 2.0000000949949026
