0.5 2.0000000949949
1.5 2.0000000949949
2.5 2.0000000949949
3.5 2.0000000949949
4.5 2.0000000949949
5.5 2.0000000949949
6.5 2.0000000949949
7.5 17.9999992251396
8.5 98.9999994635582
9.5 338.99998664856
10.5 532.000005245209
11.5 672.999978065491
12.5 768.9999938011171
13.5 810.999989509583
14.5 805.000007152557
15.5 762.000024318695
16.5 609.000027179718
17.5 469.00001168251
18.5 246.999993920326
19.5 76.9999995827675
20.5 3.00000002607703
21.5 2.0000000949949
22.5 2.0000000949949
23.5 2.0000000949949
