0.5 2.0000000949949026
1.5 2.0000000949949026
2.5 2.0000000949949026
3.5 2.0000000949949026
4.5 2.0000000949949026
5.5 2.0000000949949026
6.5 2.0000000949949026
7.5 12.000000104308128
8.5 59.00000035762787
9.5 226.99999809265137
10.5 372.0000088214874
11.5 712.9999995231628
12.5 781.000018119812
13.5 823.0000138282776
14.5 804.0000200271606
15.5 750.0
16.5 603.9999723434448
17.5 463.99998664855957
18.5 218.99999678134918
19.5 98.9999994635582
20.5 4.000000189989805
21.5 2.0000000949949026
22.5 2.0000000949949026
23.5 2.0000000949949026
