0.5 2.0000000949949026
1.5 2.0000000949949026
2.5 2.0000000949949026
3.5 2.0000000949949026
4.5 2.0000000949949026
5.5 2.0000000949949026
6.5 2.0000000949949026
7.5 7.000000216066837
8.5 50.999999046325684
9.5 199.00000095367432
10.5 523.9999890327454
11.5 578.000009059906
12.5 628.000020980835
13.5 467.99999475479126
14.5 465.0000035762787
15.5 342.00000762939453
16.5 477.9999852180481
17.5 248.99999797344208
18.5 52.000001072883606
19.5 9.999999776482582
20.5 2.0000000949949026
21.5 2.0000000949949026
22.5 2.0000000949949026
23.5 2.0000000949949026
