0.5 2.0000000949949026
1.5 2.0000000949949026
2.5 2.0000000949949026
3.5 2.0000000949949026
4.5 2.0000000949949026
5.5 2.0000000949949026
6.5 2.0000000949949026
7.5 3.000000026077032
8.5 23.000000044703484
9.5 65.99999964237213
10.5 156.00000321865082
11.5 266.9999897480011
12.5 330.00001311302185
13.5 263.9999985694885
14.5 275.0000059604645
15.5 244.00000274181366
16.5 391.9999897480011
17.5 141.00000262260437
18.5 45.00000178813934
19.5 4.000000189989805
20.5 2.0000000949949026
21.5 2.0000000949949026
22.5 2.0000000949949026
23.5 2.0000000949949026
