0.5 2.0000000949949026
1.5 2.0000000949949026
2.5 2.0000000949949026
3.5 2.0000000949949026
4.5 2.0000000949949026
5.5 2.0000000949949026
6.5 2.0000000949949026
7.5 2.0000000949949026
8.5 4.999999888241291
9.5 13.000000268220901
10.5 26.000000536441803
11.5 94.9999988079071
12.5 108.0000028014183
13.5 129.99999523162842
14.5 68.9999982714653
15.5 119.99999731779099
16.5 54.999999701976776
17.5 25.00000037252903
18.5 8.00000037997961
19.5 2.0000000949949026
20.5 2.0000000949949026
21.5 2.0000000949949026
22.5 2.0000000949949026
23.5 2.0000000949949026
