0.5 2.0000000949949
1.5 2.0000000949949
2.5 2.0000000949949
3.5 2.0000000949949
4.5 2.0000000949949
5.5 2.0000000949949
6.5 2.0000000949949
7.5 2.0000000949949
8.5 9.99999977648258
9.5 122.000001370907
10.5 246.999993920326
11.5 360.00001430511503
12.5 476.99999809265097
13.5 563.000023365021
14.5 537.000000476837
15.5 462.999999523163
16.5 293.00001263618503
17.5 101.000003516674
18.5 24.0000002086163
19.5 2.0000000949949
20.5 2.0000000949949
21.5 2.0000000949949
22.5 2.0000000949949
23.5 2.0000000949949
