0.5 2.0000000949949026
1.5 2.0000000949949026
2.5 2.0000000949949026
3.5 2.0000000949949026
4.5 3.000000026077032
5.5 2.0000000949949026
6.5 3.000000026077032
7.5 3.000000026077032
8.5 3.000000026077032
9.5 14.000000432133675
10.5 43.0000014603138
11.5 85.00000089406967
12.5 79.00000363588333
13.5 75.00000298023224
14.5 71.99999690055847
15.5 41.00000113248825
16.5 46.99999839067459
17.5 28.999999165534973
18.5 8.00000037997961
19.5 3.000000026077032
20.5 2.0000000949949026
21.5 2.0000000949949026
22.5 2.0000000949949026
23.5 2.0000000949949026
