0.5 2.0000000949949026
1.5 2.0000000949949026
2.5 2.0000000949949026
3.5 2.0000000949949026
4.5 2.0000000949949026
5.5 0.0
6.5 2.0000000949949026
7.5 2.0000000949949026
8.5 4.000000189989805
9.5 46.00000008940697
10.5 123.00000339746475
11.5 291.9999957084656
12.5 441.0000145435333
13.5 550.000011920929
14.5 509.0000033378601
15.5 296.999990940094
16.5 307.99999833106995
17.5 101.00000351667404
18.5 39.000000804662704
19.5 3.000000026077032
20.5 2.0000000949949026
21.5 2.0000000949949026
22.5 2.0000000949949026
23.5 2.0000000949949026
