0.5 2.0000000949949026
1.5 2.0000000949949026
2.5 2.0000000949949026
3.5 2.0000000949949026
4.5 2.0000000949949026
5.5 2.0000000949949026
6.5 2.0000000949949026
7.5 2.0000000949949026
8.5 12.000000104308128
9.5 34.00000184774399
10.5 56.0000017285347
11.5 57.999998331069946
12.5 83.99999886751175
13.5 87.99999952316284
14.5 92.00000017881393
15.5 194.0000057220459
16.5 328.99999618530273
17.5 233.99999737739563
18.5 76.99999958276749
19.5 26.000000536441803
20.5 2.0000000949949026
21.5 2.0000000949949026
22.5 2.0000000949949026
23.5 2.0000000949949026
