0.5 2.0000000949949026
1.5 2.0000000949949026
2.5 2.0000000949949026
3.5 2.0000000949949026
4.5 2.0000000949949026
5.5 2.0000000949949026
6.5 2.0000000949949026
7.5 2.0000000949949026
8.5 16.00000075995922
9.5 43.0000014603138
10.5 165.99999368190765
11.5 287.9999876022339
12.5 418.0000126361847
13.5 455.00001311302185
14.5 418.0000126361847
15.5 289.000004529953
16.5 48.00000041723251
17.5 16.00000075995922
18.5 32.999999821186066
19.5 12.000000104308128
20.5 2.0000000949949026
21.5 2.0000000949949026
22.5 2.0000000949949026
23.5 2.0000000949949026
