0.5 0.0
1.5 2.0000000949949026
2.5 2.0000000949949026
3.5 2.0000000949949026
4.5 2.0000000949949026
5.5 2.0000000949949026
6.5 2.0000000949949026
7.5 2.0000000949949026
8.5 20.999999716877937
9.5 41.999999433755875
10.5 90.00000357627869
11.5 173.99999499320984
12.5 462.0000123977661
13.5 593.999981880188
14.5 630.9999823570251
15.5 568.0000185966492
16.5 444.9999928474426
17.5 237.0000034570694
18.5 52.99999937415123
19.5 13.000000268220901
20.5 2.0000000949949026
21.5 2.0000000949949026
22.5 2.0000000949949026
23.5 2.0000000949949026
