0.5 2.0000000949949026
1.5 2.0000000949949026
2.5 2.0000000949949026
3.5 2.0000000949949026
4.5 2.0000000949949026
5.5 2.0000000949949026
6.5 2.0000000949949026
7.5 18.99999938905239
8.5 74.00000095367432
9.5 188.9999955892563
10.5 184.00000035762787
11.5 421.999990940094
12.5 626.9999742507935
13.5 584.9999785423279
14.5 503.00002098083496
15.5 610.0000143051147
16.5 492.000013589859
17.5 193.00000369548798
18.5 202.9999941587448
19.5 52.99999937415123
20.5 4.999999888241291
21.5 2.0000000949949026
22.5 2.0000000949949026
23.5 2.0000000949949026
