0.5 2.0000000949949026
1.5 2.0000000949949026
2.5 2.0000000949949026
3.5 2.0000000949949026
4.5 2.0000000949949026
5.5 2.0000000949949026
6.5 3.000000026077032
7.5 32.00000151991844
8.5 119.99999731779099
9.5 197.9999989271164
10.5 356.9999933242798
11.5 303.99999022483826
12.5 639.9999856948853
13.5 762.0000243186951
14.5 748.0000257492065
15.5 620.0000047683716
16.5 563.0000233650208
17.5 384.0000033378601
18.5 212.99999952316284
19.5 64.00000303983688
20.5 6.000000052154064
21.5 2.0000000949949026
22.5 2.0000000949949026
23.5 2.0000000949949026
