0.5 3.000000026077032
1.5 3.000000026077032
2.5 4.000000189989805
3.5 3.000000026077032
4.5 2.0000000949949026
5.5 4.000000189989805
6.5 4.000000189989805
7.5 14.000000432133675
8.5 57.999998331069946
9.5 194.0000057220459
10.5 303.0000030994415
11.5 453.000009059906
12.5 451.00000500679016
13.5 654.9999713897705
14.5 709.9999785423279
15.5 648.9999890327454
16.5 535.0000262260437
17.5 393.0000066757202
18.5 233.99999737739563
19.5 76.99999958276749
20.5 7.000000216066837
21.5 4.000000189989805
22.5 4.000000189989805
23.5 4.000000189989805
