0.5 2.0000000949949026
1.5 2.0000000949949026
2.5 2.0000000949949026
3.5 2.0000000949949026
4.5 2.0000000949949026
5.5 2.0000000949949026
6.5 2.0000000949949026
7.5 35.00000014901161
8.5 103.00000011920929
9.5 146.9999998807907
10.5 384.99999046325684
11.5 430.0000071525574
12.5 644.9999809265137
13.5 592.0000076293945
14.5 518.999993801117
15.5 593.999981880188
16.5 370.0000047683716
17.5 203.99999618530273
18.5 128.00000607967377
19.5 90.00000357627869
20.5 7.000000216066837
21.5 2.0000000949949026
22.5 2.0000000949949026
23.5 2.0000000949949026
