0.5 2.0000000949949026
1.5 2.0000000949949026
2.5 2.0000000949949026
3.5 2.0000000949949026
4.5 2.0000000949949026
5.5 2.0000000949949026
6.5 2.0000000949949026
7.5 18.99999938905239
8.5 97.00000286102295
9.5 280.0000011920929
10.5 365.9999966621399
11.5 579.9999833106995
12.5 767.0000195503235
13.5 799.0000247955322
14.5 683.0000281333923
15.5 725.0000238418579
16.5 617.9999709129333
17.5 456.9999873638153
18.5 175.99999904632568
19.5 107.00000077486038
20.5 10.999999940395355
21.5 2.0000000949949026
22.5 2.0000000949949026
23.5 2.0000000949949026
