0.5 2.0000000949949026
1.5 2.0000000949949026
2.5 2.0000000949949026
3.5 2.0000000949949026
4.5 2.0000000949949026
5.5 2.0000000949949026
6.5 3.000000026077032
7.5 29.999999329447746
8.5 104.99999672174454
9.5 236.00000143051147
10.5 337.99999952316284
11.5 515.999972820282
12.5 742.9999709129333
13.5 792.9999828338623
14.5 792.9999828338623
15.5 718.999981880188
16.5 578.000009059906
17.5 189.9999976158142
18.5 145.9999978542328
19.5 97.99999743700027
20.5 12.000000104308128
21.5 2.0000000949949026
22.5 2.0000000949949026
23.5 2.0000000949949026
