0.5 0.0
1.5 2.0000000949949026
2.5 2.0000000949949026
3.5 2.0000000949949026
4.5 2.0000000949949026
5.5 2.0000000949949026
6.5 3.000000026077032
7.5 43.0000014603138
8.5 115.00000208616257
9.5 200.00000298023224
10.5 546.0000038146973
11.5 675.9999990463257
12.5 771.0000276565552
13.5 809.0000152587891
14.5 800.000011920929
15.5 755.9999823570251
16.5 637.0000243186951
17.5 250.99998712539673
18.5 143.00000667572021
19.5 61.99999898672104
20.5 8.999999612569809
21.5 2.0000000949949026
22.5 2.0000000949949026
23.5 2.0000000949949026
