0.5 2.0000000949949026
1.5 2.0000000949949026
2.5 2.0000000949949026
3.5 2.0000000949949026
4.5 2.0000000949949026
5.5 2.0000000949949026
6.5 2.0000000949949026
7.5 30.99999949336052
8.5 115.00000208616257
9.5 145.9999978542328
10.5 531.000018119812
11.5 674.0000247955322
12.5 777.999997138977
13.5 824.999988079071
14.5 726.9999980926514
15.5 287.00000047683716
16.5 356.00000619888306
17.5 414.000004529953
18.5 301.9999861717224
19.5 105.99999874830246
20.5 9.999999776482582
21.5 2.0000000949949026
22.5 2.0000000949949026
23.5 2.0000000949949026
