8.0 41
8.0167 43
8.0333 45
8.05 47
8.0667 48
8.0833 50
8.1 52
8.1167 54
8.1333 56
8.15 58
8.1667 60
8.1833 62
8.2 64
8.2167 66
8.2333 68
8.25 70
8.2667 73
8.2833 75
8.3 77
8.3167 79
8.3333 82
8.35 84
8.3667 86
8.3833 89
8.4 91
8.4167 94
8.4333 96
8.45 98
8.4667 101
8.4833 103
8.5 106
8.5167 108
8.5333 111
8.55 113
8.5667 116
8.5833 118
8.6 121
8.6167 123
8.6333 126
8.65 129
8.6667 131
8.6833 134
8.7 137
8.7167 139
8.7333 142
8.75 145
8.7667 147
8.7833 150
8.8 153
8.8167 155
8.8333 158
8.85 161
8.8667 164
8.8833 166
8.9 169
8.9167 172
8.9333 175
8.95 177
8.9667 180
8.9833 183
9.0 186
9.0167 189
9.0333 191
9.05 194
9.0667 197
9.0833 200
9.1 203
9.1167 206
9.1333 208
9.15 211
9.1667 214
9.1833 217
9.2 220
9.2167 223
9.2333 225
9.25 228
9.2667 231
9.2833 234
9.3 237
9.3167 240
9.3333 242
9.35 245
9.3667 248
9.3833 251
9.4 254
9.4167 257
9.4333 259
9.45 262
9.4667 265
9.4833 268
9.5 271
9.5167 274
9.5333 276
9.55 279
9.5667 282
9.5833 285
9.6 288
9.6167 290
9.6333 293
9.65 296
9.6667 299
9.6833 302
9.7 304
9.7167 307
9.7333 310
9.75 313
9.7667 315
9.7833 318
9.8 321
9.8167 324
9.8333 326
9.85 329
9.8667 332
9.8833 334
9.9 337
9.9167 340
9.9333 343
9.95 345
9.9667 348
9.9833 351
10.0 353
10.0167 356
10.0333 358
10.05 361
10.0667 364
10.0833 366
10.1 369
10.1167 372
10.1333 374
10.15 377
10.1667 379
10.1833 382
10.2 384
10.2167 387
10.2333 389
10.25 392
10.2667 394
10.2833 397
10.3 399
10.3167 402
10.3333 404
10.35 407
10.3667 409
10.3833 412
10.4 414
10.4167 416
10.4333 419
10.45 421
10.4667 423
10.4833 426
10.5 428
10.5167 430
10.5333 433
10.55 435
10.5667 437
10.5833 440
10.6 442
10.6167 444
10.6333 446
10.65 449
10.6667 451
10.6833 453
10.7 455
10.7167 457
10.7333 460
10.75 462
10.7667 464
10.7833 466
10.8 468
10.8167 470
10.8333 472
10.85 474
10.8667 476
10.8833 478
10.9 480
10.9167 482
10.9333 484
10.95 486
10.9667 488
10.9833 490
11.0 492
11.0167 494
11.0333 496
11.05 498
11.0667 500
11.0833 502
11.1 503
11.1167 505
11.1333 507
11.15 509
11.1667 511
11.1833 512
11.2 514
11.2167 516
11.2333 518
11.25 519
11.2667 521
11.2833 523
11.3 524
11.3167 526
11.3333 528
11.35 529
11.3667 531
11.3833 532
11.4 534
11.4167 535
11.4333 537
11.45 539
11.4667 540
11.4833 541
11.5 543
11.5167 544
11.5333 546
11.55 547
11.5667 549
11.5833 550
11.6 551
11.6167 553
11.6333 554
11.65 555
11.6667 557
11.6833 558
11.7 559
11.7167 560
11.7333 562
11.75 563
11.7667 564
11.7833 565
11.8 566
11.8167 567
11.8333 569
11.85 570
11.8667 571
11.8833 572
11.9 573
11.9167 574
11.9333 575
11.95 576
11.9667 577
11.9833 578
12.0 579
12.0167 580
12.0333 581
12.05 581
12.0667 582
12.0833 583
12.1 584
12.1167 585
12.1333 586
12.15 586
12.1667 587
12.1833 588
12.2 589
12.2167 589
12.2333 590
12.25 591
12.2667 591
12.2833 592
12.3 593
12.3167 593
12.3333 594
12.35 594
12.3667 595
12.3833 595
12.4 596
12.4167 596
12.4333 597
12.45 597
12.4667 598
12.4833 598
12.5 598
12.5167 599
12.5333 599
12.55 600
12.5667 600
12.5833 600
12.6 600
12.6167 601
12.6333 601
12.65 601
12.6667 601
12.6833 602
12.7 602
12.7167 602
12.7333 602
12.75 602
12.7667 602
12.7833 602
12.8 602
12.8167 602
12.8333 602
12.85 602
12.8667 602
12.8833 602
12.9 602
12.9167 602
12.9333 602
12.95 602
12.9667 602
12.9833 602
13.0 602
13.0167 602
13.0333 601
13.05 601
13.0667 601
13.0833 601
13.1 600
13.1167 600
13.1333 600
13.15 599
13.1667 599
13.1833 599
13.2 598
13.2167 598
13.2333 597
13.25 597
13.2667 597
13.2833 596
13.3 596
13.3167 595
13.3333 595
13.35 594
13.3667 593
13.3833 593
13.4 592
13.4167 592
13.4333 591
13.45 590
13.4667 590
13.4833 589
13.5 588
13.5167 587
13.5333 587
13.55 586
13.5667 585
13.5833 584
13.6 584
13.6167 583
13.6333 582
13.65 581
13.6667 580
13.6833 579
13.7 578
13.7167 577
13.7333 576
13.75 575
13.7667 574
13.7833 573
13.8 572
13.8167 571
13.8333 570
13.85 569
13.8667 568
13.8833 567
13.9 566
13.9167 565
13.9333 563
13.95 562
13.9667 561
13.9833 560
14.0 558
14.0167 557
14.0333 556
14.05 555
14.0667 553
14.0833 552
14.1 551
14.1167 549
14.1333 548
14.15 546
14.1667 545
14.1833 544
14.2 542
14.2167 541
14.2333 539
14.25 538
14.2667 536
14.2833 535
14.3 533
14.3167 532
14.3333 530
14.35 528
14.3667 527
14.3833 525
14.4 523
14.4167 522
14.4333 520
14.45 518
14.4667 517
14.4833 515
14.5 513
14.5167 512
14.5333 510
14.55 508
14.5667 506
14.5833 504
14.6 502
14.6167 501
14.6333 499
14.65 497
14.6667 495
14.6833 493
14.7 491
14.7167 489
14.7333 487
14.75 485
14.7667 483
14.7833 481
14.8 479
14.8167 477
14.8333 475
14.85 473
14.8667 471
14.8833 469
14.9 467
14.9167 465
14.9333 463
14.95 461
14.9667 458
14.9833 456
15.0 455
15.0167 453
15.0333 450
15.05 448
15.0667 446
15.0833 444
15.1 442
15.1167 439
15.1333 437
15.15 435
15.1667 432
15.1833 430
15.2 428
15.2167 425
15.2333 423
15.25 421
15.2667 418
15.2833 416
15.3 413
15.3167 411
15.3333 409
15.35 406
15.3667 404
15.3833 401
15.4 399
15.4167 396
15.4333 394
15.45 391
15.4667 389
15.4833 386
15.5 384
15.5167 381
15.5333 379
15.55 376
15.5667 374
15.5833 371
15.6 368
15.6167 366
15.6333 363
15.65 361
15.6667 358
15.6833 355
15.7 353
15.7167 350
15.7333 347
15.75 345
15.7667 342
15.7833 339
15.8 337
15.8167 334
15.8333 331
15.85 328
15.8667 326
15.8833 323
15.9 320
15.9167 317
15.9333 315
15.95 312
15.9667 309
15.9833 306
16.0 304
16.0167 301
16.0333 298
16.05 295
16.0667 293
16.0833 290
16.1 287
16.1167 284
16.1333 281
16.15 279
16.1667 276
16.1833 273
16.2 270
16.2167 267
16.2333 264
16.25 262
16.2667 259
16.2833 256
16.3 253
16.3167 250
16.3333 247
16.35 245
16.3667 242
16.3833 239
16.4 236
16.4167 233
16.4333 230
16.45 227
16.4667 225
16.4833 222
16.5 219
16.5167 216
16.5333 213
16.55 210
16.5667 208
16.5833 205
16.6 202
16.6167 199
16.6333 196
16.65 193
16.6667 191
16.6833 188
16.7 185
16.7167 182
16.7333 179
16.75 177
16.7667 174
16.7833 171
16.8 168
16.8167 166
16.8333 163
16.85 160
16.8667 157
16.8833 155
16.9 152
16.9167 149
16.9333 147
16.95 144
16.9667 141
16.9833 139
