8.0 203
8.0167 206
8.0333 209
8.05 212
8.0667 215
8.0833 218
8.1 220
8.1167 223
8.1333 226
8.15 229
8.1667 232
8.1833 235
8.2 238
8.2167 241
8.2333 244
8.25 247
8.2667 250
8.2833 253
8.3 255
8.3167 258
8.3333 261
8.35 264
8.3667 267
8.3833 270
8.4 273
8.4167 276
8.4333 279
8.45 282
8.4667 285
8.4833 288
8.5 291
8.5167 294
8.5333 297
8.55 300
8.5667 303
8.5833 306
8.6 309
8.6167 312
8.6333 315
8.65 318
8.6667 321
8.6833 324
8.7 327
8.7167 330
8.7333 333
8.75 336
8.7667 339
8.7833 342
8.8 345
8.8167 348
8.8333 351
8.85 354
8.8667 357
8.8833 360
8.9 363
8.9167 366
8.9333 369
8.95 372
8.9667 375
8.9833 378
9.0 381
9.0167 384
9.0333 387
9.05 390
9.0667 393
9.0833 396
9.1 399
9.1167 402
9.1333 405
9.15 408
9.1667 411
9.1833 414
9.2 417
9.2167 420
9.2333 423
9.25 426
9.2667 429
9.2833 431
9.3 434
9.3167 437
9.3333 440
9.35 443
9.3667 446
9.3833 449
9.4 451
9.4167 454
9.4333 457
9.45 460
9.4667 463
9.4833 466
9.5 468
9.5167 471
9.5333 474
9.55 477
9.5667 480
9.5833 482
9.6 485
9.6167 488
9.6333 491
9.65 493
9.6667 496
9.6833 499
9.7 502
9.7167 504
9.7333 507
9.75 510
9.7667 512
9.7833 515
9.8 518
9.8167 520
9.8333 523
9.85 525
9.8667 528
9.8833 531
9.9 533
9.9167 536
9.9333 538
9.95 541
9.9667 544
9.9833 546
10.0 549
10.0167 551
10.0333 554
10.05 556
10.0667 559
10.0833 561
10.1 564
10.1167 566
10.1333 568
10.15 571
10.1667 573
10.1833 576
10.2 578
10.2167 580
10.2333 583
10.25 585
10.2667 588
10.2833 590
10.3 592
10.3167 594
10.3333 597
10.35 599
10.3667 601
10.3833 604
10.4 606
10.4167 608
10.4333 610
10.45 612
10.4667 615
10.4833 617
10.5 619
10.5167 621
10.5333 623
10.55 625
10.5667 627
10.5833 630
10.6 632
10.6167 634
10.6333 636
10.65 638
10.6667 640
10.6833 642
10.7 644
10.7167 646
10.7333 648
10.75 650
10.7667 652
10.7833 654
10.8 655
10.8167 657
10.8333 659
10.85 661
10.8667 663
10.8833 665
10.9 667
10.9167 668
10.9333 670
10.95 672
10.9667 674
10.9833 675
11.0 677
11.0167 679
11.0333 681
11.05 682
11.0667 684
11.0833 686
11.1 687
11.1167 689
11.1333 690
11.15 692
11.1667 694
11.1833 695
11.2 697
11.2167 698
11.2333 700
11.25 701
11.2667 703
11.2833 704
11.3 706
11.3167 707
11.3333 708
11.35 710
11.3667 711
11.3833 713
11.4 714
11.4167 715
11.4333 717
11.45 718
11.4667 719
11.4833 720
11.5 722
11.5167 723
11.5333 724
11.55 725
11.5667 726
11.5833 728
11.6 729
11.6167 730
11.6333 731
11.65 732
11.6667 733
11.6833 734
11.7 735
11.7167 736
11.7333 737
11.75 738
11.7667 739
11.7833 740
11.8 741
11.8167 742
11.8333 743
11.85 744
11.8667 745
11.8833 745
11.9 746
11.9167 747
11.9333 748
11.95 749
11.9667 749
11.9833 750
12.0 751
12.0167 752
12.0333 752
12.05 753
12.0667 754
12.0833 754
12.1 755
12.1167 755
12.1333 756
12.15 757
12.1667 757
12.1833 758
12.2 758
12.2167 759
12.2333 759
12.25 759
12.2667 760
12.2833 760
12.3 761
12.3167 761
12.3333 761
12.35 762
12.3667 762
12.3833 762
12.4 763
12.4167 763
12.4333 763
12.45 764
12.4667 764
12.4833 764
12.5 764
12.5167 764
12.5333 764
12.55 765
12.5667 765
12.5833 765
12.6 765
12.6167 765
12.6333 765
12.65 765
12.6667 765
12.6833 765
12.7 765
12.7167 765
12.7333 765
12.75 765
12.7667 765
12.7833 764
12.8 764
12.8167 764
12.8333 764
12.85 764
12.8667 764
12.8833 763
12.9 763
12.9167 763
12.9333 762
12.95 762
12.9667 762
12.9833 761
13.0 761
13.0167 761
13.0333 760
13.05 760
13.0667 760
13.0833 759
13.1 759
13.1167 758
13.1333 758
13.15 757
13.1667 757
13.1833 756
13.2 755
13.2167 755
13.2333 754
13.25 754
13.2667 753
13.2833 752
13.3 752
13.3167 751
13.3333 750
13.35 749
13.3667 749
13.3833 748
13.4 747
13.4167 746
13.4333 745
13.45 745
13.4667 744
13.4833 743
13.5 742
13.5167 741
13.5333 740
13.55 739
13.5667 738
13.5833 737
13.6 736
13.6167 735
13.6333 734
13.65 733
13.6667 732
13.6833 731
13.7 730
13.7167 729
13.7333 728
13.75 726
13.7667 725
13.7833 724
13.8 723
13.8167 722
13.8333 720
13.85 719
13.8667 718
13.8833 717
13.9 715
13.9167 714
13.9333 713
13.95 711
13.9667 710
13.9833 708
14.0 707
14.0167 706
14.0333 704
14.05 703
14.0667 701
14.0833 700
14.1 698
14.1167 697
14.1333 695
14.15 694
14.1667 692
14.1833 691
14.2 689
14.2167 687
14.2333 686
14.25 684
14.2667 682
14.2833 681
14.3 679
14.3167 677
14.3333 676
14.35 674
14.3667 672
14.3833 670
14.4 668
14.4167 667
14.4333 665
14.45 663
14.4667 661
14.4833 659
14.5 657
14.5167 656
14.5333 654
14.55 652
14.5667 650
14.5833 648
14.6 646
14.6167 644
14.6333 642
14.65 640
14.6667 638
14.6833 636
14.7 634
14.7167 632
14.7333 630
14.75 628
14.7667 625
14.7833 623
14.8 621
14.8167 619
14.8333 617
14.85 615
14.8667 613
14.8833 610
14.9 608
14.9167 606
14.9333 604
14.95 601
14.9667 599
14.9833 597
15.0 595
15.0167 592
15.0333 590
15.05 588
15.0667 585
15.0833 583
15.1 581
15.1167 578
15.1333 576
15.15 574
15.1667 571
15.1833 569
15.2 566
15.2167 564
15.2333 561
15.25 559
15.2667 556
15.2833 554
15.3 551
15.3167 549
15.3333 546
15.35 544
15.3667 541
15.3833 539
15.4 536
15.4167 534
15.4333 531
15.45 528
15.4667 526
15.4833 523
15.5 521
15.5167 518
15.5333 515
15.55 513
15.5667 510
15.5833 507
15.6 505
15.6167 502
15.6333 499
15.65 496
15.6667 494
15.6833 491
15.7 488
15.7167 485
15.7333 483
15.75 480
15.7667 477
15.7833 474
15.8 472
15.8167 469
15.8333 466
15.85 463
15.8667 460
15.8833 457
15.9 455
15.9167 452
15.9333 449
15.95 446
15.9667 443
15.9833 440
16.0 437
16.0167 435
16.0333 432
16.05 429
16.0667 426
16.0833 423
16.1 420
16.1167 417
16.1333 414
16.15 411
16.1667 408
16.1833 405
16.2 403
16.2167 400
16.2333 397
16.25 394
16.2667 391
16.2833 388
16.3 385
16.3167 382
16.3333 379
16.35 376
16.3667 373
16.3833 370
16.4 367
16.4167 364
16.4333 361
16.45 358
16.4667 355
16.4833 352
16.5 349
16.5167 346
16.5333 343
16.55 340
16.5667 337
16.5833 334
16.6 331
16.6167 328
16.6333 325
16.65 322
16.6667 319
16.6833 316
16.7 313
16.7167 310
16.7333 307
16.75 304
16.7667 301
16.7833 298
16.8 295
16.8167 292
16.8333 289
16.85 286
16.8667 283
16.8833 280
16.9 277
16.9167 274
16.9333 271
16.95 268
16.9667 265
16.9833 262
