8.0 300
8.0167 303
8.0333 307
8.05 310
8.0667 314
8.0833 317
8.1 321
8.1167 324
8.1333 328
8.15 331
8.1667 335
8.1833 338
8.2 342
8.2167 346
8.2333 349
8.25 353
8.2667 356
8.2833 360
8.3 363
8.3167 367
8.3333 370
8.35 374
8.3667 377
8.3833 381
8.4 384
8.4167 388
8.4333 391
8.45 395
8.4667 399
8.4833 402
8.5 406
8.5167 409
8.5333 413
8.55 416
8.5667 420
8.5833 423
8.6 427
8.6167 430
8.6333 434
8.65 437
8.6667 441
8.6833 444
8.7 448
8.7167 451
8.7333 454
8.75 458
8.7667 461
8.7833 465
8.8 468
8.8167 472
8.8333 475
8.85 479
8.8667 482
8.8833 485
8.9 489
8.9167 492
8.9333 496
8.95 499
8.9667 502
8.9833 506
9.0 509
9.0167 512
9.0333 516
9.05 519
9.0667 522
9.0833 526
9.1 529
9.1167 532
9.1333 536
9.15 539
9.1667 542
9.1833 546
9.2 549
9.2167 552
9.2333 556
9.25 559
9.2667 562
9.2833 565
9.3 569
9.3167 572
9.3333 575
9.35 578
9.3667 581
9.3833 585
9.4 588
9.4167 591
9.4333 594
9.45 597
9.4667 600
9.4833 603
9.5 607
9.5167 610
9.5333 613
9.55 616
9.5667 619
9.5833 622
9.6 625
9.6167 628
9.6333 631
9.65 634
9.6667 637
9.6833 640
9.7 643
9.7167 646
9.7333 649
9.75 652
9.7667 655
9.7833 658
9.8 661
9.8167 664
9.8333 667
9.85 670
9.8667 673
9.8833 676
9.9 678
9.9167 681
9.9333 684
9.95 687
9.9667 690
9.9833 693
10.0 695
10.0167 698
10.0333 701
10.05 704
10.0667 706
10.0833 709
10.1 712
10.1167 714
10.1333 717
10.15 720
10.1667 722
10.1833 725
10.2 728
10.2167 730
10.2333 733
10.25 736
10.2667 738
10.2833 741
10.3 743
10.3167 746
10.3333 748
10.35 751
10.3667 753
10.3833 756
10.4 758
10.4167 761
10.4333 763
10.45 766
10.4667 768
10.4833 770
10.5 773
10.5167 775
10.5333 777
10.55 780
10.5667 782
10.5833 784
10.6 787
10.6167 789
10.6333 791
10.65 793
10.6667 796
10.6833 798
10.7 800
10.7167 802
10.7333 805
10.75 807
10.7667 809
10.7833 811
10.8 813
10.8167 815
10.8333 817
10.85 819
10.8667 821
10.8833 823
10.9 825
10.9167 827
10.9333 829
10.95 831
10.9667 833
10.9833 835
11.0 837
11.0167 839
11.0333 841
11.05 843
11.0667 845
11.0833 846
11.1 848
11.1167 850
11.1333 852
11.15 854
11.1667 855
11.1833 857
11.2 859
11.2167 861
11.2333 862
11.25 864
11.2667 866
11.2833 867
11.3 869
11.3167 871
11.3333 872
11.35 874
11.3667 875
11.3833 877
11.4 878
11.4167 880
11.4333 881
11.45 883
11.4667 884
11.4833 886
11.5 887
11.5167 888
11.5333 890
11.55 891
11.5667 893
11.5833 894
11.6 895
11.6167 897
11.6333 898
11.65 899
11.6667 900
11.6833 902
11.7 903
11.7167 904
11.7333 905
11.75 906
11.7667 907
11.7833 909
11.8 910
11.8167 911
11.8333 912
11.85 913
11.8667 914
11.8833 915
11.9 916
11.9167 917
11.9333 918
11.95 919
11.9667 920
11.9833 921
12.0 921
12.0167 922
12.0333 923
12.05 924
12.0667 925
12.0833 926
12.1 926
12.1167 927
12.1333 928
12.15 929
12.1667 929
12.1833 930
12.2 931
12.2167 931
12.2333 932
12.25 933
12.2667 933
12.2833 934
12.3 934
12.3167 935
12.3333 935
12.35 936
12.3667 936
12.3833 937
12.4 937
12.4167 938
12.4333 938
12.45 939
12.4667 939
12.4833 939
12.5 940
12.5167 940
12.5333 940
12.55 940
12.5667 941
12.5833 941
12.6 941
12.6167 941
12.6333 942
12.65 942
12.6667 942
12.6833 942
12.7 942
12.7167 942
12.7333 942
12.75 942
12.7667 942
12.7833 942
12.8 942
12.8167 942
12.8333 942
12.85 942
12.8667 942
12.8833 942
12.9 942
12.9167 942
12.9333 942
12.95 942
12.9667 941
12.9833 941
13.0 941
13.0167 941
13.0333 940
13.05 940
13.0667 940
13.0833 940
13.1 939
13.1167 939
13.1333 939
13.15 938
13.1667 938
13.1833 937
13.2 937
13.2167 936
13.2333 936
13.25 935
13.2667 935
13.2833 934
13.3 934
13.3167 933
13.3333 933
13.35 932
13.3667 931
13.3833 931
13.4 930
13.4167 929
13.4333 929
13.45 928
13.4667 927
13.4833 926
13.5 926
13.5167 925
13.5333 924
13.55 923
13.5667 922
13.5833 921
13.6 921
13.6167 920
13.6333 919
13.65 918
13.6667 917
13.6833 916
13.7 915
13.7167 914
13.7333 913
13.75 912
13.7667 911
13.7833 910
13.8 908
13.8167 907
13.8333 906
13.85 905
13.8667 904
13.8833 903
13.9 902
13.9167 900
13.9333 899
13.95 898
13.9667 896
13.9833 895
14.0 894
14.0167 893
14.0333 891
14.05 890
14.0667 888
14.0833 887
14.1 886
14.1167 884
14.1333 883
14.15 881
14.1667 880
14.1833 878
14.2 877
14.2167 875
14.2333 874
14.25 872
14.2667 870
14.2833 869
14.3 867
14.3167 866
14.3333 864
14.35 862
14.3667 861
14.3833 859
14.4 857
14.4167 855
14.4333 854
14.45 852
14.4667 850
14.4833 848
14.5 846
14.5167 845
14.5333 843
14.55 841
14.5667 839
14.5833 837
14.6 835
14.6167 833
14.6333 831
14.65 829
14.6667 827
14.6833 825
14.7 823
14.7167 821
14.7333 819
14.75 817
14.7667 815
14.7833 813
14.8 811
14.8167 809
14.8333 807
14.85 804
14.8667 802
14.8833 800
14.9 798
14.9167 796
14.9333 793
14.95 791
14.9667 789
14.9833 787
15.0 784
15.0167 782
15.0333 780
15.05 777
15.0667 775
15.0833 773
15.1 770
15.1167 768
15.1333 765
15.15 763
15.1667 761
15.1833 758
15.2 756
15.2167 753
15.2333 751
15.25 748
15.2667 746
15.2833 743
15.3 740
15.3167 738
15.3333 735
15.35 733
15.3667 730
15.3833 728
15.4 725
15.4167 722
15.4333 720
15.45 717
15.4667 714
15.4833 712
15.5 709
15.5167 706
15.5333 703
15.55 701
15.5667 698
15.5833 695
15.6 692
15.6167 689
15.6333 687
15.65 684
15.6667 681
15.6833 678
15.7 675
15.7167 672
15.7333 670
15.75 667
15.7667 664
15.7833 661
15.8 658
15.8167 655
15.8333 652
15.85 649
15.8667 646
15.8833 643
15.9 640
15.9167 637
15.9333 634
15.95 631
15.9667 628
15.9833 625
16.0 622
16.0167 619
16.0333 616
16.05 613
16.0667 610
16.0833 606
16.1 603
16.1167 600
16.1333 597
16.15 594
16.1667 591
16.1833 587
16.2 584
16.2167 581
16.2333 578
16.25 575
16.2667 571
16.2833 568
16.3 565
16.3167 562
16.3333 559
16.35 555
16.3667 552
16.3833 549
16.4 545
16.4167 542
16.4333 539
16.45 536
16.4667 532
16.4833 529
16.5 526
16.5167 522
16.5333 519
16.55 515
16.5667 512
16.5833 509
16.6 505
16.6167 502
16.6333 499
16.65 495
16.6667 492
16.6833 488
16.7 485
16.7167 482
16.7333 478
16.75 475
16.7667 471
16.7833 468
16.8 464
16.8167 461
16.8333 457
16.85 454
16.8667 450
16.8833 447
16.9 444
16.9167 440
16.9333 437
16.95 433
16.9667 430
16.9833 426
