8.0 323
8.0167 327
8.0333 330
8.05 334
8.0667 337
8.0833 341
8.1 345
8.1167 348
8.1333 352
8.15 355
8.1667 359
8.1833 363
8.2 366
8.2167 370
8.2333 373
8.25 377
8.2667 381
8.2833 384
8.3 388
8.3167 391
8.3333 395
8.35 398
8.3667 402
8.3833 406
8.4 409
8.4167 413
8.4333 416
8.45 420
8.4667 423
8.4833 427
8.5 431
8.5167 434
8.5333 438
8.55 441
8.5667 445
8.5833 448
8.6 452
8.6167 455
8.6333 459
8.65 462
8.6667 466
8.6833 469
8.7 473
8.7167 476
8.7333 480
8.75 483
8.7667 487
8.7833 490
8.8 494
8.8167 497
8.8333 501
8.85 504
8.8667 508
8.8833 511
8.9 515
8.9167 518
8.9333 521
8.95 525
8.9667 528
8.9833 532
9.0 535
9.0167 538
9.0333 541
9.05 545
9.0667 548
9.0833 552
9.1 555
9.1167 558
9.1333 562
9.15 565
9.1667 568
9.1833 571
9.2 575
9.2167 578
9.2333 581
9.25 585
9.2667 588
9.2833 591
9.3 594
9.3167 598
9.3333 601
9.35 604
9.3667 607
9.3833 610
9.4 614
9.4167 617
9.4333 620
9.45 623
9.4667 626
9.4833 629
9.5 633
9.5167 636
9.5333 639
9.55 642
9.5667 645
9.5833 648
9.6 651
9.6167 654
9.6333 657
9.65 660
9.6667 663
9.6833 666
9.7 669
9.7167 672
9.7333 675
9.75 678
9.7667 681
9.7833 684
9.8 687
9.8167 690
9.8333 693
9.85 696
9.8667 698
9.8833 701
9.9 704
9.9167 707
9.9333 710
9.95 713
9.9667 715
9.9833 718
10.0 721
10.0167 724
10.0333 727
10.05 729
10.0667 732
10.0833 735
10.1 737
10.1167 740
10.1333 743
10.15 745
10.1667 748
10.1833 751
10.2 753
10.2167 756
10.2333 759
10.25 761
10.2667 764
10.2833 766
10.3 769
10.3167 771
10.3333 774
10.35 776
10.3667 779
10.3833 781
10.4 784
10.4167 786
10.4333 789
10.45 791
10.4667 793
10.4833 796
10.5 798
10.5167 801
10.5333 803
10.55 805
10.5667 808
10.5833 810
10.6 812
10.6167 814
10.6333 817
10.65 819
10.6667 821
10.6833 823
10.7 825
10.7167 828
10.7333 830
10.75 832
10.7667 834
10.7833 836
10.8 838
10.8167 840
10.8333 842
10.85 844
10.8667 846
10.8833 849
10.9 851
10.9167 852
10.9333 854
10.95 856
10.9667 858
10.9833 860
11.0 862
11.0167 864
11.0333 866
11.05 868
11.0667 870
11.0833 871
11.1 873
11.1167 875
11.1333 877
11.15 879
11.1667 880
11.1833 882
11.2 884
11.2167 885
11.2333 887
11.25 889
11.2667 890
11.2833 892
11.3 894
11.3167 895
11.3333 897
11.35 898
11.3667 900
11.3833 902
11.4 903
11.4167 905
11.4333 906
11.45 907
11.4667 909
11.4833 910
11.5 912
11.5167 913
11.5333 914
11.55 916
11.5667 917
11.5833 918
11.6 920
11.6167 921
11.6333 922
11.65 924
11.6667 925
11.6833 926
11.7 927
11.7167 928
11.7333 930
11.75 931
11.7667 932
11.7833 933
11.8 934
11.8167 935
11.8333 936
11.85 937
11.8667 938
11.8833 939
11.9 940
11.9167 941
11.9333 942
11.95 943
11.9667 944
11.9833 945
12.0 946
12.0167 947
12.0333 947
12.05 948
12.0667 949
12.0833 950
12.1 951
12.1167 951
12.1333 952
12.15 953
12.1667 953
12.1833 954
12.2 955
12.2167 955
12.2333 956
12.25 957
12.2667 957
12.2833 958
12.3 958
12.3167 959
12.3333 959
12.35 960
12.3667 960
12.3833 961
12.4 961
12.4167 962
12.4333 962
12.45 962
12.4667 963
12.4833 963
12.5 964
12.5167 964
12.5333 964
12.55 964
12.5667 965
12.5833 965
12.6 965
12.6167 965
12.6333 965
12.65 966
12.6667 966
12.6833 966
12.7 966
12.7167 966
12.7333 966
12.75 966
12.7667 966
12.7833 966
12.8 966
12.8167 966
12.8333 966
12.85 966
12.8667 966
12.8833 966
12.9 966
12.9167 966
12.9333 965
12.95 965
12.9667 965
12.9833 965
13.0 965
13.0167 964
13.0333 964
13.05 964
13.0667 963
13.0833 963
13.1 963
13.1167 962
13.1333 962
13.15 962
13.1667 961
13.1833 961
13.2 960
13.2167 960
13.2333 959
13.25 959
13.2667 958
13.2833 958
13.3 957
13.3167 957
13.3333 956
13.35 955
13.3667 955
13.3833 954
13.4 953
13.4167 953
13.4333 952
13.45 951
13.4667 951
13.4833 950
13.5 949
13.5167 948
13.5333 947
13.55 947
13.5667 946
13.5833 945
13.6 944
13.6167 943
13.6333 942
13.65 941
13.6667 940
13.6833 939
13.7 938
13.7167 937
13.7333 936
13.75 935
13.7667 934
13.7833 933
13.8 932
13.8167 931
13.8333 929
13.85 928
13.8667 927
13.8833 926
13.9 925
13.9167 923
13.9333 922
13.95 921
13.9667 920
13.9833 918
14.0 917
14.0167 916
14.0333 914
14.05 913
14.0667 912
14.0833 910
14.1 909
14.1167 907
14.1333 906
14.15 904
14.1667 903
14.1833 901
14.2 900
14.2167 898
14.2333 897
14.25 895
14.2667 894
14.2833 892
14.3 890
14.3167 889
14.3333 887
14.35 885
14.3667 884
14.3833 882
14.4 880
14.4167 878
14.4333 877
14.45 875
14.4667 873
14.4833 871
14.5 870
14.5167 868
14.5333 866
14.55 864
14.5667 862
14.5833 860
14.6 858
14.6167 856
14.6333 854
14.65 852
14.6667 850
14.6833 848
14.7 846
14.7167 844
14.7333 842
14.75 840
14.7667 838
14.7833 836
14.8 834
14.8167 832
14.8333 830
14.85 827
14.8667 825
14.8833 823
14.9 821
14.9167 819
14.9333 816
14.95 814
14.9667 812
14.9833 810
15.0 807
15.0167 805
15.0333 803
15.05 800
15.0667 798
15.0833 796
15.1 793
15.1167 791
15.1333 788
15.15 786
15.1667 784
15.1833 781
15.2 779
15.2167 776
15.2333 774
15.25 771
15.2667 769
15.2833 766
15.3 764
15.3167 761
15.3333 758
15.35 756
15.3667 753
15.3833 751
15.4 748
15.4167 745
15.4333 743
15.45 740
15.4667 737
15.4833 735
15.5 732
15.5167 729
15.5333 726
15.55 724
15.5667 721
15.5833 718
15.6 715
15.6167 712
15.6333 710
15.65 707
15.6667 704
15.6833 701
15.7 698
15.7167 695
15.7333 692
15.75 690
15.7667 687
15.7833 684
15.8 681
15.8167 678
15.8333 675
15.85 672
15.8667 669
15.8833 666
15.9 663
15.9167 660
15.9333 657
15.95 654
15.9667 651
15.9833 648
16.0 645
16.0167 642
16.0333 638
16.05 635
16.0667 632
16.0833 629
16.1 626
16.1167 623
16.1333 620
16.15 617
16.1667 613
16.1833 610
16.2 607
16.2167 604
16.2333 601
16.25 597
16.2667 594
16.2833 591
16.3 588
16.3167 584
16.3333 581
16.35 578
16.3667 575
16.3833 571
16.4 568
16.4167 565
16.4333 561
16.45 558
16.4667 555
16.4833 551
16.5 548
16.5167 545
16.5333 541
16.55 538
16.5667 534
16.5833 531
16.6 528
16.6167 524
16.6333 521
16.65 517
16.6667 514
16.6833 511
16.7 507
16.7167 504
16.7333 500
16.75 497
16.7667 493
16.7833 490
16.8 486
16.8167 483
16.8333 479
16.85 476
16.8667 472
16.8833 469
16.9 465
16.9167 462
16.9333 458
16.95 455
16.9667 451
16.9833 448
