8.0 307
8.0167 310
8.0333 314
8.05 318
8.0667 321
8.0833 325
8.1 329
8.1167 332
8.1333 336
8.15 340
8.1667 343
8.1833 347
8.2 351
8.2167 354
8.2333 358
8.25 362
8.2667 365
8.2833 369
8.3 373
8.3167 376
8.3333 380
8.35 384
8.3667 387
8.3833 391
8.4 395
8.4167 398
8.4333 402
8.45 406
8.4667 409
8.4833 413
8.5 417
8.5167 420
8.5333 424
8.55 428
8.5667 431
8.5833 435
8.6 439
8.6167 442
8.6333 446
8.65 449
8.6667 453
8.6833 457
8.7 460
8.7167 464
8.7333 467
8.75 471
8.7667 475
8.7833 478
8.8 482
8.8167 485
8.8333 489
8.85 492
8.8667 496
8.8833 499
8.9 503
8.9167 507
8.9333 510
8.95 514
8.9667 517
8.9833 521
9.0 524
9.0167 527
9.0333 531
9.05 534
9.0667 538
9.0833 541
9.1 545
9.1167 548
9.1333 551
9.15 555
9.1667 558
9.1833 562
9.2 565
9.2167 568
9.2333 572
9.25 575
9.2667 579
9.2833 582
9.3 585
9.3167 589
9.3333 592
9.35 595
9.3667 598
9.3833 602
9.4 605
9.4167 608
9.4333 612
9.45 615
9.4667 618
9.4833 621
9.5 624
9.5167 628
9.5333 631
9.55 634
9.5667 637
9.5833 640
9.6 644
9.6167 647
9.6333 650
9.65 653
9.6667 656
9.6833 659
9.7 662
9.7167 665
9.7333 668
9.75 671
9.7667 674
9.7833 677
9.8 680
9.8167 683
9.8333 686
9.85 689
9.8667 692
9.8833 695
9.9 698
9.9167 701
9.9333 704
9.95 707
9.9667 710
9.9833 713
10.0 716
10.0167 718
10.0333 721
10.05 724
10.0667 727
10.0833 730
10.1 733
10.1167 735
10.1333 738
10.15 741
10.1667 744
10.1833 746
10.2 749
10.2167 752
10.2333 754
10.25 757
10.2667 760
10.2833 762
10.3 765
10.3167 767
10.3333 770
10.35 773
10.3667 775
10.3833 778
10.4 780
10.4167 783
10.4333 785
10.45 788
10.4667 790
10.4833 793
10.5 795
10.5167 798
10.5333 800
10.55 802
10.5667 805
10.5833 807
10.6 809
10.6167 812
10.6333 814
10.65 816
10.6667 819
10.6833 821
10.7 823
10.7167 825
10.7333 828
10.75 830
10.7667 832
10.7833 834
10.8 836
10.8167 839
10.8333 841
10.85 843
10.8667 845
10.8833 847
10.9 849
10.9167 851
10.9333 853
10.95 855
10.9667 857
10.9833 859
11.0 861
11.0167 863
11.0333 865
11.05 867
11.0667 869
11.0833 871
11.1 873
11.1167 874
11.1333 876
11.15 878
11.1667 880
11.1833 882
11.2 883
11.2167 885
11.2333 887
11.25 889
11.2667 890
11.2833 892
11.3 894
11.3167 895
11.3333 897
11.35 898
11.3667 900
11.3833 902
11.4 903
11.4167 905
11.4333 906
11.45 908
11.4667 909
11.4833 911
11.5 912
11.5167 914
11.5333 915
11.55 916
11.5667 918
11.5833 919
11.6 920
11.6167 922
11.6333 923
11.65 924
11.6667 926
11.6833 927
11.7 928
11.7167 929
11.7333 931
11.75 932
11.7667 933
11.7833 934
11.8 935
11.8167 936
11.8333 937
11.85 938
11.8667 940
11.8833 941
11.9 942
11.9167 943
11.9333 944
11.95 944
11.9667 945
11.9833 946
12.0 947
12.0167 948
12.0333 949
12.05 950
12.0667 951
12.0833 952
12.1 952
12.1167 953
12.1333 954
12.15 955
12.1667 955
12.1833 956
12.2 957
12.2167 957
12.2333 958
12.25 959
12.2667 959
12.2833 960
12.3 960
12.3167 961
12.3333 961
12.35 962
12.3667 962
12.3833 963
12.4 963
12.4167 964
12.4333 964
12.45 965
12.4667 965
12.4833 965
12.5 966
12.5167 966
12.5333 966
12.55 967
12.5667 967
12.5833 967
12.6 967
12.6167 968
12.6333 968
12.65 968
12.6667 968
12.6833 968
12.7 968
12.7167 968
12.7333 968
12.75 968
12.7667 969
12.7833 969
12.8 969
12.8167 969
12.8333 968
12.85 968
12.8667 968
12.8833 968
12.9 968
12.9167 968
12.9333 968
12.95 968
12.9667 967
12.9833 967
13.0 967
13.0167 967
13.0333 966
13.05 966
13.0667 966
13.0833 966
13.1 965
13.1167 965
13.1333 964
13.15 964
13.1667 964
13.1833 963
13.2 963
13.2167 962
13.2333 962
13.25 961
13.2667 961
13.2833 960
13.3 960
13.3167 959
13.3333 958
13.35 958
13.3667 957
13.3833 956
13.4 956
13.4167 955
13.4333 954
13.45 953
13.4667 953
13.4833 952
13.5 951
13.5167 950
13.5333 949
13.55 949
13.5667 948
13.5833 947
13.6 946
13.6167 945
13.6333 944
13.65 943
13.6667 942
13.6833 941
13.7 940
13.7167 939
13.7333 938
13.75 937
13.7667 936
13.7833 935
13.8 934
13.8167 932
13.8333 931
13.85 930
13.8667 929
13.8833 928
13.9 926
13.9167 925
13.9333 924
13.95 922
13.9667 921
13.9833 920
14.0 918
14.0167 917
14.0333 916
14.05 914
14.0667 913
14.0833 911
14.1 910
14.1167 909
14.1333 907
14.15 906
14.1667 904
14.1833 902
14.2 901
14.2167 899
14.2333 898
14.25 896
14.2667 894
14.2833 893
14.3 891
14.3167 889
14.3333 888
14.35 886
14.3667 884
14.3833 883
14.4 881
14.4167 879
14.4333 877
14.45 875
14.4667 873
14.4833 872
14.5 870
14.5167 868
14.5333 866
14.55 864
14.5667 862
14.5833 860
14.6 858
14.6167 856
14.6333 854
14.65 852
14.6667 850
14.6833 848
14.7 846
14.7167 844
14.7333 842
14.75 840
14.7667 838
14.7833 835
14.8 833
14.8167 831
14.8333 829
14.85 827
14.8667 824
14.8833 822
14.9 820
14.9167 818
14.9333 815
14.95 813
14.9667 811
14.9833 808
15.0 806
15.0167 803
15.0333 801
15.05 799
15.0667 796
15.0833 794
15.1 791
15.1167 789
15.1333 786
15.15 784
15.1667 781
15.1833 779
15.2 776
15.2167 774
15.2333 771
15.25 769
15.2667 766
15.2833 763
15.3 761
15.3167 758
15.3333 755
15.35 753
15.3667 750
15.3833 747
15.4 745
15.4167 742
15.4333 739
15.45 736
15.4667 734
15.4833 731
15.5 728
15.5167 725
15.5333 723
15.55 720
15.5667 717
15.5833 714
15.6 711
15.6167 708
15.6333 705
15.65 702
15.6667 700
15.6833 697
15.7 694
15.7167 691
15.7333 688
15.75 685
15.7667 682
15.7833 679
15.8 676
15.8167 673
15.8333 670
15.85 667
15.8667 663
15.8833 660
15.9 657
15.9167 654
15.9333 651
15.95 648
15.9667 645
15.9833 642
16.0 639
16.0167 635
16.0333 632
16.05 629
16.0667 626
16.0833 623
16.1 619
16.1167 616
16.1333 613
16.15 610
16.1667 606
16.1833 603
16.2 600
16.2167 597
16.2333 593
16.25 590
16.2667 587
16.2833 583
16.3 580
16.3167 577
16.3333 573
16.35 570
16.3667 566
16.3833 563
16.4 560
16.4167 556
16.4333 553
16.45 549
16.4667 546
16.4833 543
16.5 539
16.5167 536
16.5333 532
16.55 529
16.5667 525
16.5833 522
16.6 518
16.6167 515
16.6333 511
16.65 508
16.6667 504
16.6833 501
16.7 497
16.7167 494
16.7333 490
16.75 487
16.7667 483
16.7833 479
16.8 476
16.8167 472
16.8333 469
16.85 465
16.8667 461
16.8833 458
16.9 454
16.9167 451
16.9333 447
16.95 443
16.9667 440
16.9833 436
