8.0 259
8.0167 263
8.0333 267
8.05 270
8.0667 274
8.0833 278
8.1 281
8.1167 285
8.1333 289
8.15 293
8.1667 296
8.1833 300
8.2 304
8.2167 308
8.2333 311
8.25 315
8.2667 319
8.2833 322
8.3 326
8.3167 330
8.3333 334
8.35 337
8.3667 341
8.3833 345
8.4 348
8.4167 352
8.4333 356
8.45 360
8.4667 363
8.4833 367
8.5 371
8.5167 375
8.5333 378
8.55 382
8.5667 386
8.5833 389
8.6 393
8.6167 397
8.6333 400
8.65 404
8.6667 408
8.6833 411
8.7 415
8.7167 419
8.7333 422
8.75 426
8.7667 430
8.7833 433
8.8 437
8.8167 441
8.8333 444
8.85 448
8.8667 451
8.8833 455
8.9 459
8.9167 462
8.9333 466
8.95 469
8.9667 473
8.9833 476
9.0 480
9.0167 483
9.0333 487
9.05 490
9.0667 494
9.0833 497
9.1 501
9.1167 504
9.1333 508
9.15 511
9.1667 515
9.1833 518
9.2 522
9.2167 525
9.2333 528
9.25 532
9.2667 535
9.2833 539
9.3 542
9.3167 545
9.3333 549
9.35 552
9.3667 556
9.3833 559
9.4 562
9.4167 566
9.4333 569
9.45 572
9.4667 575
9.4833 579
9.5 582
9.5167 585
9.5333 588
9.55 592
9.5667 595
9.5833 598
9.6 601
9.6167 604
9.6333 608
9.65 611
9.6667 614
9.6833 617
9.7 620
9.7167 623
9.7333 626
9.75 629
9.7667 633
9.7833 636
9.8 639
9.8167 642
9.8333 645
9.85 648
9.8667 651
9.8833 654
9.9 657
9.9167 660
9.9333 662
9.95 665
9.9667 668
9.9833 671
10.0 674
10.0167 677
10.0333 680
10.05 683
10.0667 685
10.0833 688
10.1 691
10.1167 694
10.1333 697
10.15 699
10.1667 702
10.1833 705
10.2 708
10.2167 710
10.2333 713
10.25 716
10.2667 718
10.2833 721
10.3 723
10.3167 726
10.3333 729
10.35 731
10.3667 734
10.3833 736
10.4 739
10.4167 741
10.4333 744
10.45 746
10.4667 749
10.4833 751
10.5 754
10.5167 756
10.5333 758
10.55 761
10.5667 763
10.5833 766
10.6 768
10.6167 770
10.6333 772
10.65 775
10.6667 777
10.6833 779
10.7 781
10.7167 784
10.7333 786
10.75 788
10.7667 790
10.7833 792
10.8 794
10.8167 797
10.8333 799
10.85 801
10.8667 803
10.8833 805
10.9 807
10.9167 809
10.9333 811
10.95 813
10.9667 815
10.9833 817
11.0 819
11.0167 821
11.0333 822
11.05 824
11.0667 826
11.0833 828
11.1 830
11.1167 832
11.1333 833
11.15 835
11.1667 837
11.1833 839
11.2 840
11.2167 842
11.2333 844
11.25 845
11.2667 847
11.2833 848
11.3 850
11.3167 852
11.3333 853
11.35 855
11.3667 856
11.3833 858
11.4 859
11.4167 861
11.4333 862
11.45 864
11.4667 865
11.4833 866
11.5 868
11.5167 869
11.5333 870
11.55 872
11.5667 873
11.5833 874
11.6 875
11.6167 877
11.6333 878
11.65 879
11.6667 880
11.6833 881
11.7 883
11.7167 884
11.7333 885
11.75 886
11.7667 887
11.7833 888
11.8 889
11.8167 890
11.8333 891
11.85 892
11.8667 893
11.8833 894
11.9 895
11.9167 896
11.9333 896
11.95 897
11.9667 898
11.9833 899
12.0 900
12.0167 900
12.0333 901
12.05 902
12.0667 903
12.0833 903
12.1 904
12.1167 905
12.1333 905
12.15 906
12.1667 906
12.1833 907
12.2 908
12.2167 908
12.2333 909
12.25 909
12.2667 909
12.2833 910
12.3 910
12.3167 911
12.3333 911
12.35 911
12.3667 912
12.3833 912
12.4 912
12.4167 913
12.4333 913
12.45 913
12.4667 913
12.4833 914
12.5 914
12.5167 914
12.5333 914
12.55 914
12.5667 914
12.5833 915
12.6 915
12.6167 915
12.6333 915
12.65 915
12.6667 915
12.6833 915
12.7 915
12.7167 914
12.7333 914
12.75 914
12.7667 914
12.7833 914
12.8 914
12.8167 914
12.8333 913
12.85 913
12.8667 913
12.8833 913
12.9 912
12.9167 912
12.9333 912
12.95 911
12.9667 911
12.9833 910
13.0 910
13.0167 910
13.0333 909
13.05 909
13.0667 908
13.0833 908
13.1 907
13.1167 907
13.1333 906
13.15 905
13.1667 905
13.1833 904
13.2 903
13.2167 903
13.2333 902
13.25 901
13.2667 901
13.2833 900
13.3 899
13.3167 898
13.3333 898
13.35 897
13.3667 896
13.3833 895
13.4 894
13.4167 893
13.4333 892
13.45 891
13.4667 890
13.4833 889
13.5 888
13.5167 887
13.5333 886
13.55 885
13.5667 884
13.5833 883
13.6 882
13.6167 881
13.6333 879
13.65 878
13.6667 877
13.6833 876
13.7 875
13.7167 873
13.7333 872
13.75 871
13.7667 869
13.7833 868
13.8 867
13.8167 865
13.8333 864
13.85 863
13.8667 861
13.8833 860
13.9 858
13.9167 857
13.9333 855
13.95 854
13.9667 852
13.9833 851
14.0 849
14.0167 847
14.0333 846
14.05 844
14.0667 842
14.0833 841
14.1 839
14.1167 837
14.1333 836
14.15 834
14.1667 832
14.1833 830
14.2 829
14.2167 827
14.2333 825
14.25 823
14.2667 821
14.2833 819
14.3 817
14.3167 815
14.3333 814
14.35 812
14.3667 810
14.3833 808
14.4 806
14.4167 804
14.4333 801
14.45 799
14.4667 797
14.4833 795
14.5 793
14.5167 791
14.5333 789
14.55 787
14.5667 784
14.5833 782
14.6 780
14.6167 778
14.6333 776
14.65 773
14.6667 771
14.6833 769
14.7 766
14.7167 764
14.7333 762
14.75 759
14.7667 757
14.7833 754
14.8 752
14.8167 750
14.8333 747
14.85 745
14.8667 742
14.8833 740
14.9 737
14.9167 735
14.9333 732
14.95 730
14.9667 727
14.9833 724
15.0 721
15.0167 718
15.0333 716
15.05 713
15.0667 710
15.0833 708
15.1 705
15.1167 702
15.1333 700
15.15 697
15.1667 694
15.1833 691
15.2 688
15.2167 686
15.2333 683
15.25 680
15.2667 677
15.2833 674
15.3 671
15.3167 668
15.3333 666
15.35 663
15.3667 660
15.3833 657
15.4 654
15.4167 651
15.4333 648
15.45 645
15.4667 642
15.4833 639
15.5 636
15.5167 633
15.5333 630
15.55 627
15.5667 624
15.5833 620
15.6 617
15.6167 614
15.6333 611
15.65 608
15.6667 605
15.6833 602
15.7 598
15.7167 595
15.7333 592
15.75 589
15.7667 585
15.7833 582
15.8 579
15.8167 576
15.8333 572
15.85 569
15.8667 566
15.8833 562
15.9 559
15.9167 556
15.9333 552
15.95 549
15.9667 546
15.9833 542
16.0 539
16.0167 536
16.0333 532
16.05 529
16.0667 525
16.0833 522
16.1 518
16.1167 515
16.1333 512
16.15 508
16.1667 505
16.1833 501
16.2 498
16.2167 494
16.2333 491
16.25 487
16.2667 484
16.2833 480
16.3 476
16.3167 473
16.3333 469
16.35 466
16.3667 462
16.3833 459
16.4 455
16.4167 451
16.4333 448
16.45 444
16.4667 441
16.4833 437
16.5 433
16.5167 430
16.5333 426
16.55 422
16.5667 419
16.5833 415
16.6 411
16.6167 408
16.6333 404
16.65 400
16.6667 397
16.6833 393
16.7 389
16.7167 386
16.7333 382
16.75 378
16.7667 375
16.7833 371
16.8 367
16.8167 363
16.8333 360
16.85 356
16.8667 352
16.8833 349
16.9 345
16.9167 341
16.9333 337
16.95 334
16.9667 330
16.9833 326
