8.0 255
8.0167 258
8.0333 262
8.05 265
8.0667 269
8.0833 273
8.1 276
8.1167 280
8.1333 284
8.15 287
8.1667 291
8.1833 295
8.2 298
8.2167 302
8.2333 306
8.25 309
8.2667 313
8.2833 317
8.3 320
8.3167 324
8.3333 328
8.35 331
8.3667 335
8.3833 339
8.4 342
8.4167 346
8.4333 350
8.45 353
8.4667 357
8.4833 361
8.5 364
8.5167 368
8.5333 371
8.55 375
8.5667 379
8.5833 382
8.6 386
8.6167 390
8.6333 393
8.65 397
8.6667 401
8.6833 404
8.7 408
8.7167 411
8.7333 415
8.75 419
8.7667 422
8.7833 426
8.8 429
8.8167 433
8.8333 437
8.85 440
8.8667 444
8.8833 447
8.9 451
8.9167 454
8.9333 458
8.95 462
8.9667 465
8.9833 469
9.0 472
9.0167 475
9.0333 479
9.05 482
9.0667 486
9.0833 489
9.1 493
9.1167 496
9.1333 500
9.15 503
9.1667 506
9.1833 510
9.2 513
9.2167 517
9.2333 520
9.25 524
9.2667 527
9.2833 530
9.3 534
9.3167 537
9.3333 540
9.35 544
9.3667 547
9.3833 550
9.4 554
9.4167 557
9.4333 560
9.45 563
9.4667 567
9.4833 570
9.5 573
9.5167 576
9.5333 580
9.55 583
9.5667 586
9.5833 589
9.6 592
9.6167 596
9.6333 599
9.65 602
9.6667 605
9.6833 608
9.7 611
9.7167 614
9.7333 617
9.75 620
9.7667 623
9.7833 626
9.8 630
9.8167 633
9.8333 636
9.85 639
9.8667 641
9.8833 644
9.9 647
9.9167 650
9.9333 653
9.95 656
9.9667 659
9.9833 662
10.0 665
10.0167 668
10.0333 670
10.05 673
10.0667 676
10.0833 679
10.1 682
10.1167 684
10.1333 687
10.15 690
10.1667 693
10.1833 695
10.2 698
10.2167 701
10.2333 703
10.25 706
10.2667 709
10.2833 711
10.3 714
10.3167 717
10.3333 719
10.35 722
10.3667 724
10.3833 727
10.4 729
10.4167 732
10.4333 734
10.45 737
10.4667 739
10.4833 742
10.5 744
10.5167 746
10.5333 749
10.55 751
10.5667 754
10.5833 756
10.6 758
10.6167 761
10.6333 763
10.65 765
10.6667 767
10.6833 770
10.7 772
10.7167 774
10.7333 776
10.75 778
10.7667 781
10.7833 783
10.8 785
10.8167 787
10.8333 789
10.85 791
10.8667 793
10.8833 795
10.9 797
10.9167 799
10.9333 801
10.95 803
10.9667 805
10.9833 807
11.0 809
11.0167 811
11.0333 813
11.05 815
11.0667 817
11.0833 818
11.1 820
11.1167 822
11.1333 824
11.15 826
11.1667 827
11.1833 829
11.2 831
11.2167 832
11.2333 834
11.25 836
11.2667 837
11.2833 839
11.3 841
11.3167 842
11.3333 844
11.35 845
11.3667 847
11.3833 848
11.4 850
11.4167 851
11.4333 853
11.45 854
11.4667 855
11.4833 857
11.5 858
11.5167 860
11.5333 861
11.55 862
11.5667 864
11.5833 865
11.6 866
11.6167 867
11.6333 869
11.65 870
11.6667 871
11.6833 872
11.7 873
11.7167 874
11.7333 875
11.75 877
11.7667 878
11.7833 879
11.8 880
11.8167 881
11.8333 882
11.85 883
11.8667 884
11.8833 885
11.9 885
11.9167 886
11.9333 887
11.95 888
11.9667 889
11.9833 890
12.0 891
12.0167 891
12.0333 892
12.05 893
12.0667 894
12.0833 894
12.1 895
12.1167 896
12.1333 896
12.15 897
12.1667 897
12.1833 898
12.2 899
12.2167 899
12.2333 900
12.25 900
12.2667 901
12.2833 901
12.3 902
12.3167 902
12.3333 902
12.35 903
12.3667 903
12.3833 903
12.4 904
12.4167 904
12.4333 904
12.45 905
12.4667 905
12.4833 905
12.5 905
12.5167 905
12.5333 906
12.55 906
12.5667 906
12.5833 906
12.6 906
12.6167 906
12.6333 906
12.65 906
12.6667 906
12.6833 906
12.7 906
12.7167 906
12.7333 906
12.75 906
12.7667 906
12.7833 906
12.8 906
12.8167 905
12.8333 905
12.85 905
12.8667 905
12.8833 904
12.9 904
12.9167 904
12.9333 904
12.95 903
12.9667 903
12.9833 903
13.0 902
13.0167 902
13.0333 901
13.05 901
13.0667 900
13.0833 900
13.1 899
13.1167 899
13.1333 898
13.15 898
13.1667 897
13.1833 896
13.2 896
13.2167 895
13.2333 895
13.25 894
13.2667 893
13.2833 892
13.3 892
13.3167 891
13.3333 890
13.35 889
13.3667 888
13.3833 888
13.4 887
13.4167 886
13.4333 885
13.45 884
13.4667 883
13.4833 882
13.5 881
13.5167 880
13.5333 879
13.55 878
13.5667 877
13.5833 876
13.6 875
13.6167 874
13.6333 873
13.65 871
13.6667 870
13.6833 869
13.7 868
13.7167 867
13.7333 865
13.75 864
13.7667 863
13.7833 861
13.8 860
13.8167 859
13.8333 857
13.85 856
13.8667 855
13.8833 853
13.9 852
13.9167 850
13.9333 849
13.95 847
13.9667 846
13.9833 844
14.0 843
14.0167 841
14.0333 840
14.05 838
14.0667 836
14.0833 835
14.1 833
14.1167 831
14.1333 830
14.15 828
14.1667 826
14.1833 824
14.2 823
14.2167 821
14.2333 819
14.25 817
14.2667 815
14.2833 814
14.3 812
14.3167 810
14.3333 808
14.35 806
14.3667 804
14.3833 802
14.4 800
14.4167 798
14.4333 796
14.45 794
14.4667 792
14.4833 790
14.5 788
14.5167 786
14.5333 784
14.55 781
14.5667 779
14.5833 777
14.6 775
14.6167 773
14.6333 771
14.65 768
14.6667 766
14.6833 764
14.7 761
14.7167 759
14.7333 757
14.75 755
14.7667 752
14.7833 750
14.8 747
14.8167 745
14.8333 743
14.85 740
14.8667 738
14.8833 735
14.9 733
14.9167 730
14.9333 728
14.95 725
14.9667 723
14.9833 720
15.0 717
15.0167 714
15.0333 712
15.05 709
15.0667 706
15.0833 704
15.1 701
15.1167 698
15.1333 696
15.15 693
15.1667 690
15.1833 688
15.2 685
15.2167 682
15.2333 679
15.25 676
15.2667 674
15.2833 671
15.3 668
15.3167 665
15.3333 662
15.35 659
15.3667 656
15.3833 654
15.4 651
15.4167 648
15.4333 645
15.45 642
15.4667 639
15.4833 636
15.5 633
15.5167 630
15.5333 627
15.55 624
15.5667 621
15.5833 618
15.6 615
15.6167 612
15.6333 608
15.65 605
15.6667 602
15.6833 599
15.7 596
15.7167 593
15.7333 590
15.75 586
15.7667 583
15.7833 580
15.8 577
15.8167 574
15.8333 570
15.85 567
15.8667 564
15.8833 561
15.9 557
15.9167 554
15.9333 551
15.95 547
15.9667 544
15.9833 541
16.0 537
16.0167 534
16.0333 531
16.05 527
16.0667 524
16.0833 521
16.1 517
16.1167 514
16.1333 510
16.15 507
16.1667 504
16.1833 500
16.2 497
16.2167 493
16.2333 490
16.25 486
16.2667 483
16.2833 479
16.3 476
16.3167 472
16.3333 469
16.35 465
16.3667 462
16.3833 458
16.4 455
16.4167 451
16.4333 448
16.45 444
16.4667 440
16.4833 437
16.5 433
16.5167 430
16.5333 426
16.55 423
16.5667 419
16.5833 415
16.6 412
16.6167 408
16.6333 404
16.65 401
16.6667 397
16.6833 394
16.7 390
16.7167 386
16.7333 383
16.75 379
16.7667 375
16.7833 372
16.8 368
16.8167 364
16.8333 361
16.85 357
16.8667 353
16.8833 350
16.9 346
16.9167 342
16.9333 339
16.95 335
16.9667 331
16.9833 328
