8.0 230
8.0167 233
8.0333 237
8.05 241
8.0667 244
8.0833 248
8.1 252
8.1167 255
8.1333 259
8.15 263
8.1667 266
8.1833 270
8.2 274
8.2167 277
8.2333 281
8.25 285
8.2667 288
8.2833 292
8.3 296
8.3167 299
8.3333 303
8.35 307
8.3667 310
8.3833 314
8.4 318
8.4167 321
8.4333 325
8.45 329
8.4667 332
8.4833 336
8.5 340
8.5167 343
8.5333 347
8.55 351
8.5667 354
8.5833 358
8.6 362
8.6167 365
8.6333 369
8.65 373
8.6667 376
8.6833 380
8.7 383
8.7167 387
8.7333 391
8.75 394
8.7667 398
8.7833 401
8.8 405
8.8167 409
8.8333 412
8.85 416
8.8667 419
8.8833 423
8.9 426
8.9167 430
8.9333 433
8.95 437
8.9667 441
8.9833 444
9.0 448
9.0167 450
9.0333 454
9.05 457
9.0667 461
9.0833 464
9.1 468
9.1167 471
9.1333 475
9.15 478
9.1667 481
9.1833 485
9.2 488
9.2167 492
9.2333 495
9.25 498
9.2667 502
9.2833 505
9.3 508
9.3167 512
9.3333 515
9.35 518
9.3667 522
9.3833 525
9.4 528
9.4167 531
9.4333 535
9.45 538
9.4667 541
9.4833 544
9.5 547
9.5167 551
9.5333 554
9.55 557
9.5667 560
9.5833 563
9.6 566
9.6167 569
9.6333 572
9.65 576
9.6667 579
9.6833 582
9.7 585
9.7167 588
9.7333 591
9.75 594
9.7667 597
9.7833 600
9.8 603
9.8167 606
9.8333 609
9.85 611
9.8667 614
9.8833 617
9.9 620
9.9167 623
9.9333 626
9.95 629
9.9667 632
9.9833 634
10.0 637
10.0167 640
10.0333 643
10.05 645
10.0667 648
10.0833 651
10.1 654
10.1167 656
10.1333 659
10.15 662
10.1667 664
10.1833 667
10.2 669
10.2167 672
10.2333 675
10.25 677
10.2667 680
10.2833 682
10.3 685
10.3167 687
10.3333 690
10.35 692
10.3667 695
10.3833 697
10.4 700
10.4167 702
10.4333 704
10.45 707
10.4667 709
10.4833 711
10.5 714
10.5167 716
10.5333 718
10.55 721
10.5667 723
10.5833 725
10.6 727
10.6167 729
10.6333 732
10.65 734
10.6667 736
10.6833 738
10.7 740
10.7167 742
10.7333 744
10.75 746
10.7667 748
10.7833 750
10.8 752
10.8167 754
10.8333 756
10.85 758
10.8667 760
10.8833 762
10.9 764
10.9167 766
10.9333 768
10.95 770
10.9667 772
10.9833 773
11.0 775
11.0167 777
11.0333 779
11.05 780
11.0667 782
11.0833 784
11.1 785
11.1167 787
11.1333 789
11.15 790
11.1667 792
11.1833 794
11.2 795
11.2167 797
11.2333 798
11.25 800
11.2667 801
11.2833 803
11.3 804
11.3167 806
11.3333 807
11.35 808
11.3667 810
11.3833 811
11.4 812
11.4167 814
11.4333 815
11.45 816
11.4667 818
11.4833 819
11.5 820
11.5167 821
11.5333 822
11.55 824
11.5667 825
11.5833 826
11.6 827
11.6167 828
11.6333 829
11.65 830
11.6667 831
11.6833 832
11.7 833
11.7167 834
11.7333 835
11.75 836
11.7667 837
11.7833 838
11.8 839
11.8167 840
11.8333 840
11.85 841
11.8667 842
11.8833 843
11.9 843
11.9167 844
11.9333 845
11.95 846
11.9667 846
11.9833 847
12.0 848
12.0167 848
12.0333 849
12.05 849
12.0667 850
12.0833 850
12.1 851
12.1167 851
12.1333 852
12.15 852
12.1667 853
12.1833 853
12.2 853
12.2167 854
12.2333 854
12.25 854
12.2667 855
12.2833 855
12.3 855
12.3167 856
12.3333 856
12.35 856
12.3667 856
12.3833 856
12.4 856
12.4167 857
12.4333 857
12.45 857
12.4667 857
12.4833 857
12.5 857
12.5167 857
12.5333 857
12.55 857
12.5667 857
12.5833 857
12.6 857
12.6167 856
12.6333 856
12.65 856
12.6667 856
12.6833 856
12.7 855
12.7167 855
12.7333 855
12.75 855
12.7667 854
12.7833 854
12.8 854
12.8167 853
12.8333 853
12.85 853
12.8667 852
12.8833 852
12.9 851
12.9167 851
12.9333 850
12.95 850
12.9667 849
12.9833 849
13.0 848
13.0167 847
13.0333 847
13.05 846
13.0667 845
13.0833 845
13.1 844
13.1167 843
13.1333 842
13.15 842
13.1667 841
13.1833 840
13.2 839
13.2167 838
13.2333 838
13.25 837
13.2667 836
13.2833 835
13.3 834
13.3167 833
13.3333 832
13.35 831
13.3667 830
13.3833 829
13.4 828
13.4167 827
13.4333 826
13.45 824
13.4667 823
13.4833 822
13.5 821
13.5167 820
13.5333 818
13.55 817
13.5667 816
13.5833 815
13.6 813
13.6167 812
13.6333 811
13.65 809
13.6667 808
13.6833 807
13.7 805
13.7167 804
13.7333 802
13.75 801
13.7667 799
13.7833 798
13.8 796
13.8167 795
13.8333 793
13.85 791
13.8667 790
13.8833 788
13.9 787
13.9167 785
13.9333 783
13.95 782
13.9667 780
13.9833 778
14.0 776
14.0167 775
14.0333 773
14.05 771
14.0667 769
14.0833 767
14.1 765
14.1167 764
14.1333 762
14.15 760
14.1667 758
14.1833 756
14.2 754
14.2167 752
14.2333 750
14.25 748
14.2667 746
14.2833 744
14.3 742
14.3167 739
14.3333 737
14.35 735
14.3667 733
14.3833 731
14.4 729
14.4167 727
14.4333 724
14.45 722
14.4667 720
14.4833 718
14.5 715
14.5167 713
14.5333 711
14.55 708
14.5667 706
14.5833 704
14.6 701
14.6167 699
14.6333 696
14.65 694
14.6667 691
14.6833 689
14.7 686
14.7167 684
14.7333 681
14.75 679
14.7667 676
14.7833 674
14.8 671
14.8167 669
14.8333 666
14.85 663
14.8667 661
14.8833 658
14.9 655
14.9167 653
14.9333 650
14.95 647
14.9667 645
14.9833 642
15.0 638
15.0167 635
15.0333 632
15.05 630
15.0667 627
15.0833 624
15.1 621
15.1167 618
15.1333 615
15.15 612
15.1667 610
15.1833 607
15.2 604
15.2167 601
15.2333 598
15.25 595
15.2667 592
15.2833 589
15.3 586
15.3167 583
15.3333 580
15.35 577
15.3667 574
15.3833 570
15.4 567
15.4167 564
15.4333 561
15.45 558
15.4667 555
15.4833 552
15.5 548
15.5167 545
15.5333 542
15.55 539
15.5667 536
15.5833 532
15.6 529
15.6167 526
15.6333 523
15.65 519
15.6667 516
15.6833 513
15.7 510
15.7167 506
15.7333 503
15.75 500
15.7667 496
15.7833 493
15.8 489
15.8167 486
15.8333 483
15.85 479
15.8667 476
15.8833 472
15.9 469
15.9167 466
15.9333 462
15.95 459
15.9667 455
15.9833 452
16.0 448
16.0167 445
16.0333 441
16.05 438
16.0667 434
16.0833 431
16.1 427
16.1167 424
16.1333 420
16.15 417
16.1667 413
16.1833 409
16.2 406
16.2167 402
16.2333 399
16.25 395
16.2667 392
16.2833 388
16.3 384
16.3167 381
16.3333 377
16.35 373
16.3667 370
16.3833 366
16.4 363
16.4167 359
16.4333 355
16.45 352
16.4667 348
16.4833 344
16.5 341
16.5167 337
16.5333 333
16.55 330
16.5667 326
16.5833 322
16.6 319
16.6167 315
16.6333 311
16.65 308
16.6667 304
16.6833 300
16.7 297
16.7167 293
16.7333 289
16.75 286
16.7667 282
16.7833 278
16.8 275
16.8167 271
16.8333 267
16.85 264
16.8667 260
16.8833 256
16.9 253
16.9167 249
16.9333 245
16.95 242
16.9667 238
16.9833 234
