8.0 96
8.0167 99
8.0333 103
8.05 106
8.0667 109
8.0833 113
8.1 116
8.1167 119
8.1333 123
8.15 126
8.1667 130
8.1833 133
8.2 137
8.2167 140
8.2333 144
8.25 147
8.2667 151
8.2833 154
8.3 158
8.3167 161
8.3333 165
8.35 169
8.3667 172
8.3833 176
8.4 180
8.4167 183
8.4333 187
8.45 191
8.4667 194
8.4833 198
8.5 202
8.5167 205
8.5333 209
8.55 213
8.5667 216
8.5833 220
8.6 224
8.6167 228
8.6333 231
8.65 235
8.6667 239
8.6833 243
8.7 246
8.7167 250
8.7333 254
8.75 257
8.7667 261
8.7833 265
8.8 269
8.8167 272
8.8333 276
8.85 280
8.8667 284
8.8833 287
8.9 291
8.9167 295
8.9333 299
8.95 302
8.9667 306
8.9833 310
9.0 313
9.0167 318
9.0333 322
9.05 325
9.0667 329
9.0833 333
9.1 336
9.1167 340
9.1333 344
9.15 347
9.1667 351
9.1833 355
9.2 358
9.2167 362
9.2333 366
9.25 369
9.2667 373
9.2833 377
9.3 380
9.3167 384
9.3333 387
9.35 391
9.3667 395
9.3833 398
9.4 402
9.4167 405
9.4333 409
9.45 412
9.4667 416
9.4833 419
9.5 423
9.5167 426
9.5333 430
9.55 433
9.5667 437
9.5833 440
9.6 444
9.6167 447
9.6333 451
9.65 454
9.6667 457
9.6833 461
9.7 464
9.7167 468
9.7333 471
9.75 474
9.7667 478
9.7833 481
9.8 484
9.8167 488
9.8333 491
9.85 494
9.8667 497
9.8833 501
9.9 504
9.9167 507
9.9333 510
9.95 514
9.9667 517
9.9833 520
10.0 523
10.0167 526
10.0333 529
10.05 533
10.0667 536
10.0833 539
10.1 542
10.1167 545
10.1333 548
10.15 551
10.1667 554
10.1833 557
10.2 560
10.2167 563
10.2333 566
10.25 569
10.2667 572
10.2833 575
10.3 578
10.3167 581
10.3333 584
10.35 587
10.3667 590
10.3833 592
10.4 595
10.4167 598
10.4333 601
10.45 604
10.4667 606
10.4833 609
10.5 612
10.5167 615
10.5333 617
10.55 620
10.5667 623
10.5833 625
10.6 628
10.6167 631
10.6333 633
10.65 636
10.6667 639
10.6833 641
10.7 644
10.7167 646
10.7333 649
10.75 651
10.7667 654
10.7833 656
10.8 659
10.8167 661
10.8333 664
10.85 666
10.8667 668
10.8833 671
10.9 673
10.9167 675
10.9333 678
10.95 680
10.9667 682
10.9833 685
11.0 687
11.0167 689
11.0333 691
11.05 693
11.0667 696
11.0833 698
11.1 700
11.1167 702
11.1333 704
11.15 706
11.1667 708
11.1833 710
11.2 713
11.2167 715
11.2333 717
11.25 719
11.2667 721
11.2833 722
11.3 724
11.3167 726
11.3333 728
11.35 730
11.3667 732
11.3833 734
11.4 736
11.4167 737
11.4333 739
11.45 741
11.4667 743
11.4833 744
11.5 746
11.5167 748
11.5333 750
11.55 751
11.5667 753
11.5833 754
11.6 756
11.6167 758
11.6333 759
11.65 761
11.6667 762
11.6833 764
11.7 765
11.7167 767
11.7333 768
11.75 770
11.7667 771
11.7833 772
11.8 774
11.8167 775
11.8333 776
11.85 778
11.8667 779
11.8833 780
11.9 781
11.9167 783
11.9333 784
11.95 785
11.9667 786
11.9833 787
12.0 789
12.0167 790
12.0333 791
12.05 792
12.0667 793
12.0833 794
12.1 795
12.1167 796
12.1333 797
12.15 798
12.1667 799
12.1833 800
12.2 801
12.2167 801
12.2333 802
12.25 803
12.2667 804
12.2833 805
12.3 806
12.3167 806
12.3333 807
12.35 808
12.3667 808
12.3833 809
12.4 810
12.4167 810
12.4333 811
12.45 812
12.4667 812
12.4833 813
12.5 813
12.5167 814
12.5333 814
12.55 815
12.5667 815
12.5833 815
12.6 816
12.6167 816
12.6333 817
12.65 817
12.6667 817
12.6833 818
12.7 818
12.7167 818
12.7333 818
12.75 819
12.7667 819
12.7833 819
12.8 819
12.8167 819
12.8333 819
12.85 819
12.8667 820
12.8833 820
12.9 820
12.9167 820
12.9333 820
12.95 820
12.9667 820
12.9833 820
13.0 819
13.0167 819
13.0333 819
13.05 819
13.0667 819
13.0833 819
13.1 818
13.1167 818
13.1333 818
13.15 818
13.1667 817
13.1833 817
13.2 817
13.2167 816
13.2333 816
13.25 816
13.2667 815
13.2833 815
13.3 814
13.3167 814
13.3333 813
13.35 813
13.3667 812
13.3833 812
13.4 811
13.4167 811
13.4333 810
13.45 809
13.4667 809
13.4833 808
13.5 807
13.5167 807
13.5333 806
13.55 805
13.5667 804
13.5833 803
13.6 803
13.6167 802
13.6333 801
13.65 800
13.6667 799
13.6833 798
13.7 797
13.7167 796
13.7333 795
13.75 794
13.7667 793
13.7833 792
13.8 791
13.8167 790
13.8333 789
13.85 788
13.8667 787
13.8833 786
13.9 784
13.9167 783
13.9333 782
13.95 781
13.9667 779
13.9833 778
14.0 777
14.0167 776
14.0333 774
14.05 773
14.0667 771
14.0833 770
14.1 769
14.1167 767
14.1333 766
14.15 764
14.1667 763
14.1833 761
14.2 760
14.2167 758
14.2333 757
14.25 755
14.2667 753
14.2833 752
14.3 750
14.3167 748
14.3333 747
14.35 745
14.3667 743
14.3833 742
14.4 740
14.4167 738
14.4333 736
14.45 734
14.4667 733
14.4833 731
14.5 729
14.5167 727
14.5333 725
14.55 723
14.5667 721
14.5833 719
14.6 717
14.6167 715
14.6333 713
14.65 711
14.6667 709
14.6833 707
14.7 705
14.7167 703
14.7333 701
14.75 699
14.7667 696
14.7833 694
14.8 692
14.8167 690
14.8333 688
14.85 685
14.8667 683
14.8833 681
14.9 679
14.9167 676
14.9333 674
14.95 672
14.9667 669
14.9833 667
15.0 665
15.0167 663
15.0333 661
15.05 658
15.0667 656
15.0833 653
15.1 651
15.1167 648
15.1333 646
15.15 643
15.1667 640
15.1833 638
15.2 635
15.2167 633
15.2333 630
15.25 627
15.2667 625
15.2833 622
15.3 619
15.3167 617
15.3333 614
15.35 611
15.3667 608
15.3833 606
15.4 603
15.4167 600
15.4333 597
15.45 594
15.4667 592
15.4833 589
15.5 586
15.5167 583
15.5333 580
15.55 577
15.5667 574
15.5833 571
15.6 568
15.6167 565
15.6333 562
15.65 559
15.6667 556
15.6833 553
15.7 550
15.7167 547
15.7333 544
15.75 541
15.7667 538
15.7833 535
15.8 532
15.8167 528
15.8333 525
15.85 522
15.8667 519
15.8833 516
15.9 512
15.9167 509
15.9333 506
15.95 503
15.9667 499
15.9833 496
16.0 493
16.0167 490
16.0333 486
16.05 483
16.0667 480
16.0833 476
16.1 473
16.1167 470
16.1333 466
16.15 463
16.1667 459
16.1833 456
16.2 453
16.2167 449
16.2333 446
16.25 442
16.2667 439
16.2833 435
16.3 432
16.3167 428
16.3333 425
16.35 421
16.3667 418
16.3833 414
16.4 411
16.4167 407
16.4333 404
16.45 400
16.4667 397
16.4833 393
16.5 390
16.5167 386
16.5333 382
16.55 379
16.5667 375
16.5833 372
16.6 368
16.6167 364
16.6333 361
16.65 357
16.6667 353
16.6833 350
16.7 346
16.7167 342
16.7333 339
16.75 335
16.7667 331
16.7833 328
16.8 324
16.8167 320
16.8333 316
16.85 313
16.8667 309
16.8833 305
16.9 302
16.9167 298
16.9333 294
16.95 290
16.9667 287
16.9833 283
