8.0 262
8.0167 265
8.0333 268
8.05 272
8.0667 275
8.0833 279
8.1 282
8.1167 285
8.1333 289
8.15 292
8.1667 295
8.1833 299
8.2 302
8.2167 306
8.2333 309
8.25 312
8.2667 316
8.2833 319
8.3 322
8.3167 326
8.3333 329
8.35 333
8.3667 336
8.3833 339
8.4 343
8.4167 346
8.4333 350
8.45 353
8.4667 356
8.4833 360
8.5 363
8.5167 367
8.5333 370
8.55 373
8.5667 377
8.5833 380
8.6 384
8.6167 387
8.6333 390
8.65 394
8.6667 397
8.6833 401
8.7 404
8.7167 407
8.7333 411
8.75 414
8.7667 417
8.7833 421
8.8 424
8.8167 427
8.8333 431
8.85 434
8.8667 437
8.8833 441
8.9 444
8.9167 447
8.9333 451
8.95 454
8.9667 457
8.9833 461
9.0 464
9.0167 468
9.0333 471
9.05 474
9.0667 478
9.0833 481
9.1 484
9.1167 487
9.1333 490
9.15 494
9.1667 497
9.1833 500
9.2 503
9.2167 507
9.2333 510
9.25 513
9.2667 516
9.2833 519
9.3 522
9.3167 526
9.3333 529
9.35 532
9.3667 535
9.3833 538
9.4 541
9.4167 544
9.4333 547
9.45 550
9.4667 554
9.4833 557
9.5 560
9.5167 563
9.5333 566
9.55 569
9.5667 572
9.5833 575
9.6 578
9.6167 581
9.6333 584
9.65 587
9.6667 590
9.6833 592
9.7 595
9.7167 598
9.7333 601
9.75 604
9.7667 607
9.7833 610
9.8 613
9.8167 616
9.8333 618
9.85 621
9.8667 624
9.8833 627
9.9 630
9.9167 632
9.9333 635
9.95 638
9.9667 641
9.9833 643
10.0 646
10.0167 649
10.0333 651
10.05 654
10.0667 657
10.0833 659
10.1 662
10.1167 665
10.1333 667
10.15 670
10.1667 672
10.1833 675
10.2 677
10.2167 680
10.2333 682
10.25 685
10.2667 687
10.2833 690
10.3 692
10.3167 695
10.3333 697
10.35 700
10.3667 702
10.3833 705
10.4 707
10.4167 709
10.4333 712
10.45 714
10.4667 716
10.4833 719
10.5 721
10.5167 723
10.5333 725
10.55 728
10.5667 730
10.5833 732
10.6 734
10.6167 736
10.6333 739
10.65 741
10.6667 743
10.6833 745
10.7 747
10.7167 749
10.7333 751
10.75 753
10.7667 755
10.7833 757
10.8 759
10.8167 761
10.8333 763
10.85 765
10.8667 767
10.8833 769
10.9 771
10.9167 773
10.9333 775
10.95 777
10.9667 779
10.9833 781
11.0 782
11.0167 784
11.0333 786
11.05 788
11.0667 789
11.0833 791
11.1 793
11.1167 795
11.1333 796
11.15 798
11.1667 800
11.1833 801
11.2 803
11.2167 804
11.2333 806
11.25 808
11.2667 809
11.2833 811
11.3 812
11.3167 814
11.3333 815
11.35 817
11.3667 818
11.3833 819
11.4 821
11.4167 822
11.4333 824
11.45 825
11.4667 826
11.4833 828
11.5 829
11.5167 830
11.5333 831
11.55 833
11.5667 834
11.5833 835
11.6 836
11.6167 837
11.6333 839
11.65 840
11.6667 841
11.6833 842
11.7 843
11.7167 844
11.7333 845
11.75 846
11.7667 847
11.7833 848
11.8 849
11.8167 850
11.8333 851
11.85 852
11.8667 853
11.8833 854
11.9 854
11.9167 855
11.9333 856
11.95 857
11.9667 858
11.9833 858
12.0 859
12.0167 860
12.0333 861
12.05 861
12.0667 862
12.0833 863
12.1 863
12.1167 864
12.1333 864
12.15 865
12.1667 866
12.1833 866
12.2 867
12.2167 867
12.2333 868
12.25 868
12.2667 869
12.2833 869
12.3 869
12.3167 870
12.3333 870
12.35 870
12.3667 871
12.3833 871
12.4 871
12.4167 872
12.4333 872
12.45 872
12.4667 872
12.4833 873
12.5 873
12.5167 873
12.5333 873
12.55 873
12.5667 873
12.5833 873
12.6 873
12.6167 873
12.6333 873
12.65 873
12.6667 873
12.6833 873
12.7 873
12.7167 873
12.7333 873
12.75 873
12.7667 873
12.7833 873
12.8 873
12.8167 872
12.8333 872
12.85 872
12.8667 872
12.8833 872
12.9 871
12.9167 871
12.9333 871
12.95 870
12.9667 870
12.9833 870
13.0 869
13.0167 869
13.0333 868
13.05 868
13.0667 867
13.0833 867
13.1 866
13.1167 866
13.1333 865
13.15 865
13.1667 864
13.1833 864
13.2 863
13.2167 862
13.2333 862
13.25 861
13.2667 860
13.2833 860
13.3 859
13.3167 858
13.3333 857
13.35 856
13.3667 856
13.3833 855
13.4 854
13.4167 853
13.4333 852
13.45 851
13.4667 850
13.4833 849
13.5 848
13.5167 848
13.5333 847
13.55 845
13.5667 844
13.5833 843
13.6 842
13.6167 841
13.6333 840
13.65 839
13.6667 838
13.6833 837
13.7 836
13.7167 834
13.7333 833
13.75 832
13.7667 831
13.7833 829
13.8 828
13.8167 827
13.8333 825
13.85 824
13.8667 823
13.8833 821
13.9 820
13.9167 819
13.9333 817
13.95 816
13.9667 814
13.9833 813
14.0 811
14.0167 810
14.0333 808
14.05 807
14.0667 805
14.0833 803
14.1 802
14.1167 800
14.1333 799
14.15 797
14.1667 795
14.1833 794
14.2 792
14.2167 790
14.2333 788
14.25 787
14.2667 785
14.2833 783
14.3 781
14.3167 779
14.3333 778
14.35 776
14.3667 774
14.3833 772
14.4 770
14.4167 768
14.4333 766
14.45 764
14.4667 762
14.4833 760
14.5 758
14.5167 756
14.5333 754
14.55 752
14.5667 750
14.5833 748
14.6 746
14.6167 744
14.6333 742
14.65 740
14.6667 737
14.6833 735
14.7 733
14.7167 731
14.7333 729
14.75 726
14.7667 724
14.7833 722
14.8 720
14.8167 717
14.8333 715
14.85 713
14.8667 710
14.8833 708
14.9 706
14.9167 703
14.9333 701
14.95 698
14.9667 696
14.9833 693
15.0 691
15.0167 689
15.0333 686
15.05 684
15.0667 681
15.0833 679
15.1 676
15.1167 674
15.1333 671
15.15 668
15.1667 666
15.1833 663
15.2 661
15.2167 658
15.2333 655
15.25 653
15.2667 650
15.2833 647
15.3 645
15.3167 642
15.3333 639
15.35 636
15.3667 634
15.3833 631
15.4 628
15.4167 625
15.4333 623
15.45 620
15.4667 617
15.4833 614
15.5 611
15.5167 608
15.5333 606
15.55 603
15.5667 600
15.5833 597
15.6 594
15.6167 591
15.6333 588
15.65 585
15.6667 582
15.6833 579
15.7 576
15.7167 573
15.7333 570
15.75 567
15.7667 564
15.7833 561
15.8 558
15.8167 555
15.8333 552
15.85 549
15.8667 546
15.8833 543
15.9 540
15.9167 537
15.9333 533
15.95 530
15.9667 527
15.9833 524
16.0 521
16.0167 518
16.0333 515
16.05 511
16.0667 508
16.0833 505
16.1 502
16.1167 499
16.1333 495
16.15 492
16.1667 489
16.1833 486
16.2 482
16.2167 479
16.2333 476
16.25 473
16.2667 469
16.2833 466
16.3 463
16.3167 460
16.3333 456
16.35 453
16.3667 450
16.3833 446
16.4 443
16.4167 440
16.4333 436
16.45 433
16.4667 430
16.4833 426
16.5 423
16.5167 420
16.5333 416
16.55 413
16.5667 410
16.5833 406
16.6 403
16.6167 399
16.6333 396
16.65 393
16.6667 389
16.6833 386
16.7 383
16.7167 379
16.7333 376
16.75 372
16.7667 369
16.7833 366
16.8 362
16.8167 359
16.8333 355
16.85 352
16.8667 349
16.8833 345
16.9 342
16.9167 338
16.9333 335
16.95 332
16.9667 328
16.9833 325
