8.0 218
8.0167 221
8.0333 224
8.05 228
8.0667 231
8.0833 234
8.1 238
8.1167 241
8.1333 244
8.15 248
8.1667 251
8.1833 255
8.2 258
8.2167 261
8.2333 265
8.25 268
8.2667 272
8.2833 275
8.3 278
8.3167 282
8.3333 285
8.35 289
8.3667 292
8.3833 296
8.4 299
8.4167 302
8.4333 306
8.45 309
8.4667 313
8.4833 316
8.5 320
8.5167 323
8.5333 326
8.55 330
8.5667 333
8.5833 337
8.6 340
8.6167 344
8.6333 347
8.65 351
8.6667 354
8.6833 357
8.7 361
8.7167 364
8.7333 368
8.75 371
8.7667 374
8.7833 378
8.8 381
8.8167 385
8.8333 388
8.85 391
8.8667 395
8.8833 398
8.9 402
8.9167 405
8.9333 408
8.95 412
8.9667 415
8.9833 418
9.0 422
9.0167 425
9.0333 428
9.05 431
9.0667 435
9.0833 438
9.1 441
9.1167 445
9.1333 448
9.15 451
9.1667 455
9.1833 458
9.2 461
9.2167 464
9.2333 468
9.25 471
9.2667 474
9.2833 477
9.3 481
9.3167 484
9.3333 487
9.35 490
9.3667 493
9.3833 497
9.4 500
9.4167 503
9.4333 506
9.45 509
9.4667 512
9.4833 515
9.5 519
9.5167 522
9.5333 525
9.55 528
9.5667 531
9.5833 534
9.6 537
9.6167 540
9.6333 543
9.65 546
9.6667 549
9.6833 552
9.7 555
9.7167 558
9.7333 561
9.75 564
9.7667 567
9.7833 570
9.8 573
9.8167 576
9.8333 578
9.85 581
9.8667 584
9.8833 587
9.9 590
9.9167 593
9.9333 595
9.95 598
9.9667 601
9.9833 604
10.0 607
10.0167 609
10.0333 612
10.05 615
10.0667 618
10.0833 620
10.1 623
10.1167 626
10.1333 628
10.15 631
10.1667 633
10.1833 636
10.2 639
10.2167 641
10.2333 644
10.25 646
10.2667 649
10.2833 651
10.3 654
10.3167 656
10.3333 659
10.35 661
10.3667 664
10.3833 666
10.4 669
10.4167 671
10.4333 673
10.45 676
10.4667 678
10.4833 681
10.5 683
10.5167 685
10.5333 688
10.55 690
10.5667 692
10.5833 694
10.6 697
10.6167 699
10.6333 701
10.65 703
10.6667 705
10.6833 707
10.7 710
10.7167 712
10.7333 714
10.75 716
10.7667 718
10.7833 720
10.8 722
10.8167 724
10.8333 726
10.85 728
10.8667 730
10.8833 732
10.9 734
10.9167 736
10.9333 738
10.95 740
10.9667 742
10.9833 743
11.0 745
11.0167 747
11.0333 749
11.05 751
11.0667 752
11.0833 754
11.1 756
11.1167 758
11.1333 759
11.15 761
11.1667 763
11.1833 764
11.2 766
11.2167 768
11.2333 769
11.25 771
11.2667 772
11.2833 774
11.3 775
11.3167 777
11.3333 778
11.35 780
11.3667 781
11.3833 783
11.4 784
11.4167 785
11.4333 787
11.45 788
11.4667 790
11.4833 791
11.5 792
11.5167 793
11.5333 795
11.55 796
11.5667 797
11.5833 798
11.6 800
11.6167 801
11.6333 802
11.65 803
11.6667 804
11.6833 805
11.7 806
11.7167 807
11.7333 808
11.75 809
11.7667 810
11.7833 811
11.8 812
11.8167 813
11.8333 814
11.85 815
11.8667 816
11.8833 817
11.9 818
11.9167 818
11.9333 819
11.95 820
11.9667 821
11.9833 822
12.0 822
12.0167 823
12.0333 824
12.05 824
12.0667 825
12.0833 826
12.1 826
12.1167 827
12.1333 827
12.15 828
12.1667 829
12.1833 829
12.2 830
12.2167 830
12.2333 830
12.25 831
12.2667 831
12.2833 832
12.3 832
12.3167 832
12.3333 833
12.35 833
12.3667 833
12.3833 834
12.4 834
12.4167 834
12.4333 834
12.45 835
12.4667 835
12.4833 835
12.5 835
12.5167 835
12.5333 835
12.55 835
12.5667 836
12.5833 836
12.6 836
12.6167 836
12.6333 836
12.65 836
12.6667 835
12.6833 835
12.7 835
12.7167 835
12.7333 835
12.75 835
12.7667 835
12.7833 835
12.8 834
12.8167 834
12.8333 834
12.85 834
12.8667 833
12.8833 833
12.9 833
12.9167 832
12.9333 832
12.95 832
12.9667 831
12.9833 831
13.0 830
13.0167 830
13.0333 829
13.05 829
13.0667 828
13.0833 828
13.1 827
13.1167 827
13.1333 826
13.15 825
13.1667 825
13.1833 824
13.2 823
13.2167 823
13.2333 822
13.25 821
13.2667 820
13.2833 820
13.3 819
13.3167 818
13.3333 817
13.35 816
13.3667 815
13.3833 815
13.4 814
13.4167 813
13.4333 812
13.45 811
13.4667 810
13.4833 809
13.5 808
13.5167 807
13.5333 806
13.55 805
13.5667 804
13.5833 802
13.6 801
13.6167 800
13.6333 799
13.65 798
13.6667 796
13.6833 795
13.7 794
13.7167 793
13.7333 791
13.75 790
13.7667 789
13.7833 787
13.8 786
13.8167 785
13.8333 783
13.85 782
13.8667 780
13.8833 779
13.9 778
13.9167 776
13.9333 775
13.95 773
13.9667 771
13.9833 770
14.0 768
14.0167 767
14.0333 765
14.05 763
14.0667 762
14.0833 760
14.1 758
14.1167 757
14.1333 755
14.15 753
14.1667 752
14.1833 750
14.2 748
14.2167 746
14.2333 744
14.25 742
14.2667 741
14.2833 739
14.3 737
14.3167 735
14.3333 733
14.35 731
14.3667 729
14.3833 727
14.4 725
14.4167 723
14.4333 721
14.45 719
14.4667 717
14.4833 715
14.5 713
14.5167 711
14.5333 709
14.55 706
14.5667 704
14.5833 702
14.6 700
14.6167 698
14.6333 695
14.65 693
14.6667 691
14.6833 689
14.7 686
14.7167 684
14.7333 682
14.75 679
14.7667 677
14.7833 675
14.8 672
14.8167 670
14.8333 667
14.85 665
14.8667 663
14.8833 660
14.9 658
14.9167 655
14.9333 653
14.95 650
14.9667 648
14.9833 645
15.0 642
15.0167 639
15.0333 636
15.05 634
15.0667 631
15.0833 629
15.1 626
15.1167 623
15.1333 621
15.15 618
15.1667 615
15.1833 613
15.2 610
15.2167 607
15.2333 604
15.25 602
15.2667 599
15.2833 596
15.3 593
15.3167 590
15.3333 587
15.35 585
15.3667 582
15.3833 579
15.4 576
15.4167 573
15.4333 570
15.45 567
15.4667 564
15.4833 561
15.5 558
15.5167 556
15.5333 553
15.55 550
15.5667 547
15.5833 544
15.6 541
15.6167 537
15.6333 534
15.65 531
15.6667 528
15.6833 525
15.7 522
15.7167 519
15.7333 516
15.75 513
15.7667 510
15.7833 507
15.8 503
15.8167 500
15.8333 497
15.85 494
15.8667 491
15.8833 488
15.9 484
15.9167 481
15.9333 478
15.95 475
15.9667 472
15.9833 468
16.0 465
16.0167 462
16.0333 459
16.05 455
16.0667 452
16.0833 449
16.1 445
16.1167 442
16.1333 439
16.15 435
16.1667 432
16.1833 429
16.2 425
16.2167 422
16.2333 419
16.25 415
16.2667 412
16.2833 409
16.3 405
16.3167 402
16.3333 399
16.35 395
16.3667 392
16.3833 388
16.4 385
16.4167 382
16.4333 378
16.45 375
16.4667 371
16.4833 368
16.5 365
16.5167 361
16.5333 358
16.55 354
16.5667 351
16.5833 347
16.6 344
16.6167 341
16.6333 337
16.65 334
16.6667 330
16.6833 327
16.7 323
16.7167 320
16.7333 317
16.75 313
16.7667 310
16.7833 306
16.8 303
16.8167 299
16.8333 296
16.85 293
16.8667 289
16.8833 286
16.9 282
16.9167 279
16.9333 275
16.95 272
16.9667 269
16.9833 265
