8.0 177
8.0167 181
8.0333 184
8.05 187
8.0667 190
8.0833 193
8.1 196
8.1167 199
8.1333 202
8.15 205
8.1667 208
8.1833 212
8.2 215
8.2167 218
8.2333 221
8.25 224
8.2667 227
8.2833 231
8.3 234
8.3167 237
8.3333 240
8.35 243
8.3667 247
8.3833 250
8.4 253
8.4167 256
8.4333 259
8.45 263
8.4667 266
8.4833 269
8.5 272
8.5167 275
8.5333 279
8.55 282
8.5667 285
8.5833 288
8.6 292
8.6167 295
8.6333 298
8.65 301
8.6667 305
8.6833 308
8.7 311
8.7167 314
8.7333 317
8.75 321
8.7667 324
8.7833 327
8.8 330
8.8167 334
8.8333 337
8.85 340
8.8667 343
8.8833 346
8.9 350
8.9167 353
8.9333 356
8.95 359
8.9667 362
8.9833 366
9.0 369
9.0167 371
9.0333 374
9.05 378
9.0667 381
9.0833 384
9.1 387
9.1167 390
9.1333 393
9.15 396
9.1667 400
9.1833 403
9.2 406
9.2167 409
9.2333 412
9.25 415
9.2667 418
9.2833 421
9.3 424
9.3167 427
9.3333 430
9.35 433
9.3667 436
9.3833 439
9.4 442
9.4167 445
9.4333 448
9.45 451
9.4667 454
9.4833 457
9.5 460
9.5167 463
9.5333 466
9.55 469
9.5667 472
9.5833 475
9.6 478
9.6167 481
9.6333 483
9.65 486
9.6667 489
9.6833 492
9.7 495
9.7167 498
9.7333 500
9.75 503
9.7667 506
9.7833 509
9.8 511
9.8167 514
9.8333 517
9.85 520
9.8667 522
9.8833 525
9.9 528
9.9167 530
9.9333 533
9.95 536
9.9667 538
9.9833 541
10.0 543
10.0167 546
10.0333 549
10.05 551
10.0667 554
10.0833 556
10.1 559
10.1167 561
10.1333 564
10.15 566
10.1667 569
10.1833 571
10.2 574
10.2167 576
10.2333 578
10.25 581
10.2667 583
10.2833 586
10.3 588
10.3167 590
10.3333 593
10.35 595
10.3667 597
10.3833 600
10.4 602
10.4167 604
10.4333 606
10.45 609
10.4667 611
10.4833 613
10.5 615
10.5167 617
10.5333 619
10.55 621
10.5667 624
10.5833 626
10.6 628
10.6167 630
10.6333 632
10.65 634
10.6667 636
10.6833 638
10.7 640
10.7167 642
10.7333 644
10.75 646
10.7667 648
10.7833 650
10.8 651
10.8167 653
10.8333 655
10.85 657
10.8667 659
10.8833 661
10.9 662
10.9167 664
10.9333 666
10.95 668
10.9667 669
10.9833 671
11.0 673
11.0167 674
11.0333 676
11.05 678
11.0667 679
11.0833 681
11.1 682
11.1167 684
11.1333 685
11.15 687
11.1667 689
11.1833 690
11.2 691
11.2167 693
11.2333 694
11.25 696
11.2667 697
11.2833 699
11.3 700
11.3167 701
11.3333 703
11.35 704
11.3667 705
11.3833 706
11.4 708
11.4167 709
11.4333 710
11.45 711
11.4667 712
11.4833 714
11.5 715
11.5167 716
11.5333 717
11.55 718
11.5667 719
11.5833 720
11.6 721
11.6167 722
11.6333 723
11.65 724
11.6667 725
11.6833 726
11.7 727
11.7167 728
11.7333 729
11.75 730
11.7667 730
11.7833 731
11.8 732
11.8167 733
11.8333 734
11.85 734
11.8667 735
11.8833 736
11.9 736
11.9167 737
11.9333 738
11.95 738
11.9667 739
11.9833 740
12.0 740
12.0167 741
12.0333 741
12.05 742
12.0667 742
12.0833 743
12.1 743
12.1167 744
12.1333 744
12.15 744
12.1667 745
12.1833 745
12.2 745
12.2167 746
12.2333 746
12.25 746
12.2667 747
12.2833 747
12.3 747
12.3167 747
12.3333 747
12.35 748
12.3667 748
12.3833 748
12.4 748
12.4167 748
12.4333 748
12.45 748
12.4667 748
12.4833 748
12.5 748
12.5167 748
12.5333 748
12.55 748
12.5667 748
12.5833 748
12.6 748
12.6167 747
12.6333 747
12.65 747
12.6667 747
12.6833 747
12.7 746
12.7167 746
12.7333 746
12.75 746
12.7667 745
12.7833 745
12.8 744
12.8167 744
12.8333 744
12.85 743
12.8667 743
12.8833 742
12.9 742
12.9167 741
12.9333 741
12.95 740
12.9667 740
12.9833 739
13.0 739
13.0167 738
13.0333 737
13.05 737
13.0667 736
13.0833 735
13.1 735
13.1167 734
13.1333 733
13.15 732
13.1667 732
13.1833 731
13.2 730
13.2167 729
13.2333 728
13.25 727
13.2667 726
13.2833 725
13.3 724
13.3167 724
13.3333 723
13.35 722
13.3667 721
13.3833 719
13.4 718
13.4167 717
13.4333 716
13.45 715
13.4667 714
13.4833 713
13.5 712
13.5167 711
13.5333 709
13.55 708
13.5667 707
13.5833 706
13.6 704
13.6167 703
13.6333 702
13.65 700
13.6667 699
13.6833 698
13.7 696
13.7167 695
13.7333 693
13.75 692
13.7667 691
13.7833 689
13.8 688
13.8167 686
13.8333 685
13.85 683
13.8667 681
13.8833 680
13.9 678
13.9167 677
13.9333 675
13.95 673
13.9667 672
13.9833 670
14.0 668
14.0167 667
14.0333 665
14.05 663
14.0667 661
14.0833 659
14.1 658
14.1167 656
14.1333 654
14.15 652
14.1667 650
14.1833 648
14.2 646
14.2167 645
14.2333 643
14.25 641
14.2667 639
14.2833 637
14.3 635
14.3167 633
14.3333 631
14.35 629
14.3667 626
14.3833 624
14.4 622
14.4167 620
14.4333 618
14.45 616
14.4667 614
14.4833 611
14.5 609
14.5167 607
14.5333 605
14.55 603
14.5667 600
14.5833 598
14.6 596
14.6167 593
14.6333 591
14.65 589
14.6667 586
14.6833 584
14.7 582
14.7167 579
14.7333 577
14.75 575
14.7667 572
14.7833 570
14.8 567
14.8167 565
14.8333 562
14.85 560
14.8667 557
14.8833 555
14.9 552
14.9167 550
14.9333 547
14.95 544
14.9667 542
14.9833 539
15.0 536
15.0167 533
15.0333 530
15.05 528
15.0667 525
15.0833 522
15.1 520
15.1167 517
15.1333 514
15.15 511
15.1667 509
15.1833 506
15.2 503
15.2167 500
15.2333 498
15.25 495
15.2667 492
15.2833 489
15.3 486
15.3167 483
15.3333 481
15.35 478
15.3667 475
15.3833 472
15.4 469
15.4167 466
15.4333 463
15.45 460
15.4667 457
15.4833 454
15.5 451
15.5167 448
15.5333 445
15.55 442
15.5667 439
15.5833 436
15.6 433
15.6167 430
15.6333 427
15.65 424
15.6667 421
15.6833 418
15.7 415
15.7167 412
15.7333 409
15.75 406
15.7667 403
15.7833 400
15.8 397
15.8167 393
15.8333 390
15.85 387
15.8667 384
15.8833 381
15.9 378
15.9167 375
15.9333 371
15.95 368
15.9667 365
15.9833 362
16.0 359
16.0167 356
16.0333 352
16.05 349
16.0667 346
16.0833 343
16.1 340
16.1167 336
16.1333 333
16.15 330
16.1667 327
16.1833 324
16.2 320
16.2167 317
16.2333 314
16.25 311
16.2667 307
16.2833 304
16.3 301
16.3167 298
16.3333 295
16.35 291
16.3667 288
16.3833 285
16.4 282
16.4167 278
16.4333 275
16.45 272
16.4667 269
16.4833 266
16.5 262
16.5167 259
16.5333 256
16.55 253
16.5667 249
16.5833 246
16.6 243
16.6167 240
16.6333 237
16.65 233
16.6667 230
16.6833 227
16.7 224
16.7167 221
16.7333 218
16.75 214
16.7667 211
16.7833 208
16.8 205
16.8167 202
16.8333 199
16.85 196
16.8667 193
16.8833 190
16.9 186
16.9167 183
16.9333 180
16.95 177
16.9667 174
16.9833 171
