8.0 98
8.0167 101
8.0333 103
8.05 106
8.0667 108
8.0833 111
8.1 113
8.1167 116
8.1333 118
8.15 121
8.1667 123
8.1833 126
8.2 129
8.2167 131
8.2333 134
8.25 137
8.2667 139
8.2833 142
8.3 145
8.3167 148
8.3333 150
8.35 153
8.3667 156
8.3833 159
8.4 161
8.4167 164
8.4333 167
8.45 170
8.4667 173
8.4833 176
8.5 179
8.5167 182
8.5333 184
8.55 187
8.5667 190
8.5833 193
8.6 196
8.6167 199
8.6333 202
8.65 205
8.6667 208
8.6833 211
8.7 214
8.7167 217
8.7333 220
8.75 223
8.7667 226
8.7833 229
8.8 232
8.8167 235
8.8333 238
8.85 241
8.8667 244
8.8833 247
8.9 250
8.9167 253
8.9333 256
8.95 259
8.9667 262
8.9833 266
9.0 269
9.0167 273
9.0333 276
9.05 279
9.0667 282
9.0833 285
9.1 288
9.1167 291
9.1333 294
9.15 297
9.1667 300
9.1833 303
9.2 306
9.2167 309
9.2333 312
9.25 316
9.2667 319
9.2833 322
9.3 325
9.3167 328
9.3333 331
9.35 334
9.3667 337
9.3833 340
9.4 343
9.4167 346
9.4333 349
9.45 352
9.4667 355
9.4833 358
9.5 361
9.5167 364
9.5333 367
9.55 370
9.5667 373
9.5833 376
9.6 379
9.6167 382
9.6333 385
9.65 388
9.6667 391
9.6833 394
9.7 397
9.7167 400
9.7333 403
9.75 406
9.7667 409
9.7833 412
9.8 415
9.8167 417
9.8333 420
9.85 423
9.8667 426
9.8833 429
9.9 432
9.9167 435
9.9333 437
9.95 440
9.9667 443
9.9833 446
10.0 449
10.0167 452
10.0333 454
10.05 457
10.0667 460
10.0833 463
10.1 465
10.1167 468
10.1333 471
10.15 473
10.1667 476
10.1833 479
10.2 482
10.2167 484
10.2333 487
10.25 490
10.2667 492
10.2833 495
10.3 497
10.3167 500
10.3333 503
10.35 505
10.3667 508
10.3833 510
10.4 513
10.4167 515
10.4333 518
10.45 520
10.4667 523
10.4833 525
10.5 528
10.5167 530
10.5333 533
10.55 535
10.5667 538
10.5833 540
10.6 542
10.6167 545
10.6333 547
10.65 549
10.6667 552
10.6833 554
10.7 556
10.7167 559
10.7333 561
10.75 563
10.7667 565
10.7833 568
10.8 570
10.8167 572
10.8333 574
10.85 576
10.8667 579
10.8833 581
10.9 583
10.9167 585
10.9333 587
10.95 589
10.9667 591
10.9833 593
11.0 595
11.0167 597
11.0333 599
11.05 601
11.0667 603
11.0833 605
11.1 607
11.1167 609
11.1333 611
11.15 613
11.1667 615
11.1833 617
11.2 618
11.2167 620
11.2333 622
11.25 624
11.2667 626
11.2833 627
11.3 629
11.3167 631
11.3333 633
11.35 634
11.3667 636
11.3833 638
11.4 639
11.4167 641
11.4333 643
11.45 644
11.4667 646
11.4833 647
11.5 649
11.5167 650
11.5333 652
11.55 653
11.5667 655
11.5833 656
11.6 658
11.6167 659
11.6333 661
11.65 662
11.6667 663
11.6833 665
11.7 666
11.7167 667
11.7333 669
11.75 670
11.7667 671
11.7833 672
11.8 674
11.8167 675
11.8333 676
11.85 677
11.8667 678
11.8833 679
11.9 681
11.9167 682
11.9333 683
11.95 684
11.9667 685
11.9833 686
12.0 687
12.0167 688
12.0333 689
12.05 690
12.0667 691
12.0833 692
12.1 693
12.1167 693
12.1333 694
12.15 695
12.1667 696
12.1833 697
12.2 697
12.2167 698
12.2333 699
12.25 700
12.2667 700
12.2833 701
12.3 702
12.3167 702
12.3333 703
12.35 704
12.3667 704
12.3833 705
12.4 705
12.4167 706
12.4333 706
12.45 707
12.4667 707
12.4833 708
12.5 708
12.5167 709
12.5333 709
12.55 710
12.5667 710
12.5833 710
12.6 711
12.6167 711
12.6333 711
12.65 711
12.6667 712
12.6833 712
12.7 712
12.7167 712
12.7333 713
12.75 713
12.7667 713
12.7833 713
12.8 713
12.8167 713
12.8333 713
12.85 713
12.8667 713
12.8833 713
12.9 713
12.9167 713
12.9333 713
12.95 713
12.9667 713
12.9833 713
13.0 713
13.0167 712
13.0333 712
13.05 712
13.0667 712
13.0833 712
13.1 711
13.1167 711
13.1333 711
13.15 711
13.1667 710
13.1833 710
13.2 709
13.2167 709
13.2333 709
13.25 708
13.2667 708
13.2833 707
13.3 707
13.3167 706
13.3333 706
13.35 705
13.3667 705
13.3833 704
13.4 704
13.4167 703
13.4333 702
13.45 702
13.4667 701
13.4833 700
13.5 700
13.5167 699
13.5333 698
13.55 697
13.5667 697
13.5833 696
13.6 695
13.6167 694
13.6333 693
13.65 692
13.6667 691
13.6833 691
13.7 690
13.7167 689
13.7333 688
13.75 687
13.7667 686
13.7833 685
13.8 684
13.8167 683
13.8333 681
13.85 680
13.8667 679
13.8833 678
13.9 677
13.9167 676
13.9333 675
13.95 673
13.9667 672
13.9833 671
14.0 670
14.0167 668
14.0333 667
14.05 666
14.0667 664
14.0833 663
14.1 662
14.1167 660
14.1333 659
14.15 657
14.1667 656
14.1833 655
14.2 653
14.2167 652
14.2333 650
14.25 649
14.2667 647
14.2833 645
14.3 644
14.3167 642
14.3333 641
14.35 639
14.3667 637
14.3833 636
14.4 634
14.4167 632
14.4333 631
14.45 629
14.4667 627
14.4833 625
14.5 624
14.5167 622
14.5333 620
14.55 618
14.5667 616
14.5833 614
14.6 613
14.6167 611
14.6333 609
14.65 607
14.6667 605
14.6833 603
14.7 601
14.7167 599
14.7333 597
14.75 595
14.7667 593
14.7833 591
14.8 589
14.8167 587
14.8333 585
14.85 582
14.8667 580
14.8833 578
14.9 576
14.9167 574
14.9333 572
14.95 569
14.9667 567
14.9833 565
15.0 563
15.0167 561
15.0333 559
15.05 557
15.0667 554
15.0833 552
15.1 550
15.1167 547
15.1333 545
15.15 543
15.1667 540
15.1833 538
15.2 535
15.2167 533
15.2333 531
15.25 528
15.2667 526
15.2833 523
15.3 521
15.3167 518
15.3333 516
15.35 513
15.3667 511
15.3833 508
15.4 505
15.4167 503
15.4333 500
15.45 498
15.4667 495
15.4833 492
15.5 490
15.5167 487
15.5333 484
15.55 482
15.5667 479
15.5833 476
15.6 474
15.6167 471
15.6333 468
15.65 466
15.6667 463
15.6833 460
15.7 457
15.7167 455
15.7333 452
15.75 449
15.7667 446
15.7833 443
15.8 441
15.8167 438
15.8333 435
15.85 432
15.8667 429
15.8833 426
15.9 423
15.9167 420
15.9333 418
15.95 415
15.9667 412
15.9833 409
16.0 406
16.0167 403
16.0333 400
16.05 397
16.0667 394
16.0833 391
16.1 388
16.1167 385
16.1333 382
16.15 379
16.1667 376
16.1833 373
16.2 370
16.2167 367
16.2333 364
16.25 361
16.2667 358
16.2833 355
16.3 352
16.3167 349
16.3333 346
16.35 343
16.3667 340
16.3833 337
16.4 334
16.4167 331
16.4333 328
16.45 325
16.4667 322
16.4833 319
16.5 316
16.5167 313
16.5333 309
16.55 306
16.5667 303
16.5833 300
16.6 297
16.6167 294
16.6333 291
16.65 288
16.6667 285
16.6833 282
16.7 279
16.7167 276
16.7333 273
16.75 270
16.7667 266
16.7833 263
16.8 260
16.8167 257
16.8333 254
16.85 251
16.8667 248
16.8833 245
16.9 242
16.9167 239
16.9333 236
16.95 233
16.9667 230
16.9833 227
