8.0 215
8.0167 218
8.0333 221
8.05 224
8.0667 227
8.0833 230
8.1 234
8.1167 237
8.1333 240
8.15 243
8.1667 246
8.1833 250
8.2 253
8.2167 256
8.2333 259
8.25 263
8.2667 266
8.2833 269
8.3 272
8.3167 276
8.3333 279
8.35 282
8.3667 285
8.3833 289
8.4 292
8.4167 295
8.4333 298
8.45 302
8.4667 305
8.4833 308
8.5 311
8.5167 315
8.5333 318
8.55 321
8.5667 325
8.5833 328
8.6 331
8.6167 334
8.6333 338
8.65 341
8.6667 344
8.6833 348
8.7 351
8.7167 354
8.7333 357
8.75 361
8.7667 364
8.7833 367
8.8 371
8.8167 374
8.8333 377
8.85 380
8.8667 384
8.8833 387
8.9 390
8.9167 393
8.9333 397
8.95 400
8.9667 403
8.9833 406
9.0 410
9.0167 413
9.0333 416
9.05 419
9.0667 422
9.0833 425
9.1 429
9.1167 432
9.1333 435
9.15 438
9.1667 441
9.1833 444
9.2 448
9.2167 451
9.2333 454
9.25 457
9.2667 460
9.2833 463
9.3 466
9.3167 470
9.3333 473
9.35 476
9.3667 479
9.3833 482
9.4 485
9.4167 488
9.4333 491
9.45 494
9.4667 497
9.4833 500
9.5 503
9.5167 506
9.5333 509
9.55 512
9.5667 515
9.5833 518
9.6 521
9.6167 524
9.6333 527
9.65 530
9.6667 533
9.6833 536
9.7 539
9.7167 542
9.7333 545
9.75 548
9.7667 551
9.7833 553
9.8 556
9.8167 559
9.8333 562
9.85 565
9.8667 568
9.8833 570
9.9 573
9.9167 576
9.9333 579
9.95 581
9.9667 584
9.9833 587
10.0 590
10.0167 592
10.0333 595
10.05 598
10.0667 600
10.0833 603
10.1 606
10.1167 608
10.1333 611
10.15 614
10.1667 616
10.1833 619
10.2 621
10.2167 624
10.2333 626
10.25 629
10.2667 631
10.2833 634
10.3 636
10.3167 639
10.3333 641
10.35 644
10.3667 646
10.3833 649
10.4 651
10.4167 653
10.4333 656
10.45 658
10.4667 661
10.4833 663
10.5 665
10.5167 668
10.5333 670
10.55 672
10.5667 674
10.5833 677
10.6 679
10.6167 681
10.6333 683
10.65 685
10.6667 688
10.6833 690
10.7 692
10.7167 694
10.7333 696
10.75 698
10.7667 700
10.7833 702
10.8 704
10.8167 706
10.8333 708
10.85 710
10.8667 712
10.8833 714
10.9 716
10.9167 718
10.9333 720
10.95 722
10.9667 724
10.9833 726
11.0 728
11.0167 730
11.0333 731
11.05 733
11.0667 735
11.0833 737
11.1 739
11.1167 740
11.1333 742
11.15 744
11.1667 745
11.1833 747
11.2 749
11.2167 750
11.2333 752
11.25 754
11.2667 755
11.2833 757
11.3 758
11.3167 760
11.3333 761
11.35 763
11.3667 764
11.3833 766
11.4 767
11.4167 769
11.4333 770
11.45 772
11.4667 773
11.4833 774
11.5 776
11.5167 777
11.5333 778
11.55 780
11.5667 781
11.5833 782
11.6 783
11.6167 785
11.6333 786
11.65 787
11.6667 788
11.6833 789
11.7 790
11.7167 792
11.7333 793
11.75 794
11.7667 795
11.7833 796
11.8 797
11.8167 798
11.8333 799
11.85 800
11.8667 801
11.8833 802
11.9 803
11.9167 804
11.9333 804
11.95 805
11.9667 806
11.9833 807
12.0 808
12.0167 809
12.0333 809
12.05 810
12.0667 811
12.0833 811
12.1 812
12.1167 813
12.1333 814
12.15 814
12.1667 815
12.1833 815
12.2 816
12.2167 817
12.2333 817
12.25 818
12.2667 818
12.2833 819
12.3 819
12.3167 819
12.3333 820
12.35 820
12.3667 821
12.3833 821
12.4 821
12.4167 822
12.4333 822
12.45 822
12.4667 823
12.4833 823
12.5 823
12.5167 823
12.5333 824
12.55 824
12.5667 824
12.5833 824
12.6 824
12.6167 824
12.6333 824
12.65 824
12.6667 825
12.6833 825
12.7 825
12.7167 825
12.7333 825
12.75 824
12.7667 824
12.7833 824
12.8 824
12.8167 824
12.8333 824
12.85 824
12.8667 824
12.8833 823
12.9 823
12.9167 823
12.9333 823
12.95 822
12.9667 822
12.9833 822
13.0 822
13.0167 821
13.0333 821
13.05 820
13.0667 820
13.0833 820
13.1 819
13.1167 819
13.1333 818
13.15 818
13.1667 817
13.1833 817
13.2 816
13.2167 816
13.2333 815
13.25 814
13.2667 814
13.2833 813
13.3 812
13.3167 812
13.3333 811
13.35 810
13.3667 810
13.3833 809
13.4 808
13.4167 807
13.4333 806
13.45 806
13.4667 805
13.4833 804
13.5 803
13.5167 802
13.5333 801
13.55 800
13.5667 799
13.5833 798
13.6 797
13.6167 796
13.6333 795
13.65 794
13.6667 793
13.6833 792
13.7 791
13.7167 790
13.7333 789
13.75 787
13.7667 786
13.7833 785
13.8 784
13.8167 783
13.8333 781
13.85 780
13.8667 779
13.8833 777
13.9 776
13.9167 775
13.9333 773
13.95 772
13.9667 771
13.9833 769
14.0 768
14.0167 766
14.0333 765
14.05 763
14.0667 762
14.0833 760
14.1 759
14.1167 757
14.1333 756
14.15 754
14.1667 753
14.1833 751
14.2 749
14.2167 748
14.2333 746
14.25 744
14.2667 743
14.2833 741
14.3 739
14.3167 737
14.3333 736
14.35 734
14.3667 732
14.3833 730
14.4 728
14.4167 727
14.4333 725
14.45 723
14.4667 721
14.4833 719
14.5 717
14.5167 715
14.5333 713
14.55 711
14.5667 709
14.5833 707
14.6 705
14.6167 703
14.6333 701
14.65 699
14.6667 697
14.6833 695
14.7 693
14.7167 690
14.7333 688
14.75 686
14.7667 684
14.7833 682
14.8 680
14.8167 677
14.8333 675
14.85 673
14.8667 671
14.8833 668
14.9 666
14.9167 664
14.9333 661
14.95 659
14.9667 657
14.9833 654
15.0 651
15.0167 649
15.0333 646
15.05 644
15.0667 642
15.0833 639
15.1 637
15.1167 634
15.1333 632
15.15 629
15.1667 627
15.1833 624
15.2 621
15.2167 619
15.2333 616
15.25 614
15.2667 611
15.2833 609
15.3 606
15.3167 603
15.3333 601
15.35 598
15.3667 595
15.3833 593
15.4 590
15.4167 587
15.4333 584
15.45 582
15.4667 579
15.4833 576
15.5 573
15.5167 571
15.5333 568
15.55 565
15.5667 562
15.5833 559
15.6 557
15.6167 554
15.6333 551
15.65 548
15.6667 545
15.6833 542
15.7 539
15.7167 536
15.7333 533
15.75 530
15.7667 528
15.7833 525
15.8 522
15.8167 519
15.8333 516
15.85 513
15.8667 510
15.8833 507
15.9 504
15.9167 501
15.9333 498
15.95 495
15.9667 491
15.9833 488
16.0 485
16.0167 482
16.0333 479
16.05 476
16.0667 473
16.0833 470
16.1 467
16.1167 464
16.1333 460
16.15 457
16.1667 454
16.1833 451
16.2 448
16.2167 445
16.2333 442
16.25 438
16.2667 435
16.2833 432
16.3 429
16.3167 426
16.3333 422
16.35 419
16.3667 416
16.3833 413
16.4 410
16.4167 406
16.4333 403
16.45 400
16.4667 397
16.4833 393
16.5 390
16.5167 387
16.5333 384
16.55 380
16.5667 377
16.5833 374
16.6 371
16.6167 367
16.6333 364
16.65 361
16.6667 357
16.6833 354
16.7 351
16.7167 348
16.7333 344
16.75 341
16.7667 338
16.7833 334
16.8 331
16.8167 328
16.8333 325
16.85 321
16.8667 318
16.8833 315
16.9 311
16.9167 308
16.9333 305
16.95 302
16.9667 298
16.9833 295
