8.0 181
8.0167 184
8.0333 187
8.05 190
8.0667 193
8.0833 196
8.1 199
8.1167 202
8.1333 205
8.15 208
8.1667 211
8.1833 214
8.2 217
8.2167 220
8.2333 224
8.25 227
8.2667 230
8.2833 233
8.3 236
8.3167 239
8.3333 242
8.35 245
8.3667 248
8.3833 252
8.4 255
8.4167 258
8.4333 261
8.45 264
8.4667 267
8.4833 270
8.5 274
8.5167 277
8.5333 280
8.55 283
8.5667 286
8.5833 289
8.6 293
8.6167 296
8.6333 299
8.65 302
8.6667 305
8.6833 308
8.7 312
8.7167 315
8.7333 318
8.75 321
8.7667 324
8.7833 327
8.8 331
8.8167 334
8.8333 337
8.85 340
8.8667 343
8.8833 346
8.9 350
8.9167 353
8.9333 356
8.95 359
8.9667 362
8.9833 365
9.0 368
9.0167 371
9.0333 374
9.05 377
9.0667 380
9.0833 384
9.1 387
9.1167 390
9.1333 393
9.15 396
9.1667 399
9.1833 402
9.2 405
9.2167 408
9.2333 411
9.25 414
9.2667 417
9.2833 420
9.3 423
9.3167 426
9.3333 429
9.35 432
9.3667 435
9.3833 438
9.4 441
9.4167 444
9.4333 447
9.45 450
9.4667 453
9.4833 456
9.5 459
9.5167 462
9.5333 465
9.55 468
9.5667 471
9.5833 473
9.6 476
9.6167 479
9.6333 482
9.65 485
9.6667 488
9.6833 491
9.7 493
9.7167 496
9.7333 499
9.75 502
9.7667 505
9.7833 507
9.8 510
9.8167 513
9.8333 515
9.85 518
9.8667 521
9.8833 524
9.9 526
9.9167 529
9.9333 532
9.95 534
9.9667 537
9.9833 539
10.0 542
10.0167 545
10.0333 547
10.05 550
10.0667 552
10.0833 555
10.1 557
10.1167 560
10.1333 562
10.15 565
10.1667 567
10.1833 570
10.2 572
10.2167 575
10.2333 577
10.25 580
10.2667 582
10.2833 584
10.3 587
10.3167 589
10.3333 591
10.35 594
10.3667 596
10.3833 598
10.4 601
10.4167 603
10.4333 605
10.45 607
10.4667 610
10.4833 612
10.5 614
10.5167 616
10.5333 618
10.55 621
10.5667 623
10.5833 625
10.6 627
10.6167 629
10.6333 631
10.65 633
10.6667 635
10.6833 637
10.7 639
10.7167 641
10.7333 643
10.75 645
10.7667 647
10.7833 649
10.8 651
10.8167 653
10.8333 655
10.85 657
10.8667 658
10.8833 660
10.9 662
10.9167 664
10.9333 666
10.95 667
10.9667 669
10.9833 671
11.0 673
11.0167 674
11.0333 676
11.05 678
11.0667 679
11.0833 681
11.1 683
11.1167 684
11.1333 686
11.15 687
11.1667 689
11.1833 690
11.2 692
11.2167 693
11.2333 695
11.25 696
11.2667 698
11.2833 699
11.3 701
11.3167 702
11.3333 703
11.35 705
11.3667 706
11.3833 707
11.4 709
11.4167 710
11.4333 711
11.45 712
11.4667 714
11.4833 715
11.5 716
11.5167 717
11.5333 718
11.55 720
11.5667 721
11.5833 722
11.6 723
11.6167 724
11.6333 725
11.65 726
11.6667 727
11.6833 728
11.7 729
11.7167 730
11.7333 731
11.75 732
11.7667 733
11.7833 734
11.8 734
11.8167 735
11.8333 736
11.85 737
11.8667 738
11.8833 738
11.9 739
11.9167 740
11.9333 741
11.95 741
11.9667 742
11.9833 743
12.0 743
12.0167 744
12.0333 744
12.05 745
12.0667 746
12.0833 746
12.1 747
12.1167 747
12.1333 748
12.15 748
12.1667 749
12.1833 749
12.2 749
12.2167 750
12.2333 750
12.25 750
12.2667 751
12.2833 751
12.3 751
12.3167 752
12.3333 752
12.35 752
12.3667 752
12.3833 753
12.4 753
12.4167 753
12.4333 753
12.45 753
12.4667 753
12.4833 753
12.5 753
12.5167 753
12.5333 753
12.55 753
12.5667 753
12.5833 753
12.6 753
12.6167 753
12.6333 753
12.65 753
12.6667 753
12.6833 753
12.7 753
12.7167 752
12.7333 752
12.75 752
12.7667 752
12.7833 751
12.8 751
12.8167 751
12.8333 751
12.85 750
12.8667 750
12.8833 749
12.9 749
12.9167 749
12.9333 748
12.95 748
12.9667 747
12.9833 747
13.0 746
13.0167 746
13.0333 745
13.05 745
13.0667 744
13.0833 743
13.1 743
13.1167 742
13.1333 741
13.15 741
13.1667 740
13.1833 739
13.2 739
13.2167 738
13.2333 737
13.25 736
13.2667 735
13.2833 735
13.3 734
13.3167 733
13.3333 732
13.35 731
13.3667 730
13.3833 729
13.4 728
13.4167 727
13.4333 726
13.45 725
13.4667 724
13.4833 723
13.5 722
13.5167 721
13.5333 720
13.55 719
13.5667 717
13.5833 716
13.6 715
13.6167 714
13.6333 713
13.65 711
13.6667 710
13.6833 709
13.7 708
13.7167 706
13.7333 705
13.75 704
13.7667 702
13.7833 701
13.8 699
13.8167 698
13.8333 697
13.85 695
13.8667 694
13.8833 692
13.9 691
13.9167 689
13.9333 688
13.95 686
13.9667 684
13.9833 683
14.0 681
14.0167 680
14.0333 678
14.05 676
14.0667 675
14.0833 673
14.1 671
14.1167 669
14.1333 668
14.15 666
14.1667 664
14.1833 662
14.2 661
14.2167 659
14.2333 657
14.25 655
14.2667 653
14.2833 651
14.3 649
14.3167 647
14.3333 645
14.35 644
14.3667 642
14.3833 640
14.4 638
14.4167 636
14.4333 633
14.45 631
14.4667 629
14.4833 627
14.5 625
14.5167 623
14.5333 621
14.55 619
14.5667 617
14.5833 614
14.6 612
14.6167 610
14.6333 608
14.65 606
14.6667 603
14.6833 601
14.7 599
14.7167 596
14.7333 594
14.75 592
14.7667 589
14.7833 587
14.8 585
14.8167 582
14.8333 580
14.85 578
14.8667 575
14.8833 573
14.9 570
14.9167 568
14.9333 565
14.95 563
14.9667 560
14.9833 558
15.0 554
15.0167 552
15.0333 549
15.05 547
15.0667 544
15.0833 542
15.1 539
15.1167 536
15.1333 534
15.15 531
15.1667 528
15.1833 526
15.2 523
15.2167 520
15.2333 518
15.25 515
15.2667 512
15.2833 509
15.3 507
15.3167 504
15.3333 501
15.35 498
15.3667 496
15.3833 493
15.4 490
15.4167 487
15.4333 484
15.45 482
15.4667 479
15.4833 476
15.5 473
15.5167 470
15.5333 467
15.55 464
15.5667 461
15.5833 458
15.6 456
15.6167 453
15.6333 450
15.65 447
15.6667 444
15.6833 441
15.7 438
15.7167 435
15.7333 432
15.75 429
15.7667 426
15.7833 423
15.8 420
15.8167 417
15.8333 414
15.85 411
15.8667 408
15.8833 405
15.9 402
15.9167 398
15.9333 395
15.95 392
15.9667 389
15.9833 386
16.0 383
16.0167 380
16.0333 377
16.05 374
16.0667 371
16.0833 367
16.1 364
16.1167 361
16.1333 358
16.15 355
16.1667 352
16.1833 349
16.2 346
16.2167 342
16.2333 339
16.25 336
16.2667 333
16.2833 330
16.3 327
16.3167 323
16.3333 320
16.35 317
16.3667 314
16.3833 311
16.4 308
16.4167 304
16.4333 301
16.45 298
16.4667 295
16.4833 292
16.5 289
16.5167 285
16.5333 282
16.55 279
16.5667 276
16.5833 273
16.6 270
16.6167 266
16.6333 263
16.65 260
16.6667 257
16.6833 254
16.7 251
16.7167 248
16.7333 245
16.75 241
16.7667 238
16.7833 235
16.8 232
16.8167 229
16.8333 226
16.85 223
16.8667 220
16.8833 217
16.9 214
16.9167 210
16.9333 207
16.95 204
16.9667 201
16.9833 198
