8.0 238
8.0167 241
8.0333 244
8.05 247
8.0667 250
8.0833 252
8.1 255
8.1167 258
8.1333 261
8.15 264
8.1667 267
8.1833 269
8.2 272
8.2167 275
8.2333 278
8.25 281
8.2667 284
8.2833 287
8.3 290
8.3167 292
8.3333 295
8.35 298
8.3667 301
8.3833 304
8.4 307
8.4167 310
8.4333 313
8.45 315
8.4667 318
8.4833 321
8.5 324
8.5167 327
8.5333 330
8.55 333
8.5667 336
8.5833 339
8.6 341
8.6167 344
8.6333 347
8.65 350
8.6667 353
8.6833 356
8.7 359
8.7167 362
8.7333 365
8.75 367
8.7667 370
8.7833 373
8.8 376
8.8167 379
8.8333 382
8.85 385
8.8667 388
8.8833 390
8.9 393
8.9167 396
8.9333 399
8.95 402
8.9667 405
8.9833 408
9.0 410
9.0167 413
9.0333 416
9.05 419
9.0667 422
9.0833 425
9.1 427
9.1167 430
9.1333 433
9.15 436
9.1667 439
9.1833 441
9.2 444
9.2167 447
9.2333 450
9.25 452
9.2667 455
9.2833 458
9.3 461
9.3167 463
9.3333 466
9.35 469
9.3667 472
9.3833 474
9.4 477
9.4167 480
9.4333 482
9.45 485
9.4667 488
9.4833 490
9.5 493
9.5167 496
9.5333 498
9.55 501
9.5667 504
9.5833 506
9.6 509
9.6167 511
9.6333 514
9.65 517
9.6667 519
9.6833 522
9.7 524
9.7167 527
9.7333 529
9.75 532
9.7667 534
9.7833 537
9.8 539
9.8167 542
9.8333 544
9.85 547
9.8667 549
9.8833 552
9.9 554
9.9167 557
9.9333 559
9.95 561
9.9667 564
9.9833 566
10.0 569
10.0167 571
10.0333 573
10.05 576
10.0667 578
10.0833 580
10.1 583
10.1167 585
10.1333 587
10.15 589
10.1667 592
10.1833 594
10.2 596
10.2167 598
10.2333 601
10.25 603
10.2667 605
10.2833 607
10.3 609
10.3167 612
10.3333 614
10.35 616
10.3667 618
10.3833 620
10.4 622
10.4167 624
10.4333 626
10.45 628
10.4667 630
10.4833 632
10.5 634
10.5167 636
10.5333 638
10.55 640
10.5667 642
10.5833 644
10.6 646
10.6167 648
10.6333 650
10.65 652
10.6667 654
10.6833 656
10.7 658
10.7167 660
10.7333 661
10.75 663
10.7667 665
10.7833 667
10.8 669
10.8167 670
10.8333 672
10.85 674
10.8667 676
10.8833 677
10.9 679
10.9167 681
10.9333 682
10.95 684
10.9667 686
10.9833 687
11.0 689
11.0167 690
11.0333 692
11.05 693
11.0667 695
11.0833 697
11.1 698
11.1167 700
11.1333 701
11.15 703
11.1667 704
11.1833 705
11.2 707
11.2167 708
11.2333 710
11.25 711
11.2667 712
11.2833 714
11.3 715
11.3167 716
11.3333 718
11.35 719
11.3667 720
11.3833 721
11.4 723
11.4167 724
11.4333 725
11.45 726
11.4667 728
11.4833 729
11.5 730
11.5167 731
11.5333 732
11.55 733
11.5667 734
11.5833 735
11.6 736
11.6167 737
11.6333 738
11.65 739
11.6667 740
11.6833 741
11.7 742
11.7167 743
11.7333 744
11.75 745
11.7667 746
11.7833 747
11.8 748
11.8167 748
11.8333 749
11.85 750
11.8667 751
11.8833 752
11.9 752
11.9167 753
11.9333 754
11.95 754
11.9667 755
11.9833 756
12.0 756
12.0167 757
12.0333 758
12.05 758
12.0667 759
12.0833 759
12.1 760
12.1167 761
12.1333 761
12.15 762
12.1667 762
12.1833 763
12.2 763
12.2167 763
12.2333 764
12.25 764
12.2667 765
12.2833 765
12.3 765
12.3167 766
12.3333 766
12.35 766
12.3667 767
12.3833 767
12.4 767
12.4167 767
12.4333 767
12.45 768
12.4667 768
12.4833 768
12.5 768
12.5167 768
12.5333 768
12.55 768
12.5667 768
12.5833 769
12.6 769
12.6167 769
12.6333 769
12.65 769
12.6667 769
12.6833 769
12.7 768
12.7167 768
12.7333 768
12.75 768
12.7667 768
12.7833 768
12.8 768
12.8167 767
12.8333 767
12.85 767
12.8667 767
12.8833 767
12.9 766
12.9167 766
12.9333 766
12.95 765
12.9667 765
12.9833 765
13.0 764
13.0167 764
13.0333 764
13.05 763
13.0667 763
13.0833 762
13.1 762
13.1167 761
13.1333 761
13.15 760
13.1667 760
13.1833 759
13.2 759
13.2167 758
13.2333 757
13.25 757
13.2667 756
13.2833 755
13.3 755
13.3167 754
13.3333 753
13.35 753
13.3667 752
13.3833 751
13.4 750
13.4167 750
13.4333 749
13.45 748
13.4667 747
13.4833 746
13.5 745
13.5167 744
13.5333 743
13.55 743
13.5667 742
13.5833 741
13.6 740
13.6167 739
13.6333 738
13.65 737
13.6667 736
13.6833 735
13.7 733
13.7167 732
13.7333 731
13.75 730
13.7667 729
13.7833 728
13.8 727
13.8167 726
13.8333 724
13.85 723
13.8667 722
13.8833 721
13.9 719
13.9167 718
13.9333 717
13.95 715
13.9667 714
13.9833 713
14.0 711
14.0167 710
14.0333 709
14.05 707
14.0667 706
14.0833 704
14.1 703
14.1167 702
14.1333 700
14.15 699
14.1667 697
14.1833 696
14.2 694
14.2167 692
14.2333 691
14.25 689
14.2667 688
14.2833 686
14.3 684
14.3167 683
14.3333 681
14.35 679
14.3667 678
14.3833 676
14.4 674
14.4167 673
14.4333 671
14.45 669
14.4667 667
14.4833 666
14.5 664
14.5167 662
14.5333 660
14.55 658
14.5667 656
14.5833 655
14.6 653
14.6167 651
14.6333 649
14.65 647
14.6667 645
14.6833 643
14.7 641
14.7167 639
14.7333 637
14.75 635
14.7667 633
14.7833 631
14.8 629
14.8167 627
14.8333 625
14.85 623
14.8667 621
14.8833 619
14.9 617
14.9167 614
14.9333 612
14.95 610
14.9667 608
14.9833 606
15.0 604
15.0167 601
15.0333 599
15.05 597
15.0667 595
15.0833 593
15.1 590
15.1167 588
15.1333 586
15.15 583
15.1667 581
15.1833 579
15.2 576
15.2167 574
15.2333 572
15.25 569
15.2667 567
15.2833 565
15.3 562
15.3167 560
15.3333 557
15.35 555
15.3667 553
15.3833 550
15.4 548
15.4167 545
15.4333 543
15.45 540
15.4667 538
15.4833 535
15.5 533
15.5167 530
15.5333 528
15.55 525
15.5667 523
15.5833 520
15.6 517
15.6167 515
15.6333 512
15.65 510
15.6667 507
15.6833 505
15.7 502
15.7167 499
15.7333 497
15.75 494
15.7667 491
15.7833 489
15.8 486
15.8167 483
15.8333 481
15.85 478
15.8667 475
15.8833 473
15.9 470
15.9167 467
15.9333 464
15.95 462
15.9667 459
15.9833 456
16.0 453
16.0167 451
16.0333 448
16.05 445
16.0667 442
16.0833 440
16.1 437
16.1167 434
16.1333 431
16.15 428
16.1667 426
16.1833 423
16.2 420
16.2167 417
16.2333 414
16.25 412
16.2667 409
16.2833 406
16.3 403
16.3167 400
16.3333 397
16.35 394
16.3667 392
16.3833 389
16.4 386
16.4167 383
16.4333 380
16.45 377
16.4667 374
16.4833 372
16.5 369
16.5167 366
16.5333 363
16.55 360
16.5667 357
16.5833 354
16.6 351
16.6167 348
16.6333 346
16.65 343
16.6667 340
16.6833 337
16.7 334
16.7167 331
16.7333 328
16.75 325
16.7667 322
16.7833 320
16.8 317
16.8167 314
16.8333 311
16.85 308
16.8667 305
16.8833 302
16.9 299
16.9167 297
16.9333 294
16.95 291
16.9667 288
16.9833 285
