8.0 292
8.0167 296
8.0333 299
8.05 302
8.0667 305
8.0833 308
8.1 312
8.1167 315
8.1333 318
8.15 321
8.1667 324
8.1833 328
8.2 331
8.2167 334
8.2333 337
8.25 340
8.2667 344
8.2833 347
8.3 350
8.3167 353
8.3333 357
8.35 360
8.3667 363
8.3833 366
8.4 369
8.4167 373
8.4333 376
8.45 379
8.4667 382
8.4833 385
8.5 389
8.5167 392
8.5333 395
8.55 398
8.5667 402
8.5833 405
8.6 408
8.6167 411
8.6333 414
8.65 417
8.6667 421
8.6833 424
8.7 427
8.7167 430
8.7333 433
8.75 436
8.7667 440
8.7833 443
8.8 446
8.8167 449
8.8333 452
8.85 455
8.8667 458
8.8833 462
8.9 465
8.9167 468
8.9333 471
8.95 474
8.9667 477
8.9833 480
9.0 483
9.0167 486
9.0333 489
9.05 492
9.0667 496
9.0833 499
9.1 502
9.1167 505
9.1333 508
9.15 511
9.1667 514
9.1833 517
9.2 520
9.2167 523
9.2333 526
9.25 529
9.2667 532
9.2833 535
9.3 538
9.3167 541
9.3333 544
9.35 546
9.3667 549
9.3833 552
9.4 555
9.4167 558
9.4333 561
9.45 564
9.4667 567
9.4833 570
9.5 572
9.5167 575
9.5333 578
9.55 581
9.5667 584
9.5833 587
9.6 589
9.6167 592
9.6333 595
9.65 598
9.6667 600
9.6833 603
9.7 606
9.7167 609
9.7333 611
9.75 614
9.7667 617
9.7833 619
9.8 622
9.8167 625
9.8333 627
9.85 630
9.8667 633
9.8833 635
9.9 638
9.9167 641
9.9333 643
9.95 646
9.9667 648
9.9833 651
10.0 653
10.0167 656
10.0333 658
10.05 661
10.0667 663
10.0833 666
10.1 668
10.1167 671
10.1333 673
10.15 676
10.1667 678
10.1833 680
10.2 683
10.2167 685
10.2333 688
10.25 690
10.2667 692
10.2833 695
10.3 697
10.3167 699
10.3333 701
10.35 704
10.3667 706
10.3833 708
10.4 710
10.4167 713
10.4333 715
10.45 717
10.4667 719
10.4833 721
10.5 724
10.5167 726
10.5333 728
10.55 730
10.5667 732
10.5833 734
10.6 736
10.6167 738
10.6333 740
10.65 742
10.6667 744
10.6833 746
10.7 748
10.7167 750
10.7333 752
10.75 754
10.7667 756
10.7833 758
10.8 760
10.8167 762
10.8333 763
10.85 765
10.8667 767
10.8833 769
10.9 771
10.9167 772
10.9333 774
10.95 776
10.9667 778
10.9833 779
11.0 781
11.0167 783
11.0333 785
11.05 786
11.0667 788
11.0833 789
11.1 791
11.1167 793
11.1333 794
11.15 796
11.1667 797
11.1833 799
11.2 800
11.2167 802
11.2333 803
11.25 805
11.2667 806
11.2833 808
11.3 809
11.3167 811
11.3333 812
11.35 813
11.3667 815
11.3833 816
11.4 817
11.4167 819
11.4333 820
11.45 821
11.4667 822
11.4833 824
11.5 825
11.5167 826
11.5333 827
11.55 828
11.5667 830
11.5833 831
11.6 832
11.6167 833
11.6333 834
11.65 835
11.6667 836
11.6833 837
11.7 838
11.7167 839
11.7333 840
11.75 841
11.7667 842
11.7833 843
11.8 844
11.8167 845
11.8333 846
11.85 847
11.8667 847
11.8833 848
11.9 849
11.9167 850
11.9333 851
11.95 851
11.9667 852
11.9833 853
12.0 854
12.0167 854
12.0333 855
12.05 856
12.0667 856
12.0833 857
12.1 858
12.1167 858
12.1333 859
12.15 859
12.1667 860
12.1833 860
12.2 861
12.2167 861
12.2333 862
12.25 862
12.2667 863
12.2833 863
12.3 863
12.3167 864
12.3333 864
12.35 864
12.3667 865
12.3833 865
12.4 865
12.4167 866
12.4333 866
12.45 866
12.4667 866
12.4833 867
12.5 867
12.5167 867
12.5333 867
12.55 867
12.5667 867
12.5833 867
12.6 867
12.6167 868
12.6333 868
12.65 868
12.6667 868
12.6833 868
12.7 868
12.7167 867
12.7333 867
12.75 867
12.7667 867
12.7833 867
12.8 867
12.8167 867
12.8333 867
12.85 866
12.8667 866
12.8833 866
12.9 866
12.9167 865
12.9333 865
12.95 865
12.9667 865
12.9833 864
13.0 864
13.0167 864
13.0333 863
13.05 863
13.0667 862
13.0833 862
13.1 861
13.1167 861
13.1333 860
13.15 860
13.1667 859
13.1833 859
13.2 858
13.2167 858
13.2333 857
13.25 856
13.2667 856
13.2833 855
13.3 855
13.3167 854
13.3333 853
13.35 852
13.3667 852
13.3833 851
13.4 850
13.4167 849
13.4333 849
13.45 848
13.4667 847
13.4833 846
13.5 845
13.5167 844
13.5333 843
13.55 842
13.5667 841
13.5833 841
13.6 840
13.6167 839
13.6333 838
13.65 837
13.6667 835
13.6833 834
13.7 833
13.7167 832
13.7333 831
13.75 830
13.7667 829
13.7833 828
13.8 826
13.8167 825
13.8333 824
13.85 823
13.8667 822
13.8833 820
13.9 819
13.9167 818
13.9333 816
13.95 815
13.9667 814
13.9833 812
14.0 811
14.0167 810
14.0333 808
14.05 807
14.0667 805
14.0833 804
14.1 802
14.1167 801
14.1333 799
14.15 798
14.1667 796
14.1833 795
14.2 793
14.2167 792
14.2333 790
14.25 788
14.2667 787
14.2833 785
14.3 783
14.3167 782
14.3333 780
14.35 778
14.3667 777
14.3833 775
14.4 773
14.4167 771
14.4333 770
14.45 768
14.4667 766
14.4833 764
14.5 762
14.5167 760
14.5333 758
14.55 757
14.5667 755
14.5833 753
14.6 751
14.6167 749
14.6333 747
14.65 745
14.6667 743
14.6833 741
14.7 739
14.7167 737
14.7333 735
14.75 733
14.7667 731
14.7833 728
14.8 726
14.8167 724
14.8333 722
14.85 720
14.8667 718
14.8833 716
14.9 713
14.9167 711
14.9333 709
14.95 707
14.9667 704
14.9833 702
15.0 700
15.0167 698
15.0333 695
15.05 693
15.0667 691
15.0833 688
15.1 686
15.1167 684
15.1333 681
15.15 679
15.1667 677
15.1833 674
15.2 672
15.2167 669
15.2333 667
15.25 664
15.2667 662
15.2833 659
15.3 657
15.3167 654
15.3333 652
15.35 649
15.3667 647
15.3833 644
15.4 642
15.4167 639
15.4333 636
15.45 634
15.4667 631
15.4833 629
15.5 626
15.5167 623
15.5333 621
15.55 618
15.5667 615
15.5833 613
15.6 610
15.6167 607
15.6333 604
15.65 602
15.6667 599
15.6833 596
15.7 593
15.7167 591
15.7333 588
15.75 585
15.7667 582
15.7833 579
15.8 576
15.8167 574
15.8333 571
15.85 568
15.8667 565
15.8833 562
15.9 559
15.9167 556
15.9333 554
15.95 551
15.9667 548
15.9833 545
16.0 542
16.0167 539
16.0333 536
16.05 533
16.0667 530
16.0833 527
16.1 524
16.1167 521
16.1333 518
16.15 515
16.1667 512
16.1833 509
16.2 506
16.2167 503
16.2333 500
16.25 497
16.2667 494
16.2833 491
16.3 488
16.3167 485
16.3333 481
16.35 478
16.3667 475
16.3833 472
16.4 469
16.4167 466
16.4333 463
16.45 460
16.4667 457
16.4833 453
16.5 450
16.5167 447
16.5333 444
16.55 441
16.5667 438
16.5833 435
16.6 431
16.6167 428
16.6333 425
16.65 422
16.6667 419
16.6833 416
16.7 412
16.7167 409
16.7333 406
16.75 403
16.7667 400
16.7833 396
16.8 393
16.8167 390
16.8333 387
16.85 384
16.8667 380
16.8833 377
16.9 374
16.9167 371
16.9333 368
16.95 364
16.9667 361
16.9833 358
