8.0 220
8.0167 223
8.0333 227
8.05 230
8.0667 233
8.0833 236
8.1 239
8.1167 243
8.1333 246
8.15 249
8.1667 252
8.1833 256
8.2 259
8.2167 262
8.2333 265
8.25 269
8.2667 272
8.2833 275
8.3 279
8.3167 282
8.3333 285
8.35 288
8.3667 292
8.3833 295
8.4 298
8.4167 302
8.4333 305
8.45 308
8.4667 311
8.4833 315
8.5 318
8.5167 321
8.5333 325
8.55 328
8.5667 331
8.5833 335
8.6 338
8.6167 341
8.6333 345
8.65 348
8.6667 351
8.6833 355
8.7 358
8.7167 361
8.7333 364
8.75 368
8.7667 371
8.7833 374
8.8 378
8.8167 381
8.8333 384
8.85 388
8.8667 391
8.8833 394
8.9 397
8.9167 401
8.9333 404
8.95 407
8.9667 410
8.9833 414
9.0 417
9.0167 420
9.0333 423
9.05 426
9.0667 430
9.0833 433
9.1 436
9.1167 439
9.1333 443
9.15 446
9.1667 449
9.1833 452
9.2 455
9.2167 459
9.2333 462
9.25 465
9.2667 468
9.2833 471
9.3 474
9.3167 477
9.3333 481
9.35 484
9.3667 487
9.3833 490
9.4 493
9.4167 496
9.4333 499
9.45 502
9.4667 505
9.4833 508
9.5 511
9.5167 515
9.5333 518
9.55 521
9.5667 524
9.5833 527
9.6 530
9.6167 533
9.6333 536
9.65 538
9.6667 541
9.6833 544
9.7 547
9.7167 550
9.7333 553
9.75 556
9.7667 559
9.7833 562
9.8 565
9.8167 568
9.8333 570
9.85 573
9.8667 576
9.8833 579
9.9 582
9.9167 584
9.9333 587
9.95 590
9.9667 593
9.9833 596
10.0 598
10.0167 601
10.0333 604
10.05 606
10.0667 609
10.0833 612
10.1 614
10.1167 617
10.1333 620
10.15 622
10.1667 625
10.1833 628
10.2 630
10.2167 633
10.2333 635
10.25 638
10.2667 640
10.2833 643
10.3 645
10.3167 648
10.3333 650
10.35 653
10.3667 655
10.3833 658
10.4 660
10.4167 662
10.4333 665
10.45 667
10.4667 670
10.4833 672
10.5 674
10.5167 677
10.5333 679
10.55 681
10.5667 683
10.5833 686
10.6 688
10.6167 690
10.6333 692
10.65 695
10.6667 697
10.6833 699
10.7 701
10.7167 703
10.7333 705
10.75 707
10.7667 710
10.7833 712
10.8 714
10.8167 716
10.8333 718
10.85 720
10.8667 722
10.8833 724
10.9 726
10.9167 728
10.9333 730
10.95 732
10.9667 733
10.9833 735
11.0 737
11.0167 739
11.0333 741
11.05 743
11.0667 745
11.0833 746
11.1 748
11.1167 750
11.1333 752
11.15 753
11.1667 755
11.1833 757
11.2 758
11.2167 760
11.2333 762
11.25 763
11.2667 765
11.2833 766
11.3 768
11.3167 770
11.3333 771
11.35 773
11.3667 774
11.3833 776
11.4 777
11.4167 779
11.4333 780
11.45 781
11.4667 783
11.4833 784
11.5 786
11.5167 787
11.5333 788
11.55 790
11.5667 791
11.5833 792
11.6 793
11.6167 795
11.6333 796
11.65 797
11.6667 798
11.6833 799
11.7 800
11.7167 802
11.7333 803
11.75 804
11.7667 805
11.7833 806
11.8 807
11.8167 808
11.8333 809
11.85 810
11.8667 811
11.8833 812
11.9 813
11.9167 814
11.9333 815
11.95 815
11.9667 816
11.9833 817
12.0 818
12.0167 819
12.0333 820
12.05 820
12.0667 821
12.0833 822
12.1 822
12.1167 823
12.1333 824
12.15 825
12.1667 825
12.1833 826
12.2 826
12.2167 827
12.2333 827
12.25 828
12.2667 829
12.2833 829
12.3 829
12.3167 830
12.3333 830
12.35 831
12.3667 831
12.3833 832
12.4 832
12.4167 832
12.4333 833
12.45 833
12.4667 833
12.4833 834
12.5 834
12.5167 834
12.5333 834
12.55 834
12.5667 835
12.5833 835
12.6 835
12.6167 835
12.6333 835
12.65 835
12.6667 835
12.6833 835
12.7 835
12.7167 835
12.7333 835
12.75 835
12.7667 835
12.7833 835
12.8 835
12.8167 835
12.8333 835
12.85 835
12.8667 835
12.8833 834
12.9 834
12.9167 834
12.9333 834
12.95 833
12.9667 833
12.9833 833
13.0 833
13.0167 832
13.0333 832
13.05 831
13.0667 831
13.0833 831
13.1 830
13.1167 830
13.1333 829
13.15 829
13.1667 828
13.1833 828
13.2 827
13.2167 827
13.2333 826
13.25 826
13.2667 825
13.2833 824
13.3 824
13.3167 823
13.3333 822
13.35 822
13.3667 821
13.3833 820
13.4 819
13.4167 818
13.4333 818
13.45 817
13.4667 816
13.4833 815
13.5 814
13.5167 813
13.5333 812
13.55 812
13.5667 811
13.5833 810
13.6 809
13.6167 808
13.6333 807
13.65 806
13.6667 804
13.6833 803
13.7 802
13.7167 801
13.7333 800
13.75 799
13.7667 798
13.7833 797
13.8 795
13.8167 794
13.8333 793
13.85 792
13.8667 790
13.8833 789
13.9 788
13.9167 786
13.9333 785
13.95 784
13.9667 782
13.9833 781
14.0 779
14.0167 778
14.0333 777
14.05 775
14.0667 774
14.0833 772
14.1 771
14.1167 769
14.1333 767
14.15 766
14.1667 764
14.1833 763
14.2 761
14.2167 759
14.2333 758
14.25 756
14.2667 754
14.2833 753
14.3 751
14.3167 749
14.3333 747
14.35 746
14.3667 744
14.3833 742
14.4 740
14.4167 738
14.4333 737
14.45 735
14.4667 733
14.4833 731
14.5 729
14.5167 727
14.5333 725
14.55 723
14.5667 721
14.5833 719
14.6 717
14.6167 715
14.6333 713
14.65 711
14.6667 709
14.6833 707
14.7 705
14.7167 702
14.7333 700
14.75 698
14.7667 696
14.7833 694
14.8 692
14.8167 689
14.8333 687
14.85 685
14.8667 683
14.8833 680
14.9 678
14.9167 676
14.9333 673
14.95 671
14.9667 669
14.9833 666
15.0 663
15.0167 661
15.0333 659
15.05 656
15.0667 654
15.0833 651
15.1 649
15.1167 646
15.1333 644
15.15 641
15.1667 639
15.1833 636
15.2 634
15.2167 631
15.2333 629
15.25 626
15.2667 623
15.2833 621
15.3 618
15.3167 615
15.3333 613
15.35 610
15.3667 607
15.3833 605
15.4 602
15.4167 599
15.4333 597
15.45 594
15.4667 591
15.4833 588
15.5 586
15.5167 583
15.5333 580
15.55 577
15.5667 574
15.5833 572
15.6 569
15.6167 566
15.6333 563
15.65 560
15.6667 557
15.6833 554
15.7 551
15.7167 548
15.7333 546
15.75 543
15.7667 540
15.7833 537
15.8 534
15.8167 531
15.8333 528
15.85 525
15.8667 522
15.8833 519
15.9 516
15.9167 513
15.9333 510
15.95 507
15.9667 504
15.9833 500
16.0 497
16.0167 494
16.0333 491
16.05 488
16.0667 485
16.0833 482
16.1 479
16.1167 476
16.1333 472
16.15 469
16.1667 466
16.1833 463
16.2 460
16.2167 457
16.2333 453
16.25 450
16.2667 447
16.2833 444
16.3 441
16.3167 437
16.3333 434
16.35 431
16.3667 428
16.3833 425
16.4 421
16.4167 418
16.4333 415
16.45 412
16.4667 408
16.4833 405
16.5 402
16.5167 398
16.5333 395
16.55 392
16.5667 389
16.5833 385
16.6 382
16.6167 379
16.6333 375
16.65 372
16.6667 369
16.6833 366
16.7 362
16.7167 359
16.7333 356
16.75 352
16.7667 349
16.7833 346
16.8 342
16.8167 339
16.8333 336
16.85 332
16.8667 329
16.8833 326
16.9 323
16.9167 319
16.9333 316
16.95 313
16.9667 309
16.9833 306
