8.0 218
8.0167 221
8.0333 224
8.05 227
8.0667 230
8.0833 233
8.1 236
8.1167 239
8.1333 242
8.15 245
8.1667 248
8.1833 251
8.2 254
8.2167 257
8.2333 260
8.25 263
8.2667 266
8.2833 269
8.3 272
8.3167 276
8.3333 279
8.35 282
8.3667 285
8.3833 288
8.4 291
8.4167 294
8.4333 297
8.45 300
8.4667 303
8.4833 306
8.5 310
8.5167 313
8.5333 316
8.55 319
8.5667 322
8.5833 325
8.6 328
8.6167 331
8.6333 335
8.65 338
8.6667 341
8.6833 344
8.7 347
8.7167 350
8.7333 353
8.75 356
8.7667 360
8.7833 363
8.8 366
8.8167 369
8.8333 372
8.85 375
8.8667 378
8.8833 381
8.9 384
8.9167 387
8.9333 391
8.95 394
8.9667 397
8.9833 400
9.0 403
9.0167 406
9.0333 409
9.05 412
9.0667 415
9.0833 418
9.1 421
9.1167 424
9.1333 427
9.15 430
9.1667 433
9.1833 436
9.2 439
9.2167 442
9.2333 445
9.25 448
9.2667 451
9.2833 454
9.3 457
9.3167 460
9.3333 463
9.35 466
9.3667 469
9.3833 472
9.4 475
9.4167 478
9.4333 481
9.45 484
9.4667 487
9.4833 490
9.5 493
9.5167 496
9.5333 499
9.55 501
9.5667 504
9.5833 507
9.6 510
9.6167 513
9.6333 516
9.65 519
9.6667 521
9.6833 524
9.7 527
9.7167 530
9.7333 533
9.75 535
9.7667 538
9.7833 541
9.8 544
9.8167 547
9.8333 549
9.85 552
9.8667 555
9.8833 557
9.9 560
9.9167 563
9.9333 565
9.95 568
9.9667 571
9.9833 573
10.0 576
10.0167 579
10.0333 581
10.05 584
10.0667 586
10.0833 589
10.1 592
10.1167 594
10.1333 597
10.15 599
10.1667 602
10.1833 604
10.2 607
10.2167 609
10.2333 612
10.25 614
10.2667 617
10.2833 619
10.3 621
10.3167 624
10.3333 626
10.35 629
10.3667 631
10.3833 633
10.4 636
10.4167 638
10.4333 640
10.45 643
10.4667 645
10.4833 647
10.5 649
10.5167 652
10.5333 654
10.55 656
10.5667 658
10.5833 661
10.6 663
10.6167 665
10.6333 667
10.65 669
10.6667 671
10.6833 673
10.7 676
10.7167 678
10.7333 680
10.75 682
10.7667 684
10.7833 686
10.8 688
10.8167 690
10.8333 692
10.85 694
10.8667 696
10.8833 698
10.9 700
10.9167 702
10.9333 703
10.95 705
10.9667 707
10.9833 709
11.0 711
11.0167 713
11.0333 715
11.05 716
11.0667 718
11.0833 720
11.1 722
11.1167 723
11.1333 725
11.15 727
11.1667 728
11.1833 730
11.2 732
11.2167 733
11.2333 735
11.25 737
11.2667 738
11.2833 740
11.3 741
11.3167 743
11.3333 744
11.35 746
11.3667 747
11.3833 749
11.4 750
11.4167 752
11.4333 753
11.45 755
11.4667 756
11.4833 757
11.5 759
11.5167 760
11.5333 761
11.55 763
11.5667 764
11.5833 765
11.6 766
11.6167 768
11.6333 769
11.65 770
11.6667 771
11.6833 773
11.7 774
11.7167 775
11.7333 776
11.75 777
11.7667 778
11.7833 779
11.8 780
11.8167 781
11.8333 782
11.85 783
11.8667 784
11.8833 785
11.9 786
11.9167 787
11.9333 788
11.95 789
11.9667 790
11.9833 791
12.0 791
12.0167 792
12.0333 793
12.05 794
12.0667 795
12.0833 795
12.1 796
12.1167 797
12.1333 798
12.15 798
12.1667 799
12.1833 800
12.2 800
12.2167 801
12.2333 801
12.25 802
12.2667 803
12.2833 803
12.3 804
12.3167 804
12.3333 805
12.35 805
12.3667 806
12.3833 806
12.4 806
12.4167 807
12.4333 807
12.45 808
12.4667 808
12.4833 808
12.5 809
12.5167 809
12.5333 809
12.55 809
12.5667 810
12.5833 810
12.6 810
12.6167 810
12.6333 810
12.65 811
12.6667 811
12.6833 811
12.7 811
12.7167 811
12.7333 811
12.75 811
12.7667 811
12.7833 811
12.8 811
12.8167 811
12.8333 811
12.85 811
12.8667 811
12.8833 811
12.9 811
12.9167 810
12.9333 810
12.95 810
12.9667 810
12.9833 810
13.0 809
13.0167 809
13.0333 809
13.05 809
13.0667 808
13.0833 808
13.1 808
13.1167 807
13.1333 807
13.15 807
13.1667 806
13.1833 806
13.2 805
13.2167 805
13.2333 804
13.25 804
13.2667 803
13.2833 803
13.3 802
13.3167 802
13.3333 801
13.35 800
13.3667 800
13.3833 799
13.4 799
13.4167 798
13.4333 797
13.45 796
13.4667 796
13.4833 795
13.5 794
13.5167 793
13.5333 793
13.55 792
13.5667 791
13.5833 790
13.6 789
13.6167 788
13.6333 787
13.65 786
13.6667 786
13.6833 785
13.7 784
13.7167 783
13.7333 782
13.75 781
13.7667 779
13.7833 778
13.8 777
13.8167 776
13.8333 775
13.85 774
13.8667 773
13.8833 772
13.9 770
13.9167 769
13.9333 768
13.95 767
13.9667 766
13.9833 764
14.0 763
14.0167 762
14.0333 760
14.05 759
14.0667 758
14.0833 756
14.1 755
14.1167 754
14.1333 752
14.15 751
14.1667 749
14.1833 748
14.2 746
14.2167 745
14.2333 743
14.25 742
14.2667 740
14.2833 739
14.3 737
14.3167 735
14.3333 734
14.35 732
14.3667 731
14.3833 729
14.4 727
14.4167 726
14.4333 724
14.45 722
14.4667 720
14.4833 719
14.5 717
14.5167 715
14.5333 713
14.55 711
14.5667 710
14.5833 708
14.6 706
14.6167 704
14.6333 702
14.65 700
14.6667 698
14.6833 696
14.7 694
14.7167 692
14.7333 690
14.75 688
14.7667 686
14.7833 684
14.8 682
14.8167 680
14.8333 678
14.85 676
14.8667 674
14.8833 672
14.9 670
14.9167 668
14.9333 666
14.95 663
14.9667 661
14.9833 659
15.0 657
15.0167 654
15.0333 652
15.05 650
15.0667 648
15.0833 645
15.1 643
15.1167 641
15.1333 638
15.15 636
15.1667 634
15.1833 631
15.2 629
15.2167 627
15.2333 624
15.25 622
15.2667 619
15.2833 617
15.3 615
15.3167 612
15.3333 610
15.35 607
15.3667 605
15.3833 602
15.4 600
15.4167 597
15.4333 595
15.45 592
15.4667 589
15.4833 587
15.5 584
15.5167 582
15.5333 579
15.55 576
15.5667 574
15.5833 571
15.6 569
15.6167 566
15.6333 563
15.65 561
15.6667 558
15.6833 555
15.7 552
15.7167 550
15.7333 547
15.75 544
15.7667 541
15.7833 539
15.8 536
15.8167 533
15.8333 530
15.85 528
15.8667 525
15.8833 522
15.9 519
15.9167 516
15.9333 513
15.95 511
15.9667 508
15.9833 505
16.0 502
16.0167 499
16.0333 496
16.05 493
16.0667 490
16.0833 487
16.1 485
16.1167 482
16.1333 479
16.15 476
16.1667 473
16.1833 470
16.2 467
16.2167 464
16.2333 461
16.25 458
16.2667 455
16.2833 452
16.3 449
16.3167 446
16.3333 443
16.35 440
16.3667 437
16.3833 434
16.4 431
16.4167 428
16.4333 425
16.45 422
16.4667 419
16.4833 415
16.5 412
16.5167 409
16.5333 406
16.55 403
16.5667 400
16.5833 397
16.6 394
16.6167 391
16.6333 388
16.65 385
16.6667 382
16.6833 378
16.7 375
16.7167 372
16.7333 369
16.75 366
16.7667 363
16.7833 360
16.8 357
16.8167 354
16.8333 350
16.85 347
16.8667 344
16.8833 341
16.9 338
16.9167 335
16.9333 332
16.95 329
16.9667 325
16.9833 322
