9.0 484
9.0167 487
9.0333 490
9.05 493
9.0667 497
9.0833 500
9.1 503
9.1167 507
9.1333 510
9.15 513
9.1667 516
9.1833 520
9.2 523
9.2167 526
9.2333 529
9.25 533
9.2667 536
9.2833 539
9.3 542
9.3167 546
9.3333 549
9.35 552
9.3667 555
9.3833 558
9.4 561
9.4167 565
9.4333 568
9.45 571
9.4667 574
9.4833 577
9.5 580
9.5167 583
9.5333 586
9.55 589
9.5667 593
9.5833 596
9.6 599
9.6167 602
9.6333 605
9.65 608
9.6667 611
9.6833 614
9.7 617
9.7167 620
9.7333 623
9.75 626
9.7667 629
9.7833 632
9.8 634
9.8167 637
9.8333 640
9.85 643
9.8667 646
9.8833 649
9.9 652
9.9167 655
9.9333 657
9.95 660
9.9667 663
9.9833 666
10.0 669
10.0167 671
10.0333 674
10.05 677
10.0667 680
10.0833 682
10.1 685
10.1167 688
10.1333 690
10.15 693
10.1667 696
10.1833 698
10.2 701
10.2167 704
10.2333 706
10.25 709
10.2667 711
10.2833 714
10.3 717
10.3167 719
10.3333 722
10.35 724
10.3667 727
10.3833 729
10.4 732
10.4167 734
10.4333 737
10.45 739
10.4667 741
10.4833 744
10.5 746
10.5167 749
10.5333 751
10.55 753
10.5667 756
10.5833 758
10.6 760
10.6167 762
10.6333 765
10.65 767
10.6667 769
10.6833 771
10.7 774
10.7167 776
10.7333 778
10.75 780
10.7667 782
10.7833 784
10.8 787
10.8167 789
10.8333 791
10.85 793
10.8667 795
10.8833 797
10.9 799
10.9167 801
10.9333 803
10.95 805
10.9667 807
10.9833 809
11.0 811
11.0167 813
11.0333 815
11.05 817
11.0667 818
11.0833 820
11.1 822
11.1167 824
11.1333 826
11.15 827
11.1667 829
11.1833 831
11.2 833
11.2167 834
11.2333 836
11.25 838
11.2667 839
11.2833 841
11.3 843
11.3167 844
11.3333 846
11.35 848
11.3667 849
11.3833 851
11.4 852
11.4167 854
11.4333 855
11.45 857
11.4667 858
11.4833 860
11.5 861
11.5167 862
11.5333 864
11.55 865
11.5667 867
11.5833 868
11.6 869
11.6167 871
11.6333 872
11.65 873
11.6667 874
11.6833 876
11.7 877
11.7167 878
11.7333 879
11.75 880
11.7667 882
11.7833 883
11.8 884
11.8167 885
11.8333 886
11.85 887
11.8667 888
11.8833 889
11.9 890
11.9167 891
11.9333 892
11.95 893
11.9667 894
11.9833 895
12.0 896
12.0167 897
12.0333 898
12.05 898
12.0667 899
12.0833 900
12.1 901
12.1167 902
12.1333 902
12.15 903
12.1667 904
12.1833 905
12.2 905
12.2167 906
12.2333 907
12.25 907
12.2667 908
12.2833 908
12.3 909
12.3167 909
12.3333 910
12.35 911
12.3667 911
12.3833 912
12.4 912
12.4167 912
12.4333 913
12.45 913
12.4667 914
12.4833 914
12.5 914
12.5167 915
12.5333 915
12.55 915
12.5667 916
12.5833 916
12.6 916
12.6167 916
12.6333 916
12.65 917
12.6667 917
12.6833 917
12.7 917
12.7167 917
12.7333 917
12.75 917
12.7667 917
12.7833 917
12.8 917
12.8167 917
12.8333 917
12.85 917
12.8667 917
12.8833 917
12.9 917
12.9167 917
12.9333 917
12.95 917
12.9667 917
12.9833 916
13.0 916
13.0167 916
13.0333 916
13.05 915
13.0667 915
13.0833 915
13.1 915
13.1167 914
13.1333 914
13.15 914
13.1667 913
13.1833 913
13.2 912
13.2167 912
13.2333 911
13.25 911
13.2667 910
13.2833 910
13.3 909
13.3167 909
13.3333 908
13.35 908
13.3667 907
13.3833 906
13.4 906
13.4167 905
13.4333 904
13.45 904
13.4667 903
13.4833 902
13.5 901
13.5167 901
13.5333 900
13.55 899
13.5667 898
13.5833 897
13.6 896
13.6167 896
13.6333 895
13.65 894
13.6667 893
13.6833 892
13.7 891
13.7167 890
13.7333 889
13.75 888
13.7667 887
13.7833 886
13.8 885
13.8167 883
13.8333 882
13.85 881
13.8667 880
13.8833 879
13.9 878
13.9167 877
13.9333 875
13.95 874
13.9667 873
13.9833 871
14.0 870
14.0167 869
14.0333 868
14.05 866
14.0667 865
14.0833 863
14.1 862
14.1167 861
14.1333 859
14.15 858
14.1667 856
14.1833 855
14.2 853
14.2167 852
14.2333 850
14.25 849
14.2667 847
14.2833 846
14.3 844
14.3167 842
14.3333 841
14.35 839
14.3667 837
14.3833 836
14.4 834
14.4167 832
14.4333 830
14.45 829
14.4667 827
14.4833 825
14.5 823
14.5167 821
14.5333 820
14.55 818
14.5667 816
14.5833 814
14.6 812
14.6167 810
14.6333 808
14.65 806
14.6667 804
14.6833 802
14.7 800
14.7167 798
14.7333 796
14.75 794
14.7667 792
14.7833 790
14.8 788
14.8167 786
14.8333 784
14.85 782
14.8667 780
14.8833 777
14.9 775
14.9167 773
14.9333 771
14.95 769
14.9667 766
14.9833 764
15.0 762
15.0167 759
15.0333 757
15.05 755
15.0667 752
15.0833 750
15.1 748
15.1167 745
15.1333 743
15.15 741
15.1667 738
15.1833 736
15.2 733
15.2167 731
15.2333 728
15.25 726
15.2667 723
15.2833 721
15.3 718
15.3167 716
15.3333 713
15.35 711
15.3667 708
15.3833 705
15.4 703
15.4167 700
15.4333 698
15.45 695
15.4667 692
15.4833 690
15.5 687
15.5167 684
15.5333 681
15.55 679
15.5667 676
15.5833 673
15.6 670
15.6167 668
15.6333 665
15.65 662
15.6667 659
15.6833 656
15.7 654
15.7167 651
15.7333 648
15.75 645
15.7667 642
15.7833 639
15.8 636
15.8167 633
15.8333 630
15.85 628
15.8667 625
15.8833 622
15.9 619
15.9167 616
15.9333 613
15.95 610
15.9667 607
15.9833 604
