9.0 503
9.0167 506
9.0333 510
9.05 513
9.0667 516
9.0833 520
9.1 523
9.1167 526
9.1333 529
9.15 533
9.1667 536
9.1833 539
9.2 543
9.2167 546
9.2333 549
9.25 552
9.2667 555
9.2833 559
9.3 562
9.3167 565
9.3333 568
9.35 571
9.3667 575
9.3833 578
9.4 581
9.4167 584
9.4333 587
9.45 590
9.4667 593
9.4833 596
9.5 600
9.5167 603
9.5333 606
9.55 609
9.5667 612
9.5833 615
9.6 618
9.6167 621
9.6333 624
9.65 627
9.6667 630
9.6833 633
9.7 636
9.7167 639
9.7333 642
9.75 645
9.7667 648
9.7833 651
9.8 653
9.8167 656
9.8333 659
9.85 662
9.8667 665
9.8833 668
9.9 671
9.9167 673
9.9333 676
9.95 679
9.9667 682
9.9833 685
10.0 687
10.0167 690
10.0333 693
10.05 696
10.0667 698
10.0833 701
10.1 704
10.1167 706
10.1333 709
10.15 712
10.1667 714
10.1833 717
10.2 719
10.2167 722
10.2333 725
10.25 727
10.2667 730
10.2833 732
10.3 735
10.3167 737
10.3333 740
10.35 742
10.3667 745
10.3833 747
10.4 750
10.4167 752
10.4333 754
10.45 757
10.4667 759
10.4833 762
10.5 764
10.5167 766
10.5333 769
10.55 771
10.5667 773
10.5833 775
10.6 778
10.6167 780
10.6333 782
10.65 784
10.6667 787
10.6833 789
10.7 791
10.7167 793
10.7333 795
10.75 798
10.7667 800
10.7833 802
10.8 804
10.8167 806
10.8333 808
10.85 810
10.8667 812
10.8833 814
10.9 816
10.9167 818
10.9333 820
10.95 822
10.9667 824
10.9833 826
11.0 828
11.0167 830
11.0333 831
11.05 833
11.0667 835
11.0833 837
11.1 839
11.1167 840
11.1333 842
11.15 844
11.1667 846
11.1833 847
11.2 849
11.2167 851
11.2333 853
11.25 854
11.2667 856
11.2833 857
11.3 859
11.3167 861
11.3333 862
11.35 864
11.3667 865
11.3833 867
11.4 868
11.4167 870
11.4333 871
11.45 873
11.4667 874
11.4833 876
11.5 877
11.5167 878
11.5333 880
11.55 881
11.5667 882
11.5833 884
11.6 885
11.6167 886
11.6333 888
11.65 889
11.6667 890
11.6833 891
11.7 892
11.7167 894
11.7333 895
11.75 896
11.7667 897
11.7833 898
11.8 899
11.8167 900
11.8333 901
11.85 902
11.8667 903
11.8833 904
11.9 905
11.9167 906
11.9333 907
11.95 908
11.9667 909
11.9833 910
12.0 911
12.0167 912
12.0333 913
12.05 913
12.0667 914
12.0833 915
12.1 916
12.1167 916
12.1333 917
12.15 918
12.1667 919
12.1833 919
12.2 920
12.2167 921
12.2333 921
12.25 922
12.2667 922
12.2833 923
12.3 923
12.3167 924
12.3333 924
12.35 925
12.3667 925
12.3833 926
12.4 926
12.4167 927
12.4333 927
12.45 928
12.4667 928
12.4833 928
12.5 929
12.5167 929
12.5333 929
12.55 929
12.5667 930
12.5833 930
12.6 930
12.6167 930
12.6333 930
12.65 931
12.6667 931
12.6833 931
12.7 931
12.7167 931
12.7333 931
12.75 931
12.7667 931
12.7833 931
12.8 931
12.8167 931
12.8333 931
12.85 931
12.8667 931
12.8833 931
12.9 931
12.9167 931
12.9333 930
12.95 930
12.9667 930
12.9833 930
13.0 930
13.0167 929
13.0333 929
13.05 929
13.0667 929
13.0833 928
13.1 928
13.1167 928
13.1333 927
13.15 927
13.1667 926
13.1833 926
13.2 925
13.2167 925
13.2333 925
13.25 924
13.2667 923
13.2833 923
13.3 922
13.3167 922
13.3333 921
13.35 921
13.3667 920
13.3833 919
13.4 919
13.4167 918
13.4333 917
13.45 917
13.4667 916
13.4833 915
13.5 914
13.5167 913
13.5333 913
13.55 912
13.5667 911
13.5833 910
13.6 909
13.6167 908
13.6333 907
13.65 906
13.6667 905
13.6833 904
13.7 903
13.7167 902
13.7333 901
13.75 900
13.7667 899
13.7833 898
13.8 897
13.8167 896
13.8333 895
13.85 894
13.8667 893
13.8833 891
13.9 890
13.9167 889
13.9333 888
13.95 886
13.9667 885
13.9833 884
14.0 883
14.0167 881
14.0333 880
14.05 879
14.0667 877
14.0833 876
14.1 874
14.1167 873
14.1333 871
14.15 870
14.1667 868
14.1833 867
14.2 865
14.2167 864
14.2333 862
14.25 861
14.2667 859
14.2833 858
14.3 856
14.3167 854
14.3333 853
14.35 851
14.3667 849
14.3833 848
14.4 846
14.4167 844
14.4333 842
14.45 841
14.4667 839
14.4833 837
14.5 835
14.5167 833
14.5333 832
14.55 830
14.5667 828
14.5833 826
14.6 824
14.6167 822
14.6333 820
14.65 818
14.6667 816
14.6833 814
14.7 812
14.7167 810
14.7333 808
14.75 806
14.7667 804
14.7833 802
14.8 800
14.8167 798
14.8333 796
14.85 794
14.8667 791
14.8833 789
14.9 787
14.9167 785
14.9333 783
14.95 780
14.9667 778
14.9833 776
15.0 773
15.0167 771
15.0333 769
15.05 767
15.0667 764
15.0833 762
15.1 759
15.1167 757
15.1333 755
15.15 752
15.1667 750
15.1833 747
15.2 745
15.2167 743
15.2333 740
15.25 738
15.2667 735
15.2833 733
15.3 730
15.3167 727
15.3333 725
15.35 722
15.3667 720
15.3833 717
15.4 714
15.4167 712
15.4333 709
15.45 707
15.4667 704
15.4833 701
15.5 699
15.5167 696
15.5333 693
15.55 690
15.5667 688
15.5833 685
15.6 682
15.6167 679
15.6333 677
15.65 674
15.6667 671
15.6833 668
15.7 665
15.7167 662
15.7333 660
15.75 657
15.7667 654
15.7833 651
15.8 648
15.8167 645
15.8333 642
15.85 639
15.8667 636
15.8833 633
15.9 630
15.9167 627
15.9333 624
15.95 621
15.9667 618
15.9833 615
