9.0 490
9.0167 494
9.0333 497
9.05 501
9.0667 504
9.0833 508
9.1 511
9.1167 515
9.1333 518
9.15 522
9.1667 525
9.1833 529
9.2 532
9.2167 536
9.2333 539
9.25 543
9.2667 546
9.2833 550
9.3 553
9.3167 556
9.3333 560
9.35 563
9.3667 567
9.3833 570
9.4 573
9.4167 577
9.4333 580
9.45 583
9.4667 587
9.4833 590
9.5 593
9.5167 597
9.5333 600
9.55 603
9.5667 606
9.5833 610
9.6 613
9.6167 616
9.6333 619
9.65 623
9.6667 626
9.6833 629
9.7 632
9.7167 635
9.7333 638
9.75 641
9.7667 645
9.7833 648
9.8 651
9.8167 654
9.8333 657
9.85 660
9.8667 663
9.8833 666
9.9 669
9.9167 672
9.9333 675
9.95 678
9.9667 681
9.9833 684
10.0 687
10.0167 690
10.0333 693
10.05 696
10.0667 699
10.0833 701
10.1 704
10.1167 707
10.1333 710
10.15 713
10.1667 716
10.1833 718
10.2 721
10.2167 724
10.2333 727
10.25 729
10.2667 732
10.2833 735
10.3 737
10.3167 740
10.3333 743
10.35 745
10.3667 748
10.3833 751
10.4 753
10.4167 756
10.4333 758
10.45 761
10.4667 763
10.4833 766
10.5 768
10.5167 771
10.5333 773
10.55 776
10.5667 778
10.5833 781
10.6 783
10.6167 785
10.6333 788
10.65 790
10.6667 792
10.6833 795
10.7 797
10.7167 799
10.7333 802
10.75 804
10.7667 806
10.7833 808
10.8 810
10.8167 813
10.8333 815
10.85 817
10.8667 819
10.8833 821
10.9 823
10.9167 825
10.9333 827
10.95 829
10.9667 831
10.9833 833
11.0 835
11.0167 837
11.0333 839
11.05 841
11.0667 843
11.0833 845
11.1 847
11.1167 849
11.1333 851
11.15 853
11.1667 854
11.1833 856
11.2 858
11.2167 860
11.2333 862
11.25 863
11.2667 865
11.2833 867
11.3 868
11.3167 870
11.3333 872
11.35 873
11.3667 875
11.3833 876
11.4 878
11.4167 880
11.4333 881
11.45 883
11.4667 884
11.4833 886
11.5 887
11.5167 888
11.5333 890
11.55 891
11.5667 893
11.5833 894
11.6 895
11.6167 897
11.6333 898
11.65 899
11.6667 901
11.6833 902
11.7 903
11.7167 904
11.7333 905
11.75 907
11.7667 908
11.7833 909
11.8 910
11.8167 911
11.8333 912
11.85 913
11.8667 914
11.8833 915
11.9 916
11.9167 917
11.9333 918
11.95 919
11.9667 920
11.9833 921
12.0 922
12.0167 923
12.0333 923
12.05 924
12.0667 925
12.0833 926
12.1 927
12.1167 927
12.1333 928
12.15 929
12.1667 929
12.1833 930
12.2 931
12.2167 931
12.2333 932
12.25 933
12.2667 933
12.2833 934
12.3 934
12.3167 935
12.3333 935
12.35 936
12.3667 936
12.3833 937
12.4 937
12.4167 937
12.4333 938
12.45 938
12.4667 938
12.4833 939
12.5 939
12.5167 939
12.5333 940
12.55 940
12.5667 940
12.5833 940
12.6 940
12.6167 941
12.6333 941
12.65 941
12.6667 941
12.6833 941
12.7 941
12.7167 941
12.7333 941
12.75 941
12.7667 941
12.7833 941
12.8 941
12.8167 941
12.8333 941
12.85 940
12.8667 940
12.8833 940
12.9 940
12.9167 940
12.9333 940
12.95 939
12.9667 939
12.9833 939
13.0 938
13.0167 938
13.0333 938
13.05 937
13.0667 937
13.0833 937
13.1 936
13.1167 936
13.1333 935
13.15 935
13.1667 934
13.1833 934
13.2 933
13.2167 933
13.2333 932
13.25 931
13.2667 931
13.2833 930
13.3 929
13.3167 929
13.3333 928
13.35 927
13.3667 927
13.3833 926
13.4 925
13.4167 924
13.4333 923
13.45 923
13.4667 922
13.4833 921
13.5 920
13.5167 919
13.5333 918
13.55 917
13.5667 916
13.5833 915
13.6 914
13.6167 913
13.6333 912
13.65 911
13.6667 910
13.6833 909
13.7 908
13.7167 906
13.7333 905
13.75 904
13.7667 903
13.7833 902
13.8 900
13.8167 899
13.8333 898
13.85 897
13.8667 895
13.8833 894
13.9 892
13.9167 891
13.9333 890
13.95 888
13.9667 887
13.9833 885
14.0 884
14.0167 882
14.0333 881
14.05 879
14.0667 878
14.0833 876
14.1 875
14.1167 873
14.1333 871
14.15 870
14.1667 868
14.1833 867
14.2 865
14.2167 863
14.2333 861
14.25 860
14.2667 858
14.2833 856
14.3 854
14.3167 852
14.3333 851
14.35 849
14.3667 847
14.3833 845
14.4 843
14.4167 841
14.4333 839
14.45 837
14.4667 835
14.4833 833
14.5 831
14.5167 829
14.5333 827
14.55 825
14.5667 823
14.5833 821
14.6 819
14.6167 817
14.6333 815
14.65 812
14.6667 810
14.6833 808
14.7 806
14.7167 804
14.7333 801
14.75 799
14.7667 797
14.7833 794
14.8 792
14.8167 790
14.8333 787
14.85 785
14.8667 783
14.8833 780
14.9 778
14.9167 775
14.9333 773
14.95 771
14.9667 768
14.9833 766
15.0 762
15.0167 760
15.0333 757
15.05 755
15.0667 752
15.0833 750
15.1 747
15.1167 744
15.1333 742
15.15 739
15.1667 736
15.1833 734
15.2 731
15.2167 728
15.2333 726
15.25 723
15.2667 720
15.2833 717
15.3 715
15.3167 712
15.3333 709
15.35 706
15.3667 703
15.3833 700
15.4 698
15.4167 695
15.4333 692
15.45 689
15.4667 686
15.4833 683
15.5 680
15.5167 677
15.5333 674
15.55 671
15.5667 668
15.5833 665
15.6 662
15.6167 659
15.6333 656
15.65 653
15.6667 650
15.6833 647
15.7 644
15.7167 640
15.7333 637
15.75 634
15.7667 631
15.7833 628
15.8 625
15.8167 622
15.8333 618
15.85 615
15.8667 612
15.8833 609
15.9 605
15.9167 602
15.9333 599
15.95 596
15.9667 592
15.9833 589
