9.0 480
9.0167 483
9.0333 486
9.05 490
9.0667 493
9.0833 497
9.1 500
9.1167 504
9.1333 507
9.15 510
9.1667 514
9.1833 517
9.2 520
9.2167 524
9.2333 527
9.25 530
9.2667 534
9.2833 537
9.3 540
9.3167 544
9.3333 547
9.35 550
9.3667 554
9.3833 557
9.4 560
9.4167 564
9.4333 567
9.45 570
9.4667 573
9.4833 576
9.5 580
9.5167 583
9.5333 586
9.55 589
9.5667 592
9.5833 596
9.6 599
9.6167 602
9.6333 605
9.65 608
9.6667 611
9.6833 614
9.7 617
9.7167 620
9.7333 624
9.75 627
9.7667 630
9.7833 633
9.8 636
9.8167 639
9.8333 642
9.85 645
9.8667 648
9.8833 651
9.9 654
9.9167 656
9.9333 659
9.95 662
9.9667 665
9.9833 668
10.0 671
10.0167 674
10.0333 677
10.05 679
10.0667 682
10.0833 685
10.1 688
10.1167 691
10.1333 693
10.15 696
10.1667 699
10.1833 702
10.2 704
10.2167 707
10.2333 710
10.25 712
10.2667 715
10.2833 718
10.3 720
10.3167 723
10.3333 726
10.35 728
10.3667 731
10.3833 733
10.4 736
10.4167 738
10.4333 741
10.45 743
10.4667 746
10.4833 748
10.5 751
10.5167 753
10.5333 756
10.55 758
10.5667 761
10.5833 763
10.6 765
10.6167 768
10.6333 770
10.65 772
10.6667 775
10.6833 777
10.7 779
10.7167 781
10.7333 784
10.75 786
10.7667 788
10.7833 790
10.8 792
10.8167 795
10.8333 797
10.85 799
10.8667 801
10.8833 803
10.9 805
10.9167 807
10.9333 809
10.95 811
10.9667 813
10.9833 815
11.0 817
11.0167 819
11.0333 821
11.05 823
11.0667 825
11.0833 827
11.1 829
11.1167 831
11.1333 832
11.15 834
11.1667 836
11.1833 838
11.2 840
11.2167 841
11.2333 843
11.25 845
11.2667 847
11.2833 848
11.3 850
11.3167 852
11.3333 853
11.35 855
11.3667 857
11.3833 858
11.4 860
11.4167 861
11.4333 863
11.45 864
11.4667 866
11.4833 867
11.5 869
11.5167 870
11.5333 872
11.55 873
11.5667 874
11.5833 876
11.6 877
11.6167 878
11.6333 880
11.65 881
11.6667 882
11.6833 884
11.7 885
11.7167 886
11.7333 887
11.75 888
11.7667 890
11.7833 891
11.8 892
11.8167 893
11.8333 894
11.85 895
11.8667 896
11.8833 897
11.9 898
11.9167 899
11.9333 900
11.95 901
11.9667 902
11.9833 903
12.0 904
12.0167 905
12.0333 906
12.05 907
12.0667 908
12.0833 908
12.1 909
12.1167 910
12.1333 911
12.15 911
12.1667 912
12.1833 913
12.2 914
12.2167 914
12.2333 915
12.25 915
12.2667 916
12.2833 917
12.3 917
12.3167 918
12.3333 918
12.35 919
12.3667 919
12.3833 920
12.4 920
12.4167 921
12.4333 921
12.45 922
12.4667 922
12.4833 922
12.5 923
12.5167 923
12.5333 923
12.55 924
12.5667 924
12.5833 924
12.6 924
12.6167 924
12.6333 925
12.65 925
12.6667 925
12.6833 925
12.7 925
12.7167 925
12.7333 925
12.75 925
12.7667 925
12.7833 925
12.8 925
12.8167 925
12.8333 925
12.85 925
12.8667 925
12.8833 925
12.9 925
12.9167 925
12.9333 925
12.95 925
12.9667 924
12.9833 924
13.0 924
13.0167 924
13.0333 923
13.05 923
13.0667 923
13.0833 922
13.1 922
13.1167 922
13.1333 921
13.15 921
13.1667 920
13.1833 920
13.2 920
13.2167 919
13.2333 919
13.25 918
13.2667 917
13.2833 917
13.3 916
13.3167 916
13.3333 915
13.35 915
13.3667 914
13.3833 913
13.4 912
13.4167 912
13.4333 911
13.45 910
13.4667 909
13.4833 909
13.5 908
13.5167 907
13.5333 906
13.55 905
13.5667 904
13.5833 904
13.6 903
13.6167 902
13.6333 901
13.65 900
13.6667 899
13.6833 898
13.7 897
13.7167 896
13.7333 895
13.75 894
13.7667 892
13.7833 891
13.8 890
13.8167 889
13.8333 888
13.85 887
13.8667 885
13.8833 884
13.9 883
13.9167 882
13.9333 880
13.95 879
13.9667 878
13.9833 876
14.0 875
14.0167 874
14.0333 872
14.05 871
14.0667 869
14.0833 868
14.1 866
14.1167 865
14.1333 863
14.15 862
14.1667 860
14.1833 859
14.2 857
14.2167 856
14.2333 854
14.25 852
14.2667 851
14.2833 849
14.3 847
14.3167 846
14.3333 844
14.35 842
14.3667 840
14.3833 839
14.4 837
14.4167 835
14.4333 833
14.45 831
14.4667 830
14.4833 828
14.5 826
14.5167 824
14.5333 822
14.55 820
14.5667 818
14.5833 816
14.6 814
14.6167 812
14.6333 810
14.65 808
14.6667 806
14.6833 804
14.7 802
14.7167 800
14.7333 798
14.75 795
14.7667 793
14.7833 791
14.8 789
14.8167 787
14.8333 785
14.85 782
14.8667 780
14.8833 778
14.9 776
14.9167 773
14.9333 771
14.95 769
14.9667 766
14.9833 764
15.0 761
15.0167 759
15.0333 756
15.05 754
15.0667 752
15.0833 749
15.1 747
15.1167 744
15.1333 742
15.15 739
15.1667 737
15.1833 734
15.2 732
15.2167 729
15.2333 726
15.25 724
15.2667 721
15.2833 719
15.3 716
15.3167 713
15.3333 711
15.35 708
15.3667 705
15.3833 702
15.4 700
15.4167 697
15.4333 694
15.45 692
15.4667 689
15.4833 686
15.5 683
15.5167 680
15.5333 677
15.55 675
15.5667 672
15.5833 669
15.6 666
15.6167 663
15.6333 660
15.65 657
15.6667 654
15.6833 651
15.7 649
15.7167 646
15.7333 643
15.75 640
15.7667 637
15.7833 634
15.8 631
15.8167 627
15.8333 624
15.85 621
15.8667 618
15.8833 615
15.9 612
15.9167 609
15.9333 606
15.95 603
15.9667 600
15.9833 596
