9.0 430
9.0167 433
9.0333 436
9.05 440
9.0667 443
9.0833 447
9.1 450
9.1167 453
9.1333 457
9.15 460
9.1667 463
9.1833 467
9.2 470
9.2167 474
9.2333 477
9.25 480
9.2667 483
9.2833 487
9.3 490
9.3167 493
9.3333 497
9.35 500
9.3667 503
9.3833 506
9.4 510
9.4167 513
9.4333 516
9.45 519
9.4667 522
9.4833 526
9.5 529
9.5167 532
9.5333 535
9.55 538
9.5667 541
9.5833 544
9.6 548
9.6167 551
9.6333 554
9.65 557
9.6667 560
9.6833 563
9.7 566
9.7167 569
9.7333 572
9.75 575
9.7667 578
9.7833 581
9.8 584
9.8167 587
9.8333 590
9.85 593
9.8667 595
9.8833 598
9.9 601
9.9167 604
9.9333 607
9.95 610
9.9667 613
9.9833 615
10.0 618
10.0167 621
10.0333 624
10.05 626
10.0667 629
10.0833 632
10.1 635
10.1167 637
10.1333 640
10.15 643
10.1667 645
10.1833 648
10.2 650
10.2167 653
10.2333 656
10.25 658
10.2667 661
10.2833 663
10.3 666
10.3167 668
10.3333 671
10.35 673
10.3667 676
10.3833 678
10.4 681
10.4167 683
10.4333 685
10.45 688
10.4667 690
10.4833 692
10.5 695
10.5167 697
10.5333 699
10.55 702
10.5667 704
10.5833 706
10.6 708
10.6167 711
10.6333 713
10.65 715
10.6667 717
10.6833 719
10.7 721
10.7167 723
10.7333 726
10.75 728
10.7667 730
10.7833 732
10.8 734
10.8167 736
10.8333 738
10.85 740
10.8667 742
10.8833 744
10.9 746
10.9167 747
10.9333 749
10.95 751
10.9667 753
10.9833 755
11.0 757
11.0167 758
11.0333 760
11.05 762
11.0667 764
11.0833 765
11.1 767
11.1167 769
11.1333 770
11.15 772
11.1667 774
11.1833 775
11.2 777
11.2167 778
11.2333 780
11.25 781
11.2667 783
11.2833 784
11.3 786
11.3167 787
11.3333 789
11.35 790
11.3667 792
11.3833 793
11.4 794
11.4167 796
11.4333 797
11.45 798
11.4667 800
11.4833 801
11.5 802
11.5167 803
11.5333 805
11.55 806
11.5667 807
11.5833 808
11.6 809
11.6167 810
11.6333 811
11.65 812
11.6667 813
11.6833 814
11.7 815
11.7167 816
11.7333 817
11.75 818
11.7667 819
11.7833 820
11.8 821
11.8167 822
11.8333 823
11.85 824
11.8667 824
11.8833 825
11.9 826
11.9167 827
11.9333 827
11.95 828
11.9667 829
11.9833 830
12.0 830
12.0167 831
12.0333 831
12.05 832
12.0667 833
12.0833 833
12.1 834
12.1167 834
12.1333 835
12.15 835
12.1667 836
12.1833 836
12.2 836
12.2167 837
12.2333 837
12.25 838
12.2667 838
12.2833 838
12.3 838
12.3167 839
12.3333 839
12.35 839
12.3667 839
12.3833 840
12.4 840
12.4167 840
12.4333 840
12.45 840
12.4667 840
12.4833 840
12.5 840
12.5167 840
12.5333 840
12.55 840
12.5667 840
12.5833 840
12.6 840
12.6167 840
12.6333 840
12.65 840
12.6667 840
12.6833 839
12.7 839
12.7167 839
12.7333 839
12.75 839
12.7667 838
12.7833 838
12.8 838
12.8167 837
12.8333 837
12.85 837
12.8667 836
12.8833 836
12.9 835
12.9167 835
12.9333 834
12.95 834
12.9667 833
12.9833 833
13.0 832
13.0167 832
13.0333 831
13.05 830
13.0667 830
13.0833 829
13.1 828
13.1167 828
13.1333 827
13.15 826
13.1667 825
13.1833 825
13.2 824
13.2167 823
13.2333 822
13.25 821
13.2667 820
13.2833 820
13.3 819
13.3167 818
13.3333 817
13.35 816
13.3667 815
13.3833 814
13.4 813
13.4167 812
13.4333 811
13.45 809
13.4667 808
13.4833 807
13.5 806
13.5167 805
13.5333 804
13.55 802
13.5667 801
13.5833 800
13.6 799
13.6167 797
13.6333 796
13.65 795
13.6667 793
13.6833 792
13.7 791
13.7167 789
13.7333 788
13.75 786
13.7667 785
13.7833 783
13.8 782
13.8167 780
13.8333 779
13.85 777
13.8667 776
13.8833 774
13.9 773
13.9167 771
13.9333 769
13.95 768
13.9667 766
13.9833 764
14.0 762
14.0167 761
14.0333 759
14.05 757
14.0667 755
14.0833 754
14.1 752
14.1167 750
14.1333 748
14.15 746
14.1667 744
14.1833 742
14.2 740
14.2167 738
14.2333 736
14.25 734
14.2667 732
14.2833 730
14.3 728
14.3167 726
14.3333 724
14.35 722
14.3667 720
14.3833 718
14.4 716
14.4167 713
14.4333 711
14.45 709
14.4667 707
14.4833 705
14.5 702
14.5167 700
14.5333 698
14.55 695
14.5667 693
14.5833 691
14.6 688
14.6167 686
14.6333 684
14.65 681
14.6667 679
14.6833 676
14.7 674
14.7167 672
14.7333 669
14.75 667
14.7667 664
14.7833 662
14.8 659
14.8167 656
14.8333 654
14.85 651
14.8667 649
14.8833 646
14.9 643
14.9167 641
14.9333 638
14.95 635
14.9667 633
14.9833 630
15.0 626
15.0167 623
15.0333 621
15.05 618
15.0667 615
15.0833 612
15.1 610
15.1167 607
15.1333 604
15.15 601
15.1667 598
15.1833 595
15.2 592
15.2167 589
15.2333 587
15.25 584
15.2667 581
15.2833 578
15.3 575
15.3167 572
15.3333 569
15.35 566
15.3667 563
15.3833 560
15.4 557
15.4167 554
15.4333 551
15.45 547
15.4667 544
15.4833 541
15.5 538
15.5167 535
15.5333 532
15.55 529
15.5667 526
15.5833 522
15.6 519
15.6167 516
15.6333 513
15.65 510
15.6667 506
15.6833 503
15.7 500
15.7167 497
15.7333 493
15.75 490
15.7667 487
15.7833 483
15.8 480
15.8167 477
15.8333 473
15.85 470
15.8667 467
15.8833 463
15.9 460
15.9167 457
15.9333 453
15.95 450
15.9667 447
15.9833 443
