9.0 433
9.0167 436
9.0333 439
9.05 443
9.0667 446
9.0833 449
9.1 453
9.1167 456
9.1333 459
9.15 463
9.1667 466
9.1833 469
9.2 473
9.2167 476
9.2333 479
9.25 483
9.2667 486
9.2833 489
9.3 492
9.3167 496
9.3333 499
9.35 502
9.3667 505
9.3833 508
9.4 512
9.4167 515
9.4333 518
9.45 521
9.4667 524
9.4833 527
9.5 531
9.5167 534
9.5333 537
9.55 540
9.5667 543
9.5833 546
9.6 549
9.6167 552
9.6333 555
9.65 558
9.6667 562
9.6833 565
9.7 568
9.7167 571
9.7333 574
9.75 577
9.7667 580
9.7833 582
9.8 585
9.8167 588
9.8333 591
9.85 594
9.8667 597
9.8833 600
9.9 603
9.9167 606
9.9333 609
9.95 611
9.9667 614
9.9833 617
10.0 620
10.0167 623
10.0333 625
10.05 628
10.0667 631
10.0833 634
10.1 636
10.1167 639
10.1333 642
10.15 645
10.1667 647
10.1833 650
10.2 653
10.2167 655
10.2333 658
10.25 660
10.2667 663
10.2833 666
10.3 668
10.3167 671
10.3333 673
10.35 676
10.3667 678
10.3833 681
10.4 683
10.4167 686
10.4333 688
10.45 690
10.4667 693
10.4833 695
10.5 698
10.5167 700
10.5333 702
10.55 705
10.5667 707
10.5833 709
10.6 712
10.6167 714
10.6333 716
10.65 718
10.6667 721
10.6833 723
10.7 725
10.7167 727
10.7333 729
10.75 732
10.7667 734
10.7833 736
10.8 738
10.8167 740
10.8333 742
10.85 744
10.8667 746
10.8833 748
10.9 750
10.9167 752
10.9333 754
10.95 756
10.9667 758
10.9833 760
11.0 762
11.0167 764
11.0333 765
11.05 767
11.0667 769
11.0833 771
11.1 773
11.1167 774
11.1333 776
11.15 778
11.1667 780
11.1833 781
11.2 783
11.2167 785
11.2333 786
11.25 788
11.2667 790
11.2833 791
11.3 793
11.3167 794
11.3333 796
11.35 797
11.3667 799
11.3833 800
11.4 802
11.4167 803
11.4333 805
11.45 806
11.4667 808
11.4833 809
11.5 810
11.5167 812
11.5333 813
11.55 814
11.5667 816
11.5833 817
11.6 818
11.6167 819
11.6333 821
11.65 822
11.6667 823
11.6833 824
11.7 825
11.7167 826
11.7333 827
11.75 829
11.7667 830
11.7833 831
11.8 832
11.8167 833
11.8333 834
11.85 835
11.8667 836
11.8833 837
11.9 837
11.9167 838
11.9333 839
11.95 840
11.9667 841
11.9833 842
12.0 842
12.0167 843
12.0333 844
12.05 845
12.0667 845
12.0833 846
12.1 847
12.1167 848
12.1333 848
12.15 849
12.1667 849
12.1833 850
12.2 851
12.2167 851
12.2333 852
12.25 852
12.2667 853
12.2833 853
12.3 854
12.3167 854
12.3333 854
12.35 855
12.3667 855
12.3833 855
12.4 856
12.4167 856
12.4333 856
12.45 857
12.4667 857
12.4833 857
12.5 857
12.5167 858
12.5333 858
12.55 858
12.5667 858
12.5833 858
12.6 858
12.6167 858
12.6333 858
12.65 858
12.6667 858
12.6833 858
12.7 858
12.7167 858
12.7333 858
12.75 858
12.7667 858
12.7833 858
12.8 858
12.8167 858
12.8333 857
12.85 857
12.8667 857
12.8833 857
12.9 857
12.9167 856
12.9333 856
12.95 856
12.9667 855
12.9833 855
13.0 855
13.0167 854
13.0333 854
13.05 853
13.0667 853
13.0833 852
13.1 852
13.1167 851
13.1333 851
13.15 850
13.1667 850
13.1833 849
13.2 849
13.2167 848
13.2333 847
13.25 847
13.2667 846
13.2833 845
13.3 845
13.3167 844
13.3333 843
13.35 842
13.3667 841
13.3833 841
13.4 840
13.4167 839
13.4333 838
13.45 837
13.4667 836
13.4833 835
13.5 834
13.5167 833
13.5333 832
13.55 831
13.5667 830
13.5833 829
13.6 828
13.6167 827
13.6333 826
13.65 825
13.6667 824
13.6833 823
13.7 821
13.7167 820
13.7333 819
13.75 818
13.7667 817
13.7833 815
13.8 814
13.8167 813
13.8333 811
13.85 810
13.8667 809
13.8833 807
13.9 806
13.9167 804
13.9333 803
13.95 801
13.9667 800
13.9833 799
14.0 797
14.0167 795
14.0333 794
14.05 792
14.0667 791
14.0833 789
14.1 788
14.1167 786
14.1333 784
14.15 783
14.1667 781
14.1833 779
14.2 777
14.2167 776
14.2333 774
14.25 772
14.2667 770
14.2833 769
14.3 767
14.3167 765
14.3333 763
14.35 761
14.3667 759
14.3833 757
14.4 755
14.4167 753
14.4333 752
14.45 750
14.4667 748
14.4833 746
14.5 743
14.5167 741
14.5333 739
14.55 737
14.5667 735
14.5833 733
14.6 731
14.6167 729
14.6333 727
14.65 724
14.6667 722
14.6833 720
14.7 718
14.7167 716
14.7333 713
14.75 711
14.7667 709
14.7833 706
14.8 704
14.8167 702
14.8333 699
14.85 697
14.8667 695
14.8833 692
14.9 690
14.9167 687
14.9333 685
14.95 682
14.9667 680
14.9833 678
15.0 674
15.0167 672
15.0333 669
15.05 667
15.0667 664
15.0833 662
15.1 659
15.1167 656
15.1333 654
15.15 651
15.1667 648
15.1833 646
15.2 643
15.2167 640
15.2333 638
15.25 635
15.2667 632
15.2833 629
15.3 627
15.3167 624
15.3333 621
15.35 618
15.3667 616
15.3833 613
15.4 610
15.4167 607
15.4333 604
15.45 601
15.4667 598
15.4833 596
15.5 593
15.5167 590
15.5333 587
15.55 584
15.5667 581
15.5833 578
15.6 575
15.6167 572
15.6333 569
15.65 566
15.6667 563
15.6833 560
15.7 557
15.7167 554
15.7333 551
15.75 548
15.7667 545
15.7833 541
15.8 538
15.8167 535
15.8333 532
15.85 529
15.8667 526
15.8833 523
15.9 519
15.9167 516
15.9333 513
15.95 510
15.9667 507
15.9833 503
