9.0 271
9.0167 275
9.0333 279
9.05 283
9.0667 286
9.0833 290
9.1 293
9.1167 297
9.1333 300
9.15 304
9.1667 307
9.1833 311
9.2 314
9.2167 318
9.2333 322
9.25 325
9.2667 329
9.2833 332
9.3 336
9.3167 339
9.3333 343
9.35 346
9.3667 350
9.3833 353
9.4 356
9.4167 360
9.4333 363
9.45 367
9.4667 370
9.4833 374
9.5 377
9.5167 381
9.5333 384
9.55 387
9.5667 391
9.5833 394
9.6 397
9.6167 401
9.6333 404
9.65 408
9.6667 411
9.6833 414
9.7 418
9.7167 421
9.7333 424
9.75 427
9.7667 431
9.7833 434
9.8 437
9.8167 441
9.8333 444
9.85 447
9.8667 450
9.8833 453
9.9 457
9.9167 460
9.9333 463
9.95 466
9.9667 469
9.9833 472
10.0 476
10.0167 479
10.0333 482
10.05 485
10.0667 488
10.0833 491
10.1 494
10.1167 497
10.1333 500
10.15 503
10.1667 506
10.1833 509
10.2 512
10.2167 515
10.2333 518
10.25 521
10.2667 524
10.2833 527
10.3 530
10.3167 533
10.3333 536
10.35 538
10.3667 541
10.3833 544
10.4 547
10.4167 550
10.4333 552
10.45 555
10.4667 558
10.4833 561
10.5 563
10.5167 566
10.5333 569
10.55 572
10.5667 574
10.5833 577
10.6 580
10.6167 582
10.6333 585
10.65 587
10.6667 590
10.6833 592
10.7 595
10.7167 598
10.7333 600
10.75 603
10.7667 605
10.7833 607
10.8 610
10.8167 612
10.8333 615
10.85 617
10.8667 620
10.8833 622
10.9 624
10.9167 627
10.9333 629
10.95 631
10.9667 633
10.9833 636
11.0 638
11.0167 640
11.0333 642
11.05 645
11.0667 647
11.0833 649
11.1 651
11.1167 653
11.1333 655
11.15 657
11.1667 659
11.1833 662
11.2 664
11.2167 666
11.2333 668
11.25 670
11.2667 672
11.2833 673
11.3 675
11.3167 677
11.3333 679
11.35 681
11.3667 683
11.3833 685
11.4 687
11.4167 688
11.4333 690
11.45 692
11.4667 694
11.4833 695
11.5 697
11.5167 699
11.5333 701
11.55 702
11.5667 704
11.5833 705
11.6 707
11.6167 709
11.6333 710
11.65 712
11.6667 713
11.6833 715
11.7 716
11.7167 718
11.7333 719
11.75 721
11.7667 722
11.7833 723
11.8 725
11.8167 726
11.8333 727
11.85 729
11.8667 730
11.8833 731
11.9 733
11.9167 734
11.9333 735
11.95 736
11.9667 737
11.9833 738
12.0 740
12.0167 741
12.0333 742
12.05 743
12.0667 744
12.0833 745
12.1 746
12.1167 747
12.1333 748
12.15 749
12.1667 750
12.1833 751
12.2 752
12.2167 753
12.2333 753
12.25 754
12.2667 755
12.2833 756
12.3 757
12.3167 757
12.3333 758
12.35 759
12.3667 760
12.3833 760
12.4 761
12.4167 762
12.4333 762
12.45 763
12.4667 763
12.4833 764
12.5 764
12.5167 765
12.5333 765
12.55 766
12.5667 766
12.5833 767
12.6 767
12.6167 768
12.6333 768
12.65 768
12.6667 769
12.6833 769
12.7 769
12.7167 770
12.7333 770
12.75 770
12.7667 770
12.7833 770
12.8 771
12.8167 771
12.8333 771
12.85 771
12.8667 771
12.8833 771
12.9 771
12.9167 771
12.9333 771
12.95 771
12.9667 771
12.9833 771
13.0 771
13.0167 771
13.0333 771
13.05 771
13.0667 771
13.0833 770
13.1 770
13.1167 770
13.1333 770
13.15 770
13.1667 769
13.1833 769
13.2 769
13.2167 768
13.2333 768
13.25 768
13.2667 767
13.2833 767
13.3 766
13.3167 766
13.3333 765
13.35 765
13.3667 764
13.3833 764
13.4 763
13.4167 763
13.4333 762
13.45 761
13.4667 761
13.4833 760
13.5 759
13.5167 759
13.5333 758
13.55 757
13.5667 757
13.5833 756
13.6 755
13.6167 754
13.6333 753
13.65 752
13.6667 752
13.6833 751
13.7 750
13.7167 749
13.7333 748
13.75 747
13.7667 746
13.7833 745
13.8 744
13.8167 743
13.8333 742
13.85 740
13.8667 739
13.8833 738
13.9 737
13.9167 736
13.9333 735
13.95 733
13.9667 732
13.9833 731
14.0 730
14.0167 728
14.0333 727
14.05 726
14.0667 724
14.0833 723
14.1 722
14.1167 720
14.1333 719
14.15 717
14.1667 716
14.1833 714
14.2 713
14.2167 711
14.2333 710
14.25 708
14.2667 707
14.2833 705
14.3 703
14.3167 702
14.3333 700
14.35 698
14.3667 697
14.3833 695
14.4 693
14.4167 692
14.4333 690
14.45 688
14.4667 686
14.4833 684
14.5 683
14.5167 681
14.5333 679
14.55 677
14.5667 675
14.5833 673
14.6 671
14.6167 669
14.6333 667
14.65 665
14.6667 663
14.6833 661
14.7 659
14.7167 657
14.7333 655
14.75 653
14.7667 651
14.7833 648
14.8 646
14.8167 644
14.8333 642
14.85 640
14.8667 637
14.8833 635
14.9 633
14.9167 631
14.9333 628
14.95 626
14.9667 624
14.9833 621
15.0 620
15.0167 618
15.0333 615
15.05 613
15.0667 610
15.0833 608
15.1 605
15.1167 603
15.1333 600
15.15 598
15.1667 595
15.1833 593
15.2 590
15.2167 588
15.2333 585
15.25 583
15.2667 580
15.2833 577
15.3 575
15.3167 572
15.3333 569
15.35 567
15.3667 564
15.3833 561
15.4 558
15.4167 556
15.4333 553
15.45 550
15.4667 547
15.4833 544
15.5 542
15.5167 539
15.5333 536
15.55 533
15.5667 530
15.5833 527
15.6 524
15.6167 521
15.6333 518
15.65 515
15.6667 512
15.6833 510
15.7 507
15.7167 503
15.7333 500
15.75 497
15.7667 494
15.7833 491
15.8 488
15.8167 485
15.8333 482
15.85 479
15.8667 476
15.8833 473
15.9 470
15.9167 466
15.9333 463
15.95 460
15.9667 457
15.9833 454
