9.0 263
9.0167 267
9.0333 271
9.05 274
9.0667 277
9.0833 281
9.1 284
9.1167 288
9.1333 291
9.15 295
9.1667 298
9.1833 302
9.2 305
9.2167 308
9.2333 312
9.25 315
9.2667 319
9.2833 322
9.3 326
9.3167 329
9.3333 332
9.35 336
9.3667 339
9.3833 343
9.4 346
9.4167 349
9.4333 353
9.45 356
9.4667 359
9.4833 363
9.5 366
9.5167 369
9.5333 373
9.55 376
9.5667 379
9.5833 383
9.6 386
9.6167 389
9.6333 393
9.65 396
9.6667 399
9.6833 403
9.7 406
9.7167 409
9.7333 412
9.75 416
9.7667 419
9.7833 422
9.8 425
9.8167 428
9.8333 432
9.85 435
9.8667 438
9.8833 441
9.9 444
9.9167 447
9.9333 451
9.95 454
9.9667 457
9.9833 460
10.0 463
10.0167 466
10.0333 469
10.05 472
10.0667 475
10.0833 478
10.1 481
10.1167 484
10.1333 487
10.15 490
10.1667 493
10.1833 496
10.2 499
10.2167 502
10.2333 505
10.25 508
10.2667 511
10.2833 514
10.3 516
10.3167 519
10.3333 522
10.35 525
10.3667 528
10.3833 531
10.4 533
10.4167 536
10.4333 539
10.45 542
10.4667 544
10.4833 547
10.5 550
10.5167 553
10.5333 555
10.55 558
10.5667 560
10.5833 563
10.6 566
10.6167 568
10.6333 571
10.65 573
10.6667 576
10.6833 579
10.7 581
10.7167 584
10.7333 586
10.75 589
10.7667 591
10.7833 593
10.8 596
10.8167 598
10.8333 601
10.85 603
10.8667 605
10.8833 608
10.9 610
10.9167 612
10.9333 615
10.95 617
10.9667 619
10.9833 622
11.0 624
11.0167 626
11.0333 628
11.05 630
11.0667 633
11.0833 635
11.1 637
11.1167 639
11.1333 641
11.15 643
11.1667 645
11.1833 647
11.2 649
11.2167 651
11.2333 653
11.25 655
11.2667 657
11.2833 659
11.3 661
11.3167 663
11.3333 665
11.35 667
11.3667 669
11.3833 670
11.4 672
11.4167 674
11.4333 676
11.45 677
11.4667 679
11.4833 681
11.5 683
11.5167 684
11.5333 686
11.55 688
11.5667 689
11.5833 691
11.6 692
11.6167 694
11.6333 696
11.65 697
11.6667 699
11.6833 700
11.7 702
11.7167 703
11.7333 705
11.75 706
11.7667 707
11.7833 709
11.8 710
11.8167 711
11.8333 713
11.85 714
11.8667 715
11.8833 717
11.9 718
11.9167 719
11.9333 720
11.95 722
11.9667 723
11.9833 724
12.0 725
12.0167 726
12.0333 727
12.05 728
12.0667 729
12.0833 730
12.1 731
12.1167 732
12.1333 733
12.15 734
12.1667 735
12.1833 736
12.2 737
12.2167 738
12.2333 739
12.25 740
12.2667 740
12.2833 741
12.3 742
12.3167 743
12.3333 744
12.35 744
12.3667 745
12.3833 746
12.4 746
12.4167 747
12.4333 748
12.45 748
12.4667 749
12.4833 749
12.5 750
12.5167 750
12.5333 751
12.55 751
12.5667 752
12.5833 752
12.6 753
12.6167 753
12.6333 753
12.65 754
12.6667 754
12.6833 754
12.7 755
12.7167 755
12.7333 755
12.75 756
12.7667 756
12.7833 756
12.8 756
12.8167 756
12.8333 756
12.85 756
12.8667 757
12.8833 757
12.9 757
12.9167 757
12.9333 757
12.95 757
12.9667 757
12.9833 757
13.0 757
13.0167 756
13.0333 756
13.05 756
13.0667 756
13.0833 756
13.1 756
13.1167 756
13.1333 755
13.15 755
13.1667 755
13.1833 754
13.2 754
13.2167 754
13.2333 753
13.25 753
13.2667 753
13.2833 752
13.3 752
13.3167 751
13.3333 751
13.35 750
13.3667 750
13.3833 749
13.4 749
13.4167 748
13.4333 748
13.45 747
13.4667 746
13.4833 746
13.5 745
13.5167 744
13.5333 744
13.55 743
13.5667 742
13.5833 741
13.6 741
13.6167 740
13.6333 739
13.65 738
13.6667 737
13.6833 736
13.7 735
13.7167 734
13.7333 733
13.75 733
13.7667 732
13.7833 731
13.8 729
13.8167 728
13.8333 727
13.85 726
13.8667 725
13.8833 724
13.9 723
13.9167 722
13.9333 720
13.95 719
13.9667 718
13.9833 717
14.0 716
14.0167 714
14.0333 713
14.05 712
14.0667 710
14.0833 709
14.1 708
14.1167 706
14.1333 705
14.15 703
14.1667 702
14.1833 700
14.2 699
14.2167 697
14.2333 696
14.25 694
14.2667 693
14.2833 691
14.3 689
14.3167 688
14.3333 686
14.35 685
14.3667 683
14.3833 681
14.4 679
14.4167 678
14.4333 676
14.45 674
14.4667 672
14.4833 671
14.5 669
14.5167 667
14.5333 665
14.55 663
14.5667 661
14.5833 659
14.6 657
14.6167 655
14.6333 653
14.65 651
14.6667 649
14.6833 647
14.7 645
14.7167 643
14.7333 641
14.75 639
14.7667 637
14.7833 635
14.8 633
14.8167 631
14.8333 628
14.85 626
14.8667 624
14.8833 622
14.9 620
14.9167 617
14.9333 615
14.95 613
14.9667 610
14.9833 608
15.0 607
15.0167 604
15.0333 602
15.05 600
15.0667 597
15.0833 595
15.1 592
15.1167 590
15.1333 587
15.15 585
15.1667 582
15.1833 580
15.2 577
15.2167 575
15.2333 572
15.25 570
15.2667 567
15.2833 564
15.3 562
15.3167 559
15.3333 556
15.35 554
15.3667 551
15.3833 548
15.4 546
15.4167 543
15.4333 540
15.45 537
15.4667 535
15.4833 532
15.5 529
15.5167 526
15.5333 523
15.55 521
15.5667 518
15.5833 515
15.6 512
15.6167 509
15.6333 506
15.65 503
15.6667 500
15.6833 497
15.7 494
15.7167 491
15.7333 488
15.75 485
15.7667 482
15.7833 479
15.8 476
15.8167 473
15.8333 470
15.85 467
15.8667 464
15.8833 461
15.9 458
15.9167 455
15.9333 452
15.95 449
15.9667 446
15.9833 442
