9.0 472
9.0167 477
9.0333 481
9.05 485
9.0667 488
9.0833 492
9.1 496
9.1167 500
9.1333 503
9.15 507
9.1667 511
9.1833 515
9.2 518
9.2167 522
9.2333 526
9.25 529
9.2667 533
9.2833 537
9.3 540
9.3167 544
9.3333 547
9.35 551
9.3667 555
9.3833 558
9.4 562
9.4167 565
9.4333 569
9.45 572
9.4667 576
9.4833 579
9.5 583
9.5167 586
9.5333 590
9.55 593
9.5667 597
9.5833 600
9.6 604
9.6167 607
9.6333 611
9.65 614
9.6667 617
9.6833 621
9.7 624
9.7167 627
9.7333 631
9.75 634
9.7667 637
9.7833 641
9.8 644
9.8167 647
9.8333 651
9.85 654
9.8667 657
9.8833 660
9.9 663
9.9167 667
9.9333 670
9.95 673
9.9667 676
9.9833 679
10.0 682
10.0167 685
10.0333 688
10.05 692
10.0667 695
10.0833 698
10.1 701
10.1167 704
10.1333 707
10.15 710
10.1667 713
10.1833 716
10.2 719
10.2167 721
10.2333 724
10.25 727
10.2667 730
10.2833 733
10.3 736
10.3167 739
10.3333 742
10.35 744
10.3667 747
10.3833 750
10.4 753
10.4167 755
10.4333 758
10.45 761
10.4667 763
10.4833 766
10.5 769
10.5167 771
10.5333 774
10.55 777
10.5667 779
10.5833 782
10.6 784
10.6167 787
10.6333 789
10.65 792
10.6667 794
10.6833 797
10.7 799
10.7167 802
10.7333 804
10.75 807
10.7667 809
10.7833 811
10.8 814
10.8167 816
10.8333 818
10.85 821
10.8667 823
10.8833 825
10.9 827
10.9167 830
10.9333 832
10.95 834
10.9667 836
10.9833 838
11.0 840
11.0167 842
11.0333 845
11.05 847
11.0667 849
11.0833 851
11.1 853
11.1167 855
11.1333 857
11.15 859
11.1667 861
11.1833 863
11.2 864
11.2167 866
11.2333 868
11.25 870
11.2667 872
11.2833 874
11.3 876
11.3167 877
11.3333 879
11.35 881
11.3667 883
11.3833 884
11.4 886
11.4167 888
11.4333 889
11.45 891
11.4667 892
11.4833 894
11.5 896
11.5167 897
11.5333 899
11.55 900
11.5667 902
11.5833 903
11.6 905
11.6167 906
11.6333 907
11.65 909
11.6667 910
11.6833 911
11.7 913
11.7167 914
11.7333 915
11.75 917
11.7667 918
11.7833 919
11.8 920
11.8167 922
11.8333 923
11.85 924
11.8667 925
11.8833 926
11.9 927
11.9167 928
11.9333 929
11.95 930
11.9667 931
11.9833 932
12.0 933
12.0167 934
12.0333 935
12.05 936
12.0667 937
12.0833 938
12.1 939
12.1167 939
12.1333 940
12.15 941
12.1667 942
12.1833 943
12.2 943
12.2167 944
12.2333 945
12.25 945
12.2667 946
12.2833 947
12.3 947
12.3167 948
12.3333 948
12.35 949
12.3667 949
12.3833 950
12.4 950
12.4167 951
12.4333 951
12.45 952
12.4667 952
12.4833 952
12.5 953
12.5167 953
12.5333 953
12.55 954
12.5667 954
12.5833 954
12.6 954
12.6167 955
12.6333 955
12.65 955
12.6667 955
12.6833 955
12.7 955
12.7167 955
12.7333 955
12.75 955
12.7667 955
12.7833 955
12.8 955
12.8167 955
12.8333 955
12.85 955
12.8667 955
12.8833 955
12.9 955
12.9167 955
12.9333 954
12.95 954
12.9667 954
12.9833 954
13.0 953
13.0167 953
13.0333 953
13.05 952
13.0667 952
13.0833 952
13.1 951
13.1167 951
13.1333 950
13.15 950
13.1667 949
13.1833 949
13.2 948
13.2167 948
13.2333 947
13.25 947
13.2667 946
13.2833 945
13.3 945
13.3167 944
13.3333 943
13.35 943
13.3667 942
13.3833 941
13.4 940
13.4167 940
13.4333 939
13.45 938
13.4667 937
13.4833 936
13.5 935
13.5167 935
13.5333 934
13.55 933
13.5667 932
13.5833 931
13.6 930
13.6167 929
13.6333 928
13.65 926
13.6667 925
13.6833 924
13.7 923
13.7167 922
13.7333 921
13.75 920
13.7667 918
13.7833 917
13.8 916
13.8167 915
13.8333 913
13.85 912
13.8667 911
13.8833 909
13.9 908
13.9167 906
13.9333 905
13.95 904
13.9667 902
13.9833 901
14.0 899
14.0167 898
14.0333 896
14.05 894
14.0667 893
14.0833 891
14.1 890
14.1167 888
14.1333 886
14.15 885
14.1667 883
14.1833 881
14.2 880
14.2167 878
14.2333 876
14.25 874
14.2667 872
14.2833 871
14.3 869
14.3167 867
14.3333 865
14.35 863
14.3667 861
14.3833 859
14.4 857
14.4167 855
14.4333 853
14.45 851
14.4667 849
14.4833 847
14.5 845
14.5167 843
14.5333 841
14.55 839
14.5667 837
14.5833 835
14.6 832
14.6167 830
14.6333 828
14.65 826
14.6667 823
14.6833 821
14.7 819
14.7167 817
14.7333 814
14.75 812
14.7667 810
14.7833 807
14.8 805
14.8167 802
14.8333 800
14.85 798
14.8667 795
14.8833 793
14.9 790
14.9167 788
14.9333 785
14.95 783
14.9667 780
14.9833 777
15.0 775
15.0167 773
15.0333 770
15.05 767
15.0667 765
15.0833 762
15.1 759
15.1167 757
15.1333 754
15.15 751
15.1667 748
15.1833 746
15.2 743
15.2167 740
15.2333 737
15.25 734
15.2667 731
15.2833 729
15.3 726
15.3167 723
15.3333 720
15.35 717
15.3667 714
15.3833 711
15.4 708
15.4167 705
15.4333 702
15.45 699
15.4667 696
15.4833 693
15.5 690
15.5167 687
15.5333 684
15.55 681
15.5667 677
15.5833 674
15.6 671
15.6167 668
15.6333 665
15.65 662
15.6667 658
15.6833 655
15.7 652
15.7167 649
15.7333 645
15.75 642
15.7667 639
15.7833 636
15.8 632
15.8167 629
15.8333 626
15.85 622
15.8667 619
15.8833 615
15.9 612
15.9167 609
15.9333 605
15.95 602
15.9667 598
15.9833 595
