9.0 455
9.0167 458
9.0333 462
9.05 465
9.0667 469
9.0833 472
9.1 475
9.1167 479
9.1333 482
9.15 485
9.1667 489
9.1833 492
9.2 496
9.2167 499
9.2333 502
9.25 506
9.2667 509
9.2833 512
9.3 516
9.3167 519
9.3333 522
9.35 525
9.3667 529
9.3833 532
9.4 535
9.4167 539
9.4333 542
9.45 545
9.4667 548
9.4833 551
9.5 555
9.5167 558
9.5333 561
9.55 564
9.5667 567
9.5833 571
9.6 574
9.6167 577
9.6333 580
9.65 583
9.6667 586
9.6833 589
9.7 592
9.7167 595
9.7333 598
9.75 602
9.7667 605
9.7833 608
9.8 611
9.8167 614
9.8333 617
9.85 620
9.8667 623
9.8833 625
9.9 628
9.9167 631
9.9333 634
9.95 637
9.9667 640
9.9833 643
10.0 646
10.0167 649
10.0333 651
10.05 654
10.0667 657
10.0833 660
10.1 663
10.1167 665
10.1333 668
10.15 671
10.1667 674
10.1833 676
10.2 679
10.2167 682
10.2333 684
10.25 687
10.2667 690
10.2833 692
10.3 695
10.3167 698
10.3333 700
10.35 703
10.3667 705
10.3833 708
10.4 710
10.4167 713
10.4333 715
10.45 718
10.4667 720
10.4833 723
10.5 725
10.5167 728
10.5333 730
10.55 733
10.5667 735
10.5833 737
10.6 740
10.6167 742
10.6333 744
10.65 747
10.6667 749
10.6833 751
10.7 753
10.7167 756
10.7333 758
10.75 760
10.7667 762
10.7833 764
10.8 767
10.8167 769
10.8333 771
10.85 773
10.8667 775
10.8833 777
10.9 779
10.9167 781
10.9333 783
10.95 785
10.9667 787
10.9833 789
11.0 791
11.0167 793
11.0333 795
11.05 797
11.0667 799
11.0833 801
11.1 803
11.1167 805
11.1333 806
11.15 808
11.1667 810
11.1833 812
11.2 813
11.2167 815
11.2333 817
11.25 819
11.2667 820
11.2833 822
11.3 824
11.3167 825
11.3333 827
11.35 828
11.3667 830
11.3833 832
11.4 833
11.4167 835
11.4333 836
11.45 838
11.4667 839
11.4833 841
11.5 842
11.5167 843
11.5333 845
11.55 846
11.5667 847
11.5833 849
11.6 850
11.6167 851
11.6333 853
11.65 854
11.6667 855
11.6833 856
11.7 858
11.7167 859
11.7333 860
11.75 861
11.7667 862
11.7833 863
11.8 865
11.8167 866
11.8333 867
11.85 868
11.8667 869
11.8833 870
11.9 871
11.9167 872
11.9333 873
11.95 874
11.9667 874
11.9833 875
12.0 876
12.0167 877
12.0333 878
12.05 879
12.0667 880
12.0833 880
12.1 881
12.1167 882
12.1333 882
12.15 883
12.1667 884
12.1833 885
12.2 885
12.2167 886
12.2333 886
12.25 887
12.2667 888
12.2833 888
12.3 889
12.3167 889
12.3333 890
12.35 890
12.3667 890
12.3833 891
12.4 891
12.4167 892
12.4333 892
12.45 892
12.4667 893
12.4833 893
12.5 893
12.5167 894
12.5333 894
12.55 894
12.5667 894
12.5833 894
12.6 895
12.6167 895
12.6333 895
12.65 895
12.6667 895
12.6833 895
12.7 895
12.7167 895
12.7333 895
12.75 895
12.7667 895
12.7833 895
12.8 895
12.8167 895
12.8333 895
12.85 895
12.8667 895
12.8833 895
12.9 894
12.9167 894
12.9333 894
12.95 894
12.9667 894
12.9833 893
13.0 893
13.0167 893
13.0333 892
13.05 892
13.0667 892
13.0833 891
13.1 891
13.1167 890
13.1333 890
13.15 889
13.1667 889
13.1833 888
13.2 888
13.2167 887
13.2333 887
13.25 886
13.2667 886
13.2833 885
13.3 884
13.3167 884
13.3333 883
13.35 882
13.3667 881
13.3833 881
13.4 880
13.4167 879
13.4333 878
13.45 878
13.4667 877
13.4833 876
13.5 875
13.5167 874
13.5333 873
13.55 872
13.5667 871
13.5833 870
13.6 869
13.6167 868
13.6333 867
13.65 866
13.6667 865
13.6833 864
13.7 863
13.7167 862
13.7333 861
13.75 860
13.7667 858
13.7833 857
13.8 856
13.8167 855
13.8333 853
13.85 852
13.8667 851
13.8833 850
13.9 848
13.9167 847
13.9333 846
13.95 844
13.9667 843
13.9833 841
14.0 840
14.0167 838
14.0333 837
14.05 835
14.0667 834
14.0833 832
14.1 831
14.1167 829
14.1333 828
14.15 826
14.1667 825
14.1833 823
14.2 821
14.2167 820
14.2333 818
14.25 816
14.2667 814
14.2833 813
14.3 811
14.3167 809
14.3333 807
14.35 806
14.3667 804
14.3833 802
14.4 800
14.4167 798
14.4333 796
14.45 794
14.4667 792
14.4833 790
14.5 788
14.5167 786
14.5333 785
14.55 782
14.5667 780
14.5833 778
14.6 776
14.6167 774
14.6333 772
14.65 770
14.6667 768
14.6833 766
14.7 764
14.7167 761
14.7333 759
14.75 757
14.7667 755
14.7833 753
14.8 750
14.8167 748
14.8333 746
14.85 743
14.8667 741
14.8833 739
14.9 736
14.9167 734
14.9333 732
14.95 729
14.9667 727
14.9833 724
15.0 721
15.0167 719
15.0333 716
15.05 714
15.0667 711
15.0833 709
15.1 706
15.1167 704
15.1333 701
15.15 699
15.1667 696
15.1833 693
15.2 691
15.2167 688
15.2333 685
15.25 683
15.2667 680
15.2833 677
15.3 675
15.3167 672
15.3333 669
15.35 666
15.3667 664
15.3833 661
15.4 658
15.4167 655
15.4333 652
15.45 650
15.4667 647
15.4833 644
15.5 641
15.5167 638
15.5333 635
15.55 632
15.5667 629
15.5833 627
15.6 624
15.6167 621
15.6333 618
15.65 615
15.6667 612
15.6833 609
15.7 606
15.7167 603
15.7333 600
15.75 597
15.7667 593
15.7833 590
15.8 587
15.8167 584
15.8333 581
15.85 578
15.8667 575
15.8833 572
15.9 569
15.9167 565
15.9333 562
15.95 559
15.9667 556
15.9833 553
