9.0 491
9.0167 495
9.0333 499
9.05 502
9.0667 505
9.0833 509
9.1 512
9.1167 516
9.1333 519
9.15 523
9.1667 526
9.1833 529
9.2 533
9.2167 536
9.2333 539
9.25 543
9.2667 546
9.2833 550
9.3 553
9.3167 556
9.3333 559
9.35 563
9.3667 566
9.3833 569
9.4 573
9.4167 576
9.4333 579
9.45 582
9.4667 586
9.4833 589
9.5 592
9.5167 595
9.5333 598
9.55 602
9.5667 605
9.5833 608
9.6 611
9.6167 614
9.6333 617
9.65 620
9.6667 624
9.6833 627
9.7 630
9.7167 633
9.7333 636
9.75 639
9.7667 642
9.7833 645
9.8 648
9.8167 651
9.8333 654
9.85 657
9.8667 660
9.8833 663
9.9 666
9.9167 669
9.9333 671
9.95 674
9.9667 677
9.9833 680
10.0 683
10.0167 686
10.0333 689
10.05 691
10.0667 694
10.0833 697
10.1 700
10.1167 702
10.1333 705
10.15 708
10.1667 711
10.1833 713
10.2 716
10.2167 719
10.2333 721
10.25 724
10.2667 726
10.2833 729
10.3 732
10.3167 734
10.3333 737
10.35 739
10.3667 742
10.3833 744
10.4 747
10.4167 749
10.4333 752
10.45 754
10.4667 757
10.4833 759
10.5 761
10.5167 764
10.5333 766
10.55 769
10.5667 771
10.5833 773
10.6 776
10.6167 778
10.6333 780
10.65 782
10.6667 785
10.6833 787
10.7 789
10.7167 791
10.7333 793
10.75 796
10.7667 798
10.7833 800
10.8 802
10.8167 804
10.8333 806
10.85 808
10.8667 810
10.8833 812
10.9 814
10.9167 816
10.9333 818
10.95 820
10.9667 822
10.9833 824
11.0 826
11.0167 828
11.0333 830
11.05 832
11.0667 833
11.0833 835
11.1 837
11.1167 839
11.1333 840
11.15 842
11.1667 844
11.1833 846
11.2 847
11.2167 849
11.2333 851
11.25 852
11.2667 854
11.2833 856
11.3 857
11.3167 859
11.3333 860
11.35 862
11.3667 863
11.3833 865
11.4 866
11.4167 868
11.4333 869
11.45 871
11.4667 872
11.4833 873
11.5 875
11.5167 876
11.5333 877
11.55 879
11.5667 880
11.5833 881
11.6 882
11.6167 884
11.6333 885
11.65 886
11.6667 887
11.6833 888
11.7 890
11.7167 891
11.7333 892
11.75 893
11.7667 894
11.7833 895
11.8 896
11.8167 897
11.8333 898
11.85 899
11.8667 900
11.8833 901
11.9 902
11.9167 903
11.9333 903
11.95 904
11.9667 905
11.9833 906
12.0 907
12.0167 907
12.0333 908
12.05 909
12.0667 910
12.0833 910
12.1 911
12.1167 912
12.1333 912
12.15 913
12.1667 913
12.1833 914
12.2 915
12.2167 915
12.2333 916
12.25 916
12.2667 917
12.2833 917
12.3 918
12.3167 918
12.3333 918
12.35 919
12.3667 919
12.3833 919
12.4 920
12.4167 920
12.4333 920
12.45 921
12.4667 921
12.4833 921
12.5 921
12.5167 921
12.5333 922
12.55 922
12.5667 922
12.5833 922
12.6 922
12.6167 922
12.6333 922
12.65 922
12.6667 922
12.6833 922
12.7 922
12.7167 922
12.7333 922
12.75 922
12.7667 922
12.7833 922
12.8 921
12.8167 921
12.8333 921
12.85 921
12.8667 921
12.8833 920
12.9 920
12.9167 920
12.9333 919
12.95 919
12.9667 919
12.9833 918
13.0 918
13.0167 918
13.0333 917
13.05 917
13.0667 916
13.0833 916
13.1 915
13.1167 915
13.1333 914
13.15 914
13.1667 913
13.1833 912
13.2 912
13.2167 911
13.2333 910
13.25 910
13.2667 909
13.2833 908
13.3 908
13.3167 907
13.3333 906
13.35 905
13.3667 904
13.3833 904
13.4 903
13.4167 902
13.4333 901
13.45 900
13.4667 899
13.4833 898
13.5 897
13.5167 896
13.5333 895
13.55 894
13.5667 893
13.5833 892
13.6 891
13.6167 890
13.6333 889
13.65 888
13.6667 886
13.6833 885
13.7 884
13.7167 883
13.7333 881
13.75 880
13.7667 879
13.7833 878
13.8 876
13.8167 875
13.8333 874
13.85 872
13.8667 871
13.8833 869
13.9 868
13.9167 867
13.9333 865
13.95 864
13.9667 862
13.9833 861
14.0 859
14.0167 857
14.0333 856
14.05 854
14.0667 853
14.0833 851
14.1 849
14.1167 848
14.1333 846
14.15 844
14.1667 843
14.1833 841
14.2 839
14.2167 837
14.2333 836
14.25 834
14.2667 832
14.2833 830
14.3 828
14.3167 826
14.3333 824
14.35 822
14.3667 821
14.3833 819
14.4 817
14.4167 815
14.4333 813
14.45 811
14.4667 809
14.4833 807
14.5 804
14.5167 802
14.5333 800
14.55 798
14.5667 796
14.5833 794
14.6 792
14.6167 790
14.6333 787
14.65 785
14.6667 783
14.6833 781
14.7 778
14.7167 776
14.7333 774
14.75 771
14.7667 769
14.7833 767
14.8 764
14.8167 762
14.8333 760
14.85 757
14.8667 755
14.8833 752
14.9 750
14.9167 747
14.9333 745
14.95 742
14.9667 740
14.9833 737
15.0 735
15.0167 732
15.0333 730
15.05 727
15.0667 725
15.0833 722
15.1 719
15.1167 717
15.1333 714
15.15 711
15.1667 709
15.1833 706
15.2 703
15.2167 700
15.2333 698
15.25 695
15.2667 692
15.2833 689
15.3 687
15.3167 684
15.3333 681
15.35 678
15.3667 675
15.3833 672
15.4 669
15.4167 666
15.4333 664
15.45 661
15.4667 658
15.4833 655
15.5 652
15.5167 649
15.5333 646
15.55 643
15.5667 640
15.5833 637
15.6 634
15.6167 631
15.6333 628
15.65 624
15.6667 621
15.6833 618
15.7 615
15.7167 612
15.7333 609
15.75 606
15.7667 603
15.7833 599
15.8 596
15.8167 593
15.8333 590
15.85 587
15.8667 583
15.8833 580
15.9 577
15.9167 574
15.9333 570
15.95 567
15.9667 564
15.9833 560
