9.0 456
9.0167 461
9.0333 464
9.05 468
9.0667 471
9.0833 475
9.1 478
9.1167 482
9.1333 485
9.15 489
9.1667 492
9.1833 496
9.2 499
9.2167 503
9.2333 506
9.25 510
9.2667 513
9.2833 517
9.3 520
9.3167 523
9.3333 527
9.35 530
9.3667 534
9.3833 537
9.4 540
9.4167 544
9.4333 547
9.45 550
9.4667 554
9.4833 557
9.5 560
9.5167 564
9.5333 567
9.55 570
9.5667 573
9.5833 577
9.6 580
9.6167 583
9.6333 586
9.65 590
9.6667 593
9.6833 596
9.7 599
9.7167 602
9.7333 606
9.75 609
9.7667 612
9.7833 615
9.8 618
9.8167 621
9.8333 624
9.85 627
9.8667 630
9.8833 633
9.9 636
9.9167 639
9.9333 642
9.95 645
9.9667 648
9.9833 651
10.0 654
10.0167 657
10.0333 660
10.05 663
10.0667 666
10.0833 669
10.1 672
10.1167 675
10.1333 677
10.15 680
10.1667 683
10.1833 686
10.2 689
10.2167 691
10.2333 694
10.25 697
10.2667 700
10.2833 702
10.3 705
10.3167 708
10.3333 710
10.35 713
10.3667 716
10.3833 718
10.4 721
10.4167 723
10.4333 726
10.45 729
10.4667 731
10.4833 734
10.5 736
10.5167 739
10.5333 741
10.55 744
10.5667 746
10.5833 748
10.6 751
10.6167 753
10.6333 756
10.65 758
10.6667 760
10.6833 763
10.7 765
10.7167 767
10.7333 770
10.75 772
10.7667 774
10.7833 776
10.8 779
10.8167 781
10.8333 783
10.85 785
10.8667 787
10.8833 789
10.9 792
10.9167 794
10.9333 796
10.95 798
10.9667 800
10.9833 802
11.0 804
11.0167 806
11.0333 808
11.05 810
11.0667 812
11.0833 814
11.1 815
11.1167 817
11.1333 819
11.15 821
11.1667 823
11.1833 825
11.2 827
11.2167 828
11.2333 830
11.25 832
11.2667 834
11.2833 835
11.3 837
11.3167 839
11.3333 840
11.35 842
11.3667 843
11.3833 845
11.4 847
11.4167 848
11.4333 850
11.45 851
11.4667 853
11.4833 854
11.5 856
11.5167 857
11.5333 859
11.55 860
11.5667 861
11.5833 863
11.6 864
11.6167 865
11.6333 867
11.65 868
11.6667 869
11.6833 870
11.7 872
11.7167 873
11.7333 874
11.75 875
11.7667 876
11.7833 878
11.8 879
11.8167 880
11.8333 881
11.85 882
11.8667 883
11.8833 884
11.9 885
11.9167 886
11.9333 887
11.95 888
11.9667 889
11.9833 890
12.0 890
12.0167 891
12.0333 892
12.05 893
12.0667 894
12.0833 895
12.1 895
12.1167 896
12.1333 897
12.15 898
12.1667 898
12.1833 899
12.2 899
12.2167 900
12.2333 901
12.25 901
12.2667 902
12.2833 902
12.3 903
12.3167 903
12.3333 904
12.35 904
12.3667 905
12.3833 905
12.4 906
12.4167 906
12.4333 906
12.45 907
12.4667 907
12.4833 907
12.5 908
12.5167 908
12.5333 908
12.55 908
12.5667 909
12.5833 909
12.6 909
12.6167 909
12.6333 909
12.65 909
12.6667 909
12.6833 909
12.7 909
12.7167 909
12.7333 909
12.75 909
12.7667 909
12.7833 909
12.8 909
12.8167 909
12.8333 909
12.85 909
12.8667 909
12.8833 908
12.9 908
12.9167 908
12.9333 908
12.95 907
12.9667 907
12.9833 907
13.0 907
13.0167 906
13.0333 906
13.05 905
13.0667 905
13.0833 905
13.1 904
13.1167 904
13.1333 903
13.15 903
13.1667 902
13.1833 902
13.2 901
13.2167 900
13.2333 900
13.25 899
13.2667 899
13.2833 898
13.3 897
13.3167 897
13.3333 896
13.35 895
13.3667 894
13.3833 894
13.4 893
13.4167 892
13.4333 891
13.45 890
13.4667 889
13.4833 888
13.5 887
13.5167 886
13.5333 886
13.55 885
13.5667 884
13.5833 883
13.6 881
13.6167 880
13.6333 879
13.65 878
13.6667 877
13.6833 876
13.7 875
13.7167 874
13.7333 872
13.75 871
13.7667 870
13.7833 869
13.8 867
13.8167 866
13.8333 865
13.85 863
13.8667 862
13.8833 861
13.9 859
13.9167 858
13.9333 857
13.95 855
13.9667 854
13.9833 852
14.0 851
14.0167 849
14.0333 848
14.05 846
14.0667 844
14.0833 843
14.1 841
14.1167 840
14.1333 838
14.15 836
14.1667 835
14.1833 833
14.2 831
14.2167 829
14.2333 828
14.25 826
14.2667 824
14.2833 822
14.3 820
14.3167 819
14.3333 817
14.35 815
14.3667 813
14.3833 811
14.4 809
14.4167 807
14.4333 805
14.45 803
14.4667 801
14.4833 799
14.5 797
14.5167 795
14.5333 793
14.55 791
14.5667 789
14.5833 786
14.6 784
14.6167 782
14.6333 780
14.65 778
14.6667 775
14.6833 773
14.7 771
14.7167 769
14.7333 766
14.75 764
14.7667 762
14.7833 759
14.8 757
14.8167 755
14.8333 752
14.85 750
14.8667 748
14.8833 745
14.9 743
14.9167 740
14.9333 738
14.95 735
14.9667 733
14.9833 730
15.0 728
15.0167 725
15.0333 723
15.05 720
15.0667 718
15.0833 715
15.1 712
15.1167 710
15.1333 707
15.15 704
15.1667 702
15.1833 699
15.2 696
15.2167 693
15.2333 691
15.25 688
15.2667 685
15.2833 682
15.3 679
15.3167 677
15.3333 674
15.35 671
15.3667 668
15.3833 665
15.4 662
15.4167 659
15.4333 656
15.45 653
15.4667 651
15.4833 648
15.5 645
15.5167 642
15.5333 639
15.55 636
15.5667 633
15.5833 629
15.6 626
15.6167 623
15.6333 620
15.65 617
15.6667 614
15.6833 611
15.7 608
15.7167 605
15.7333 601
15.75 598
15.7667 595
15.7833 592
15.8 589
15.8167 586
15.8333 582
15.85 579
15.8667 576
15.8833 573
15.9 569
15.9167 566
15.9333 563
15.95 559
15.9667 556
15.9833 553
