9.0 488
9.0167 493
9.0333 496
9.05 499
9.0667 503
9.0833 506
9.1 510
9.1167 513
9.1333 517
9.15 520
9.1667 523
9.1833 527
9.2 530
9.2167 534
9.2333 537
9.25 540
9.2667 544
9.2833 547
9.3 550
9.3167 554
9.3333 557
9.35 560
9.3667 564
9.3833 567
9.4 570
9.4167 573
9.4333 577
9.45 580
9.4667 583
9.4833 586
9.5 590
9.5167 593
9.5333 596
9.55 599
9.5667 602
9.5833 606
9.6 609
9.6167 612
9.6333 615
9.65 618
9.6667 621
9.6833 624
9.7 627
9.7167 630
9.7333 634
9.75 637
9.7667 640
9.7833 643
9.8 646
9.8167 649
9.8333 652
9.85 655
9.8667 658
9.8833 660
9.9 663
9.9167 666
9.9333 669
9.95 672
9.9667 675
9.9833 678
10.0 681
10.0167 684
10.0333 686
10.05 689
10.0667 692
10.0833 695
10.1 698
10.1167 700
10.1333 703
10.15 706
10.1667 708
10.1833 711
10.2 714
10.2167 716
10.2333 719
10.25 722
10.2667 724
10.2833 727
10.3 730
10.3167 732
10.3333 735
10.35 737
10.3667 740
10.3833 742
10.4 745
10.4167 747
10.4333 750
10.45 752
10.4667 755
10.4833 757
10.5 760
10.5167 762
10.5333 764
10.55 767
10.5667 769
10.5833 771
10.6 774
10.6167 776
10.6333 778
10.65 780
10.6667 783
10.6833 785
10.7 787
10.7167 789
10.7333 792
10.75 794
10.7667 796
10.7833 798
10.8 800
10.8167 802
10.8333 804
10.85 806
10.8667 808
10.8833 810
10.9 812
10.9167 814
10.9333 816
10.95 818
10.9667 820
10.9833 822
11.0 824
11.0167 826
11.0333 828
11.05 830
11.0667 832
11.0833 833
11.1 835
11.1167 837
11.1333 839
11.15 841
11.1667 842
11.1833 844
11.2 846
11.2167 847
11.2333 849
11.25 851
11.2667 852
11.2833 854
11.3 855
11.3167 857
11.3333 859
11.35 860
11.3667 862
11.3833 863
11.4 865
11.4167 866
11.4333 868
11.45 869
11.4667 870
11.4833 872
11.5 873
11.5167 874
11.5333 876
11.55 877
11.5667 878
11.5833 880
11.6 881
11.6167 882
11.6333 883
11.65 885
11.6667 886
11.6833 887
11.7 888
11.7167 889
11.7333 890
11.75 891
11.7667 892
11.7833 893
11.8 894
11.8167 895
11.8333 896
11.85 897
11.8667 898
11.8833 899
11.9 900
11.9167 901
11.9333 902
11.95 903
11.9667 904
11.9833 904
12.0 905
12.0167 906
12.0333 907
12.05 908
12.0667 908
12.0833 909
12.1 910
12.1167 910
12.1333 911
12.15 912
12.1667 912
12.1833 913
12.2 913
12.2167 914
12.2333 914
12.25 915
12.2667 915
12.2833 916
12.3 916
12.3167 917
12.3333 917
12.35 917
12.3667 918
12.3833 918
12.4 918
12.4167 919
12.4333 919
12.45 919
12.4667 920
12.4833 920
12.5 920
12.5167 920
12.5333 920
12.55 920
12.5667 921
12.5833 921
12.6 921
12.6167 921
12.6333 921
12.65 921
12.6667 921
12.6833 921
12.7 921
12.7167 921
12.7333 921
12.75 921
12.7667 921
12.7833 920
12.8 920
12.8167 920
12.8333 920
12.85 920
12.8667 919
12.8833 919
12.9 919
12.9167 919
12.9333 918
12.95 918
12.9667 918
12.9833 917
13.0 917
13.0167 916
13.0333 916
13.05 916
13.0667 915
13.0833 915
13.1 914
13.1167 914
13.1333 913
13.15 913
13.1667 912
13.1833 911
13.2 911
13.2167 910
13.2333 909
13.25 909
13.2667 908
13.2833 907
13.3 907
13.3167 906
13.3333 905
13.35 904
13.3667 903
13.3833 903
13.4 902
13.4167 901
13.4333 900
13.45 899
13.4667 898
13.4833 897
13.5 896
13.5167 895
13.5333 894
13.55 893
13.5667 892
13.5833 891
13.6 890
13.6167 889
13.6333 888
13.65 886
13.6667 885
13.6833 884
13.7 883
13.7167 882
13.7333 880
13.75 879
13.7667 878
13.7833 877
13.8 875
13.8167 874
13.8333 873
13.85 871
13.8667 870
13.8833 868
13.9 867
13.9167 866
13.9333 864
13.95 863
13.9667 861
13.9833 860
14.0 858
14.0167 856
14.0333 855
14.05 853
14.0667 852
14.0833 850
14.1 848
14.1167 847
14.1333 845
14.15 843
14.1667 842
14.1833 840
14.2 838
14.2167 836
14.2333 835
14.25 833
14.2667 831
14.2833 829
14.3 827
14.3167 825
14.3333 823
14.35 822
14.3667 820
14.3833 818
14.4 816
14.4167 814
14.4333 812
14.45 810
14.4667 808
14.4833 806
14.5 803
14.5167 801
14.5333 799
14.55 797
14.5667 795
14.5833 793
14.6 791
14.6167 789
14.6333 786
14.65 784
14.6667 782
14.6833 780
14.7 777
14.7167 775
14.7333 773
14.75 770
14.7667 768
14.7833 766
14.8 763
14.8167 761
14.8333 759
14.85 756
14.8667 754
14.8833 751
14.9 749
14.9167 746
14.9333 744
14.95 741
14.9667 739
14.9833 736
15.0 734
15.0167 731
15.0333 729
15.05 726
15.0667 724
15.0833 721
15.1 718
15.1167 716
15.1333 713
15.15 710
15.1667 708
15.1833 705
15.2 702
15.2167 699
15.2333 697
15.25 694
15.2667 691
15.2833 688
15.3 686
15.3167 683
15.3333 680
15.35 677
15.3667 674
15.3833 671
15.4 668
15.4167 665
15.4333 663
15.45 660
15.4667 657
15.4833 654
15.5 651
15.5167 648
15.5333 645
15.55 642
15.5667 639
15.5833 636
15.6 633
15.6167 630
15.6333 626
15.65 623
15.6667 620
15.6833 617
15.7 614
15.7167 611
15.7333 608
15.75 605
15.7667 601
15.7833 598
15.8 595
15.8167 592
15.8333 589
15.85 585
15.8667 582
15.8833 579
15.9 576
15.9167 573
15.9333 569
15.95 566
15.9667 563
15.9833 559
