9.0 530
9.0167 533
9.0333 537
9.05 540
9.0667 543
9.0833 547
9.1 550
9.1167 553
9.1333 557
9.15 560
9.1667 563
9.1833 566
9.2 570
9.2167 573
9.2333 576
9.25 579
9.2667 583
9.2833 586
9.3 589
9.3167 592
9.3333 595
9.35 598
9.3667 602
9.3833 605
9.4 608
9.4167 611
9.4333 614
9.45 617
9.4667 620
9.4833 623
9.5 626
9.5167 629
9.5333 633
9.55 636
9.5667 639
9.5833 642
9.6 645
9.6167 648
9.6333 651
9.65 654
9.6667 657
9.6833 659
9.7 662
9.7167 665
9.7333 668
9.75 671
9.7667 674
9.7833 677
9.8 680
9.8167 683
9.8333 685
9.85 688
9.8667 691
9.8833 694
9.9 697
9.9167 699
9.9333 702
9.95 705
9.9667 708
9.9833 710
10.0 713
10.0167 716
10.0333 718
10.05 721
10.0667 724
10.0833 726
10.1 729
10.1167 732
10.1333 734
10.15 737
10.1667 739
10.1833 742
10.2 744
10.2167 747
10.2333 749
10.25 752
10.2667 754
10.2833 757
10.3 759
10.3167 762
10.3333 764
10.35 767
10.3667 769
10.3833 771
10.4 774
10.4167 776
10.4333 778
10.45 781
10.4667 783
10.4833 785
10.5 788
10.5167 790
10.5333 792
10.55 794
10.5667 797
10.5833 799
10.6 801
10.6167 803
10.6333 805
10.65 807
10.6667 809
10.6833 812
10.7 814
10.7167 816
10.7333 818
10.75 820
10.7667 822
10.7833 824
10.8 826
10.8167 828
10.8333 830
10.85 832
10.8667 834
10.8833 835
10.9 837
10.9167 839
10.9333 841
10.95 843
10.9667 845
10.9833 847
11.0 848
11.0167 850
11.0333 852
11.05 854
11.0667 855
11.0833 857
11.1 859
11.1167 860
11.1333 862
11.15 864
11.1667 865
11.1833 867
11.2 868
11.2167 870
11.2333 872
11.25 873
11.2667 875
11.2833 876
11.3 878
11.3167 879
11.3333 880
11.35 882
11.3667 883
11.3833 885
11.4 886
11.4167 887
11.4333 889
11.45 890
11.4667 891
11.4833 893
11.5 894
11.5167 895
11.5333 896
11.55 898
11.5667 899
11.5833 900
11.6 901
11.6167 902
11.6333 903
11.65 904
11.6667 906
11.6833 907
11.7 908
11.7167 909
11.7333 910
11.75 911
11.7667 912
11.7833 913
11.8 914
11.8167 915
11.8333 915
11.85 916
11.8667 917
11.8833 918
11.9 919
11.9167 920
11.9333 920
11.95 921
11.9667 922
11.9833 923
12.0 923
12.0167 924
12.0333 925
12.05 925
12.0667 926
12.0833 927
12.1 927
12.1167 928
12.1333 928
12.15 929
12.1667 929
12.1833 930
12.2 930
12.2167 931
12.2333 931
12.25 932
12.2667 932
12.2833 933
12.3 933
12.3167 933
12.3333 934
12.35 934
12.3667 934
12.3833 935
12.4 935
12.4167 935
12.4333 935
12.45 936
12.4667 936
12.4833 936
12.5 936
12.5167 936
12.5333 936
12.55 936
12.5667 936
12.5833 937
12.6 937
12.6167 937
12.6333 937
12.65 937
12.6667 937
12.6833 936
12.7 936
12.7167 936
12.7333 936
12.75 936
12.7667 936
12.7833 936
12.8 936
12.8167 935
12.8333 935
12.85 935
12.8667 935
12.8833 934
12.9 934
12.9167 934
12.9333 933
12.95 933
12.9667 933
12.9833 932
13.0 932
13.0167 931
13.0333 931
13.05 930
13.0667 930
13.0833 929
13.1 929
13.1167 928
13.1333 928
13.15 927
13.1667 926
13.1833 926
13.2 925
13.2167 925
13.2333 924
13.25 923
13.2667 922
13.2833 922
13.3 921
13.3167 920
13.3333 919
13.35 919
13.3667 918
13.3833 917
13.4 916
13.4167 915
13.4333 914
13.45 913
13.4667 912
13.4833 911
13.5 910
13.5167 909
13.5333 908
13.55 907
13.5667 906
13.5833 905
13.6 904
13.6167 903
13.6333 902
13.65 901
13.6667 900
13.6833 898
13.7 897
13.7167 896
13.7333 895
13.75 894
13.7667 892
13.7833 891
13.8 890
13.8167 888
13.8333 887
13.85 886
13.8667 884
13.8833 883
13.9 881
13.9167 880
13.9333 879
13.95 877
13.9667 876
13.9833 874
14.0 873
14.0167 871
14.0333 869
14.05 868
14.0667 866
14.0833 865
14.1 863
14.1167 861
14.1333 860
14.15 858
14.1667 856
14.1833 855
14.2 853
14.2167 851
14.2333 850
14.25 848
14.2667 846
14.2833 844
14.3 842
14.3167 840
14.3333 839
14.35 837
14.3667 835
14.3833 833
14.4 831
14.4167 829
14.4333 827
14.45 825
14.4667 823
14.4833 821
14.5 819
14.5167 817
14.5333 815
14.55 813
14.5667 811
14.5833 809
14.6 807
14.6167 804
14.6333 802
14.65 800
14.6667 798
14.6833 796
14.7 794
14.7167 791
14.7333 789
14.75 787
14.7667 785
14.7833 782
14.8 780
14.8167 778
14.8333 775
14.85 773
14.8667 771
14.8833 768
14.9 766
14.9167 763
14.9333 761
14.95 758
14.9667 756
14.9833 754
15.0 751
15.0167 749
15.0333 746
15.05 744
15.0667 741
15.0833 739
15.1 736
15.1167 733
15.1333 731
15.15 728
15.1667 726
15.1833 723
15.2 720
15.2167 718
15.2333 715
15.25 712
15.2667 710
15.2833 707
15.3 704
15.3167 701
15.3333 699
15.35 696
15.3667 693
15.3833 690
15.4 687
15.4167 685
15.4333 682
15.45 679
15.4667 676
15.4833 673
15.5 670
15.5167 667
15.5333 664
15.55 662
15.5667 659
15.5833 656
15.6 653
15.6167 650
15.6333 647
15.65 644
15.6667 641
15.6833 638
15.7 635
15.7167 632
15.7333 629
15.75 626
15.7667 623
15.7833 619
15.8 616
15.8167 613
15.8333 610
15.85 607
15.8667 604
15.8833 601
15.9 598
15.9167 594
15.9333 591
15.95 588
15.9667 585
15.9833 582
