9.0 495
9.0167 498
9.0333 501
9.05 504
9.0667 507
9.0833 511
9.1 514
9.1167 517
9.1333 520
9.15 523
9.1667 526
9.1833 530
9.2 533
9.2167 536
9.2333 539
9.25 542
9.2667 545
9.2833 548
9.3 551
9.3167 554
9.3333 557
9.35 561
9.3667 564
9.3833 567
9.4 570
9.4167 573
9.4333 576
9.45 579
9.4667 582
9.4833 585
9.5 588
9.5167 591
9.5333 594
9.55 597
9.5667 600
9.5833 603
9.6 605
9.6167 608
9.6333 611
9.65 614
9.6667 617
9.6833 620
9.7 623
9.7167 626
9.7333 628
9.75 631
9.7667 634
9.7833 637
9.8 640
9.8167 643
9.8333 645
9.85 648
9.8667 651
9.8833 654
9.9 656
9.9167 659
9.9333 662
9.95 664
9.9667 667
9.9833 670
10.0 672
10.0167 675
10.0333 678
10.05 680
10.0667 683
10.0833 686
10.1 688
10.1167 691
10.1333 693
10.15 696
10.1667 698
10.1833 701
10.2 703
10.2167 706
10.2333 708
10.25 711
10.2667 713
10.2833 716
10.3 718
10.3167 721
10.3333 723
10.35 725
10.3667 728
10.3833 730
10.4 733
10.4167 735
10.4333 737
10.45 740
10.4667 742
10.4833 744
10.5 746
10.5167 749
10.5333 751
10.55 753
10.5667 755
10.5833 758
10.6 760
10.6167 762
10.6333 764
10.65 766
10.6667 768
10.6833 770
10.7 773
10.7167 775
10.7333 777
10.75 779
10.7667 781
10.7833 783
10.8 785
10.8167 787
10.8333 789
10.85 791
10.8667 793
10.8833 795
10.9 797
10.9167 798
10.9333 800
10.95 802
10.9667 804
10.9833 806
11.0 808
11.0167 810
11.0333 811
11.05 813
11.0667 815
11.0833 817
11.1 818
11.1167 820
11.1333 822
11.15 823
11.1667 825
11.1833 827
11.2 828
11.2167 830
11.2333 832
11.25 833
11.2667 835
11.2833 836
11.3 838
11.3167 839
11.3333 841
11.35 842
11.3667 844
11.3833 845
11.4 847
11.4167 848
11.4333 850
11.45 851
11.4667 852
11.4833 854
11.5 855
11.5167 856
11.5333 858
11.55 859
11.5667 860
11.5833 861
11.6 863
11.6167 864
11.6333 865
11.65 866
11.6667 867
11.6833 869
11.7 870
11.7167 871
11.7333 872
11.75 873
11.7667 874
11.7833 875
11.8 876
11.8167 877
11.8333 878
11.85 879
11.8667 880
11.8833 881
11.9 882
11.9167 883
11.9333 884
11.95 885
11.9667 886
11.9833 886
12.0 887
12.0167 888
12.0333 889
12.05 890
12.0667 890
12.0833 891
12.1 892
12.1167 892
12.1333 893
12.15 894
12.1667 894
12.1833 895
12.2 896
12.2167 896
12.2333 897
12.25 897
12.2667 898
12.2833 898
12.3 899
12.3167 899
12.3333 900
12.35 900
12.3667 901
12.3833 901
12.4 902
12.4167 902
12.4333 902
12.45 903
12.4667 903
12.4833 903
12.5 903
12.5167 904
12.5333 904
12.55 904
12.5667 904
12.5833 905
12.6 905
12.6167 905
12.6333 905
12.65 905
12.6667 905
12.6833 905
12.7 905
12.7167 906
12.7333 906
12.75 906
12.7667 906
12.7833 906
12.8 906
12.8167 905
12.8333 905
12.85 905
12.8667 905
12.8833 905
12.9 905
12.9167 905
12.9333 905
12.95 904
12.9667 904
12.9833 904
13.0 904
13.0167 903
13.0333 903
13.05 903
13.0667 902
13.0833 902
13.1 902
13.1167 901
13.1333 901
13.15 900
13.1667 900
13.1833 900
13.2 899
13.2167 899
13.2333 898
13.25 898
13.2667 897
13.2833 896
13.3 896
13.3167 895
13.3333 895
13.35 894
13.3667 893
13.3833 893
13.4 892
13.4167 891
13.4333 891
13.45 890
13.4667 889
13.4833 888
13.5 888
13.5167 887
13.5333 886
13.55 885
13.5667 884
13.5833 883
13.6 882
13.6167 881
13.6333 881
13.65 880
13.6667 879
13.6833 878
13.7 877
13.7167 876
13.7333 875
13.75 874
13.7667 872
13.7833 871
13.8 870
13.8167 869
13.8333 868
13.85 867
13.8667 866
13.8833 864
13.9 863
13.9167 862
13.9333 861
13.95 859
13.9667 858
13.9833 857
14.0 856
14.0167 854
14.0333 853
14.05 852
14.0667 850
14.0833 849
14.1 847
14.1167 846
14.1333 845
14.15 843
14.1667 842
14.1833 840
14.2 839
14.2167 837
14.2333 835
14.25 834
14.2667 832
14.2833 831
14.3 829
14.3167 828
14.3333 826
14.35 824
14.3667 823
14.3833 821
14.4 819
14.4167 817
14.4333 816
14.45 814
14.4667 812
14.4833 810
14.5 809
14.5167 807
14.5333 805
14.55 803
14.5667 801
14.5833 799
14.6 797
14.6167 795
14.6333 794
14.65 792
14.6667 790
14.6833 788
14.7 786
14.7167 784
14.7333 782
14.75 780
14.7667 778
14.7833 776
14.8 773
14.8167 771
14.8333 769
14.85 767
14.8667 765
14.8833 763
14.9 761
14.9167 759
14.9333 756
14.95 754
14.9667 752
14.9833 750
15.0 747
15.0167 745
15.0333 743
15.05 741
15.0667 738
15.0833 736
15.1 734
15.1167 731
15.1333 729
15.15 727
15.1667 724
15.1833 722
15.2 719
15.2167 717
15.2333 715
15.25 712
15.2667 710
15.2833 707
15.3 705
15.3167 702
15.3333 700
15.35 697
15.3667 695
15.3833 692
15.4 689
15.4167 687
15.4333 684
15.45 682
15.4667 679
15.4833 676
15.5 674
15.5167 671
15.5333 668
15.55 666
15.5667 663
15.5833 660
15.6 658
15.6167 655
15.6333 652
15.65 649
15.6667 647
15.6833 644
15.7 641
15.7167 638
15.7333 635
15.75 633
15.7667 630
15.7833 627
15.8 624
15.8167 621
15.8333 618
15.85 616
15.8667 613
15.8833 610
15.9 607
15.9167 604
15.9333 601
15.95 598
15.9667 595
15.9833 592
