9.0 502
9.0167 505
9.0333 508
9.05 511
9.0667 515
9.0833 518
9.1 521
9.1167 524
9.1333 528
9.15 531
9.1667 534
9.1833 537
9.2 540
9.2167 544
9.2333 547
9.25 550
9.2667 553
9.2833 556
9.3 559
9.3167 562
9.3333 566
9.35 569
9.3667 572
9.3833 575
9.4 578
9.4167 581
9.4333 584
9.45 587
9.4667 590
9.4833 593
9.5 596
9.5167 599
9.5333 602
9.55 605
9.5667 608
9.5833 611
9.6 614
9.6167 617
9.6333 620
9.65 623
9.6667 626
9.6833 629
9.7 632
9.7167 635
9.7333 638
9.75 641
9.7667 644
9.7833 646
9.8 649
9.8167 652
9.8333 655
9.85 658
9.8667 661
9.8833 663
9.9 666
9.9167 669
9.9333 672
9.95 674
9.9667 677
9.9833 680
10.0 683
10.0167 685
10.0333 688
10.05 691
10.0667 693
10.0833 696
10.1 699
10.1167 701
10.1333 704
10.15 706
10.1667 709
10.1833 712
10.2 714
10.2167 717
10.2333 719
10.25 722
10.2667 724
10.2833 727
10.3 729
10.3167 732
10.3333 734
10.35 736
10.3667 739
10.3833 741
10.4 744
10.4167 746
10.4333 748
10.45 751
10.4667 753
10.4833 755
10.5 758
10.5167 760
10.5333 762
10.55 765
10.5667 767
10.5833 769
10.6 771
10.6167 774
10.6333 776
10.65 778
10.6667 780
10.6833 782
10.7 784
10.7167 787
10.7333 789
10.75 791
10.7667 793
10.7833 795
10.8 797
10.8167 799
10.8333 801
10.85 803
10.8667 805
10.8833 807
10.9 809
10.9167 811
10.9333 813
10.95 815
10.9667 817
10.9833 818
11.0 820
11.0167 822
11.0333 824
11.05 826
11.0667 828
11.0833 829
11.1 831
11.1167 833
11.1333 835
11.15 836
11.1667 838
11.1833 840
11.2 841
11.2167 843
11.2333 845
11.25 846
11.2667 848
11.2833 849
11.3 851
11.3167 853
11.3333 854
11.35 856
11.3667 857
11.3833 859
11.4 860
11.4167 862
11.4333 863
11.45 864
11.4667 866
11.4833 867
11.5 869
11.5167 870
11.5333 871
11.55 873
11.5667 874
11.5833 875
11.6 876
11.6167 878
11.6333 879
11.65 880
11.6667 881
11.6833 882
11.7 884
11.7167 885
11.7333 886
11.75 887
11.7667 888
11.7833 889
11.8 890
11.8167 891
11.8333 892
11.85 893
11.8667 894
11.8833 895
11.9 896
11.9167 897
11.9333 898
11.95 899
11.9667 900
11.9833 901
12.0 902
12.0167 902
12.0333 903
12.05 904
12.0667 905
12.0833 906
12.1 906
12.1167 907
12.1333 908
12.15 908
12.1667 909
12.1833 910
12.2 910
12.2167 911
12.2333 912
12.25 912
12.2667 913
12.2833 913
12.3 914
12.3167 914
12.3333 915
12.35 915
12.3667 916
12.3833 916
12.4 917
12.4167 917
12.4333 917
12.45 918
12.4667 918
12.4833 918
12.5 919
12.5167 919
12.5333 919
12.55 920
12.5667 920
12.5833 920
12.6 920
12.6167 920
12.6333 921
12.65 921
12.6667 921
12.6833 921
12.7 921
12.7167 921
12.7333 921
12.75 921
12.7667 921
12.7833 921
12.8 921
12.8167 921
12.8333 921
12.85 921
12.8667 921
12.8833 921
12.9 921
12.9167 920
12.9333 920
12.95 920
12.9667 920
12.9833 920
13.0 919
13.0167 919
13.0333 919
13.05 919
13.0667 918
13.0833 918
13.1 918
13.1167 917
13.1333 917
13.15 916
13.1667 916
13.1833 916
13.2 915
13.2167 915
13.2333 914
13.25 914
13.2667 913
13.2833 913
13.3 912
13.3167 911
13.3333 911
13.35 910
13.3667 910
13.3833 909
13.4 908
13.4167 908
13.4333 907
13.45 906
13.4667 905
13.4833 905
13.5 904
13.5167 903
13.5333 902
13.55 901
13.5667 901
13.5833 900
13.6 899
13.6167 898
13.6333 897
13.65 896
13.6667 895
13.6833 894
13.7 893
13.7167 892
13.7333 891
13.75 890
13.7667 889
13.7833 888
13.8 887
13.8167 886
13.8333 884
13.85 883
13.8667 882
13.8833 881
13.9 880
13.9167 879
13.9333 877
13.95 876
13.9667 875
13.9833 874
14.0 872
14.0167 871
14.0333 870
14.05 868
14.0667 867
14.0833 865
14.1 864
14.1167 863
14.1333 861
14.15 860
14.1667 858
14.1833 857
14.2 855
14.2167 854
14.2333 852
14.25 851
14.2667 849
14.2833 847
14.3 846
14.3167 844
14.3333 843
14.35 841
14.3667 839
14.3833 838
14.4 836
14.4167 834
14.4333 832
14.45 831
14.4667 829
14.4833 827
14.5 825
14.5167 823
14.5333 822
14.55 820
14.5667 818
14.5833 816
14.6 814
14.6167 812
14.6333 810
14.65 808
14.6667 806
14.6833 804
14.7 802
14.7167 800
14.7333 798
14.75 796
14.7667 794
14.7833 792
14.8 790
14.8167 788
14.8333 786
14.85 784
14.8667 782
14.8833 780
14.9 777
14.9167 775
14.9333 773
14.95 771
14.9667 769
14.9833 766
15.0 764
15.0167 762
15.0333 759
15.05 757
15.0667 755
15.0833 753
15.1 750
15.1167 748
15.1333 745
15.15 743
15.1667 741
15.1833 738
15.2 736
15.2167 733
15.2333 731
15.25 728
15.2667 726
15.2833 724
15.3 721
15.3167 718
15.3333 716
15.35 713
15.3667 711
15.3833 708
15.4 706
15.4167 703
15.4333 700
15.45 698
15.4667 695
15.4833 693
15.5 690
15.5167 687
15.5333 685
15.55 682
15.5667 679
15.5833 676
15.6 674
15.6167 671
15.6333 668
15.65 665
15.6667 663
15.6833 660
15.7 657
15.7167 654
15.7333 651
15.75 649
15.7667 646
15.7833 643
15.8 640
15.8167 637
15.8333 634
15.85 631
15.8667 628
15.8833 625
15.9 622
15.9167 620
15.9333 617
15.95 614
15.9667 611
15.9833 608
