9.0 419
9.0167 424
9.0333 428
9.05 431
9.0667 435
9.0833 438
9.1 442
9.1167 445
9.1333 449
9.15 452
9.1667 456
9.1833 459
9.2 463
9.2167 466
9.2333 470
9.25 473
9.2667 477
9.2833 480
9.3 484
9.3167 487
9.3333 491
9.35 494
9.3667 498
9.3833 501
9.4 504
9.4167 508
9.4333 511
9.45 515
9.4667 518
9.4833 521
9.5 525
9.5167 528
9.5333 531
9.55 535
9.5667 538
9.5833 541
9.6 545
9.6167 548
9.6333 551
9.65 554
9.6667 558
9.6833 561
9.7 564
9.7167 567
9.7333 571
9.75 574
9.7667 577
9.7833 580
9.8 583
9.8167 586
9.8333 590
9.85 593
9.8667 596
9.8833 599
9.9 602
9.9167 605
9.9333 608
9.95 611
9.9667 614
9.9833 617
10.0 620
10.0167 623
10.0333 626
10.05 629
10.0667 632
10.0833 635
10.1 638
10.1167 641
10.1333 644
10.15 647
10.1667 650
10.1833 652
10.2 655
10.2167 658
10.2333 661
10.25 664
10.2667 667
10.2833 669
10.3 672
10.3167 675
10.3333 678
10.35 680
10.3667 683
10.3833 686
10.4 688
10.4167 691
10.4333 694
10.45 696
10.4667 699
10.4833 702
10.5 704
10.5167 707
10.5333 709
10.55 712
10.5667 714
10.5833 717
10.6 719
10.6167 722
10.6333 724
10.65 727
10.6667 729
10.6833 731
10.7 734
10.7167 736
10.7333 739
10.75 741
10.7667 743
10.7833 745
10.8 748
10.8167 750
10.8333 752
10.85 755
10.8667 757
10.8833 759
10.9 761
10.9167 763
10.9333 765
10.95 768
10.9667 770
10.9833 772
11.0 774
11.0167 776
11.0333 778
11.05 780
11.0667 782
11.0833 784
11.1 786
11.1167 788
11.1333 790
11.15 792
11.1667 794
11.1833 796
11.2 797
11.2167 799
11.2333 801
11.25 803
11.2667 805
11.2833 806
11.3 808
11.3167 810
11.3333 812
11.35 813
11.3667 815
11.3833 817
11.4 818
11.4167 820
11.4333 822
11.45 823
11.4667 825
11.4833 826
11.5 828
11.5167 829
11.5333 831
11.55 832
11.5667 834
11.5833 835
11.6 837
11.6167 838
11.6333 839
11.65 841
11.6667 842
11.6833 843
11.7 845
11.7167 846
11.7333 847
11.75 849
11.7667 850
11.7833 851
11.8 852
11.8167 853
11.8333 854
11.85 856
11.8667 857
11.8833 858
11.9 859
11.9167 860
11.9333 861
11.95 862
11.9667 863
11.9833 864
12.0 865
12.0167 866
12.0333 867
12.05 868
12.0667 868
12.0833 869
12.1 870
12.1167 871
12.1333 872
12.15 872
12.1667 873
12.1833 874
12.2 875
12.2167 875
12.2333 876
12.25 877
12.2667 877
12.2833 878
12.3 878
12.3167 879
12.3333 880
12.35 880
12.3667 881
12.3833 881
12.4 882
12.4167 882
12.4333 882
12.45 883
12.4667 883
12.4833 884
12.5 884
12.5167 884
12.5333 884
12.55 885
12.5667 885
12.5833 885
12.6 885
12.6167 886
12.6333 886
12.65 886
12.6667 886
12.6833 886
12.7 886
12.7167 886
12.7333 887
12.75 887
12.7667 887
12.7833 887
12.8 887
12.8167 886
12.8333 886
12.85 886
12.8667 886
12.8833 886
12.9 886
12.9167 886
12.9333 886
12.95 885
12.9667 885
12.9833 885
13.0 885
13.0167 884
13.0333 884
13.05 884
13.0667 883
13.0833 883
13.1 883
13.1167 882
13.1333 882
13.15 881
13.1667 881
13.1833 880
13.2 880
13.2167 879
13.2333 879
13.25 878
13.2667 878
13.2833 877
13.3 876
13.3167 876
13.3333 875
13.35 874
13.3667 874
13.3833 873
13.4 872
13.4167 871
13.4333 870
13.45 870
13.4667 869
13.4833 868
13.5 867
13.5167 866
13.5333 865
13.55 864
13.5667 863
13.5833 862
13.6 861
13.6167 860
13.6333 859
13.65 858
13.6667 857
13.6833 856
13.7 855
13.7167 854
13.7333 853
13.75 852
13.7667 850
13.7833 849
13.8 848
13.8167 847
13.8333 845
13.85 844
13.8667 843
13.8833 841
13.9 840
13.9167 839
13.9333 837
13.95 836
13.9667 835
13.9833 833
14.0 832
14.0167 830
14.0333 829
14.05 827
14.0667 826
14.0833 824
14.1 822
14.1167 821
14.1333 819
14.15 818
14.1667 816
14.1833 814
14.2 813
14.2167 811
14.2333 809
14.25 807
14.2667 806
14.2833 804
14.3 802
14.3167 800
14.3333 798
14.35 797
14.3667 795
14.3833 793
14.4 791
14.4167 789
14.4333 787
14.45 785
14.4667 783
14.4833 781
14.5 779
14.5167 777
14.5333 775
14.55 773
14.5667 771
14.5833 769
14.6 767
14.6167 764
14.6333 762
14.65 760
14.6667 758
14.6833 756
14.7 753
14.7167 751
14.7333 749
14.75 747
14.7667 744
14.7833 742
14.8 740
14.8167 737
14.8333 735
14.85 733
14.8667 730
14.8833 728
14.9 725
14.9167 723
14.9333 720
14.95 718
14.9667 715
14.9833 713
15.0 711
15.0167 708
15.0333 706
15.05 703
15.0667 701
15.0833 698
15.1 695
15.1167 693
15.1333 690
15.15 687
15.1667 685
15.1833 682
15.2 679
15.2167 677
15.2333 674
15.25 671
15.2667 668
15.2833 666
15.3 663
15.3167 660
15.3333 657
15.35 654
15.3667 651
15.3833 649
15.4 646
15.4167 643
15.4333 640
15.45 637
15.4667 634
15.4833 631
15.5 628
15.5167 625
15.5333 622
15.55 619
15.5667 616
15.5833 613
15.6 610
15.6167 607
15.6333 604
15.65 601
15.6667 598
15.6833 595
15.7 592
15.7167 588
15.7333 585
15.75 582
15.7667 579
15.7833 576
15.8 573
15.8167 569
15.8333 566
15.85 563
15.8667 560
15.8833 556
15.9 553
15.9167 550
15.9333 547
15.95 543
15.9667 540
15.9833 537
