9.0 481
9.0167 484
9.0333 487
9.05 491
9.0667 494
9.0833 497
9.1 500
9.1167 503
9.1333 506
9.15 509
9.1667 512
9.1833 515
9.2 518
9.2167 522
9.2333 525
9.25 528
9.2667 531
9.2833 534
9.3 537
9.3167 540
9.3333 543
9.35 546
9.3667 549
9.3833 552
9.4 555
9.4167 558
9.4333 561
9.45 564
9.4667 567
9.4833 570
9.5 573
9.5167 575
9.5333 578
9.55 581
9.5667 584
9.5833 587
9.6 590
9.6167 593
9.6333 596
9.65 598
9.6667 601
9.6833 604
9.7 607
9.7167 610
9.7333 613
9.75 615
9.7667 618
9.7833 621
9.8 624
9.8167 626
9.8333 629
9.85 632
9.8667 635
9.8833 637
9.9 640
9.9167 643
9.9333 645
9.95 648
9.9667 651
9.9833 653
10.0 656
10.0167 658
10.0333 661
10.05 664
10.0667 666
10.0833 669
10.1 671
10.1167 674
10.1333 676
10.15 679
10.1667 681
10.1833 684
10.2 686
10.2167 689
10.2333 691
10.25 694
10.2667 696
10.2833 698
10.3 701
10.3167 703
10.3333 706
10.35 708
10.3667 710
10.3833 713
10.4 715
10.4167 717
10.4333 720
10.45 722
10.4667 724
10.4833 726
10.5 729
10.5167 731
10.5333 733
10.55 735
10.5667 737
10.5833 739
10.6 742
10.6167 744
10.6333 746
10.65 748
10.6667 750
10.6833 752
10.7 754
10.7167 756
10.7333 758
10.75 760
10.7667 762
10.7833 764
10.8 766
10.8167 768
10.8333 770
10.85 772
10.8667 774
10.8833 776
10.9 778
10.9167 780
10.9333 782
10.95 783
10.9667 785
10.9833 787
11.0 789
11.0167 791
11.0333 792
11.05 794
11.0667 796
11.0833 798
11.1 799
11.1167 801
11.1333 803
11.15 804
11.1667 806
11.1833 808
11.2 809
11.2167 811
11.2333 812
11.25 814
11.2667 815
11.2833 817
11.3 818
11.3167 820
11.3333 821
11.35 823
11.3667 824
11.3833 826
11.4 827
11.4167 829
11.4333 830
11.45 831
11.4667 833
11.4833 834
11.5 835
11.5167 837
11.5333 838
11.55 839
11.5667 840
11.5833 842
11.6 843
11.6167 844
11.6333 845
11.65 846
11.6667 847
11.6833 849
11.7 850
11.7167 851
11.7333 852
11.75 853
11.7667 854
11.7833 855
11.8 856
11.8167 857
11.8333 858
11.85 859
11.8667 860
11.8833 861
11.9 862
11.9167 863
11.9333 863
11.95 864
11.9667 865
11.9833 866
12.0 867
12.0167 867
12.0333 868
12.05 869
12.0667 870
12.0833 870
12.1 871
12.1167 872
12.1333 872
12.15 873
12.1667 874
12.1833 874
12.2 875
12.2167 875
12.2333 876
12.25 877
12.2667 877
12.2833 878
12.3 878
12.3167 879
12.3333 879
12.35 879
12.3667 880
12.3833 880
12.4 881
12.4167 881
12.4333 881
12.45 882
12.4667 882
12.4833 882
12.5 882
12.5167 883
12.5333 883
12.55 883
12.5667 883
12.5833 884
12.6 884
12.6167 884
12.6333 884
12.65 884
12.6667 884
12.6833 884
12.7 884
12.7167 884
12.7333 884
12.75 884
12.7667 884
12.7833 884
12.8 884
12.8167 884
12.8333 884
12.85 884
12.8667 884
12.8833 884
12.9 884
12.9167 883
12.9333 883
12.95 883
12.9667 883
12.9833 882
13.0 882
13.0167 882
13.0333 882
13.05 881
13.0667 881
13.0833 881
13.1 880
13.1167 880
13.1333 879
13.15 879
13.1667 879
13.1833 878
13.2 878
13.2167 877
13.2333 877
13.25 876
13.2667 875
13.2833 875
13.3 874
13.3167 874
13.3333 873
13.35 872
13.3667 872
13.3833 871
13.4 870
13.4167 870
13.4333 869
13.45 868
13.4667 867
13.4833 867
13.5 866
13.5167 865
13.5333 864
13.55 863
13.5667 863
13.5833 862
13.6 861
13.6167 860
13.6333 859
13.65 858
13.6667 857
13.6833 856
13.7 855
13.7167 854
13.7333 853
13.75 852
13.7667 851
13.7833 850
13.8 849
13.8167 847
13.8333 846
13.85 845
13.8667 844
13.8833 843
13.9 842
13.9167 840
13.9333 839
13.95 838
13.9667 837
13.9833 835
14.0 834
14.0167 833
14.0333 831
14.05 830
14.0667 829
14.0833 827
14.1 826
14.1167 824
14.1333 823
14.15 821
14.1667 820
14.1833 818
14.2 817
14.2167 815
14.2333 814
14.25 812
14.2667 811
14.2833 809
14.3 808
14.3167 806
14.3333 804
14.35 803
14.3667 801
14.3833 799
14.4 798
14.4167 796
14.4333 794
14.45 792
14.4667 791
14.4833 789
14.5 787
14.5167 785
14.5333 783
14.55 782
14.5667 780
14.5833 778
14.6 776
14.6167 774
14.6333 772
14.65 770
14.6667 768
14.6833 766
14.7 764
14.7167 762
14.7333 760
14.75 758
14.7667 756
14.7833 754
14.8 752
14.8167 750
14.8333 748
14.85 746
14.8667 744
14.8833 742
14.9 740
14.9167 737
14.9333 735
14.95 733
14.9667 731
14.9833 729
15.0 726
15.0167 724
15.0333 722
15.05 720
15.0667 717
15.0833 715
15.1 713
15.1167 710
15.1333 708
15.15 706
15.1667 703
15.1833 701
15.2 699
15.2167 696
15.2333 694
15.25 691
15.2667 689
15.2833 686
15.3 684
15.3167 682
15.3333 679
15.35 676
15.3667 674
15.3833 671
15.4 669
15.4167 666
15.4333 664
15.45 661
15.4667 659
15.4833 656
15.5 653
15.5167 651
15.5333 648
15.55 645
15.5667 643
15.5833 640
15.6 637
15.6167 635
15.6333 632
15.65 629
15.6667 627
15.6833 624
15.7 621
15.7167 618
15.7333 616
15.75 613
15.7667 610
15.7833 607
15.8 604
15.8167 602
15.8333 599
15.85 596
15.8667 593
15.8833 590
15.9 587
15.9167 584
15.9333 581
15.95 579
15.9667 576
15.9833 573
