9.0 447
9.0167 450
9.0333 453
9.05 456
9.0667 460
9.0833 463
9.1 467
9.1167 470
9.1333 473
9.15 477
9.1667 480
9.1833 483
9.2 487
9.2167 490
9.2333 493
9.25 496
9.2667 500
9.2833 503
9.3 506
9.3167 510
9.3333 513
9.35 516
9.3667 519
9.3833 522
9.4 526
9.4167 529
9.4333 532
9.45 535
9.4667 538
9.4833 542
9.5 545
9.5167 548
9.5333 551
9.55 554
9.5667 557
9.5833 560
9.6 564
9.6167 567
9.6333 570
9.65 573
9.6667 576
9.6833 579
9.7 582
9.7167 585
9.7333 588
9.75 591
9.7667 594
9.7833 597
9.8 600
9.8167 603
9.8333 606
9.85 609
9.8667 612
9.8833 615
9.9 618
9.9167 621
9.9333 623
9.95 626
9.9667 629
9.9833 632
10.0 635
10.0167 638
10.0333 640
10.05 643
10.0667 646
10.0833 649
10.1 652
10.1167 654
10.1333 657
10.15 660
10.1667 663
10.1833 665
10.2 668
10.2167 671
10.2333 673
10.25 676
10.2667 678
10.2833 681
10.3 684
10.3167 686
10.3333 689
10.35 691
10.3667 694
10.3833 696
10.4 699
10.4167 701
10.4333 704
10.45 706
10.4667 709
10.4833 711
10.5 714
10.5167 716
10.5333 719
10.55 721
10.5667 723
10.5833 726
10.6 728
10.6167 730
10.6333 733
10.65 735
10.6667 737
10.6833 739
10.7 742
10.7167 744
10.7333 746
10.75 748
10.7667 750
10.7833 753
10.8 755
10.8167 757
10.8333 759
10.85 761
10.8667 763
10.8833 765
10.9 767
10.9167 769
10.9333 771
10.95 773
10.9667 775
10.9833 777
11.0 779
11.0167 781
11.0333 783
11.05 785
11.0667 787
11.0833 789
11.1 791
11.1167 792
11.1333 794
11.15 796
11.1667 798
11.1833 800
11.2 801
11.2167 803
11.2333 805
11.25 806
11.2667 808
11.2833 810
11.3 811
11.3167 813
11.3333 815
11.35 816
11.3667 818
11.3833 819
11.4 821
11.4167 822
11.4333 824
11.45 825
11.4667 827
11.4833 828
11.5 830
11.5167 831
11.5333 833
11.55 834
11.5667 835
11.5833 837
11.6 838
11.6167 839
11.6333 841
11.65 842
11.6667 843
11.6833 844
11.7 845
11.7167 847
11.7333 848
11.75 849
11.7667 850
11.7833 851
11.8 852
11.8167 853
11.8333 855
11.85 856
11.8667 857
11.8833 858
11.9 859
11.9167 860
11.9333 860
11.95 861
11.9667 862
11.9833 863
12.0 864
12.0167 865
12.0333 866
12.05 867
12.0667 867
12.0833 868
12.1 869
12.1167 870
12.1333 870
12.15 871
12.1667 872
12.1833 872
12.2 873
12.2167 874
12.2333 874
12.25 875
12.2667 876
12.2833 876
12.3 877
12.3167 877
12.3333 878
12.35 878
12.3667 879
12.3833 879
12.4 879
12.4167 880
12.4333 880
12.45 881
12.4667 881
12.4833 881
12.5 882
12.5167 882
12.5333 882
12.55 882
12.5667 883
12.5833 883
12.6 883
12.6167 883
12.6333 883
12.65 883
12.6667 883
12.6833 884
12.7 884
12.7167 884
12.7333 884
12.75 884
12.7667 884
12.7833 884
12.8 884
12.8167 884
12.8333 884
12.85 883
12.8667 883
12.8833 883
12.9 883
12.9167 883
12.9333 883
12.95 882
12.9667 882
12.9833 882
13.0 882
13.0167 881
13.0333 881
13.05 881
13.0667 880
13.0833 880
13.1 880
13.1167 879
13.1333 879
13.15 878
13.1667 878
13.1833 877
13.2 877
13.2167 876
13.2333 876
13.25 875
13.2667 875
13.2833 874
13.3 873
13.3167 873
13.3333 872
13.35 871
13.3667 871
13.3833 870
13.4 869
13.4167 868
13.4333 868
13.45 867
13.4667 866
13.4833 865
13.5 864
13.5167 864
13.5333 863
13.55 862
13.5667 861
13.5833 860
13.6 859
13.6167 858
13.6333 857
13.65 856
13.6667 855
13.6833 854
13.7 853
13.7167 852
13.7333 851
13.75 849
13.7667 848
13.7833 847
13.8 846
13.8167 845
13.8333 843
13.85 842
13.8667 841
13.8833 840
13.9 838
13.9167 837
13.9333 836
13.95 834
13.9667 833
13.9833 832
14.0 830
14.0167 829
14.0333 827
14.05 826
14.0667 824
14.0833 823
14.1 821
14.1167 820
14.1333 818
14.15 817
14.1667 815
14.1833 814
14.2 812
14.2167 810
14.2333 809
14.25 807
14.2667 805
14.2833 804
14.3 802
14.3167 800
14.3333 798
14.35 797
14.3667 795
14.3833 793
14.4 791
14.4167 789
14.4333 788
14.45 786
14.4667 784
14.4833 782
14.5 780
14.5167 778
14.5333 776
14.55 774
14.5667 772
14.5833 770
14.6 768
14.6167 766
14.6333 764
14.65 762
14.6667 760
14.6833 758
14.7 756
14.7167 753
14.7333 751
14.75 749
14.7667 747
14.7833 745
14.8 742
14.8167 740
14.8333 738
14.85 736
14.8667 733
14.8833 731
14.9 729
14.9167 726
14.9333 724
14.95 722
14.9667 719
14.9833 717
15.0 714
15.0167 712
15.0333 709
15.05 707
15.0667 704
15.0833 702
15.1 699
15.1167 697
15.1333 694
15.15 692
15.1667 689
15.1833 687
15.2 684
15.2167 681
15.2333 679
15.25 676
15.2667 674
15.2833 671
15.3 668
15.3167 666
15.3333 663
15.35 660
15.3667 658
15.3833 655
15.4 652
15.4167 649
15.4333 647
15.45 644
15.4667 641
15.4833 638
15.5 635
15.5167 632
15.5333 630
15.55 627
15.5667 624
15.5833 621
15.6 618
15.6167 615
15.6333 612
15.65 609
15.6667 606
15.6833 604
15.7 601
15.7167 598
15.7333 595
15.75 592
15.7667 589
15.7833 586
15.8 583
15.8167 579
15.8333 576
15.85 573
15.8667 570
15.8833 567
15.9 564
15.9167 561
15.9333 558
15.95 555
15.9667 552
15.9833 549
