9.0 313
9.0167 315
9.0333 318
9.05 321
9.0667 324
9.0833 327
9.1 330
9.1167 333
9.1333 336
9.15 339
9.1667 343
9.1833 346
9.2 349
9.2167 352
9.2333 355
9.25 358
9.2667 361
9.2833 364
9.3 366
9.3167 369
9.3333 372
9.35 375
9.3667 378
9.3833 381
9.4 384
9.4167 387
9.4333 390
9.45 393
9.4667 396
9.4833 399
9.5 402
9.5167 404
9.5333 407
9.55 410
9.5667 413
9.5833 416
9.6 419
9.6167 421
9.6333 424
9.65 427
9.6667 430
9.6833 432
9.7 435
9.7167 438
9.7333 441
9.75 443
9.7667 446
9.7833 449
9.8 452
9.8167 454
9.8333 457
9.85 460
9.8667 462
9.8833 465
9.9 467
9.9167 470
9.9333 473
9.95 475
9.9667 478
9.9833 480
10.0 483
10.0167 485
10.0333 488
10.05 490
10.0667 493
10.0833 495
10.1 498
10.1167 500
10.1333 503
10.15 505
10.1667 508
10.1833 510
10.2 512
10.2167 515
10.2333 517
10.25 519
10.2667 522
10.2833 524
10.3 526
10.3167 529
10.3333 531
10.35 533
10.3667 535
10.3833 537
10.4 540
10.4167 542
10.4333 544
10.45 546
10.4667 548
10.4833 550
10.5 553
10.5167 555
10.5333 557
10.55 559
10.5667 561
10.5833 563
10.6 565
10.6167 567
10.6333 569
10.65 571
10.6667 573
10.6833 575
10.7 577
10.7167 579
10.7333 580
10.75 582
10.7667 584
10.7833 586
10.8 588
10.8167 590
10.8333 591
10.85 593
10.8667 595
10.8833 597
10.9 598
10.9167 600
10.9333 602
10.95 603
10.9667 605
10.9833 607
11.0 608
11.0167 610
11.0333 612
11.05 613
11.0667 615
11.0833 616
11.1 618
11.1167 619
11.1333 621
11.15 622
11.1667 624
11.1833 625
11.2 626
11.2167 628
11.2333 629
11.25 631
11.2667 632
11.2833 633
11.3 634
11.3167 636
11.3333 637
11.35 638
11.3667 639
11.3833 641
11.4 642
11.4167 643
11.4333 644
11.45 645
11.4667 646
11.4833 647
11.5 649
11.5167 650
11.5333 651
11.55 652
11.5667 653
11.5833 654
11.6 655
11.6167 656
11.6333 656
11.65 657
11.6667 658
11.6833 659
11.7 660
11.7167 661
11.7333 662
11.75 662
11.7667 663
11.7833 664
11.8 665
11.8167 665
11.8333 666
11.85 667
11.8667 667
11.8833 668
11.9 669
11.9167 669
11.9333 670
11.95 670
11.9667 671
11.9833 672
12.0 672
12.0167 673
12.0333 673
12.05 673
12.0667 674
12.0833 674
12.1 675
12.1167 675
12.1333 675
12.15 676
12.1667 676
12.1833 676
12.2 677
12.2167 677
12.2333 677
12.25 677
12.2667 677
12.2833 678
12.3 678
12.3167 678
12.3333 678
12.35 678
12.3667 678
12.3833 678
12.4 678
12.4167 678
12.4333 678
12.45 678
12.4667 678
12.4833 678
12.5 678
12.5167 678
12.5333 678
12.55 678
12.5667 678
12.5833 677
12.6 677
12.6167 677
12.6333 677
12.65 677
12.6667 676
12.6833 676
12.7 676
12.7167 675
12.7333 675
12.75 675
12.7667 674
12.7833 674
12.8 673
12.8167 673
12.8333 673
12.85 672
12.8667 672
12.8833 671
12.9 670
12.9167 670
12.9333 669
12.95 669
12.9667 668
12.9833 667
13.0 667
13.0167 666
13.0333 665
13.05 665
13.0667 664
13.0833 663
13.1 662
13.1167 662
13.1333 661
13.15 660
13.1667 659
13.1833 658
13.2 657
13.2167 657
13.2333 656
13.25 655
13.2667 654
13.2833 653
13.3 652
13.3167 651
13.3333 650
13.35 649
13.3667 648
13.3833 646
13.4 645
13.4167 644
13.4333 643
13.45 642
13.4667 641
13.4833 640
13.5 638
13.5167 637
13.5333 636
13.55 635
13.5667 633
13.5833 632
13.6 631
13.6167 629
13.6333 628
13.65 626
13.6667 625
13.6833 624
13.7 622
13.7167 621
13.7333 619
13.75 618
13.7667 616
13.7833 615
13.8 613
13.8167 612
13.8333 610
13.85 608
13.8667 607
13.8833 605
13.9 604
13.9167 602
13.9333 600
13.95 599
13.9667 597
13.9833 595
14.0 593
14.0167 592
14.0333 590
14.05 588
14.0667 586
14.0833 584
14.1 582
14.1167 581
14.1333 579
14.15 577
14.1667 575
14.1833 573
14.2 571
14.2167 569
14.2333 567
14.25 565
14.2667 563
14.2833 561
14.3 559
14.3167 557
14.3333 555
14.35 553
14.3667 551
14.3833 548
14.4 546
14.4167 544
14.4333 542
14.45 540
14.4667 538
14.4833 535
14.5 533
14.5167 531
14.5333 529
14.55 526
14.5667 524
14.5833 522
14.6 519
14.6167 517
14.6333 515
14.65 512
14.6667 510
14.6833 508
14.7 505
14.7167 503
14.7333 500
14.75 498
14.7667 495
14.7833 493
14.8 491
14.8167 488
14.8333 486
14.85 483
14.8667 480
14.8833 478
14.9 475
14.9167 473
14.9333 470
14.95 468
14.9667 465
14.9833 462
15.0 459
15.0167 456
15.0333 454
15.05 451
15.0667 448
15.0833 446
15.1 443
15.1167 440
15.1333 437
15.15 435
15.1667 432
15.1833 429
15.2 426
15.2167 424
15.2333 421
15.25 418
15.2667 415
15.2833 412
15.3 410
15.3167 407
15.3333 404
15.35 401
15.3667 398
15.3833 395
15.4 392
15.4167 389
15.4333 387
15.45 384
15.4667 381
15.4833 378
15.5 375
15.5167 372
15.5333 369
15.55 366
15.5667 363
15.5833 360
15.6 357
15.6167 354
15.6333 351
15.65 348
15.6667 345
15.6833 342
15.7 339
15.7167 336
15.7333 333
15.75 330
15.7667 327
15.7833 324
15.8 321
15.8167 318
15.8333 315
15.85 312
15.8667 309
15.8833 305
15.9 302
15.9167 299
15.9333 296
15.95 293
15.9667 290
15.9833 287
