9.0 428
9.0167 431
9.0333 434
9.05 438
9.0667 441
9.0833 444
9.1 448
9.1167 451
9.1333 455
9.15 458
9.1667 461
9.1833 465
9.2 468
9.2167 471
9.2333 475
9.25 478
9.2667 481
9.2833 484
9.3 488
9.3167 491
9.3333 494
9.35 498
9.3667 501
9.3833 504
9.4 507
9.4167 511
9.4333 514
9.45 517
9.4667 520
9.4833 523
9.5 527
9.5167 530
9.5333 533
9.55 536
9.5667 539
9.5833 542
9.6 545
9.6167 548
9.6333 552
9.65 555
9.6667 558
9.6833 561
9.7 564
9.7167 567
9.7333 570
9.75 573
9.7667 576
9.7833 579
9.8 582
9.8167 585
9.8333 588
9.85 591
9.8667 594
9.8833 596
9.9 599
9.9167 602
9.9333 605
9.95 608
9.9667 611
9.9833 614
10.0 616
10.0167 619
10.0333 622
10.05 625
10.0667 628
10.0833 630
10.1 633
10.1167 636
10.1333 638
10.15 641
10.1667 644
10.1833 647
10.2 649
10.2167 652
10.2333 654
10.25 657
10.2667 660
10.2833 662
10.3 665
10.3167 667
10.3333 670
10.35 672
10.3667 675
10.3833 677
10.4 680
10.4167 682
10.4333 685
10.45 687
10.4667 690
10.4833 692
10.5 694
10.5167 697
10.5333 699
10.55 701
10.5667 704
10.5833 706
10.6 708
10.6167 710
10.6333 713
10.65 715
10.6667 717
10.6833 719
10.7 722
10.7167 724
10.7333 726
10.75 728
10.7667 730
10.7833 732
10.8 734
10.8167 736
10.8333 738
10.85 740
10.8667 742
10.8833 744
10.9 746
10.9167 748
10.9333 750
10.95 752
10.9667 754
10.9833 756
11.0 758
11.0167 760
11.0333 762
11.05 763
11.0667 765
11.0833 767
11.1 769
11.1167 770
11.1333 772
11.15 774
11.1667 776
11.1833 777
11.2 779
11.2167 781
11.2333 782
11.25 784
11.2667 785
11.2833 787
11.3 788
11.3167 790
11.3333 792
11.35 793
11.3667 794
11.3833 796
11.4 797
11.4167 799
11.4333 800
11.45 802
11.4667 803
11.4833 804
11.5 806
11.5167 807
11.5333 808
11.55 809
11.5667 811
11.5833 812
11.6 813
11.6167 814
11.6333 815
11.65 817
11.6667 818
11.6833 819
11.7 820
11.7167 821
11.7333 822
11.75 823
11.7667 824
11.7833 825
11.8 826
11.8167 827
11.8333 828
11.85 829
11.8667 830
11.8833 831
11.9 832
11.9167 832
11.9333 833
11.95 834
11.9667 835
11.9833 836
12.0 836
12.0167 837
12.0333 838
12.05 838
12.0667 839
12.0833 840
12.1 840
12.1167 841
12.1333 841
12.15 842
12.1667 843
12.1833 843
12.2 844
12.2167 844
12.2333 845
12.25 845
12.2667 845
12.2833 846
12.3 846
12.3167 847
12.3333 847
12.35 847
12.3667 848
12.3833 848
12.4 848
12.4167 848
12.4333 849
12.45 849
12.4667 849
12.4833 849
12.5 849
12.5167 849
12.5333 850
12.55 850
12.5667 850
12.5833 850
12.6 850
12.6167 850
12.6333 850
12.65 850
12.6667 850
12.6833 850
12.7 849
12.7167 849
12.7333 849
12.75 849
12.7667 849
12.7833 849
12.8 848
12.8167 848
12.8333 848
12.85 848
12.8667 847
12.8833 847
12.9 847
12.9167 846
12.9333 846
12.95 846
12.9667 845
12.9833 845
13.0 844
13.0167 844
13.0333 843
13.05 843
13.0667 842
13.0833 842
13.1 841
13.1167 841
13.1333 840
13.15 839
13.1667 839
13.1833 838
13.2 837
13.2167 837
13.2333 836
13.25 835
13.2667 834
13.2833 834
13.3 833
13.3167 832
13.3333 831
13.35 830
13.3667 829
13.3833 828
13.4 827
13.4167 826
13.4333 826
13.45 825
13.4667 824
13.4833 822
13.5 821
13.5167 820
13.5333 819
13.55 818
13.5667 817
13.5833 816
13.6 815
13.6167 814
13.6333 812
13.65 811
13.6667 810
13.6833 809
13.7 807
13.7167 806
13.7333 805
13.75 803
13.7667 802
13.7833 801
13.8 799
13.8167 798
13.8333 796
13.85 795
13.8667 794
13.8833 792
13.9 791
13.9167 789
13.9333 788
13.95 786
13.9667 784
13.9833 783
14.0 781
14.0167 780
14.0333 778
14.05 776
14.0667 775
14.0833 773
14.1 771
14.1167 769
14.1333 768
14.15 766
14.1667 764
14.1833 762
14.2 760
14.2167 759
14.2333 757
14.25 755
14.2667 753
14.2833 751
14.3 749
14.3167 747
14.3333 745
14.35 743
14.3667 741
14.3833 739
14.4 737
14.4167 735
14.4333 733
14.45 731
14.4667 729
14.4833 727
14.5 725
14.5167 722
14.5333 720
14.55 718
14.5667 716
14.5833 714
14.6 711
14.6167 709
14.6333 707
14.65 705
14.6667 702
14.6833 700
14.7 698
14.7167 695
14.7333 693
14.75 690
14.7667 688
14.7833 686
14.8 683
14.8167 681
14.8333 678
14.85 676
14.8667 673
14.8833 671
14.9 668
14.9167 666
14.9333 663
14.95 661
14.9667 658
14.9833 655
15.0 652
15.0167 649
15.0333 647
15.05 644
15.0667 641
15.0833 639
15.1 636
15.1167 633
15.1333 631
15.15 628
15.1667 625
15.1833 622
15.2 619
15.2167 617
15.2333 614
15.25 611
15.2667 608
15.2833 605
15.3 602
15.3167 600
15.3333 597
15.35 594
15.3667 591
15.3833 588
15.4 585
15.4167 582
15.4333 579
15.45 576
15.4667 573
15.4833 570
15.5 567
15.5167 564
15.5333 561
15.55 558
15.5667 555
15.5833 552
15.6 549
15.6167 546
15.6333 543
15.65 539
15.6667 536
15.6833 533
15.7 530
15.7167 527
15.7333 524
15.75 520
15.7667 517
15.7833 514
15.8 511
15.8167 508
15.8333 504
15.85 501
15.8667 498
15.8833 495
15.9 491
15.9167 488
15.9333 485
15.95 482
15.9667 478
15.9833 475
