9.0 385
9.0167 390
9.0333 393
9.05 397
9.0667 400
9.0833 403
9.1 407
9.1167 410
9.1333 414
9.15 417
9.1667 421
9.1833 424
9.2 427
9.2167 431
9.2333 434
9.25 438
9.2667 441
9.2833 444
9.3 448
9.3167 451
9.3333 454
9.35 458
9.3667 461
9.3833 464
9.4 468
9.4167 471
9.4333 474
9.45 478
9.4667 481
9.4833 484
9.5 488
9.5167 491
9.5333 494
9.55 497
9.5667 501
9.5833 504
9.6 507
9.6167 510
9.6333 514
9.65 517
9.6667 520
9.6833 523
9.7 526
9.7167 529
9.7333 533
9.75 536
9.7667 539
9.7833 542
9.8 545
9.8167 548
9.8333 551
9.85 554
9.8667 557
9.8833 560
9.9 563
9.9167 566
9.9333 570
9.95 573
9.9667 576
9.9833 578
10.0 581
10.0167 584
10.0333 587
10.05 590
10.0667 593
10.0833 596
10.1 599
10.1167 602
10.1333 605
10.15 608
10.1667 610
10.1833 613
10.2 616
10.2167 619
10.2333 622
10.25 624
10.2667 627
10.2833 630
10.3 633
10.3167 635
10.3333 638
10.35 641
10.3667 643
10.3833 646
10.4 649
10.4167 651
10.4333 654
10.45 657
10.4667 659
10.4833 662
10.5 664
10.5167 667
10.5333 669
10.55 672
10.5667 674
10.5833 677
10.6 679
10.6167 682
10.6333 684
10.65 687
10.6667 689
10.6833 691
10.7 694
10.7167 696
10.7333 698
10.75 701
10.7667 703
10.7833 705
10.8 708
10.8167 710
10.8333 712
10.85 714
10.8667 716
10.8833 719
10.9 721
10.9167 723
10.9333 725
10.95 727
10.9667 729
10.9833 731
11.0 734
11.0167 736
11.0333 738
11.05 740
11.0667 742
11.0833 744
11.1 746
11.1167 748
11.1333 749
11.15 751
11.1667 753
11.1833 755
11.2 757
11.2167 759
11.2333 761
11.25 762
11.2667 764
11.2833 766
11.3 768
11.3167 770
11.3333 771
11.35 773
11.3667 775
11.3833 776
11.4 778
11.4167 780
11.4333 781
11.45 783
11.4667 784
11.4833 786
11.5 787
11.5167 789
11.5333 790
11.55 792
11.5667 793
11.5833 795
11.6 796
11.6167 798
11.6333 799
11.65 800
11.6667 802
11.6833 803
11.7 804
11.7167 806
11.7333 807
11.75 808
11.7667 809
11.7833 811
11.8 812
11.8167 813
11.8333 814
11.85 815
11.8667 816
11.8833 817
11.9 818
11.9167 819
11.9333 821
11.95 822
11.9667 823
11.9833 824
12.0 824
12.0167 825
12.0333 826
12.05 827
12.0667 828
12.0833 829
12.1 830
12.1167 831
12.1333 831
12.15 832
12.1667 833
12.1833 834
12.2 834
12.2167 835
12.2333 836
12.25 836
12.2667 837
12.2833 838
12.3 838
12.3167 839
12.3333 839
12.35 840
12.3667 840
12.3833 841
12.4 841
12.4167 842
12.4333 842
12.45 843
12.4667 843
12.4833 844
12.5 844
12.5167 844
12.5333 845
12.55 845
12.5667 845
12.5833 845
12.6 846
12.6167 846
12.6333 846
12.65 846
12.6667 846
12.6833 847
12.7 847
12.7167 847
12.7333 847
12.75 847
12.7667 847
12.7833 847
12.8 847
12.8167 847
12.8333 847
12.85 847
12.8667 847
12.8833 847
12.9 847
12.9167 846
12.9333 846
12.95 846
12.9667 846
12.9833 846
13.0 845
13.0167 845
13.0333 845
13.05 844
13.0667 844
13.0833 844
13.1 843
13.1167 843
13.1333 843
13.15 842
13.1667 842
13.1833 841
13.2 841
13.2167 840
13.2333 840
13.25 839
13.2667 839
13.2833 838
13.3 837
13.3167 837
13.3333 836
13.35 836
13.3667 835
13.3833 834
13.4 833
13.4167 833
13.4333 832
13.45 831
13.4667 830
13.4833 829
13.5 829
13.5167 828
13.5333 827
13.55 826
13.5667 825
13.5833 824
13.6 823
13.6167 822
13.6333 821
13.65 820
13.6667 819
13.6833 818
13.7 817
13.7167 816
13.7333 815
13.75 814
13.7667 812
13.7833 811
13.8 810
13.8167 809
13.8333 808
13.85 806
13.8667 805
13.8833 804
13.9 802
13.9167 801
13.9333 800
13.95 798
13.9667 797
13.9833 796
14.0 794
14.0167 793
14.0333 791
14.05 790
14.0667 788
14.0833 787
14.1 785
14.1167 784
14.1333 782
14.15 780
14.1667 779
14.1833 777
14.2 776
14.2167 774
14.2333 772
14.25 771
14.2667 769
14.2833 767
14.3 765
14.3167 764
14.3333 762
14.35 760
14.3667 758
14.3833 756
14.4 754
14.4167 752
14.4333 751
14.45 749
14.4667 747
14.4833 745
14.5 743
14.5167 741
14.5333 739
14.55 737
14.5667 735
14.5833 733
14.6 731
14.6167 728
14.6333 726
14.65 724
14.6667 722
14.6833 720
14.7 718
14.7167 716
14.7333 713
14.75 711
14.7667 709
14.7833 707
14.8 704
14.8167 702
14.8333 700
14.85 697
14.8667 695
14.8833 693
14.9 690
14.9167 688
14.9333 686
14.95 683
14.9667 681
14.9833 678
15.0 676
15.0167 674
15.0333 671
15.05 669
15.0667 666
15.0833 664
15.1 661
15.1167 659
15.1333 656
15.15 653
15.1667 651
15.1833 648
15.2 645
15.2167 643
15.2333 640
15.25 637
15.2667 635
15.2833 632
15.3 629
15.3167 627
15.3333 624
15.35 621
15.3667 618
15.3833 615
15.4 613
15.4167 610
15.4333 607
15.45 604
15.4667 601
15.4833 598
15.5 595
15.5167 592
15.5333 590
15.55 587
15.5667 584
15.5833 581
15.6 578
15.6167 575
15.6333 572
15.65 569
15.6667 566
15.6833 563
15.7 560
15.7167 557
15.7333 554
15.75 550
15.7667 547
15.7833 544
15.8 541
15.8167 538
15.8333 535
15.85 532
15.8667 529
15.8833 525
15.9 522
15.9167 519
15.9333 516
15.95 513
15.9667 509
15.9833 506
