9.0 486
9.0167 490
9.0333 493
9.05 496
9.0667 500
9.0833 503
9.1 506
9.1167 510
9.1333 513
9.15 516
9.1667 519
9.1833 523
9.2 526
9.2167 529
9.2333 532
9.25 536
9.2667 539
9.2833 542
9.3 545
9.3167 548
9.3333 552
9.35 555
9.3667 558
9.3833 561
9.4 564
9.4167 567
9.4333 570
9.45 573
9.4667 577
9.4833 580
9.5 583
9.5167 586
9.5333 589
9.55 592
9.5667 595
9.5833 598
9.6 601
9.6167 604
9.6333 607
9.65 610
9.6667 613
9.6833 616
9.7 619
9.7167 622
9.7333 625
9.75 628
9.7667 630
9.7833 633
9.8 636
9.8167 639
9.8333 642
9.85 645
9.8667 648
9.8833 650
9.9 653
9.9167 656
9.9333 659
9.95 662
9.9667 664
9.9833 667
10.0 670
10.0167 672
10.0333 675
10.05 678
10.0667 681
10.0833 683
10.1 686
10.1167 688
10.1333 691
10.15 694
10.1667 696
10.1833 699
10.2 701
10.2167 704
10.2333 706
10.25 709
10.2667 712
10.2833 714
10.3 716
10.3167 719
10.3333 721
10.35 724
10.3667 726
10.3833 729
10.4 731
10.4167 733
10.4333 736
10.45 738
10.4667 740
10.4833 743
10.5 745
10.5167 747
10.5333 750
10.55 752
10.5667 754
10.5833 756
10.6 759
10.6167 761
10.6333 763
10.65 765
10.6667 767
10.6833 769
10.7 771
10.7167 774
10.7333 776
10.75 778
10.7667 780
10.7833 782
10.8 784
10.8167 786
10.8333 788
10.85 790
10.8667 792
10.8833 794
10.9 795
10.9167 797
10.9333 799
10.95 801
10.9667 803
10.9833 805
11.0 807
11.0167 808
11.0333 810
11.05 812
11.0667 814
11.0833 815
11.1 817
11.1167 819
11.1333 821
11.15 822
11.1667 824
11.1833 825
11.2 827
11.2167 829
11.2333 830
11.25 832
11.2667 833
11.2833 835
11.3 836
11.3167 838
11.3333 839
11.35 841
11.3667 842
11.3833 844
11.4 845
11.4167 846
11.4333 848
11.45 849
11.4667 850
11.4833 852
11.5 853
11.5167 854
11.5333 856
11.55 857
11.5667 858
11.5833 859
11.6 860
11.6167 862
11.6333 863
11.65 864
11.6667 865
11.6833 866
11.7 867
11.7167 868
11.7333 869
11.75 870
11.7667 871
11.7833 872
11.8 873
11.8167 874
11.8333 875
11.85 876
11.8667 877
11.8833 878
11.9 878
11.9167 879
11.9333 880
11.95 881
11.9667 882
11.9833 882
12.0 883
12.0167 884
12.0333 885
12.05 885
12.0667 886
12.0833 887
12.1 887
12.1167 888
12.1333 888
12.15 889
12.1667 889
12.1833 890
12.2 890
12.2167 891
12.2333 891
12.25 892
12.2667 892
12.2833 893
12.3 893
12.3167 894
12.3333 894
12.35 894
12.3667 895
12.3833 895
12.4 895
12.4167 895
12.4333 896
12.45 896
12.4667 896
12.4833 896
12.5 896
12.5167 896
12.5333 897
12.55 897
12.5667 897
12.5833 897
12.6 897
12.6167 897
12.6333 897
12.65 897
12.6667 897
12.6833 897
12.7 897
12.7167 897
12.7333 897
12.75 897
12.7667 896
12.7833 896
12.8 896
12.8167 896
12.8333 896
12.85 895
12.8667 895
12.8833 895
12.9 895
12.9167 894
12.9333 894
12.95 894
12.9667 893
12.9833 893
13.0 892
13.0167 892
13.0333 891
13.05 891
13.0667 890
13.0833 890
13.1 889
13.1167 889
13.1333 888
13.15 888
13.1667 887
13.1833 887
13.2 886
13.2167 885
13.2333 885
13.25 884
13.2667 883
13.2833 882
13.3 882
13.3167 881
13.3333 880
13.35 879
13.3667 878
13.3833 878
13.4 877
13.4167 876
13.4333 875
13.45 874
13.4667 873
13.4833 872
13.5 871
13.5167 870
13.5333 869
13.55 868
13.5667 867
13.5833 866
13.6 865
13.6167 864
13.6333 863
13.65 862
13.6667 860
13.6833 859
13.7 858
13.7167 857
13.7333 856
13.75 854
13.7667 853
13.7833 852
13.8 850
13.8167 849
13.8333 848
13.85 846
13.8667 845
13.8833 844
13.9 842
13.9167 841
13.9333 839
13.95 838
13.9667 836
13.9833 835
14.0 833
14.0167 832
14.0333 830
14.05 829
14.0667 827
14.0833 825
14.1 824
14.1167 822
14.1333 821
14.15 819
14.1667 817
14.1833 815
14.2 814
14.2167 812
14.2333 810
14.25 808
14.2667 807
14.2833 805
14.3 803
14.3167 801
14.3333 799
14.35 797
14.3667 796
14.3833 794
14.4 792
14.4167 790
14.4333 788
14.45 786
14.4667 784
14.4833 782
14.5 780
14.5167 778
14.5333 776
14.55 774
14.5667 771
14.5833 769
14.6 767
14.6167 765
14.6333 763
14.65 761
14.6667 759
14.6833 756
14.7 754
14.7167 752
14.7333 750
14.75 747
14.7667 745
14.7833 743
14.8 740
14.8167 738
14.8333 736
14.85 733
14.8667 731
14.8833 729
14.9 726
14.9167 724
14.9333 721
14.95 719
14.9667 716
14.9833 714
15.0 712
15.0167 709
15.0333 707
15.05 704
15.0667 702
15.0833 699
15.1 696
15.1167 694
15.1333 691
15.15 689
15.1667 686
15.1833 683
15.2 681
15.2167 678
15.2333 675
15.25 673
15.2667 670
15.2833 667
15.3 665
15.3167 662
15.3333 659
15.35 656
15.3667 653
15.3833 651
15.4 648
15.4167 645
15.4333 642
15.45 639
15.4667 636
15.4833 634
15.5 631
15.5167 628
15.5333 625
15.55 622
15.5667 619
15.5833 616
15.6 613
15.6167 610
15.6333 607
15.65 604
15.6667 601
15.6833 598
15.7 595
15.7167 592
15.7333 589
15.75 586
15.7667 583
15.7833 580
15.8 577
15.8167 574
15.8333 571
15.85 567
15.8667 564
15.8833 561
15.9 558
15.9167 555
15.9333 552
15.95 549
15.9667 545
15.9833 542
