9.0 439
9.0167 442
9.0333 445
9.05 448
9.0667 451
9.0833 454
9.1 457
9.1167 460
9.1333 463
9.15 466
9.1667 469
9.1833 472
9.2 475
9.2167 478
9.2333 481
9.25 484
9.2667 487
9.2833 490
9.3 493
9.3167 496
9.3333 499
9.35 502
9.3667 505
9.3833 508
9.4 511
9.4167 514
9.4333 517
9.45 520
9.4667 523
9.4833 526
9.5 529
9.5167 532
9.5333 535
9.55 538
9.5667 541
9.5833 543
9.6 546
9.6167 549
9.6333 552
9.65 555
9.6667 558
9.6833 560
9.7 563
9.7167 566
9.7333 569
9.75 572
9.7667 574
9.7833 577
9.8 580
9.8167 583
9.8333 585
9.85 588
9.8667 591
9.8833 594
9.9 596
9.9167 599
9.9333 602
9.95 604
9.9667 607
9.9833 610
10.0 612
10.0167 615
10.0333 617
10.05 620
10.0667 623
10.0833 625
10.1 628
10.1167 630
10.1333 633
10.15 635
10.1667 638
10.1833 640
10.2 643
10.2167 645
10.2333 648
10.25 650
10.2667 653
10.2833 655
10.3 658
10.3167 660
10.3333 662
10.35 665
10.3667 667
10.3833 669
10.4 672
10.4167 674
10.4333 676
10.45 679
10.4667 681
10.4833 683
10.5 686
10.5167 688
10.5333 690
10.55 692
10.5667 695
10.5833 697
10.6 699
10.6167 701
10.6333 703
10.65 705
10.6667 707
10.6833 710
10.7 712
10.7167 714
10.7333 716
10.75 718
10.7667 720
10.7833 722
10.8 724
10.8167 726
10.8333 728
10.85 730
10.8667 732
10.8833 734
10.9 736
10.9167 738
10.9333 740
10.95 741
10.9667 743
10.9833 745
11.0 747
11.0167 749
11.0333 751
11.05 752
11.0667 754
11.0833 756
11.1 758
11.1167 759
11.1333 761
11.15 763
11.1667 765
11.1833 766
11.2 768
11.2167 770
11.2333 771
11.25 773
11.2667 774
11.2833 776
11.3 777
11.3167 779
11.3333 781
11.35 782
11.3667 784
11.3833 785
11.4 786
11.4167 788
11.4333 789
11.45 791
11.4667 792
11.4833 793
11.5 795
11.5167 796
11.5333 798
11.55 799
11.5667 800
11.5833 801
11.6 803
11.6167 804
11.6333 805
11.65 806
11.6667 808
11.6833 809
11.7 810
11.7167 811
11.7333 812
11.75 813
11.7667 814
11.7833 815
11.8 817
11.8167 818
11.8333 819
11.85 820
11.8667 821
11.8833 822
11.9 823
11.9167 823
11.9333 824
11.95 825
11.9667 826
11.9833 827
12.0 828
12.0167 829
12.0333 830
12.05 830
12.0667 831
12.0833 832
12.1 833
12.1167 833
12.1333 834
12.15 835
12.1667 836
12.1833 836
12.2 837
12.2167 837
12.2333 838
12.25 839
12.2667 839
12.2833 840
12.3 840
12.3167 841
12.3333 841
12.35 842
12.3667 842
12.3833 843
12.4 843
12.4167 844
12.4333 844
12.45 844
12.4667 845
12.4833 845
12.5 845
12.5167 846
12.5333 846
12.55 846
12.5667 847
12.5833 847
12.6 847
12.6167 847
12.6333 847
12.65 848
12.6667 848
12.6833 848
12.7 848
12.7167 848
12.7333 848
12.75 848
12.7667 848
12.7833 848
12.8 848
12.8167 848
12.8333 848
12.85 848
12.8667 848
12.8833 848
12.9 848
12.9167 848
12.9333 848
12.95 848
12.9667 847
12.9833 847
13.0 847
13.0167 847
13.0333 847
13.05 846
13.0667 846
13.0833 846
13.1 845
13.1167 845
13.1333 845
13.15 844
13.1667 844
13.1833 844
13.2 843
13.2167 843
13.2333 842
13.25 842
13.2667 841
13.2833 841
13.3 840
13.3167 840
13.3333 839
13.35 839
13.3667 838
13.3833 837
13.4 837
13.4167 836
13.4333 835
13.45 835
13.4667 834
13.4833 833
13.5 833
13.5167 832
13.5333 831
13.55 830
13.5667 829
13.5833 829
13.6 828
13.6167 827
13.6333 826
13.65 825
13.6667 824
13.6833 823
13.7 822
13.7167 821
13.7333 820
13.75 819
13.7667 818
13.7833 817
13.8 816
13.8167 815
13.8333 814
13.85 813
13.8667 812
13.8833 811
13.9 810
13.9167 809
13.9333 807
13.95 806
13.9667 805
13.9833 804
14.0 802
14.0167 801
14.0333 800
14.05 799
14.0667 797
14.0833 796
14.1 795
14.1167 793
14.1333 792
14.15 790
14.1667 789
14.1833 788
14.2 786
14.2167 785
14.2333 783
14.25 782
14.2667 780
14.2833 779
14.3 777
14.3167 776
14.3333 774
14.35 772
14.3667 771
14.3833 769
14.4 768
14.4167 766
14.4333 764
14.45 763
14.4667 761
14.4833 759
14.5 757
14.5167 756
14.5333 754
14.55 752
14.5667 750
14.5833 749
14.6 747
14.6167 745
14.6333 743
14.65 741
14.6667 739
14.6833 737
14.7 735
14.7167 734
14.7333 732
14.75 730
14.7667 728
14.7833 726
14.8 724
14.8167 722
14.8333 720
14.85 718
14.8667 716
14.8833 713
14.9 711
14.9167 709
14.9333 707
14.95 705
14.9667 703
14.9833 701
15.0 698
15.0167 696
15.0333 694
15.05 692
15.0667 690
15.0833 687
15.1 685
15.1167 683
15.1333 681
15.15 678
15.1667 676
15.1833 674
15.2 671
15.2167 669
15.2333 667
15.25 664
15.2667 662
15.2833 660
15.3 657
15.3167 655
15.3333 652
15.35 650
15.3667 647
15.3833 645
15.4 642
15.4167 640
15.4333 637
15.45 635
15.4667 632
15.4833 630
15.5 627
15.5167 625
15.5333 622
15.55 620
15.5667 617
15.5833 614
15.6 612
15.6167 609
15.6333 606
15.65 604
15.6667 601
15.6833 598
15.7 596
15.7167 593
15.7333 590
15.75 588
15.7667 585
15.7833 582
15.8 579
15.8167 577
15.8333 574
15.85 571
15.8667 568
15.8833 566
15.9 563
15.9167 560
15.9333 557
15.95 554
15.9667 551
15.9833 549
