9.0 421
9.0167 425
9.0333 428
9.05 431
9.0667 434
9.0833 438
9.1 441
9.1167 444
9.1333 447
9.15 451
9.1667 454
9.1833 457
9.2 460
9.2167 463
9.2333 467
9.25 470
9.2667 473
9.2833 476
9.3 479
9.3167 483
9.3333 486
9.35 489
9.3667 492
9.3833 495
9.4 498
9.4167 501
9.4333 505
9.45 508
9.4667 511
9.4833 514
9.5 517
9.5167 520
9.5333 523
9.55 526
9.5667 529
9.5833 532
9.6 535
9.6167 538
9.6333 541
9.65 544
9.6667 547
9.6833 550
9.7 553
9.7167 556
9.7333 559
9.75 562
9.7667 565
9.7833 568
9.8 571
9.8167 574
9.8333 577
9.85 580
9.8667 582
9.8833 585
9.9 588
9.9167 591
9.9333 594
9.95 597
9.9667 599
9.9833 602
10.0 605
10.0167 608
10.0333 610
10.05 613
10.0667 616
10.0833 619
10.1 621
10.1167 624
10.1333 627
10.15 629
10.1667 632
10.1833 635
10.2 637
10.2167 640
10.2333 642
10.25 645
10.2667 648
10.2833 650
10.3 653
10.3167 655
10.3333 658
10.35 660
10.3667 663
10.3833 665
10.4 668
10.4167 670
10.4333 673
10.45 675
10.4667 677
10.4833 680
10.5 682
10.5167 685
10.5333 687
10.55 689
10.5667 692
10.5833 694
10.6 696
10.6167 698
10.6333 701
10.65 703
10.6667 705
10.6833 707
10.7 710
10.7167 712
10.7333 714
10.75 716
10.7667 718
10.7833 720
10.8 722
10.8167 725
10.8333 727
10.85 729
10.8667 731
10.8833 733
10.9 735
10.9167 737
10.9333 739
10.95 741
10.9667 743
10.9833 745
11.0 746
11.0167 748
11.0333 750
11.05 752
11.0667 754
11.0833 756
11.1 758
11.1167 759
11.1333 761
11.15 763
11.1667 765
11.1833 766
11.2 768
11.2167 770
11.2333 772
11.25 773
11.2667 775
11.2833 776
11.3 778
11.3167 780
11.3333 781
11.35 783
11.3667 784
11.3833 786
11.4 787
11.4167 789
11.4333 790
11.45 792
11.4667 793
11.4833 795
11.5 796
11.5167 797
11.5333 799
11.55 800
11.5667 802
11.5833 803
11.6 804
11.6167 805
11.6333 807
11.65 808
11.6667 809
11.6833 810
11.7 812
11.7167 813
11.7333 814
11.75 815
11.7667 816
11.7833 817
11.8 818
11.8167 819
11.8333 820
11.85 821
11.8667 822
11.8833 823
11.9 824
11.9167 825
11.9333 826
11.95 827
11.9667 828
11.9833 829
12.0 830
12.0167 831
12.0333 831
12.05 832
12.0667 833
12.0833 834
12.1 835
12.1167 835
12.1333 836
12.15 837
12.1667 837
12.1833 838
12.2 839
12.2167 839
12.2333 840
12.25 840
12.2667 841
12.2833 842
12.3 842
12.3167 843
12.3333 843
12.35 843
12.3667 844
12.3833 844
12.4 845
12.4167 845
12.4333 846
12.45 846
12.4667 846
12.4833 846
12.5 847
12.5167 847
12.5333 847
12.55 848
12.5667 848
12.5833 848
12.6 848
12.6167 848
12.6333 848
12.65 849
12.6667 849
12.6833 849
12.7 849
12.7167 849
12.7333 849
12.75 849
12.7667 849
12.7833 849
12.8 849
12.8167 849
12.8333 849
12.85 849
12.8667 848
12.8833 848
12.9 848
12.9167 848
12.9333 848
12.95 847
12.9667 847
12.9833 847
13.0 847
13.0167 846
13.0333 846
13.05 846
13.0667 845
13.0833 845
13.1 845
13.1167 844
13.1333 844
13.15 843
13.1667 843
13.1833 842
13.2 842
13.2167 841
13.2333 841
13.25 840
13.2667 840
13.2833 839
13.3 838
13.3167 838
13.3333 837
13.35 836
13.3667 836
13.3833 835
13.4 834
13.4167 834
13.4333 833
13.45 832
13.4667 831
13.4833 830
13.5 829
13.5167 829
13.5333 828
13.55 827
13.5667 826
13.5833 825
13.6 824
13.6167 823
13.6333 822
13.65 821
13.6667 820
13.6833 819
13.7 818
13.7167 817
13.7333 816
13.75 815
13.7667 813
13.7833 812
13.8 811
13.8167 810
13.8333 809
13.85 807
13.8667 806
13.8833 805
13.9 804
13.9167 802
13.9333 801
13.95 800
13.9667 798
13.9833 797
14.0 796
14.0167 794
14.0333 793
14.05 791
14.0667 790
14.0833 788
14.1 787
14.1167 785
14.1333 784
14.15 782
14.1667 781
14.1833 779
14.2 777
14.2167 776
14.2333 774
14.25 773
14.2667 771
14.2833 769
14.3 768
14.3167 766
14.3333 764
14.35 762
14.3667 761
14.3833 759
14.4 757
14.4167 755
14.4333 753
14.45 751
14.4667 750
14.4833 748
14.5 746
14.5167 744
14.5333 742
14.55 740
14.5667 738
14.5833 736
14.6 734
14.6167 732
14.6333 730
14.65 728
14.6667 726
14.6833 724
14.7 722
14.7167 720
14.7333 717
14.75 715
14.7667 713
14.7833 711
14.8 709
14.8167 707
14.8333 704
14.85 702
14.8667 700
14.8833 698
14.9 695
14.9167 693
14.9333 691
14.95 688
14.9667 686
14.9833 684
15.0 681
15.0167 678
15.0333 676
15.05 674
15.0667 671
15.0833 669
15.1 666
15.1167 664
15.1333 661
15.15 659
15.1667 656
15.1833 654
15.2 651
15.2167 649
15.2333 646
15.25 644
15.2667 641
15.2833 638
15.3 636
15.3167 633
15.3333 630
15.35 628
15.3667 625
15.3833 622
15.4 620
15.4167 617
15.4333 614
15.45 612
15.4667 609
15.4833 606
15.5 603
15.5167 601
15.5333 598
15.55 595
15.5667 592
15.5833 589
15.6 586
15.6167 584
15.6333 581
15.65 578
15.6667 575
15.6833 572
15.7 569
15.7167 566
15.7333 563
15.75 560
15.7667 557
15.7833 554
15.8 552
15.8167 549
15.8333 546
15.85 543
15.8667 540
15.8833 537
15.9 534
15.9167 530
15.9333 527
15.95 524
15.9667 521
15.9833 518
