9.0 399
9.0167 401
9.0333 405
9.05 408
9.0667 411
9.0833 414
9.1 418
9.1167 421
9.1333 424
9.15 427
9.1667 431
9.1833 434
9.2 437
9.2167 440
9.2333 444
9.25 447
9.2667 450
9.2833 453
9.3 456
9.3167 459
9.3333 463
9.35 466
9.3667 469
9.3833 472
9.4 475
9.4167 478
9.4333 481
9.45 484
9.4667 487
9.4833 491
9.5 494
9.5167 497
9.5333 500
9.55 503
9.5667 506
9.5833 509
9.6 512
9.6167 515
9.6333 518
9.65 521
9.6667 524
9.6833 527
9.7 529
9.7167 532
9.7333 535
9.75 538
9.7667 541
9.7833 544
9.8 547
9.8167 550
9.8333 553
9.85 555
9.8667 558
9.8833 561
9.9 564
9.9167 567
9.9333 569
9.95 572
9.9667 575
9.9833 577
10.0 580
10.0167 583
10.0333 586
10.05 588
10.0667 591
10.0833 594
10.1 596
10.1167 599
10.1333 601
10.15 604
10.1667 607
10.1833 609
10.2 612
10.2167 614
10.2333 617
10.25 619
10.2667 622
10.2833 624
10.3 627
10.3167 629
10.3333 631
10.35 634
10.3667 636
10.3833 639
10.4 641
10.4167 643
10.4333 646
10.45 648
10.4667 650
10.4833 653
10.5 655
10.5167 657
10.5333 659
10.55 662
10.5667 664
10.5833 666
10.6 668
10.6167 670
10.6333 672
10.65 675
10.6667 677
10.6833 679
10.7 681
10.7167 683
10.7333 685
10.75 687
10.7667 689
10.7833 691
10.8 693
10.8167 695
10.8333 697
10.85 699
10.8667 701
10.8833 703
10.9 705
10.9167 706
10.9333 708
10.95 710
10.9667 712
10.9833 714
11.0 715
11.0167 717
11.0333 719
11.05 721
11.0667 722
11.0833 724
11.1 726
11.1167 727
11.1333 729
11.15 731
11.1667 732
11.1833 734
11.2 735
11.2167 737
11.2333 738
11.25 740
11.2667 741
11.2833 743
11.3 744
11.3167 746
11.3333 747
11.35 748
11.3667 750
11.3833 751
11.4 752
11.4167 754
11.4333 755
11.45 756
11.4667 758
11.4833 759
11.5 760
11.5167 761
11.5333 763
11.55 764
11.5667 765
11.5833 766
11.6 767
11.6167 768
11.6333 769
11.65 770
11.6667 771
11.6833 772
11.7 773
11.7167 774
11.7333 775
11.75 776
11.7667 777
11.7833 778
11.8 779
11.8167 780
11.8333 781
11.85 781
11.8667 782
11.8833 783
11.9 784
11.9167 784
11.9333 785
11.95 786
11.9667 787
11.9833 787
12.0 788
12.0167 788
12.0333 789
12.05 790
12.0667 790
12.0833 791
12.1 791
12.1167 792
12.1333 792
12.15 793
12.1667 793
12.1833 794
12.2 794
12.2167 794
12.2333 795
12.25 795
12.2667 796
12.2833 796
12.3 796
12.3167 796
12.3333 797
12.35 797
12.3667 797
12.3833 797
12.4 797
12.4167 798
12.4333 798
12.45 798
12.4667 798
12.4833 798
12.5 798
12.5167 798
12.5333 798
12.55 798
12.5667 798
12.5833 798
12.6 798
12.6167 798
12.6333 798
12.65 798
12.6667 797
12.6833 797
12.7 797
12.7167 797
12.7333 797
12.75 796
12.7667 796
12.7833 796
12.8 796
12.8167 795
12.8333 795
12.85 795
12.8667 794
12.8833 794
12.9 793
12.9167 793
12.9333 792
12.95 792
12.9667 791
12.9833 791
13.0 790
13.0167 790
13.0333 789
13.05 789
13.0667 788
13.0833 787
13.1 787
13.1167 786
13.1333 785
13.15 785
13.1667 784
13.1833 783
13.2 782
13.2167 781
13.2333 781
13.25 780
13.2667 779
13.2833 778
13.3 777
13.3167 776
13.3333 775
13.35 774
13.3667 773
13.3833 772
13.4 771
13.4167 770
13.4333 769
13.45 768
13.4667 767
13.4833 766
13.5 765
13.5167 764
13.5333 763
13.55 761
13.5667 760
13.5833 759
13.6 758
13.6167 757
13.6333 755
13.65 754
13.6667 753
13.6833 751
13.7 750
13.7167 749
13.7333 747
13.75 746
13.7667 744
13.7833 743
13.8 741
13.8167 740
13.8333 739
13.85 737
13.8667 735
13.8833 734
13.9 732
13.9167 731
13.9333 729
13.95 728
13.9667 726
13.9833 724
14.0 723
14.0167 721
14.0333 719
14.05 717
14.0667 716
14.0833 714
14.1 712
14.1167 710
14.1333 708
14.15 707
14.1667 705
14.1833 703
14.2 701
14.2167 699
14.2333 697
14.25 695
14.2667 693
14.2833 691
14.3 689
14.3167 687
14.3333 685
14.35 683
14.3667 681
14.3833 679
14.4 677
14.4167 675
14.4333 673
14.45 671
14.4667 668
14.4833 666
14.5 664
14.5167 662
14.5333 660
14.55 657
14.5667 655
14.5833 653
14.6 651
14.6167 648
14.6333 646
14.65 644
14.6667 641
14.6833 639
14.7 637
14.7167 634
14.7333 632
14.75 629
14.7667 627
14.7833 624
14.8 622
14.8167 619
14.8333 617
14.85 614
14.8667 612
14.8833 609
14.9 607
14.9167 604
14.9333 602
14.95 599
14.9667 596
14.9833 594
15.0 590
15.0167 588
15.0333 585
15.05 582
15.0667 580
15.0833 577
15.1 574
15.1167 571
15.1333 569
15.15 566
15.1667 563
15.1833 560
15.2 557
15.2167 555
15.2333 552
15.25 549
15.2667 546
15.2833 543
15.3 540
15.3167 538
15.3333 535
15.35 532
15.3667 529
15.3833 526
15.4 523
15.4167 520
15.4333 517
15.45 514
15.4667 511
15.4833 508
15.5 505
15.5167 502
15.5333 499
15.55 496
15.5667 493
15.5833 490
15.6 487
15.6167 484
15.6333 481
15.65 478
15.6667 474
15.6833 471
15.7 468
15.7167 465
15.7333 462
15.75 459
15.7667 456
15.7833 452
15.8 449
15.8167 446
15.8333 443
15.85 440
15.8667 436
15.8833 433
15.9 430
15.9167 427
15.9333 424
15.95 420
15.9667 417
15.9833 414
