0.5 1.00000004749745
1.5 1.00000004749745
2.5 1.00000004749745
3.5 1.00000004749745
4.5 1.00000004749745
5.5 1.00000004749745
6.5 14.000000432133701
7.5 149.000003933907
8.5 335.999995470047
9.5 518.9999938011171
10.5 677.999973297119
11.5 773.000001907349
12.5 829.999983310699
13.5 833.000004291534
14.5 773.999989032745
15.5 656.000018119812
16.5 442.999988794327
17.5 303.000003099442
18.5 153.999999165535
19.5 12.0000001043081
20.5 1.00000004749745
21.5 1.00000004749745
22.5 1.00000004749745
23.5 1.00000004749745
