0.5 1.00000004749745
1.5 1.00000004749745
2.5 1.00000004749745
3.5 1.00000004749745
4.5 1.00000004749745
5.5 1.00000004749745
6.5 17.9999992251396
7.5 137.999996542931
8.5 316.000014543533
9.5 499.000012874603
10.5 643.9999938011171
11.5 759.999990463257
12.5 816.999971866608
13.5 824.999988079071
14.5 754.000008106232
15.5 634.00000333786
16.5 477.999985218048
17.5 284.999996423721
18.5 112.999998033047
19.5 8.00000037997961
20.5 1.00000004749745
21.5 1.00000004749745
22.5 1.00000004749745
23.5 1.00000004749745
