0.5 1.00000004749745
1.5 1.00000004749745
2.5 1.00000004749745
3.5 1.00000004749745
4.5 1.00000004749745
5.5 1.00000004749745
6.5 10.9999999403954
7.5 108.000002801418
8.5 345.999985933304
9.5 289.000004529953
10.5 500.99998712539696
11.5 703.000009059906
12.5 680.999994277954
13.5 774.999976158142
14.5 689.000010490418
15.5 490.99999666214
16.5 317.00000166893
17.5 149.000003933907
18.5 21.9999998807907
19.5 1.00000004749745
20.5 1.00000004749745
21.5 1.00000004749745
22.5 1.00000004749745
23.5 1.00000004749745
