0.5 1.00000004749745
1.5 1.00000004749745
2.5 1.00000004749745
3.5 1.00000004749745
4.5 1.00000004749745
5.5 0.0
6.5 6.00000005215406
7.5 46.9999983906746
8.5 123.99999797344199
9.5 492.000013589859
10.5 629.000008106232
11.5 713.99998664856
12.5 698.000013828278
13.5 677.999973297119
14.5 561.999976634979
15.5 361.999988555908
16.5 433.999985456467
17.5 216.999992728233
18.5 37.0000004768372
19.5 1.00000004749745
20.5 1.00000004749745
21.5 1.00000004749745
22.5 1.00000004749745
23.5 1.00000004749745
