0.5 1.0000000474974513
1.5 1.0000000474974513
2.5 1.0000000474974513
3.5 1.0000000474974513
4.5 1.0000000474974513
5.5 1.0000000474974513
6.5 27.000000700354576
7.5 189.9999976158142
8.5 386.9999945163727
9.5 570.9999799728394
10.5 721.0000157356262
11.5 825.9999752044678
12.5 876.9999742507935
13.5 887.0000243186951
14.5 767.0000195503235
15.5 449.99998807907104
16.5 354.0000021457672
17.5 266.9999897480011
18.5 94.9999988079071
19.5 4.999999888241291
20.5 0.0
21.5 1.0000000474974513
22.5 1.0000000474974513
23.5 1.0000000474974513
