0.5 1.00000004749745
1.5 1.00000004749745
2.5 1.00000004749745
3.5 1.00000004749745
4.5 1.00000004749745
5.5 1.00000004749745
6.5 13.0000002682209
7.5 0.0
8.5 244.000002741814
9.5 519.999980926514
10.5 611.999988555908
11.5 693.0000185966489
12.5 667.999982833862
13.5 379.00000810623203
14.5 321.99999690055904
15.5 367.000013589859
16.5 35.9999984502792
17.5 45.0000017881393
18.5 59.9999986588955
19.5 2.0000000949949
20.5 1.00000004749745
21.5 1.00000004749745
22.5 1.00000004749745
23.5 1.00000004749745
