0.5 1.0000000474974513
1.5 1.0000000474974513
2.5 1.0000000474974513
3.5 1.0000000474974513
4.5 1.0000000474974513
5.5 1.0000000474974513
6.5 23.000000044703484
7.5 119.00000274181366
8.5 391.9999897480011
9.5 578.000009059906
10.5 660.0000262260437
11.5 757.0000290870667
12.5 818.0000185966492
13.5 635.9999775886536
14.5 578.000009059906
15.5 367.000013589859
16.5 136.99999451637268
17.5 52.000001072883606
18.5 9.999999776482582
19.5 1.0000000474974513
20.5 1.0000000474974513
21.5 1.0000000474974513
22.5 1.0000000474974513
23.5 1.0000000474974513
