0.5 1.0000000474974513
1.5 1.0000000474974513
2.5 1.0000000474974513
3.5 1.0000000474974513
4.5 1.0000000474974513
5.5 1.0000000474974513
6.5 8.00000037997961
7.5 54.999999701976776
8.5 143.00000667572021
9.5 379.9999952316284
10.5 583.0000042915344
11.5 796.0000038146973
12.5 823.0000138282776
13.5 838.9999866485596
14.5 788.9999747276306
15.5 602.9999852180481
16.5 407.99999237060547
17.5 149.00000393390656
18.5 70.00000029802322
19.5 3.000000026077032
20.5 1.0000000474974513
21.5 1.0000000474974513
22.5 1.0000000474974513
23.5 1.0000000474974513
