0.5 0.0
1.5 0.0
2.5 1.0000000474974513
3.5 1.0000000474974513
4.5 1.0000000474974513
5.5 1.0000000474974513
6.5 7.000000216066837
7.5 39.99999910593033
8.5 165.99999368190765
9.5 298.0000078678131
10.5 284.9999964237213
11.5 294.99998688697815
12.5 324.99998807907104
13.5 460.00000834465027
14.5 476.99999809265137
15.5 563.0000233650208
16.5 462.99999952316284
17.5 287.00000047683716
18.5 115.99999666213989
19.5 4.999999888241291
20.5 0.0
21.5 1.0000000474974513
22.5 1.0000000474974513
23.5 1.0000000474974513
