0.5 1.00000004749745
1.5 1.00000004749745
2.5 1.00000004749745
3.5 1.00000004749745
4.5 1.00000004749745
5.5 1.00000004749745
6.5 18.9999993890524
7.5 103.00000011920899
8.5 238.00000548362698
9.5 386.999994516373
10.5 595.0000286102301
11.5 603.999972343445
12.5 758.000016212463
13.5 737.999975681305
14.5 467.000007629395
15.5 86.9999974966049
16.5 76.9999995827675
17.5 129.999995231628
18.5 59.000000357627904
19.5 4.99999988824129
20.5 1.00000004749745
21.5 1.00000004749745
22.5 1.00000004749745
23.5 1.00000004749745
