0.5 1.00000004749745
1.5 1.00000004749745
2.5 1.00000004749745
3.5 1.00000004749745
4.5 1.00000004749745
5.5 1.00000004749745
6.5 3.00000002607703
7.5 48.0000004172325
8.5 93.0000022053719
9.5 148.000001907349
10.5 254.99999523162796
11.5 644.999980926514
12.5 716.000020503998
13.5 602.999985218048
14.5 411.00001335144
15.5 379.00000810623203
16.5 223.000004887581
17.5 64.9999976158142
18.5 3.00000002607703
19.5 0.0
20.5 1.00000004749745
21.5 1.00000004749745
22.5 1.00000004749745
23.5 1.00000004749745
