0.5 1.00000004749745
1.5 1.00000004749745
2.5 1.00000004749745
3.5 1.00000004749745
4.5 1.00000004749745
5.5 1.00000004749745
6.5 1.00000004749745
7.5 25.000000372528998
8.5 90.999998152256
9.5 180.000007152557
10.5 238.00000548362698
11.5 455.000013113022
12.5 472.000002861023
13.5 578.000009059906
14.5 518.9999938011171
15.5 138.999998569489
16.5 74.0000009536743
17.5 16.0000007599592
18.5 1.00000004749745
19.5 1.00000004749745
20.5 1.00000004749745
21.5 1.00000004749745
22.5 1.00000004749745
23.5 1.00000004749745
