0.5 1.00000004749745
1.5 1.00000004749745
2.5 1.00000004749745
3.5 1.00000004749745
4.5 1.00000004749745
5.5 1.00000004749745
6.5 1.00000004749745
7.5 32.9999998211861
8.5 185.00000238418602
9.5 344.999998807907
10.5 282.99999237060604
11.5 566.999971866608
12.5 607.999980449677
13.5 579.999983310699
14.5 497.000008821487
15.5 368.000000715256
16.5 180.000007152557
17.5 12.0000001043081
18.5 1.00000004749745
19.5 1.00000004749745
20.5 1.00000004749745
21.5 1.00000004749745
22.5 1.00000004749745
23.5 1.00000004749745
