0.5 1.00000004749745
1.5 1.00000004749745
2.5 1.00000004749745
3.5 1.00000004749745
4.5 1.00000004749745
5.5 1.00000004749745
6.5 1.00000004749745
7.5 12.0000001043081
8.5 75.0000029802322
9.5 256.999999284744
10.5 270.999997854233
11.5 488.000005483627
12.5 593.999981880188
13.5 372.999995946884
14.5 112.000003457069
15.5 76.9999995827675
16.5 50.9999990463257
17.5 6.00000005215406
18.5 1.00000004749745
19.5 1.00000004749745
20.5 1.00000004749745
21.5 1.00000004749745
22.5 1.00000004749745
23.5 1.00000004749745
