0.5 1.0000000474974513
1.5 1.0000000474974513
2.5 1.0000000474974513
3.5 1.0000000474974513
4.5 1.0000000474974513
5.5 1.0000000474974513
6.5 1.0000000474974513
7.5 14.000000432133675
8.5 145.9999978542328
9.5 310.0000023841858
10.5 266.9999897480011
11.5 551.9999861717224
12.5 574.0000009536743
13.5 556.9999814033508
14.5 486.9999885559082
15.5 356.00000619888306
16.5 163.00000250339508
17.5 13.000000268220901
18.5 1.0000000474974513
19.5 1.0000000474974513
20.5 1.0000000474974513
21.5 1.0000000474974513
22.5 1.0000000474974513
23.5 1.0000000474974513
