0.5 1.00000004749745
1.5 1.00000004749745
2.5 1.00000004749745
3.5 1.00000004749745
4.5 1.00000004749745
5.5 1.00000004749745
6.5 1.00000004749745
7.5 14.000000432133701
8.5 136.000007390976
9.5 293.00001263618503
10.5 256.000012159348
11.5 526.000022888184
12.5 569.000005722046
13.5 550.999999046326
14.5 479.000002145767
15.5 326.999992132187
16.5 123.00000339746501
17.5 19.9999995529652
18.5 1.00000004749745
19.5 1.00000004749745
20.5 1.00000004749745
21.5 1.00000004749745
22.5 1.00000004749745
23.5 1.00000004749745
