0.5 1.0000000474974513
1.5 1.0000000474974513
2.5 1.0000000474974513
3.5 1.0000000474974513
4.5 1.0000000474974513
5.5 1.0000000474974513
6.5 1.0000000474974513
7.5 13.000000268220901
8.5 104.00000214576721
9.5 263.9999985694885
10.5 275.9999930858612
11.5 524.9999761581421
12.5 423.0000078678131
13.5 179.00000512599945
14.5 432.99999833106995
15.5 289.99999165534973
16.5 115.99999666213989
17.5 17.000000923871994
18.5 1.0000000474974513
19.5 1.0000000474974513
20.5 1.0000000474974513
21.5 1.0000000474974513
22.5 1.0000000474974513
23.5 1.0000000474974513
