0.5 1.00000004749745
1.5 1.00000004749745
2.5 1.00000004749745
3.5 1.00000004749745
4.5 1.00000004749745
5.5 1.00000004749745
6.5 1.00000004749745
7.5 6.00000005215406
8.5 59.000000357627904
9.5 231.000006198883
10.5 448.000013828278
11.5 145.99999785423302
12.5 330.000013113022
13.5 360.00001430511503
14.5 536.00001335144
15.5 449.000000953674
16.5 277.00001001358
17.5 71.0000023245811
18.5 4.0000001899898106
19.5 1.00000004749745
20.5 1.00000004749745
21.5 1.00000004749745
22.5 1.00000004749745
23.5 1.00000004749745
