0.5 1.0000000474974513
1.5 1.0000000474974513
2.5 1.0000000474974513
3.5 1.0000000474974513
4.5 1.0000000474974513
5.5 1.0000000474974513
6.5 1.0000000474974513
7.5 8.00000037997961
8.5 123.99999797344208
9.5 296.00000381469727
10.5 456.0000002384186
11.5 174.99999701976776
12.5 628.000020980835
13.5 625.0
14.5 569.0000057220459
15.5 444.9999928474426
16.5 291.00000858306885
17.5 98.9999994635582
18.5 8.00000037997961
19.5 1.0000000474974513
20.5 1.0000000474974513
21.5 1.0000000474974513
22.5 1.0000000474974513
23.5 1.0000000474974513
