0.5 1.00000004749745
1.5 1.00000004749745
2.5 1.00000004749745
3.5 1.00000004749745
4.5 1.00000004749745
5.5 1.00000004749745
6.5 1.00000004749745
7.5 32.0000015199184
8.5 225.999996066093
9.5 416.99999570846603
10.5 578.999996185303
11.5 596.000015735626
12.5 735.000014305115
13.5 730.000019073486
14.5 654.999971389771
15.5 537.000000476837
16.5 365.99999666214
17.5 174.99999701976802
18.5 17.9999992251396
19.5 1.00000004749745
20.5 1.00000004749745
21.5 1.00000004749745
22.5 1.00000004749745
23.5 1.00000004749745
