0.5 1.00000004749745
1.5 1.00000004749745
2.5 1.00000004749745
3.5 1.00000004749745
4.5 1.00000004749745
5.5 1.00000004749745
6.5 2.0000000949949
7.5 35.0000001490116
8.5 94.9999988079071
9.5 171.00000381469698
10.5 259.999990463257
11.5 607.999980449677
12.5 676.999986171722
13.5 768.9999938011171
14.5 694.999992847443
15.5 483.999997377396
16.5 352.999985218048
17.5 151.999995112419
18.5 18.9999993890524
19.5 1.00000004749745
20.5 1.00000004749745
21.5 1.00000004749745
22.5 1.00000004749745
23.5 1.00000004749745
