0.5 1.00000004749745
1.5 1.00000004749745
2.5 1.00000004749745
3.5 1.00000004749745
4.5 1.00000004749745
5.5 1.00000004749745
6.5 2.0000000949949
7.5 45.0000017881393
8.5 192.00000166893
9.5 400.000005960465
10.5 556.9999814033511
11.5 667.999982833862
12.5 717.999994754791
13.5 711.000025272369
14.5 614.000022411346
15.5 259.00000333786
16.5 193.000003695488
17.5 151.999995112419
18.5 17.000000923872
19.5 1.00000004749745
20.5 1.00000004749745
21.5 1.00000004749745
22.5 1.00000004749745
23.5 1.00000004749745
