0.5 1.0000000474974513
1.5 1.0000000474974513
2.5 1.0000000474974513
3.5 1.0000000474974513
4.5 1.0000000474974513
5.5 1.0000000474974513
6.5 1.0000000474974513
7.5 4.999999888241291
8.5 52.99999937415123
9.5 184.00000035762787
10.5 481.9999933242798
11.5 437.99999356269836
12.5 469.9999988079071
13.5 268.0000066757202
14.5 349.0000069141388
15.5 180.00000715255737
16.5 107.00000077486038
17.5 167.9999977350235
18.5 119.99999731779099
19.5 20.999999716877937
20.5 1.0000000474974513
21.5 0.0
22.5 1.0000000474974513
23.5 0.0
