0.5 0.0
1.5 1.00000004749745
2.5 1.00000004749745
3.5 1.00000004749745
4.5 1.00000004749745
5.5 1.00000004749745
6.5 1.00000004749745
7.5 7.00000021606684
8.5 111.000001430511
9.5 335.00000834465
10.5 527.999997138977
11.5 672.999978065491
12.5 781.000018119812
13.5 832.000017166138
14.5 815.999984741211
15.5 736.999988555908
16.5 582.000017166138
17.5 393.00000667572
18.5 182.99999833107
19.5 54.0000014007092
20.5 1.00000004749745
21.5 1.00000004749745
22.5 1.00000004749745
23.5 1.00000004749745
