0.5 0.0
1.5 1.00000004749745
2.5 1.00000004749745
3.5 1.00000004749745
4.5 1.00000004749745
5.5 1.00000004749745
6.5 1.00000004749745
7.5 37.0000004768372
8.5 184.000000357628
9.5 397.000014781952
10.5 582.000017166138
11.5 731.0000061988829
12.5 828.999996185303
13.5 861.999988555908
14.5 845.0000286102301
15.5 765.999972820282
16.5 634.00000333786
17.5 465.000003576279
18.5 275.00000596046397
19.5 90.0000035762787
20.5 3.00000002607703
21.5 1.00000004749745
22.5 1.00000004749745
23.5 1.00000004749745
