0.5 0.0
1.5 0.0
2.5 1.0000000474974513
3.5 1.0000000474974513
4.5 0.0
5.5 1.0000000474974513
6.5 1.0000000474974513
7.5 32.00000151991844
8.5 197.9999989271164
9.5 395.00001072883606
10.5 569.9999928474426
11.5 708.0000042915344
12.5 805.0000071525574
13.5 851.0000109672546
14.5 832.0000171661377
15.5 759.0000033378601
16.5 634.9999904632568
17.5 430.0000071525574
18.5 212.99999952316284
19.5 68.00000369548798
20.5 1.0000000474974513
21.5 1.0000000474974513
22.5 1.0000000474974513
23.5 1.0000000474974513
