0.5 1.00000004749745
1.5 1.00000004749745
2.5 1.00000004749745
3.5 0.0
4.5 1.00000004749745
5.5 1.00000004749745
6.5 1.00000004749745
7.5 9.99999977648258
8.5 46.000000089407
9.5 67.0000016689301
10.5 130.999997258186
11.5 202.999994158745
12.5 305.999994277954
13.5 256.999999284744
14.5 202.000007033348
15.5 217.999994754791
16.5 136.99999451637302
17.5 231.99999332428
18.5 71.0000023245811
19.5 25.000000372528998
20.5 1.00000004749745
21.5 1.00000004749745
22.5 1.00000004749745
23.5 1.00000004749745
