0.5 1.0000000474974513
1.5 1.0000000474974513
2.5 1.0000000474974513
3.5 1.0000000474974513
4.5 1.0000000474974513
5.5 1.0000000474974513
6.5 2.0000000949949026
7.5 48.99999871850014
8.5 202.00000703334808
9.5 340.9999907016754
10.5 513.9999985694885
11.5 716.0000205039978
12.5 795.0000166893005
13.5 841.0000205039978
14.5 776.0000228881836
15.5 739.0000224113464
16.5 597.9999899864197
17.5 493.00000071525574
18.5 356.9999933242798
19.5 202.9999941587448
20.5 21.99999988079071
21.5 1.0000000474974513
22.5 0.0
23.5 0.0
