9.0 456
9.0167 459
9.0333 462
9.05 465
9.0667 468
9.0833 471
9.1 474
9.1167 477
9.1333 480
9.15 483
9.1667 486
9.1833 489
9.2 492
9.2167 495
9.2333 498
9.25 501
9.2667 504
9.2833 507
9.3 510
9.3167 513
9.3333 516
9.35 518
9.3667 521
9.3833 524
9.4 527
9.4167 530
9.4333 533
9.45 536
9.4667 538
9.4833 541
9.5 544
9.5167 547
9.5333 550
9.55 552
9.5667 555
9.5833 558
9.6 561
9.6167 563
9.6333 566
9.65 569
9.6667 572
9.6833 574
9.7 577
9.7167 580
9.7333 582
9.75 585
9.7667 588
9.7833 590
9.8 593
9.8167 596
9.8333 598
9.85 601
9.8667 603
9.8833 606
9.9 609
9.9167 611
9.9333 614
9.95 616
9.9667 619
9.9833 621
10.0 624
10.0167 626
10.0333 629
10.05 631
10.0667 634
10.0833 636
10.1 638
10.1167 641
10.1333 643
10.15 646
10.1667 648
10.1833 650
10.2 653
10.2167 655
10.2333 657
10.25 660
10.2667 662
10.2833 664
10.3 667
10.3167 669
10.3333 671
10.35 673
10.3667 676
10.3833 678
10.4 680
10.4167 682
10.4333 684
10.45 687
10.4667 689
10.4833 691
10.5 693
10.5167 695
10.5333 697
10.55 699
10.5667 701
10.5833 703
10.6 705
10.6167 707
10.6333 709
10.65 711
10.6667 713
10.6833 715
10.7 717
10.7167 719
10.7333 721
10.75 723
10.7667 725
10.7833 727
10.8 729
10.8167 731
10.8333 732
10.85 734
10.8667 736
10.8833 738
10.9 740
10.9167 741
10.9333 743
10.95 745
10.9667 746
10.9833 748
11.0 750
11.0167 752
11.0333 753
11.05 755
11.0667 756
11.0833 758
11.1 760
11.1167 761
11.1333 763
11.15 764
11.1667 766
11.1833 767
11.2 769
11.2167 770
11.2333 772
11.25 773
11.2667 775
11.2833 776
11.3 777
11.3167 779
11.3333 780
11.35 781
11.3667 783
11.3833 784
11.4 785
11.4167 787
11.4333 788
11.45 789
11.4667 790
11.4833 792
11.5 793
11.5167 794
11.5333 795
11.55 796
11.5667 797
11.5833 799
11.6 800
11.6167 801
11.6333 802
11.65 803
11.6667 804
11.6833 805
11.7 806
11.7167 807
11.7333 808
11.75 809
11.7667 810
11.7833 811
11.8 812
11.8167 812
11.8333 813
11.85 814
11.8667 815
11.8833 816
11.9 817
11.9167 817
11.9333 818
11.95 819
11.9667 819
11.9833 820
12.0 821
12.0167 822
12.0333 822
12.05 823
12.0667 823
12.0833 824
12.1 825
12.1167 825
12.1333 826
12.15 826
12.1667 827
12.1833 827
12.2 828
12.2167 828
12.2333 829
12.25 829
12.2667 829
12.2833 830
12.3 830
12.3167 831
12.3333 831
12.35 831
12.3667 831
12.3833 832
12.4 832
12.4167 832
12.4333 832
12.45 833
12.4667 833
12.4833 833
12.5 833
12.5167 833
12.5333 833
12.55 834
12.5667 834
12.5833 834
12.6 834
12.6167 834
12.6333 834
12.65 834
12.6667 834
12.6833 834
12.7 834
12.7167 834
12.7333 834
12.75 833
12.7667 833
12.7833 833
12.8 833
12.8167 833
12.8333 833
12.85 832
12.8667 832
12.8833 832
12.9 832
12.9167 831
12.9333 831
12.95 831
12.9667 830
12.9833 830
13.0 830
13.0167 829
13.0333 829
13.05 828
13.0667 828
13.0833 827
13.1 827
13.1167 827
13.1333 826
13.15 825
13.1667 825
13.1833 824
13.2 824
13.2167 823
13.2333 823
13.25 822
13.2667 821
13.2833 821
13.3 820
13.3167 819
13.3333 818
13.35 818
13.3667 817
13.3833 816
13.4 815
13.4167 815
13.4333 814
13.45 813
13.4667 812
13.4833 811
13.5 810
13.5167 809
13.5333 808
13.55 807
13.5667 806
13.5833 805
13.6 804
13.6167 803
13.6333 802
13.65 801
13.6667 800
13.6833 799
13.7 798
13.7167 797
13.7333 796
13.75 795
13.7667 794
13.7833 792
13.8 791
13.8167 790
13.8333 789
13.85 787
13.8667 786
13.8833 785
13.9 784
13.9167 782
13.9333 781
13.95 780
13.9667 778
13.9833 777
14.0 775
14.0167 774
14.0333 773
14.05 771
14.0667 770
14.0833 768
14.1 767
14.1167 765
14.1333 764
14.15 762
14.1667 760
14.1833 759
14.2 757
14.2167 756
14.2333 754
14.25 752
14.2667 751
14.2833 749
14.3 747
14.3167 746
14.3333 744
14.35 742
14.3667 741
14.3833 739
14.4 737
14.4167 735
14.4333 733
14.45 732
14.4667 730
14.4833 728
14.5 726
14.5167 724
14.5333 722
14.55 720
14.5667 718
14.5833 716
14.6 714
14.6167 712
14.6333 711
14.65 709
14.6667 706
14.6833 704
14.7 702
14.7167 700
14.7333 698
14.75 696
14.7667 694
14.7833 692
14.8 690
14.8167 688
14.8333 686
14.85 683
14.8667 681
14.8833 679
14.9 677
14.9167 675
14.9333 672
14.95 670
14.9667 668
14.9833 666
15.0 663
15.0167 661
15.0333 659
15.05 657
15.0667 654
15.0833 652
15.1 649
15.1167 647
15.1333 645
15.15 642
15.1667 640
15.1833 637
15.2 635
15.2167 633
15.2333 630
15.25 628
15.2667 625
15.2833 623
15.3 620
15.3167 618
15.3333 615
15.35 613
15.3667 610
15.3833 607
15.4 605
15.4167 602
15.4333 600
15.45 597
15.4667 595
15.4833 592
15.5 589
15.5167 587
15.5333 584
15.55 581
15.5667 579
15.5833 576
15.6 573
15.6167 570
15.6333 568
15.65 565
15.6667 562
15.6833 560
15.7 557
15.7167 554
15.7333 551
15.75 548
15.7667 546
15.7833 543
15.8 540
15.8167 537
15.8333 534
15.85 532
15.8667 529
15.8833 526
15.9 523
15.9167 520
15.9333 517
15.95 514
15.9667 512
15.9833 509
