9.0 505
9.0167 508
9.0333 512
9.05 515
9.0667 519
9.0833 523
9.1 526
9.1167 530
9.1333 533
9.15 537
9.1667 540
9.1833 544
9.2 547
9.2167 551
9.2333 554
9.25 558
9.2667 561
9.2833 565
9.3 568
9.3167 571
9.3333 575
9.35 578
9.3667 581
9.3833 585
9.4 588
9.4167 592
9.4333 595
9.45 598
9.4667 601
9.4833 605
9.5 608
9.5167 611
9.5333 614
9.55 618
9.5667 621
9.5833 624
9.6 627
9.6167 630
9.6333 634
9.65 637
9.6667 640
9.6833 643
9.7 646
9.7167 649
9.7333 652
9.75 655
9.7667 658
9.7833 661
9.8 664
9.8167 667
9.8333 670
9.85 673
9.8667 676
9.8833 679
9.9 682
9.9167 685
9.9333 688
9.95 691
9.9667 693
9.9833 696
10.0 699
10.0167 702
10.0333 705
10.05 707
10.0667 710
10.0833 713
10.1 716
10.1167 718
10.1333 721
10.15 724
10.1667 726
10.1833 729
10.2 732
10.2167 734
10.2333 737
10.25 740
10.2667 742
10.2833 745
10.3 747
10.3167 750
10.3333 752
10.35 755
10.3667 757
10.3833 760
10.4 762
10.4167 764
10.4333 767
10.45 769
10.4667 771
10.4833 774
10.5 776
10.5167 778
10.5333 781
10.55 783
10.5667 785
10.5833 787
10.6 790
10.6167 792
10.6333 794
10.65 796
10.6667 798
10.6833 800
10.7 803
10.7167 805
10.7333 807
10.75 809
10.7667 811
10.7833 813
10.8 815
10.8167 817
10.8333 819
10.85 821
10.8667 823
10.8833 825
10.9 826
10.9167 828
10.9333 830
10.95 832
10.9667 834
10.9833 836
11.0 837
11.0167 839
11.0333 841
11.05 843
11.0667 844
11.0833 846
11.1 848
11.1167 849
11.1333 851
11.15 852
11.1667 854
11.1833 856
11.2 857
11.2167 859
11.2333 860
11.25 862
11.2667 863
11.2833 865
11.3 866
11.3167 867
11.3333 869
11.35 870
11.3667 871
11.3833 873
11.4 874
11.4167 875
11.4333 877
11.45 878
11.4667 879
11.4833 880
11.5 882
11.5167 883
11.5333 884
11.55 885
11.5667 886
11.5833 887
11.6 888
11.6167 889
11.6333 890
11.65 891
11.6667 892
11.6833 893
11.7 894
11.7167 895
11.7333 896
11.75 897
11.7667 898
11.7833 899
11.8 899
11.8167 900
11.8333 901
11.85 902
11.8667 903
11.8833 903
11.9 904
11.9167 905
11.9333 905
11.95 906
11.9667 907
11.9833 907
12.0 908
12.0167 908
12.0333 909
12.05 909
12.0667 910
12.0833 910
12.1 911
12.1167 911
12.1333 912
12.15 912
12.1667 912
12.1833 913
12.2 913
12.2167 913
12.2333 914
12.25 914
12.2667 914
12.2833 915
12.3 915
12.3167 915
12.3333 915
12.35 915
12.3667 915
12.3833 915
12.4 916
12.4167 916
12.4333 916
12.45 916
12.4667 916
12.4833 916
12.5 916
12.5167 916
12.5333 915
12.55 915
12.5667 915
12.5833 915
12.6 915
12.6167 915
12.6333 915
12.65 914
12.6667 914
12.6833 914
12.7 914
12.7167 913
12.7333 913
12.75 913
12.7667 912
12.7833 912
12.8 911
12.8167 911
12.8333 911
12.85 910
12.8667 910
12.8833 909
12.9 909
12.9167 908
12.9333 907
12.95 907
12.9667 906
12.9833 906
13.0 905
13.0167 904
13.0333 904
13.05 903
13.0667 902
13.0833 901
13.1 901
13.1167 900
13.1333 899
13.15 898
13.1667 897
13.1833 896
13.2 895
13.2167 894
13.2333 894
13.25 893
13.2667 892
13.2833 891
13.3 890
13.3167 889
13.3333 887
13.35 886
13.3667 885
13.3833 884
13.4 883
13.4167 882
13.4333 881
13.45 879
13.4667 878
13.4833 877
13.5 876
13.5167 874
13.5333 873
13.55 872
13.5667 871
13.5833 869
13.6 868
13.6167 866
13.6333 865
13.65 864
13.6667 862
13.6833 861
13.7 859
13.7167 858
13.7333 856
13.75 854
13.7667 853
13.7833 851
13.8 850
13.8167 848
13.8333 846
13.85 845
13.8667 843
13.8833 841
13.9 840
13.9167 838
13.9333 836
13.95 834
13.9667 833
13.9833 831
14.0 829
14.0167 827
14.0333 825
14.05 823
14.0667 821
14.0833 819
14.1 817
14.1167 815
14.1333 813
14.15 811
14.1667 809
14.1833 807
14.2 805
14.2167 803
14.2333 801
14.25 799
14.2667 797
14.2833 795
14.3 793
14.3167 790
14.3333 788
14.35 786
14.3667 784
14.3833 781
14.4 779
14.4167 777
14.4333 775
14.45 772
14.4667 770
14.4833 767
14.5 765
14.5167 763
14.5333 760
14.55 758
14.5667 755
14.5833 753
14.6 750
14.6167 748
14.6333 745
14.65 743
14.6667 740
14.6833 738
14.7 735
14.7167 733
14.7333 730
14.75 727
14.7667 725
14.7833 722
14.8 719
14.8167 717
14.8333 714
14.85 711
14.8667 708
14.8833 706
14.9 703
14.9167 700
14.9333 697
14.95 694
14.9667 691
14.9833 689
15.0 685
15.0167 682
15.0333 679
15.05 676
15.0667 673
15.0833 670
15.1 667
15.1167 664
15.1333 661
15.15 658
15.1667 655
15.1833 652
15.2 649
15.2167 646
15.2333 643
15.25 640
15.2667 636
15.2833 633
15.3 630
15.3167 627
15.3333 624
15.35 621
15.3667 617
15.3833 614
15.4 611
15.4167 608
15.4333 605
15.45 601
15.4667 598
15.4833 595
15.5 591
15.5167 588
15.5333 585
15.55 581
15.5667 578
15.5833 575
15.6 571
15.6167 568
15.6333 564
15.65 561
15.6667 558
15.6833 554
15.7 551
15.7167 547
15.7333 544
15.75 540
15.7667 537
15.7833 533
15.8 530
15.8167 526
15.8333 523
15.85 519
15.8667 515
15.8833 512
15.9 508
15.9167 505
15.9333 501
15.95 497
15.9667 494
15.9833 490
