9.0 456
9.0167 459
9.0333 462
9.05 466
9.0667 469
9.0833 473
9.1 476
9.1167 480
9.1333 483
9.15 487
9.1667 490
9.1833 493
9.2 497
9.2167 500
9.2333 504
9.25 507
9.2667 510
9.2833 514
9.3 517
9.3167 520
9.3333 524
9.35 527
9.3667 530
9.3833 533
9.4 537
9.4167 540
9.4333 543
9.45 546
9.4667 549
9.4833 553
9.5 556
9.5167 559
9.5333 562
9.55 565
9.5667 568
9.5833 571
9.6 574
9.6167 578
9.6333 581
9.65 584
9.6667 587
9.6833 590
9.7 593
9.7167 596
9.7333 599
9.75 602
9.7667 605
9.7833 607
9.8 610
9.8167 613
9.8333 616
9.85 619
9.8667 622
9.8833 625
9.9 628
9.9167 630
9.9333 633
9.95 636
9.9667 639
9.9833 641
10.0 644
10.0167 647
10.0333 650
10.05 652
10.0667 655
10.0833 658
10.1 660
10.1167 663
10.1333 665
10.15 668
10.1667 671
10.1833 673
10.2 676
10.2167 678
10.2333 681
10.25 683
10.2667 686
10.2833 688
10.3 691
10.3167 693
10.3333 695
10.35 698
10.3667 700
10.3833 702
10.4 705
10.4167 707
10.4333 709
10.45 712
10.4667 714
10.4833 716
10.5 718
10.5167 721
10.5333 723
10.55 725
10.5667 727
10.5833 729
10.6 732
10.6167 734
10.6333 736
10.65 738
10.6667 740
10.6833 742
10.7 744
10.7167 746
10.7333 748
10.75 750
10.7667 752
10.7833 754
10.8 756
10.8167 758
10.8333 759
10.85 761
10.8667 763
10.8833 765
10.9 767
10.9167 769
10.9333 770
10.95 772
10.9667 774
10.9833 775
11.0 777
11.0167 779
11.0333 781
11.05 782
11.0667 784
11.0833 785
11.1 787
11.1167 789
11.1333 790
11.15 792
11.1667 793
11.1833 795
11.2 796
11.2167 797
11.2333 799
11.25 800
11.2667 802
11.2833 803
11.3 804
11.3167 806
11.3333 807
11.35 808
11.3667 810
11.3833 811
11.4 812
11.4167 813
11.4333 814
11.45 816
11.4667 817
11.4833 818
11.5 819
11.5167 820
11.5333 821
11.55 822
11.5667 823
11.5833 824
11.6 825
11.6167 826
11.6333 827
11.65 828
11.6667 829
11.6833 830
11.7 831
11.7167 832
11.7333 833
11.75 833
11.7667 834
11.7833 835
11.8 836
11.8167 836
11.8333 837
11.85 838
11.8667 838
11.8833 839
11.9 840
11.9167 840
11.9333 841
11.95 842
11.9667 842
11.9833 843
12.0 843
12.0167 844
12.0333 844
12.05 845
12.0667 845
12.0833 845
12.1 846
12.1167 846
12.1333 847
12.15 847
12.1667 847
12.1833 847
12.2 848
12.2167 848
12.2333 848
12.25 848
12.2667 849
12.2833 849
12.3 849
12.3167 849
12.3333 849
12.35 849
12.3667 849
12.3833 849
12.4 849
12.4167 849
12.4333 849
12.45 849
12.4667 849
12.4833 849
12.5 849
12.5167 849
12.5333 849
12.55 849
12.5667 849
12.5833 848
12.6 848
12.6167 848
12.6333 848
12.65 847
12.6667 847
12.6833 847
12.7 846
12.7167 846
12.7333 846
12.75 845
12.7667 845
12.7833 844
12.8 844
12.8167 843
12.8333 843
12.85 842
12.8667 842
12.8833 841
12.9 841
12.9167 840
12.9333 839
12.95 839
12.9667 838
12.9833 837
13.0 837
13.0167 836
13.0333 835
13.05 834
13.0667 834
13.0833 833
13.1 832
13.1167 831
13.1333 830
13.15 829
13.1667 829
13.1833 828
13.2 827
13.2167 826
13.2333 825
13.25 824
13.2667 823
13.2833 822
13.3 821
13.3167 820
13.3333 818
13.35 817
13.3667 816
13.3833 815
13.4 814
13.4167 813
13.4333 811
13.45 810
13.4667 809
13.4833 808
13.5 806
13.5167 805
13.5333 804
13.55 802
13.5667 801
13.5833 800
13.6 798
13.6167 797
13.6333 795
13.65 794
13.6667 792
13.6833 791
13.7 789
13.7167 788
13.7333 786
13.75 784
13.7667 783
13.7833 781
13.8 780
13.8167 778
13.8333 776
13.85 775
13.8667 773
13.8833 771
13.9 769
13.9167 768
13.9333 766
13.95 764
13.9667 762
13.9833 760
14.0 758
14.0167 757
14.0333 755
14.05 753
14.0667 751
14.0833 749
14.1 747
14.1167 745
14.1333 743
14.15 741
14.1667 739
14.1833 737
14.2 735
14.2167 732
14.2333 730
14.25 728
14.2667 726
14.2833 724
14.3 722
14.3167 719
14.3333 717
14.35 715
14.3667 713
14.3833 711
14.4 708
14.4167 706
14.4333 704
14.45 701
14.4667 699
14.4833 696
14.5 694
14.5167 692
14.5333 689
14.55 687
14.5667 684
14.5833 682
14.6 679
14.6167 677
14.6333 674
14.65 672
14.6667 669
14.6833 667
14.7 664
14.7167 661
14.7333 659
14.75 656
14.7667 653
14.7833 651
14.8 648
14.8167 645
14.8333 643
14.85 640
14.8667 637
14.8833 634
14.9 632
14.9167 629
14.9333 626
14.95 623
14.9667 620
14.9833 617
15.0 614
15.0167 611
15.0333 608
15.05 605
15.0667 602
15.0833 599
15.1 596
15.1167 593
15.1333 590
15.15 587
15.1667 584
15.1833 581
15.2 578
15.2167 575
15.2333 572
15.25 569
15.2667 566
15.2833 563
15.3 559
15.3167 556
15.3333 553
15.35 550
15.3667 547
15.3833 544
15.4 540
15.4167 537
15.4333 534
15.45 531
15.4667 527
15.4833 524
15.5 521
15.5167 517
15.5333 514
15.55 511
15.5667 508
15.5833 504
15.6 501
15.6167 497
15.6333 494
15.65 491
15.6667 487
15.6833 484
15.7 480
15.7167 477
15.7333 474
15.75 470
15.7667 467
15.7833 463
15.8 460
15.8167 456
15.8333 453
15.85 449
15.8667 446
15.8833 442
15.9 438
15.9167 435
15.9333 431
15.95 428
15.9667 424
15.9833 421
