9.0 290
9.0167 294
9.0333 298
9.05 302
9.0667 305
9.0833 309
9.1 313
9.1167 316
9.1333 320
9.15 323
9.1667 327
9.1833 330
9.2 334
9.2167 338
9.2333 341
9.25 345
9.2667 348
9.2833 352
9.3 355
9.3167 359
9.3333 362
9.35 366
9.3667 369
9.3833 373
9.4 376
9.4167 380
9.4333 383
9.45 387
9.4667 390
9.4833 393
9.5 397
9.5167 400
9.5333 404
9.55 407
9.5667 410
9.5833 414
9.6 417
9.6167 420
9.6333 424
9.65 427
9.6667 430
9.6833 434
9.7 437
9.7167 440
9.7333 443
9.75 447
9.7667 450
9.7833 453
9.8 456
9.8167 460
9.8333 463
9.85 466
9.8667 469
9.8833 472
9.9 475
9.9167 479
9.9333 482
9.95 485
9.9667 488
9.9833 491
10.0 494
10.0167 497
10.0333 500
10.05 503
10.0667 506
10.0833 509
10.1 512
10.1167 515
10.1333 518
10.15 521
10.1667 524
10.1833 527
10.2 530
10.2167 533
10.2333 536
10.25 539
10.2667 541
10.2833 544
10.3 547
10.3167 550
10.3333 553
10.35 555
10.3667 558
10.3833 561
10.4 564
10.4167 566
10.4333 569
10.45 572
10.4667 575
10.4833 577
10.5 580
10.5167 582
10.5333 585
10.55 588
10.5667 590
10.5833 593
10.6 595
10.6167 598
10.6333 600
10.65 603
10.6667 605
10.6833 608
10.7 610
10.7167 613
10.7333 615
10.75 618
10.7667 620
10.7833 622
10.8 625
10.8167 627
10.8333 629
10.85 632
10.8667 634
10.8833 636
10.9 639
10.9167 641
10.9333 643
10.95 645
10.9667 647
10.9833 650
11.0 652
11.0167 654
11.0333 656
11.05 658
11.0667 660
11.0833 662
11.1 664
11.1167 666
11.1333 668
11.15 670
11.1667 672
11.1833 674
11.2 676
11.2167 678
11.2333 680
11.25 682
11.2667 684
11.2833 686
11.3 688
11.3167 689
11.3333 691
11.35 693
11.3667 695
11.3833 697
11.4 698
11.4167 700
11.4333 702
11.45 703
11.4667 705
11.4833 707
11.5 708
11.5167 710
11.5333 712
11.55 713
11.5667 715
11.5833 716
11.6 718
11.6167 719
11.6333 721
11.65 722
11.6667 724
11.6833 725
11.7 726
11.7167 728
11.7333 729
11.75 730
11.7667 732
11.7833 733
11.8 734
11.8167 736
11.8333 737
11.85 738
11.8667 739
11.8833 741
11.9 742
11.9167 743
11.9333 744
11.95 745
11.9667 746
11.9833 747
12.0 748
12.0167 749
12.0333 750
12.05 751
12.0667 752
12.0833 753
12.1 754
12.1167 755
12.1333 756
12.15 757
12.1667 758
12.1833 759
12.2 759
12.2167 760
12.2333 761
12.25 762
12.2667 763
12.2833 763
12.3 764
12.3167 765
12.3333 765
12.35 766
12.3667 767
12.3833 767
12.4 768
12.4167 768
12.4333 769
12.45 769
12.4667 770
12.4833 770
12.5 771
12.5167 771
12.5333 772
12.55 772
12.5667 773
12.5833 773
12.6 773
12.6167 774
12.6333 774
12.65 774
12.6667 774
12.6833 775
12.7 775
12.7167 775
12.7333 775
12.75 775
12.7667 776
12.7833 776
12.8 776
12.8167 776
12.8333 776
12.85 776
12.8667 776
12.8833 776
12.9 776
12.9167 776
12.9333 776
12.95 776
12.9667 776
12.9833 776
13.0 776
13.0167 775
13.0333 775
13.05 775
13.0667 775
13.0833 775
13.1 774
13.1167 774
13.1333 774
13.15 773
13.1667 773
13.1833 773
13.2 772
13.2167 772
13.2333 772
13.25 771
13.2667 771
13.2833 770
13.3 770
13.3167 769
13.3333 769
13.35 768
13.3667 768
13.3833 767
13.4 766
13.4167 766
13.4333 765
13.45 764
13.4667 764
13.4833 763
13.5 762
13.5167 761
13.5333 761
13.55 760
13.5667 759
13.5833 758
13.6 757
13.6167 757
13.6333 756
13.65 755
13.6667 754
13.6833 753
13.7 752
13.7167 751
13.7333 750
13.75 749
13.7667 748
13.7833 747
13.8 746
13.8167 745
13.8333 743
13.85 742
13.8667 741
13.8833 740
13.9 739
13.9167 738
13.9333 736
13.95 735
13.9667 734
13.9833 733
14.0 731
14.0167 730
14.0333 729
14.05 727
14.0667 726
14.0833 724
14.1 723
14.1167 721
14.1333 720
14.15 719
14.1667 717
14.1833 715
14.2 714
14.2167 712
14.2333 711
14.25 709
14.2667 708
14.2833 706
14.3 704
14.3167 703
14.3333 701
14.35 699
14.3667 698
14.3833 696
14.4 694
14.4167 692
14.4333 690
14.45 689
14.4667 687
14.4833 685
14.5 683
14.5167 681
14.5333 679
14.55 677
14.5667 675
14.5833 673
14.6 671
14.6167 669
14.6333 667
14.65 665
14.6667 663
14.6833 661
14.7 659
14.7167 657
14.7333 655
14.75 653
14.7667 651
14.7833 649
14.8 646
14.8167 644
14.8333 642
14.85 640
14.8667 638
14.8833 635
14.9 633
14.9167 631
14.9333 628
14.95 626
14.9667 624
14.9833 621
15.0 620
15.0167 617
15.0333 615
15.05 613
15.0667 610
15.0833 608
15.1 605
15.1167 603
15.1333 600
15.15 598
15.1667 595
15.1833 593
15.2 590
15.2167 587
15.2333 585
15.25 582
15.2667 580
15.2833 577
15.3 574
15.3167 572
15.3333 569
15.35 566
15.3667 563
15.3833 561
15.4 558
15.4167 555
15.4333 552
15.45 550
15.4667 547
15.4833 544
15.5 541
15.5167 538
15.5333 535
15.55 532
15.5667 530
15.5833 527
15.6 524
15.6167 521
15.6333 518
15.65 515
15.6667 512
15.6833 509
15.7 506
15.7167 503
15.7333 500
15.75 497
15.7667 494
15.7833 491
15.8 487
15.8167 484
15.8333 481
15.85 478
15.8667 475
15.8833 472
15.9 469
15.9167 465
15.9333 462
15.95 459
15.9667 456
15.9833 453
