9.0 269
9.0167 272
9.0333 276
9.05 279
9.0667 283
9.0833 286
9.1 289
9.1167 293
9.1333 296
9.15 300
9.1667 303
9.1833 306
9.2 310
9.2167 313
9.2333 317
9.25 320
9.2667 323
9.2833 327
9.3 330
9.3167 333
9.3333 337
9.35 340
9.3667 343
9.3833 346
9.4 350
9.4167 353
9.4333 356
9.45 360
9.4667 363
9.4833 366
9.5 369
9.5167 373
9.5333 376
9.55 379
9.5667 382
9.5833 385
9.6 389
9.6167 392
9.6333 395
9.65 398
9.6667 401
9.6833 404
9.7 407
9.7167 410
9.7333 414
9.75 417
9.7667 420
9.7833 423
9.8 426
9.8167 429
9.8333 432
9.85 435
9.8667 438
9.8833 441
9.9 444
9.9167 447
9.9333 450
9.95 453
9.9667 456
9.9833 458
10.0 461
10.0167 464
10.0333 467
10.05 470
10.0667 473
10.0833 476
10.1 478
10.1167 481
10.1333 484
10.15 487
10.1667 490
10.1833 492
10.2 495
10.2167 498
10.2333 500
10.25 503
10.2667 506
10.2833 509
10.3 511
10.3167 514
10.3333 516
10.35 519
10.3667 522
10.3833 524
10.4 527
10.4167 529
10.4333 532
10.45 534
10.4667 537
10.4833 539
10.5 542
10.5167 544
10.5333 547
10.55 549
10.5667 552
10.5833 554
10.6 556
10.6167 559
10.6333 561
10.65 563
10.6667 566
10.6833 568
10.7 570
10.7167 573
10.7333 575
10.75 577
10.7667 579
10.7833 582
10.8 584
10.8167 586
10.8333 588
10.85 590
10.8667 592
10.8833 594
10.9 597
10.9167 599
10.9333 601
10.95 603
10.9667 605
10.9833 607
11.0 609
11.0167 611
11.0333 613
11.05 615
11.0667 617
11.0833 618
11.1 620
11.1167 622
11.1333 624
11.15 626
11.1667 628
11.1833 630
11.2 631
11.2167 633
11.2333 635
11.25 637
11.2667 638
11.2833 640
11.3 642
11.3167 643
11.3333 645
11.35 647
11.3667 648
11.3833 650
11.4 651
11.4167 653
11.4333 654
11.45 656
11.4667 657
11.4833 659
11.5 660
11.5167 662
11.5333 663
11.55 665
11.5667 666
11.5833 667
11.6 669
11.6167 670
11.6333 671
11.65 673
11.6667 674
11.6833 675
11.7 677
11.7167 678
11.7333 679
11.75 680
11.7667 681
11.7833 682
11.8 684
11.8167 685
11.8333 686
11.85 687
11.8667 688
11.8833 689
11.9 690
11.9167 691
11.9333 692
11.95 693
11.9667 694
11.9833 695
12.0 696
12.0167 697
12.0333 697
12.05 698
12.0667 699
12.0833 700
12.1 701
12.1167 701
12.1333 702
12.15 703
12.1667 704
12.1833 704
12.2 705
12.2167 706
12.2333 706
12.25 707
12.2667 708
12.2833 708
12.3 709
12.3167 709
12.3333 710
12.35 710
12.3667 711
12.3833 711
12.4 712
12.4167 712
12.4333 712
12.45 713
12.4667 713
12.4833 713
12.5 714
12.5167 714
12.5333 714
12.55 715
12.5667 715
12.5833 715
12.6 715
12.6167 716
12.6333 716
12.65 716
12.6667 716
12.6833 716
12.7 716
12.7167 716
12.7333 716
12.75 716
12.7667 716
12.7833 716
12.8 716
12.8167 716
12.8333 716
12.85 716
12.8667 716
12.8833 716
12.9 716
12.9167 716
12.9333 715
12.95 715
12.9667 715
12.9833 715
13.0 714
13.0167 714
13.0333 714
13.05 714
13.0667 713
13.0833 713
13.1 712
13.1167 712
13.1333 712
13.15 711
13.1667 711
13.1833 710
13.2 710
13.2167 709
13.2333 709
13.25 708
13.2667 708
13.2833 707
13.3 706
13.3167 706
13.3333 705
13.35 704
13.3667 704
13.3833 703
13.4 702
13.4167 702
13.4333 701
13.45 700
13.4667 699
13.4833 698
13.5 698
13.5167 697
13.5333 696
13.55 695
13.5667 694
13.5833 693
13.6 692
13.6167 691
13.6333 690
13.65 689
13.6667 688
13.6833 687
13.7 686
13.7167 685
13.7333 684
13.75 683
13.7667 681
13.7833 680
13.8 679
13.8167 678
13.8333 677
13.85 675
13.8667 674
13.8833 673
13.9 672
13.9167 670
13.9333 669
13.95 668
13.9667 666
13.9833 665
14.0 663
14.0167 662
14.0333 661
14.05 659
14.0667 658
14.0833 656
14.1 655
14.1167 653
14.1333 652
14.15 650
14.1667 648
14.1833 647
14.2 645
14.2167 643
14.2333 642
14.25 640
14.2667 638
14.2833 637
14.3 635
14.3167 633
14.3333 632
14.35 630
14.3667 628
14.3833 626
14.4 624
14.4167 622
14.4333 621
14.45 619
14.4667 617
14.4833 615
14.5 613
14.5167 611
14.5333 609
14.55 607
14.5667 605
14.5833 603
14.6 601
14.6167 599
14.6333 597
14.65 595
14.6667 593
14.6833 590
14.7 588
14.7167 586
14.7333 584
14.75 582
14.7667 580
14.7833 577
14.8 575
14.8167 573
14.8333 571
14.85 568
14.8667 566
14.8833 564
14.9 561
14.9167 559
14.9333 557
14.95 554
14.9667 552
14.9833 549
15.0 548
15.0167 545
15.0333 543
15.05 540
15.0667 538
15.0833 535
15.1 533
15.1167 530
15.1333 528
15.15 525
15.1667 523
15.1833 520
15.2 517
15.2167 515
15.2333 512
15.25 509
15.2667 507
15.2833 504
15.3 501
15.3167 499
15.3333 496
15.35 493
15.3667 491
15.3833 488
15.4 485
15.4167 482
15.4333 479
15.45 477
15.4667 474
15.4833 471
15.5 468
15.5167 465
15.5333 462
15.55 459
15.5667 457
15.5833 454
15.6 451
15.6167 448
15.6333 445
15.65 442
15.6667 439
15.6833 436
15.7 433
15.7167 430
15.7333 427
15.75 424
15.7667 421
15.7833 418
15.8 415
15.8167 411
15.8333 408
15.85 405
15.8667 402
15.8833 399
15.9 396
15.9167 393
15.9333 390
15.95 386
15.9667 383
15.9833 380
