9.0 295
9.0167 300
9.0333 303
9.05 307
9.0667 311
9.0833 314
9.1 318
9.1167 321
9.1333 325
9.15 329
9.1667 332
9.1833 336
9.2 339
9.2167 343
9.2333 346
9.25 350
9.2667 354
9.2833 357
9.3 361
9.3167 364
9.3333 368
9.35 371
9.3667 375
9.3833 378
9.4 382
9.4167 385
9.4333 389
9.45 392
9.4667 396
9.4833 399
9.5 402
9.5167 406
9.5333 409
9.55 413
9.5667 416
9.5833 419
9.6 423
9.6167 426
9.6333 429
9.65 433
9.6667 436
9.6833 439
9.7 443
9.7167 446
9.7333 449
9.75 453
9.7667 456
9.7833 459
9.8 462
9.8167 466
9.8333 469
9.85 472
9.8667 475
9.8833 478
9.9 482
9.9167 485
9.9333 488
9.95 491
9.9667 494
9.9833 497
10.0 500
10.0167 503
10.0333 506
10.05 509
10.0667 512
10.0833 515
10.1 518
10.1167 521
10.1333 524
10.15 527
10.1667 530
10.1833 533
10.2 536
10.2167 539
10.2333 542
10.25 545
10.2667 548
10.2833 551
10.3 553
10.3167 556
10.3333 559
10.35 562
10.3667 565
10.3833 567
10.4 570
10.4167 573
10.4333 576
10.45 578
10.4667 581
10.4833 584
10.5 586
10.5167 589
10.5333 592
10.55 594
10.5667 597
10.5833 599
10.6 602
10.6167 605
10.6333 607
10.65 610
10.6667 612
10.6833 615
10.7 617
10.7167 620
10.7333 622
10.75 624
10.7667 627
10.7833 629
10.8 632
10.8167 634
10.8333 636
10.85 639
10.8667 641
10.8833 643
10.9 645
10.9167 648
10.9333 650
10.95 652
10.9667 654
10.9833 657
11.0 659
11.0167 661
11.0333 663
11.05 665
11.0667 667
11.0833 669
11.1 671
11.1167 673
11.1333 676
11.15 678
11.1667 680
11.1833 682
11.2 683
11.2167 685
11.2333 687
11.25 689
11.2667 691
11.2833 693
11.3 695
11.3167 697
11.3333 699
11.35 700
11.3667 702
11.3833 704
11.4 706
11.4167 707
11.4333 709
11.45 711
11.4667 712
11.4833 714
11.5 716
11.5167 717
11.5333 719
11.55 721
11.5667 722
11.5833 724
11.6 725
11.6167 727
11.6333 728
11.65 730
11.6667 731
11.6833 733
11.7 734
11.7167 735
11.7333 737
11.75 738
11.7667 739
11.7833 741
11.8 742
11.8167 743
11.8333 745
11.85 746
11.8667 747
11.8833 748
11.9 749
11.9167 751
11.9333 752
11.95 753
11.9667 754
11.9833 755
12.0 756
12.0167 757
12.0333 758
12.05 759
12.0667 760
12.0833 761
12.1 762
12.1167 763
12.1333 764
12.15 765
12.1667 766
12.1833 767
12.2 767
12.2167 768
12.2333 769
12.25 770
12.2667 770
12.2833 771
12.3 772
12.3167 773
12.3333 773
12.35 774
12.3667 775
12.3833 775
12.4 776
12.4167 776
12.4333 777
12.45 777
12.4667 778
12.4833 778
12.5 779
12.5167 779
12.5333 780
12.55 780
12.5667 781
12.5833 781
12.6 781
12.6167 782
12.6333 782
12.65 782
12.6667 783
12.6833 783
12.7 783
12.7167 783
12.7333 783
12.75 784
12.7667 784
12.7833 784
12.8 784
12.8167 784
12.8333 784
12.85 784
12.8667 784
12.8833 784
12.9 784
12.9167 784
12.9333 784
12.95 784
12.9667 784
12.9833 784
13.0 784
13.0167 784
13.0333 784
13.05 783
13.0667 783
13.0833 783
13.1 783
13.1167 782
13.1333 782
13.15 782
13.1667 781
13.1833 781
13.2 781
13.2167 780
13.2333 780
13.25 780
13.2667 779
13.2833 779
13.3 778
13.3167 778
13.3333 777
13.35 777
13.3667 776
13.3833 775
13.4 775
13.4167 774
13.4333 774
13.45 773
13.4667 772
13.4833 771
13.5 771
13.5167 770
13.5333 769
13.55 768
13.5667 768
13.5833 767
13.6 766
13.6167 765
13.6333 764
13.65 763
13.6667 762
13.6833 761
13.7 760
13.7167 760
13.7333 759
13.75 758
13.7667 756
13.7833 755
13.8 754
13.8167 753
13.8333 752
13.85 751
13.8667 750
13.8833 749
13.9 747
13.9167 746
13.9333 745
13.95 744
13.9667 742
13.9833 741
14.0 740
14.0167 739
14.0333 737
14.05 736
14.0667 734
14.0833 733
14.1 732
14.1167 730
14.1333 729
14.15 727
14.1667 726
14.1833 724
14.2 723
14.2167 721
14.2333 720
14.25 718
14.2667 716
14.2833 715
14.3 713
14.3167 711
14.3333 710
14.35 708
14.3667 706
14.3833 705
14.4 703
14.4167 701
14.4333 699
14.45 697
14.4667 696
14.4833 694
14.5 692
14.5167 690
14.5333 688
14.55 686
14.5667 684
14.5833 682
14.6 680
14.6167 678
14.6333 676
14.65 674
14.6667 672
14.6833 670
14.7 668
14.7167 666
14.7333 664
14.75 662
14.7667 660
14.7833 657
14.8 655
14.8167 653
14.8333 651
14.85 649
14.8667 646
14.8833 644
14.9 642
14.9167 639
14.9333 637
14.95 635
14.9667 632
14.9833 630
15.0 629
15.0167 626
15.0333 624
15.05 621
15.0667 619
15.0833 616
15.1 614
15.1167 611
15.1333 609
15.15 606
15.1667 604
15.1833 601
15.2 599
15.2167 596
15.2333 594
15.25 591
15.2667 588
15.2833 586
15.3 583
15.3167 580
15.3333 578
15.35 575
15.3667 572
15.3833 569
15.4 567
15.4167 564
15.4333 561
15.45 558
15.4667 555
15.4833 553
15.5 550
15.5167 547
15.5333 544
15.55 541
15.5667 538
15.5833 535
15.6 532
15.6167 529
15.6333 526
15.65 523
15.6667 520
15.6833 518
15.7 514
15.7167 511
15.7333 508
15.75 505
15.7667 502
15.7833 499
15.8 496
15.8167 493
15.8333 490
15.85 487
15.8667 484
15.8833 480
15.9 477
15.9167 474
15.9333 471
15.95 468
15.9667 464
15.9833 461
