9.0 382
9.0167 387
9.0333 391
9.05 395
9.0667 399
9.0833 403
9.1 407
9.1167 411
9.1333 414
9.15 418
9.1667 422
9.1833 426
9.2 430
9.2167 433
9.2333 437
9.25 441
9.2667 445
9.2833 448
9.3 452
9.3167 456
9.3333 460
9.35 463
9.3667 467
9.3833 471
9.4 474
9.4167 478
9.4333 482
9.45 485
9.4667 489
9.4833 493
9.5 496
9.5167 500
9.5333 504
9.55 507
9.5667 511
9.5833 514
9.6 518
9.6167 521
9.6333 525
9.65 528
9.6667 532
9.6833 535
9.7 539
9.7167 542
9.7333 546
9.75 549
9.7667 553
9.7833 556
9.8 560
9.8167 563
9.8333 566
9.85 570
9.8667 573
9.8833 576
9.9 580
9.9167 583
9.9333 586
9.95 590
9.9667 593
9.9833 596
10.0 599
10.0167 603
10.0333 606
10.05 609
10.0667 612
10.0833 615
10.1 619
10.1167 622
10.1333 625
10.15 628
10.1667 631
10.1833 634
10.2 637
10.2167 640
10.2333 643
10.25 646
10.2667 649
10.2833 652
10.3 655
10.3167 658
10.3333 661
10.35 664
10.3667 667
10.3833 670
10.4 673
10.4167 676
10.4333 679
10.45 682
10.4667 684
10.4833 687
10.5 690
10.5167 693
10.5333 696
10.55 698
10.5667 701
10.5833 704
10.6 707
10.6167 709
10.6333 712
10.65 715
10.6667 717
10.6833 720
10.7 722
10.7167 725
10.7333 728
10.75 730
10.7667 733
10.7833 735
10.8 738
10.8167 740
10.8333 743
10.85 745
10.8667 748
10.8833 750
10.9 752
10.9167 755
10.9333 757
10.95 759
10.9667 762
10.9833 764
11.0 766
11.0167 769
11.0333 771
11.05 773
11.0667 775
11.0833 778
11.1 780
11.1167 782
11.1333 784
11.15 786
11.1667 788
11.1833 790
11.2 792
11.2167 794
11.2333 797
11.25 799
11.2667 801
11.2833 803
11.3 804
11.3167 806
11.3333 808
11.35 810
11.3667 812
11.3833 814
11.4 816
11.4167 818
11.4333 819
11.45 821
11.4667 823
11.4833 825
11.5 827
11.5167 828
11.5333 830
11.55 832
11.5667 833
11.5833 835
11.6 837
11.6167 838
11.6333 840
11.65 841
11.6667 843
11.6833 844
11.7 846
11.7167 847
11.7333 849
11.75 850
11.7667 852
11.7833 853
11.8 854
11.8167 856
11.8333 857
11.85 858
11.8667 860
11.8833 861
11.9 862
11.9167 864
11.9333 865
11.95 866
11.9667 867
11.9833 868
12.0 869
12.0167 871
12.0333 872
12.05 873
12.0667 874
12.0833 875
12.1 876
12.1167 877
12.1333 878
12.15 879
12.1667 880
12.1833 881
12.2 882
12.2167 883
12.2333 883
12.25 884
12.2667 885
12.2833 886
12.3 887
12.3167 887
12.3333 888
12.35 889
12.3667 889
12.3833 890
12.4 891
12.4167 891
12.4333 892
12.45 893
12.4667 893
12.4833 894
12.5 894
12.5167 895
12.5333 895
12.55 896
12.5667 896
12.5833 897
12.6 897
12.6167 897
12.6333 898
12.65 898
12.6667 898
12.6833 899
12.7 899
12.7167 899
12.7333 900
12.75 900
12.7667 900
12.7833 900
12.8 900
12.8167 900
12.8333 900
12.85 901
12.8667 901
12.8833 901
12.9 901
12.9167 901
12.9333 901
12.95 901
12.9667 901
12.9833 901
13.0 900
13.0167 900
13.0333 900
13.05 900
13.0667 900
13.0833 900
13.1 899
13.1167 899
13.1333 899
13.15 899
13.1667 898
13.1833 898
13.2 898
13.2167 897
13.2333 897
13.25 897
13.2667 896
13.2833 896
13.3 895
13.3167 895
13.3333 894
13.35 894
13.3667 893
13.3833 892
13.4 892
13.4167 891
13.4333 891
13.45 890
13.4667 889
13.4833 889
13.5 888
13.5167 887
13.5333 886
13.55 886
13.5667 885
13.5833 884
13.6 883
13.6167 882
13.6333 881
13.65 880
13.6667 880
13.6833 879
13.7 878
13.7167 877
13.7333 876
13.75 875
13.7667 874
13.7833 873
13.8 871
13.8167 870
13.8333 869
13.85 868
13.8667 867
13.8833 866
13.9 864
13.9167 863
13.9333 862
13.95 861
13.9667 859
13.9833 858
14.0 857
14.0167 855
14.0333 854
14.05 853
14.0667 851
14.0833 850
14.1 848
14.1167 847
14.1333 845
14.15 844
14.1667 842
14.1833 841
14.2 839
14.2167 838
14.2333 836
14.25 835
14.2667 833
14.2833 831
14.3 830
14.3167 828
14.3333 826
14.35 824
14.3667 823
14.3833 821
14.4 819
14.4167 817
14.4333 815
14.45 814
14.4667 812
14.4833 810
14.5 808
14.5167 806
14.5333 804
14.55 802
14.5667 800
14.5833 798
14.6 796
14.6167 794
14.6333 792
14.65 790
14.6667 788
14.6833 786
14.7 783
14.7167 781
14.7333 779
14.75 777
14.7667 775
14.7833 773
14.8 770
14.8167 768
14.8333 766
14.85 763
14.8667 761
14.8833 759
14.9 756
14.9167 754
14.9333 752
14.95 749
14.9667 747
14.9833 744
15.0 743
15.0167 740
15.0333 738
15.05 735
15.0667 733
15.0833 730
15.1 728
15.1167 725
15.1333 723
15.15 720
15.1667 717
15.1833 715
15.2 712
15.2167 709
15.2333 707
15.25 704
15.2667 701
15.2833 699
15.3 696
15.3167 693
15.3333 690
15.35 687
15.3667 685
15.3833 682
15.4 679
15.4167 676
15.4333 673
15.45 670
15.4667 667
15.4833 664
15.5 662
15.5167 659
15.5333 656
15.55 653
15.5667 650
15.5833 647
15.6 644
15.6167 640
15.6333 637
15.65 634
15.6667 631
15.6833 628
15.7 625
15.7167 622
15.7333 619
15.75 616
15.7667 612
15.7833 609
15.8 606
15.8167 603
15.8333 599
15.85 596
15.8667 593
15.8833 590
15.9 586
15.9167 583
15.9333 580
15.95 576
15.9667 573
15.9833 570
