9.0 593
9.0167 598
9.0333 601
9.05 605
9.0667 609
9.0833 613
9.1 616
9.1167 620
9.1333 624
9.15 628
9.1667 631
9.1833 635
9.2 638
9.2167 642
9.2333 646
9.25 649
9.2667 653
9.2833 657
9.3 660
9.3167 664
9.3333 667
9.35 671
9.3667 674
9.3833 678
9.4 681
9.4167 685
9.4333 688
9.45 692
9.4667 695
9.4833 699
9.5 702
9.5167 706
9.5333 709
9.55 712
9.5667 716
9.5833 719
9.6 723
9.6167 726
9.6333 729
9.65 733
9.6667 736
9.6833 739
9.7 742
9.7167 746
9.7333 749
9.75 752
9.7667 755
9.7833 759
9.8 762
9.8167 765
9.8333 768
9.85 771
9.8667 775
9.8833 778
9.9 781
9.9167 784
9.9333 787
9.95 790
9.9667 793
9.9833 796
10.0 799
10.0167 802
10.0333 805
10.05 808
10.0667 811
10.0833 814
10.1 817
10.1167 820
10.1333 823
10.15 826
10.1667 829
10.1833 831
10.2 834
10.2167 837
10.2333 840
10.25 843
10.2667 845
10.2833 848
10.3 851
10.3167 854
10.3333 856
10.35 859
10.3667 862
10.3833 864
10.4 867
10.4167 870
10.4333 872
10.45 875
10.4667 878
10.4833 880
10.5 883
10.5167 885
10.5333 888
10.55 890
10.5667 893
10.5833 895
10.6 898
10.6167 900
10.6333 902
10.65 905
10.6667 907
10.6833 910
10.7 912
10.7167 914
10.7333 916
10.75 919
10.7667 921
10.7833 923
10.8 926
10.8167 928
10.8333 930
10.85 932
10.8667 934
10.8833 936
10.9 939
10.9167 941
10.9333 943
10.95 945
10.9667 947
10.9833 949
11.0 951
11.0167 953
11.0333 955
11.05 957
11.0667 959
11.0833 961
11.1 963
11.1167 965
11.1333 967
11.15 968
11.1667 970
11.1833 972
11.2 974
11.2167 976
11.2333 977
11.25 979
11.2667 981
11.2833 983
11.3 984
11.3167 986
11.3333 988
11.35 989
11.3667 991
11.3833 992
11.4 994
11.4167 995
11.4333 997
11.45 999
11.4667 1000
11.4833 1002
11.5 1003
11.5167 1004
11.5333 1006
11.55 1007
11.5667 1009
11.5833 1010
11.6 1011
11.6167 1013
11.6333 1014
11.65 1015
11.6667 1016
11.6833 1018
11.7 1019
11.7167 1020
11.7333 1021
11.75 1022
11.7667 1024
11.7833 1025
11.8 1026
11.8167 1027
11.8333 1028
11.85 1029
11.8667 1030
11.8833 1031
11.9 1032
11.9167 1033
11.9333 1034
11.95 1035
11.9667 1036
11.9833 1037
12.0 1038
12.0167 1038
12.0333 1039
12.05 1040
12.0667 1041
12.0833 1042
12.1 1042
12.1167 1043
12.1333 1044
12.15 1044
12.1667 1045
12.1833 1046
12.2 1046
12.2167 1047
12.2333 1047
12.25 1048
12.2667 1049
12.2833 1049
12.3 1050
12.3167 1050
12.3333 1051
12.35 1051
12.3667 1051
12.3833 1052
12.4 1052
12.4167 1052
12.4333 1053
12.45 1053
12.4667 1053
12.4833 1054
12.5 1054
12.5167 1054
12.5333 1054
12.55 1055
12.5667 1055
12.5833 1055
12.6 1055
12.6167 1055
12.6333 1055
12.65 1055
12.6667 1055
12.6833 1055
12.7 1055
12.7167 1055
12.7333 1055
12.75 1055
12.7667 1055
12.7833 1055
12.8 1055
12.8167 1055
12.8333 1055
12.85 1055
12.8667 1054
12.8833 1054
12.9 1054
12.9167 1054
12.9333 1053
12.95 1053
12.9667 1053
12.9833 1052
13.0 1052
13.0167 1052
13.0333 1051
13.05 1051
13.0667 1050
13.0833 1050
13.1 1049
13.1167 1049
13.1333 1048
13.15 1048
13.1667 1047
13.1833 1047
13.2 1046
13.2167 1045
13.2333 1045
13.25 1044
13.2667 1043
13.2833 1043
13.3 1042
13.3167 1041
13.3333 1040
13.35 1040
13.3667 1039
13.3833 1038
13.4 1037
13.4167 1036
13.4333 1035
13.45 1035
13.4667 1034
13.4833 1033
13.5 1032
13.5167 1031
13.5333 1030
13.55 1029
13.5667 1028
13.5833 1027
13.6 1025
13.6167 1024
13.6333 1023
13.65 1022
13.6667 1021
13.6833 1020
13.7 1018
13.7167 1017
13.7333 1016
13.75 1015
13.7667 1013
13.7833 1012
13.8 1011
13.8167 1009
13.8333 1008
13.85 1007
13.8667 1005
13.8833 1004
13.9 1002
13.9167 1001
13.9333 1000
13.95 998
13.9667 996
13.9833 995
14.0 993
14.0167 992
14.0333 990
14.05 989
14.0667 987
14.0833 985
14.1 984
14.1167 982
14.1333 980
14.15 978
14.1667 977
14.1833 975
14.2 973
14.2167 971
14.2333 970
14.25 968
14.2667 966
14.2833 964
14.3 962
14.3167 960
14.3333 958
14.35 956
14.3667 954
14.3833 952
14.4 950
14.4167 948
14.4333 946
14.45 944
14.4667 942
14.4833 940
14.5 938
14.5167 936
14.5333 934
14.55 931
14.5667 929
14.5833 927
14.6 925
14.6167 922
14.6333 920
14.65 918
14.6667 916
14.6833 913
14.7 911
14.7167 909
14.7333 906
14.75 904
14.7667 902
14.7833 899
14.8 897
14.8167 894
14.8333 892
14.85 889
14.8667 887
14.8833 884
14.9 882
14.9167 879
14.9333 877
14.95 874
14.9667 871
14.9833 869
15.0 866
15.0167 864
15.0333 861
15.05 858
15.0667 856
15.0833 853
15.1 850
15.1167 848
15.1333 845
15.15 842
15.1667 839
15.1833 836
15.2 834
15.2167 831
15.2333 828
15.25 825
15.2667 822
15.2833 819
15.3 816
15.3167 813
15.3333 810
15.35 807
15.3667 804
15.3833 801
15.4 798
15.4167 795
15.4333 792
15.45 789
15.4667 786
15.4833 783
15.5 780
15.5167 777
15.5333 774
15.55 771
15.5667 767
15.5833 764
15.6 761
15.6167 758
15.6333 755
15.65 751
15.6667 748
15.6833 745
15.7 742
15.7167 738
15.7333 735
15.75 732
15.7667 728
15.7833 725
15.8 722
15.8167 718
15.8333 715
15.85 712
15.8667 708
15.8833 705
15.9 701
15.9167 698
15.9333 694
15.95 691
15.9667 687
15.9833 684
