9.0 663
9.0167 667
9.0333 670
9.05 674
9.0667 677
9.0833 681
9.1 684
9.1167 687
9.1333 691
9.15 694
9.1667 698
9.1833 701
9.2 704
9.2167 708
9.2333 711
9.25 714
9.2667 718
9.2833 721
9.3 724
9.3167 727
9.3333 731
9.35 734
9.3667 737
9.3833 740
9.4 744
9.4167 747
9.4333 750
9.45 753
9.4667 756
9.4833 760
9.5 763
9.5167 766
9.5333 769
9.55 772
9.5667 775
9.5833 778
9.6 781
9.6167 784
9.6333 787
9.65 791
9.6667 794
9.6833 797
9.7 800
9.7167 803
9.7333 805
9.75 808
9.7667 811
9.7833 814
9.8 817
9.8167 820
9.8333 823
9.85 826
9.8667 829
9.8833 832
9.9 834
9.9167 837
9.9333 840
9.95 843
9.9667 846
9.9833 848
10.0 851
10.0167 854
10.0333 857
10.05 859
10.0667 862
10.0833 865
10.1 867
10.1167 870
10.1333 873
10.15 875
10.1667 878
10.1833 881
10.2 883
10.2167 886
10.2333 888
10.25 891
10.2667 893
10.2833 896
10.3 898
10.3167 901
10.3333 903
10.35 906
10.3667 908
10.3833 910
10.4 913
10.4167 915
10.4333 918
10.45 920
10.4667 922
10.4833 925
10.5 927
10.5167 929
10.5333 931
10.55 934
10.5667 936
10.5833 938
10.6 940
10.6167 943
10.6333 945
10.65 947
10.6667 949
10.6833 951
10.7 953
10.7167 955
10.7333 958
10.75 960
10.7667 962
10.7833 964
10.8 966
10.8167 968
10.8333 970
10.85 972
10.8667 974
10.8833 975
10.9 977
10.9167 979
10.9333 981
10.95 983
10.9667 985
10.9833 987
11.0 988
11.0167 990
11.0333 992
11.05 994
11.0667 996
11.0833 997
11.1 999
11.1167 1001
11.1333 1002
11.15 1004
11.1667 1006
11.1833 1007
11.2 1009
11.2167 1010
11.2333 1012
11.25 1014
11.2667 1015
11.2833 1017
11.3 1018
11.3167 1020
11.3333 1021
11.35 1022
11.3667 1024
11.3833 1025
11.4 1027
11.4167 1028
11.4333 1029
11.45 1031
11.4667 1032
11.4833 1033
11.5 1035
11.5167 1036
11.5333 1037
11.55 1038
11.5667 1040
11.5833 1041
11.6 1042
11.6167 1043
11.6333 1044
11.65 1045
11.6667 1046
11.6833 1048
11.7 1049
11.7167 1050
11.7333 1051
11.75 1052
11.7667 1053
11.7833 1054
11.8 1055
11.8167 1056
11.8333 1056
11.85 1057
11.8667 1058
11.8833 1059
11.9 1060
11.9167 1061
11.9333 1061
11.95 1062
11.9667 1063
11.9833 1064
12.0 1065
12.0167 1065
12.0333 1066
12.05 1067
12.0667 1067
12.0833 1068
12.1 1068
12.1167 1069
12.1333 1070
12.15 1070
12.1667 1071
12.1833 1071
12.2 1072
12.2167 1072
12.2333 1073
12.25 1073
12.2667 1074
12.2833 1074
12.3 1074
12.3167 1075
12.3333 1075
12.35 1075
12.3667 1076
12.3833 1076
12.4 1076
12.4167 1077
12.4333 1077
12.45 1077
12.4667 1077
12.4833 1077
12.5 1078
12.5167 1078
12.5333 1078
12.55 1078
12.5667 1078
12.5833 1078
12.6 1078
12.6167 1078
12.6333 1078
12.65 1078
12.6667 1078
12.6833 1078
12.7 1078
12.7167 1078
12.7333 1078
12.75 1078
12.7667 1078
12.7833 1077
12.8 1077
12.8167 1077
12.8333 1077
12.85 1077
12.8667 1076
12.8833 1076
12.9 1076
12.9167 1075
12.9333 1075
12.95 1075
12.9667 1074
12.9833 1074
13.0 1074
13.0167 1073
13.0333 1073
13.05 1072
13.0667 1072
13.0833 1071
13.1 1071
13.1167 1070
13.1333 1070
13.15 1069
13.1667 1068
13.1833 1068
13.2 1067
13.2167 1067
13.2333 1066
13.25 1065
13.2667 1064
13.2833 1064
13.3 1063
13.3167 1062
13.3333 1061
13.35 1061
13.3667 1060
13.3833 1059
13.4 1058
13.4167 1057
13.4333 1056
13.45 1055
13.4667 1054
13.4833 1054
13.5 1053
13.5167 1052
13.5333 1051
13.55 1050
13.5667 1048
13.5833 1047
13.6 1046
13.6167 1045
13.6333 1044
13.65 1043
13.6667 1042
13.6833 1041
13.7 1039
13.7167 1038
13.7333 1037
13.75 1036
13.7667 1035
13.7833 1033
13.8 1032
13.8167 1031
13.8333 1029
13.85 1028
13.8667 1027
13.8833 1025
13.9 1024
13.9167 1022
13.9333 1021
13.95 1019
13.9667 1018
13.9833 1016
14.0 1015
14.0167 1013
14.0333 1012
14.05 1010
14.0667 1009
14.0833 1007
14.1 1005
14.1167 1004
14.1333 1002
14.15 1001
14.1667 999
14.1833 997
14.2 995
14.2167 994
14.2333 992
14.25 990
14.2667 988
14.2833 986
14.3 985
14.3167 983
14.3333 981
14.35 979
14.3667 977
14.3833 975
14.4 973
14.4167 971
14.4333 969
14.45 967
14.4667 965
14.4833 963
14.5 961
14.5167 959
14.5333 957
14.55 955
14.5667 953
14.5833 951
14.6 949
14.6167 947
14.6333 945
14.65 942
14.6667 940
14.6833 938
14.7 936
14.7167 934
14.7333 931
14.75 929
14.7667 927
14.7833 924
14.8 922
14.8167 920
14.8333 917
14.85 915
14.8667 913
14.8833 910
14.9 908
14.9167 905
14.9333 903
14.95 900
14.9667 898
14.9833 896
15.0 893
15.0167 891
15.0333 888
15.05 886
15.0667 883
15.0833 880
15.1 878
15.1167 875
15.1333 873
15.15 870
15.1667 867
15.1833 865
15.2 862
15.2167 859
15.2333 857
15.25 854
15.2667 851
15.2833 848
15.3 846
15.3167 843
15.3333 840
15.35 837
15.3667 834
15.3833 832
15.4 829
15.4167 826
15.4333 823
15.45 820
15.4667 817
15.4833 814
15.5 811
15.5167 808
15.5333 805
15.55 802
15.5667 799
15.5833 796
15.6 793
15.6167 790
15.6333 787
15.65 784
15.6667 781
15.6833 778
15.7 775
15.7167 772
15.7333 769
15.75 766
15.7667 763
15.7833 759
15.8 756
15.8167 753
15.8333 750
15.85 747
15.8667 744
15.8833 740
15.9 737
15.9167 734
15.9333 731
15.95 727
15.9667 724
15.9833 721
