9.0 649
9.0167 652
9.0333 655
9.05 659
9.0667 662
9.0833 666
9.1 669
9.1167 673
9.1333 676
9.15 679
9.1667 683
9.1833 686
9.2 689
9.2167 693
9.2333 696
9.25 699
9.2667 703
9.2833 706
9.3 709
9.3167 712
9.3333 716
9.35 719
9.3667 722
9.3833 725
9.4 729
9.4167 732
9.4333 735
9.45 738
9.4667 741
9.4833 745
9.5 748
9.5167 751
9.5333 754
9.55 757
9.5667 760
9.5833 763
9.6 766
9.6167 769
9.6333 772
9.65 776
9.6667 779
9.6833 782
9.7 785
9.7167 788
9.7333 791
9.75 794
9.7667 796
9.7833 799
9.8 802
9.8167 805
9.8333 808
9.85 811
9.8667 814
9.8833 817
9.9 820
9.9167 822
9.9333 825
9.95 828
9.9667 831
9.9833 834
10.0 836
10.0167 839
10.0333 842
10.05 845
10.0667 847
10.0833 850
10.1 853
10.1167 856
10.1333 858
10.15 861
10.1667 863
10.1833 866
10.2 869
10.2167 871
10.2333 874
10.25 876
10.2667 879
10.2833 882
10.3 884
10.3167 887
10.3333 889
10.35 892
10.3667 894
10.3833 896
10.4 899
10.4167 901
10.4333 904
10.45 906
10.4667 908
10.4833 911
10.5 913
10.5167 915
10.5333 918
10.55 920
10.5667 922
10.5833 925
10.6 927
10.6167 929
10.6333 931
10.65 934
10.6667 936
10.6833 938
10.7 940
10.7167 942
10.7333 944
10.75 946
10.7667 949
10.7833 951
10.8 953
10.8167 955
10.8333 957
10.85 959
10.8667 961
10.8833 963
10.9 965
10.9167 967
10.9333 969
10.95 970
10.9667 972
10.9833 974
11.0 976
11.0167 978
11.0333 980
11.05 982
11.0667 983
11.0833 985
11.1 987
11.1167 989
11.1333 990
11.15 992
11.1667 994
11.1833 996
11.2 997
11.2167 999
11.2333 1001
11.25 1002
11.2667 1004
11.2833 1005
11.3 1007
11.3167 1008
11.3333 1010
11.35 1011
11.3667 1013
11.3833 1014
11.4 1016
11.4167 1017
11.4333 1019
11.45 1020
11.4667 1022
11.4833 1023
11.5 1024
11.5167 1026
11.5333 1027
11.55 1028
11.5667 1030
11.5833 1031
11.6 1032
11.6167 1033
11.6333 1034
11.65 1036
11.6667 1037
11.6833 1038
11.7 1039
11.7167 1040
11.7333 1041
11.75 1042
11.7667 1044
11.7833 1045
11.8 1046
11.8167 1047
11.8333 1048
11.85 1049
11.8667 1050
11.8833 1051
11.9 1051
11.9167 1052
11.9333 1053
11.95 1054
11.9667 1055
11.9833 1056
12.0 1057
12.0167 1057
12.0333 1058
12.05 1059
12.0667 1060
12.0833 1060
12.1 1061
12.1167 1062
12.1333 1063
12.15 1063
12.1667 1064
12.1833 1064
12.2 1065
12.2167 1066
12.2333 1066
12.25 1067
12.2667 1067
12.2833 1068
12.3 1068
12.3167 1069
12.3333 1069
12.35 1070
12.3667 1070
12.3833 1070
12.4 1071
12.4167 1071
12.4333 1072
12.45 1072
12.4667 1072
12.4833 1072
12.5 1073
12.5167 1073
12.5333 1073
12.55 1073
12.5667 1074
12.5833 1074
12.6 1074
12.6167 1074
12.6333 1074
12.65 1074
12.6667 1074
12.6833 1074
12.7 1074
12.7167 1074
12.7333 1074
12.75 1074
12.7667 1074
12.7833 1074
12.8 1074
12.8167 1074
12.8333 1074
12.85 1074
12.8667 1074
12.8833 1074
12.9 1074
12.9167 1073
12.9333 1073
12.95 1073
12.9667 1073
12.9833 1072
13.0 1072
13.0167 1072
13.0333 1071
13.05 1071
13.0667 1071
13.0833 1070
13.1 1070
13.1167 1069
13.1333 1069
13.15 1069
13.1667 1068
13.1833 1068
13.2 1067
13.2167 1067
13.2333 1066
13.25 1065
13.2667 1065
13.2833 1064
13.3 1064
13.3167 1063
13.3333 1062
13.35 1062
13.3667 1061
13.3833 1060
13.4 1060
13.4167 1059
13.4333 1058
13.45 1057
13.4667 1056
13.4833 1056
13.5 1055
13.5167 1054
13.5333 1053
13.55 1052
13.5667 1051
13.5833 1050
13.6 1049
13.6167 1048
13.6333 1047
13.65 1046
13.6667 1045
13.6833 1044
13.7 1043
13.7167 1042
13.7333 1041
13.75 1040
13.7667 1039
13.7833 1038
13.8 1036
13.8167 1035
13.8333 1034
13.85 1033
13.8667 1032
13.8833 1030
13.9 1029
13.9167 1028
13.9333 1026
13.95 1025
13.9667 1024
13.9833 1022
14.0 1021
14.0167 1020
14.0333 1018
14.05 1017
14.0667 1015
14.0833 1014
14.1 1012
14.1167 1011
14.1333 1009
14.15 1008
14.1667 1006
14.1833 1005
14.2 1003
14.2167 1002
14.2333 1000
14.25 998
14.2667 997
14.2833 995
14.3 993
14.3167 992
14.3333 990
14.35 988
14.3667 986
14.3833 985
14.4 983
14.4167 981
14.4333 979
14.45 977
14.4667 975
14.4833 974
14.5 972
14.5167 970
14.5333 968
14.55 966
14.5667 964
14.5833 962
14.6 960
14.6167 958
14.6333 956
14.65 954
14.6667 952
14.6833 950
14.7 948
14.7167 946
14.7333 944
14.75 941
14.7667 939
14.7833 937
14.8 935
14.8167 933
14.8333 931
14.85 928
14.8667 926
14.8833 924
14.9 922
14.9167 919
14.9333 917
14.95 915
14.9667 912
14.9833 910
15.0 908
15.0167 905
15.0333 903
15.05 901
15.0667 898
15.0833 896
15.1 893
15.1167 891
15.1333 888
15.15 886
15.1667 883
15.1833 881
15.2 878
15.2167 876
15.2333 873
15.25 871
15.2667 868
15.2833 865
15.3 863
15.3167 860
15.3333 857
15.35 855
15.3667 852
15.3833 849
15.4 847
15.4167 844
15.4333 841
15.45 838
15.4667 836
15.4833 833
15.5 830
15.5167 827
15.5333 824
15.55 822
15.5667 819
15.5833 816
15.6 813
15.6167 810
15.6333 807
15.65 804
15.6667 801
15.6833 799
15.7 796
15.7167 793
15.7333 790
15.75 787
15.7667 784
15.7833 781
15.8 778
15.8167 775
15.8333 772
15.85 769
15.8667 765
15.8833 762
15.9 759
15.9167 756
15.9333 753
15.95 750
15.9667 747
15.9833 744
