9.0 633
9.0167 637
9.0333 640
9.05 644
9.0667 647
9.0833 650
9.1 654
9.1167 657
9.1333 661
9.15 664
9.1667 668
9.1833 671
9.2 675
9.2167 678
9.2333 681
9.25 685
9.2667 688
9.2833 691
9.3 695
9.3167 698
9.3333 701
9.35 705
9.3667 708
9.3833 711
9.4 715
9.4167 718
9.4333 721
9.45 724
9.4667 728
9.4833 731
9.5 734
9.5167 737
9.5333 740
9.55 744
9.5667 747
9.5833 750
9.6 753
9.6167 756
9.6333 759
9.65 762
9.6667 765
9.6833 768
9.7 772
9.7167 775
9.7333 778
9.75 781
9.7667 784
9.7833 787
9.8 790
9.8167 793
9.8333 796
9.85 799
9.8667 802
9.8833 804
9.9 807
9.9167 810
9.9333 813
9.95 816
9.9667 819
9.9833 822
10.0 825
10.0167 827
10.0333 830
10.05 833
10.0667 836
10.0833 839
10.1 841
10.1167 844
10.1333 847
10.15 850
10.1667 852
10.1833 855
10.2 858
10.2167 860
10.2333 863
10.25 865
10.2667 868
10.2833 871
10.3 873
10.3167 876
10.3333 878
10.35 881
10.3667 883
10.3833 886
10.4 888
10.4167 891
10.4333 893
10.45 896
10.4667 898
10.4833 901
10.5 903
10.5167 906
10.5333 908
10.55 910
10.5667 913
10.5833 915
10.6 917
10.6167 920
10.6333 922
10.65 924
10.6667 926
10.6833 929
10.7 931
10.7167 933
10.7333 935
10.75 937
10.7667 940
10.7833 942
10.8 944
10.8167 946
10.8333 948
10.85 950
10.8667 952
10.8833 954
10.9 956
10.9167 958
10.9333 960
10.95 962
10.9667 964
10.9833 966
11.0 968
11.0167 970
11.0333 972
11.05 974
11.0667 976
11.0833 977
11.1 979
11.1167 981
11.1333 983
11.15 985
11.1667 987
11.1833 988
11.2 990
11.2167 992
11.2333 993
11.25 995
11.2667 997
11.2833 998
11.3 1000
11.3167 1002
11.3333 1003
11.35 1005
11.3667 1006
11.3833 1008
11.4 1009
11.4167 1011
11.4333 1012
11.45 1014
11.4667 1015
11.4833 1017
11.5 1018
11.5167 1020
11.5333 1021
11.55 1022
11.5667 1024
11.5833 1025
11.6 1026
11.6167 1028
11.6333 1029
11.65 1030
11.6667 1031
11.6833 1033
11.7 1034
11.7167 1035
11.7333 1036
11.75 1037
11.7667 1038
11.7833 1040
11.8 1041
11.8167 1042
11.8333 1043
11.85 1044
11.8667 1045
11.8833 1046
11.9 1047
11.9167 1048
11.9333 1049
11.95 1050
11.9667 1051
11.9833 1052
12.0 1052
12.0167 1053
12.0333 1054
12.05 1055
12.0667 1056
12.0833 1057
12.1 1057
12.1167 1058
12.1333 1059
12.15 1060
12.1667 1060
12.1833 1061
12.2 1062
12.2167 1062
12.2333 1063
12.25 1063
12.2667 1064
12.2833 1065
12.3 1065
12.3167 1066
12.3333 1066
12.35 1067
12.3667 1067
12.3833 1068
12.4 1068
12.4167 1068
12.4333 1069
12.45 1069
12.4667 1070
12.4833 1070
12.5 1070
12.5167 1071
12.5333 1071
12.55 1071
12.5667 1071
12.5833 1072
12.6 1072
12.6167 1072
12.6333 1072
12.65 1072
12.6667 1072
12.6833 1073
12.7 1073
12.7167 1073
12.7333 1073
12.75 1073
12.7667 1073
12.7833 1073
12.8 1073
12.8167 1073
12.8333 1073
12.85 1073
12.8667 1073
12.8833 1072
12.9 1072
12.9167 1072
12.9333 1072
12.95 1072
12.9667 1072
12.9833 1071
13.0 1071
13.0167 1071
13.0333 1071
13.05 1070
13.0667 1070
13.0833 1070
13.1 1069
13.1167 1069
13.1333 1069
13.15 1068
13.1667 1068
13.1833 1067
13.2 1067
13.2167 1066
13.2333 1066
13.25 1065
13.2667 1065
13.2833 1064
13.3 1064
13.3167 1063
13.3333 1063
13.35 1062
13.3667 1061
13.3833 1061
13.4 1060
13.4167 1059
13.4333 1058
13.45 1058
13.4667 1057
13.4833 1056
13.5 1055
13.5167 1055
13.5333 1054
13.55 1053
13.5667 1052
13.5833 1051
13.6 1050
13.6167 1049
13.6333 1048
13.65 1047
13.6667 1046
13.6833 1045
13.7 1044
13.7167 1043
13.7333 1042
13.75 1041
13.7667 1040
13.7833 1039
13.8 1038
13.8167 1037
13.8333 1036
13.85 1034
13.8667 1033
13.8833 1032
13.9 1031
13.9167 1030
13.9333 1028
13.95 1027
13.9667 1026
13.9833 1024
14.0 1023
14.0167 1022
14.0333 1020
14.05 1019
14.0667 1018
14.0833 1016
14.1 1015
14.1167 1013
14.1333 1012
14.15 1010
14.1667 1009
14.1833 1007
14.2 1006
14.2167 1004
14.2333 1002
14.25 1001
14.2667 999
14.2833 998
14.3 996
14.3167 994
14.3333 993
14.35 991
14.3667 989
14.3833 987
14.4 986
14.4167 984
14.4333 982
14.45 980
14.4667 978
14.4833 977
14.5 975
14.5167 973
14.5333 971
14.55 969
14.5667 967
14.5833 965
14.6 963
14.6167 961
14.6333 959
14.65 957
14.6667 955
14.6833 953
14.7 951
14.7167 949
14.7333 947
14.75 945
14.7667 943
14.7833 941
14.8 939
14.8167 936
14.8333 934
14.85 932
14.8667 930
14.8833 928
14.9 925
14.9167 923
14.9333 921
14.95 918
14.9667 916
14.9833 914
15.0 912
15.0167 909
15.0333 907
15.05 904
15.0667 902
15.0833 900
15.1 897
15.1167 895
15.1333 892
15.15 890
15.1667 887
15.1833 885
15.2 882
15.2167 880
15.2333 877
15.25 875
15.2667 872
15.2833 869
15.3 867
15.3167 864
15.3333 862
15.35 859
15.3667 856
15.3833 854
15.4 851
15.4167 848
15.4333 846
15.45 843
15.4667 840
15.4833 837
15.5 834
15.5167 832
15.5333 829
15.55 826
15.5667 823
15.5833 820
15.6 818
15.6167 815
15.6333 812
15.65 809
15.6667 806
15.6833 803
15.7 800
15.7167 797
15.7333 794
15.75 791
15.7667 788
15.7833 785
15.8 782
15.8167 779
15.8333 776
15.85 773
15.8667 770
15.8833 767
15.9 764
15.9167 761
15.9333 758
15.95 755
15.9667 751
15.9833 748
