9.0 589
9.0167 592
9.0333 596
9.05 599
9.0667 603
9.0833 607
9.1 610
9.1167 614
9.1333 618
9.15 621
9.1667 625
9.1833 629
9.2 632
9.2167 636
9.2333 639
9.25 643
9.2667 646
9.2833 650
9.3 654
9.3167 657
9.3333 661
9.35 664
9.3667 668
9.3833 671
9.4 674
9.4167 678
9.4333 681
9.45 685
9.4667 688
9.4833 692
9.5 695
9.5167 698
9.5333 702
9.55 705
9.5667 708
9.5833 712
9.6 715
9.6167 718
9.6333 722
9.65 725
9.6667 728
9.6833 731
9.7 735
9.7167 738
9.7333 741
9.75 744
9.7667 748
9.7833 751
9.8 754
9.8167 757
9.8333 760
9.85 763
9.8667 766
9.8833 769
9.9 772
9.9167 776
9.9333 779
9.95 782
9.9667 785
9.9833 788
10.0 791
10.0167 794
10.0333 797
10.05 800
10.0667 802
10.0833 805
10.1 808
10.1167 811
10.1333 814
10.15 817
10.1667 820
10.1833 823
10.2 825
10.2167 828
10.2333 831
10.25 834
10.2667 836
10.2833 839
10.3 842
10.3167 845
10.3333 847
10.35 850
10.3667 853
10.3833 855
10.4 858
10.4167 860
10.4333 863
10.45 866
10.4667 868
10.4833 871
10.5 873
10.5167 876
10.5333 878
10.55 881
10.5667 883
10.5833 886
10.6 888
10.6167 890
10.6333 893
10.65 895
10.6667 898
10.6833 900
10.7 902
10.7167 905
10.7333 907
10.75 909
10.7667 911
10.7833 914
10.8 916
10.8167 918
10.8333 920
10.85 922
10.8667 925
10.8833 927
10.9 929
10.9167 931
10.9333 933
10.95 935
10.9667 937
10.9833 939
11.0 941
11.0167 943
11.0333 945
11.05 947
11.0667 949
11.0833 951
11.1 953
11.1167 955
11.1333 957
11.15 958
11.1667 960
11.1833 962
11.2 964
11.2167 966
11.2333 967
11.25 969
11.2667 971
11.2833 973
11.3 974
11.3167 976
11.3333 978
11.35 979
11.3667 981
11.3833 982
11.4 984
11.4167 985
11.4333 987
11.45 988
11.4667 990
11.4833 991
11.5 993
11.5167 994
11.5333 996
11.55 997
11.5667 999
11.5833 1000
11.6 1001
11.6167 1003
11.6333 1004
11.65 1005
11.6667 1006
11.6833 1008
11.7 1009
11.7167 1010
11.7333 1011
11.75 1012
11.7667 1014
11.7833 1015
11.8 1016
11.8167 1017
11.8333 1018
11.85 1019
11.8667 1020
11.8833 1021
11.9 1022
11.9167 1023
11.9333 1024
11.95 1025
11.9667 1026
11.9833 1027
12.0 1028
12.0167 1029
12.0333 1029
12.05 1030
12.0667 1031
12.0833 1032
12.1 1033
12.1167 1033
12.1333 1034
12.15 1035
12.1667 1035
12.1833 1036
12.2 1037
12.2167 1037
12.2333 1038
12.25 1038
12.2667 1039
12.2833 1040
12.3 1040
12.3167 1041
12.3333 1041
12.35 1042
12.3667 1042
12.3833 1042
12.4 1043
12.4167 1043
12.4333 1044
12.45 1044
12.4667 1044
12.4833 1044
12.5 1045
12.5167 1045
12.5333 1045
12.55 1045
12.5667 1046
12.5833 1046
12.6 1046
12.6167 1046
12.6333 1046
12.65 1046
12.6667 1046
12.6833 1046
12.7 1047
12.7167 1047
12.7333 1047
12.75 1047
12.7667 1046
12.7833 1046
12.8 1046
12.8167 1046
12.8333 1046
12.85 1046
12.8667 1046
12.8833 1046
12.9 1045
12.9167 1045
12.9333 1045
12.95 1045
12.9667 1044
12.9833 1044
13.0 1044
13.0167 1043
13.0333 1043
13.05 1043
13.0667 1042
13.0833 1042
13.1 1041
13.1167 1041
13.1333 1040
13.15 1040
13.1667 1039
13.1833 1039
13.2 1038
13.2167 1038
13.2333 1037
13.25 1037
13.2667 1036
13.2833 1035
13.3 1035
13.3167 1034
13.3333 1033
13.35 1032
13.3667 1032
13.3833 1031
13.4 1030
13.4167 1029
13.4333 1028
13.45 1027
13.4667 1027
13.4833 1026
13.5 1025
13.5167 1024
13.5333 1023
13.55 1022
13.5667 1021
13.5833 1020
13.6 1019
13.6167 1018
13.6333 1017
13.65 1016
13.6667 1014
13.6833 1013
13.7 1012
13.7167 1011
13.7333 1010
13.75 1009
13.7667 1007
13.7833 1006
13.8 1005
13.8167 1004
13.8333 1002
13.85 1001
13.8667 1000
13.8833 998
13.9 997
13.9167 995
13.9333 994
13.95 993
13.9667 991
13.9833 990
14.0 988
14.0167 987
14.0333 985
14.05 983
14.0667 982
14.0833 980
14.1 979
14.1167 977
14.1333 975
14.15 974
14.1667 972
14.1833 970
14.2 969
14.2167 967
14.2333 965
14.25 963
14.2667 962
14.2833 960
14.3 958
14.3167 956
14.3333 954
14.35 952
14.3667 950
14.3833 948
14.4 947
14.4167 945
14.4333 943
14.45 941
14.4667 939
14.4833 937
14.5 934
14.5167 932
14.5333 930
14.55 928
14.5667 926
14.5833 924
14.6 922
14.6167 920
14.6333 917
14.65 915
14.6667 913
14.6833 911
14.7 909
14.7167 906
14.7333 904
14.75 902
14.7667 899
14.7833 897
14.8 895
14.8167 892
14.8333 890
14.85 887
14.8667 885
14.8833 883
14.9 880
14.9167 878
14.9333 875
14.95 873
14.9667 870
14.9833 868
15.0 864
15.0167 862
15.0333 859
15.05 857
15.0667 854
15.0833 851
15.1 849
15.1167 846
15.1333 843
15.15 841
15.1667 838
15.1833 835
15.2 832
15.2167 830
15.2333 827
15.25 824
15.2667 821
15.2833 818
15.3 816
15.3167 813
15.3333 810
15.35 807
15.3667 804
15.3833 801
15.4 798
15.4167 795
15.4333 792
15.45 789
15.4667 786
15.4833 783
15.5 780
15.5167 777
15.5333 774
15.55 771
15.5667 768
15.5833 765
15.6 762
15.6167 759
15.6333 756
15.65 752
15.6667 749
15.6833 746
15.7 743
15.7167 740
15.7333 736
15.75 733
15.7667 730
15.7833 727
15.8 723
15.8167 720
15.8333 717
15.85 714
15.8667 710
15.8833 707
15.9 704
15.9167 700
15.9333 697
15.95 693
15.9667 690
15.9833 687
