9.0 283
9.0167 287
9.0333 291
9.05 294
9.0667 298
9.0833 302
9.1 305
9.1167 309
9.1333 312
9.15 316
9.1667 319
9.1833 323
9.2 327
9.2167 330
9.2333 334
9.25 337
9.2667 341
9.2833 344
9.3 348
9.3167 351
9.3333 355
9.35 358
9.3667 362
9.3833 365
9.4 368
9.4167 372
9.4333 375
9.45 379
9.4667 382
9.4833 386
9.5 389
9.5167 392
9.5333 396
9.55 399
9.5667 403
9.5833 406
9.6 409
9.6167 413
9.6333 416
9.65 419
9.6667 422
9.6833 426
9.7 429
9.7167 432
9.7333 436
9.75 439
9.7667 442
9.7833 445
9.8 449
9.8167 452
9.8333 455
9.85 458
9.8667 461
9.8833 464
9.9 468
9.9167 471
9.9333 474
9.95 477
9.9667 480
9.9833 483
10.0 486
10.0167 489
10.0333 492
10.05 495
10.0667 498
10.0833 501
10.1 504
10.1167 507
10.1333 510
10.15 513
10.1667 516
10.1833 519
10.2 522
10.2167 525
10.2333 528
10.25 531
10.2667 533
10.2833 536
10.3 539
10.3167 542
10.3333 545
10.35 547
10.3667 550
10.3833 553
10.4 556
10.4167 558
10.4333 561
10.45 564
10.4667 567
10.4833 569
10.5 572
10.5167 575
10.5333 577
10.55 580
10.5667 582
10.5833 585
10.6 587
10.6167 590
10.6333 592
10.65 595
10.6667 598
10.6833 600
10.7 602
10.7167 605
10.7333 607
10.75 610
10.7667 612
10.7833 615
10.8 617
10.8167 619
10.8333 622
10.85 624
10.8667 626
10.8833 628
10.9 631
10.9167 633
10.9333 635
10.95 637
10.9667 640
10.9833 642
11.0 644
11.0167 646
11.0333 648
11.05 650
11.0667 652
11.0833 654
11.1 657
11.1167 659
11.1333 661
11.15 663
11.1667 665
11.1833 667
11.2 669
11.2167 670
11.2333 672
11.25 674
11.2667 676
11.2833 678
11.3 680
11.3167 682
11.3333 684
11.35 685
11.3667 687
11.3833 689
11.4 691
11.4167 692
11.4333 694
11.45 696
11.4667 697
11.4833 699
11.5 701
11.5167 702
11.5333 704
11.55 705
11.5667 707
11.5833 709
11.6 710
11.6167 712
11.6333 713
11.65 714
11.6667 716
11.6833 717
11.7 719
11.7167 720
11.7333 722
11.75 723
11.7667 724
11.7833 726
11.8 727
11.8167 728
11.8333 729
11.85 731
11.8667 732
11.8833 733
11.9 734
11.9167 735
11.9333 736
11.95 738
11.9667 739
11.9833 740
12.0 741
12.0167 742
12.0333 743
12.05 744
12.0667 745
12.0833 746
12.1 747
12.1167 748
12.1333 749
12.15 750
12.1667 750
12.1833 751
12.2 752
12.2167 753
12.2333 754
12.25 754
12.2667 755
12.2833 756
12.3 757
12.3167 757
12.3333 758
12.35 759
12.3667 759
12.3833 760
12.4 760
12.4167 761
12.4333 762
12.45 762
12.4667 763
12.4833 763
12.5 764
12.5167 764
12.5333 764
12.55 765
12.5667 765
12.5833 766
12.6 766
12.6167 766
12.6333 767
12.65 767
12.6667 767
12.6833 767
12.7 768
12.7167 768
12.7333 768
12.75 768
12.7667 768
12.7833 769
12.8 769
12.8167 769
12.8333 769
12.85 769
12.8667 769
12.8833 769
12.9 769
12.9167 769
12.9333 769
12.95 769
12.9667 769
12.9833 769
13.0 768
13.0167 768
13.0333 768
13.05 768
13.0667 768
13.0833 767
13.1 767
13.1167 767
13.1333 767
13.15 766
13.1667 766
13.1833 766
13.2 765
13.2167 765
13.2333 764
13.25 764
13.2667 764
13.2833 763
13.3 763
13.3167 762
13.3333 762
13.35 761
13.3667 760
13.3833 760
13.4 759
13.4167 759
13.4333 758
13.45 757
13.4667 757
13.4833 756
13.5 755
13.5167 754
13.5333 754
13.55 753
13.5667 752
13.5833 751
13.6 750
13.6167 750
13.6333 749
13.65 748
13.6667 747
13.6833 746
13.7 745
13.7167 744
13.7333 743
13.75 742
13.7667 741
13.7833 740
13.8 739
13.8167 738
13.8333 737
13.85 735
13.8667 734
13.8833 733
13.9 732
13.9167 731
13.9333 729
13.95 728
13.9667 727
13.9833 726
14.0 724
14.0167 723
14.0333 722
14.05 720
14.0667 719
14.0833 718
14.1 716
14.1167 715
14.1333 713
14.15 712
14.1667 710
14.1833 709
14.2 707
14.2167 706
14.2333 704
14.25 702
14.2667 701
14.2833 699
14.3 698
14.3167 696
14.3333 694
14.35 693
14.3667 691
14.3833 689
14.4 687
14.4167 686
14.4333 684
14.45 682
14.4667 680
14.4833 678
14.5 676
14.5167 675
14.5333 673
14.55 671
14.5667 669
14.5833 667
14.6 665
14.6167 663
14.6333 661
14.65 659
14.6667 657
14.6833 655
14.7 653
14.7167 651
14.7333 648
14.75 646
14.7667 644
14.7833 642
14.8 640
14.8167 638
14.8333 635
14.85 633
14.8667 631
14.8833 629
14.9 626
14.9167 624
14.9333 622
14.95 620
14.9667 617
14.9833 615
15.0 613
15.0167 611
15.0333 609
15.05 606
15.0667 604
15.0833 601
15.1 599
15.1167 596
15.1333 594
15.15 591
15.1667 589
15.1833 586
15.2 584
15.2167 581
15.2333 578
15.25 576
15.2667 573
15.2833 571
15.3 568
15.3167 565
15.3333 562
15.35 560
15.3667 557
15.3833 554
15.4 552
15.4167 549
15.4333 546
15.45 543
15.4667 540
15.4833 538
15.5 535
15.5167 532
15.5333 529
15.55 526
15.5667 523
15.5833 520
15.6 517
15.6167 514
15.6333 512
15.65 509
15.6667 506
15.6833 503
15.7 500
15.7167 497
15.7333 494
15.75 491
15.7667 487
15.7833 484
15.8 481
15.8167 478
15.8333 475
15.85 472
15.8667 469
15.8833 466
15.9 463
15.9167 459
15.9333 456
15.95 453
15.9667 450
15.9833 447
