9.0 598
9.0167 603
9.0333 606
9.05 610
9.0667 614
9.0833 617
9.1 621
9.1167 625
9.1333 628
9.15 632
9.1667 636
9.1833 639
9.2 643
9.2167 646
9.2333 650
9.25 654
9.2667 657
9.2833 661
9.3 664
9.3167 668
9.3333 671
9.35 675
9.3667 678
9.3833 682
9.4 685
9.4167 688
9.4333 692
9.45 695
9.4667 699
9.4833 702
9.5 705
9.5167 709
9.5333 712
9.55 715
9.5667 719
9.5833 722
9.6 725
9.6167 729
9.6333 732
9.65 735
9.6667 738
9.6833 742
9.7 745
9.7167 748
9.7333 751
9.75 754
9.7667 758
9.7833 761
9.8 764
9.8167 767
9.8333 770
9.85 773
9.8667 776
9.8833 779
9.9 782
9.9167 785
9.9333 789
9.95 792
9.9667 795
9.9833 797
10.0 800
10.0167 803
10.0333 806
10.05 809
10.0667 812
10.0833 815
10.1 818
10.1167 821
10.1333 824
10.15 826
10.1667 829
10.1833 832
10.2 835
10.2167 838
10.2333 840
10.25 843
10.2667 846
10.2833 848
10.3 851
10.3167 854
10.3333 856
10.35 859
10.3667 862
10.3833 864
10.4 867
10.4167 870
10.4333 872
10.45 875
10.4667 877
10.4833 880
10.5 882
10.5167 885
10.5333 887
10.55 890
10.5667 892
10.5833 894
10.6 897
10.6167 899
10.6333 901
10.65 904
10.6667 906
10.6833 908
10.7 911
10.7167 913
10.7333 915
10.75 917
10.7667 920
10.7833 922
10.8 924
10.8167 926
10.8333 928
10.85 930
10.8667 933
10.8833 935
10.9 937
10.9167 939
10.9333 941
10.95 943
10.9667 945
10.9833 947
11.0 949
11.0167 951
11.0333 953
11.05 955
11.0667 957
11.0833 958
11.1 960
11.1167 962
11.1333 964
11.15 966
11.1667 967
11.1833 969
11.2 971
11.2167 973
11.2333 974
11.25 976
11.2667 978
11.2833 979
11.3 981
11.3167 983
11.3333 984
11.35 986
11.3667 987
11.3833 989
11.4 990
11.4167 992
11.4333 993
11.45 995
11.4667 996
11.4833 998
11.5 999
11.5167 1001
11.5333 1002
11.55 1003
11.5667 1005
11.5833 1006
11.6 1007
11.6167 1009
11.6333 1010
11.65 1011
11.6667 1012
11.6833 1013
11.7 1015
11.7167 1016
11.7333 1017
11.75 1018
11.7667 1019
11.7833 1020
11.8 1021
11.8167 1022
11.8333 1023
11.85 1024
11.8667 1025
11.8833 1026
11.9 1027
11.9167 1028
11.9333 1029
11.95 1030
11.9667 1031
11.9833 1032
12.0 1032
12.0167 1033
12.0333 1034
12.05 1035
12.0667 1035
12.0833 1036
12.1 1037
12.1167 1038
12.1333 1038
12.15 1039
12.1667 1039
12.1833 1040
12.2 1041
12.2167 1041
12.2333 1042
12.25 1042
12.2667 1043
12.2833 1043
12.3 1044
12.3167 1044
12.3333 1044
12.35 1045
12.3667 1045
12.3833 1046
12.4 1046
12.4167 1046
12.4333 1047
12.45 1047
12.4667 1047
12.4833 1047
12.5 1048
12.5167 1048
12.5333 1048
12.55 1048
12.5667 1048
12.5833 1048
12.6 1048
12.6167 1048
12.6333 1049
12.65 1049
12.6667 1049
12.6833 1049
12.7 1049
12.7167 1049
12.7333 1048
12.75 1048
12.7667 1048
12.7833 1048
12.8 1048
12.8167 1048
12.8333 1048
12.85 1047
12.8667 1047
12.8833 1047
12.9 1047
12.9167 1046
12.9333 1046
12.95 1046
12.9667 1045
12.9833 1045
13.0 1045
13.0167 1044
13.0333 1044
13.05 1043
13.0667 1043
13.0833 1042
13.1 1042
13.1167 1041
13.1333 1041
13.15 1040
13.1667 1040
13.1833 1039
13.2 1038
13.2167 1038
13.2333 1037
13.25 1036
13.2667 1036
13.2833 1035
13.3 1034
13.3167 1033
13.3333 1033
13.35 1032
13.3667 1031
13.3833 1030
13.4 1029
13.4167 1028
13.4333 1027
13.45 1026
13.4667 1025
13.4833 1025
13.5 1024
13.5167 1022
13.5333 1021
13.55 1020
13.5667 1019
13.5833 1018
13.6 1017
13.6167 1016
13.6333 1015
13.65 1014
13.6667 1013
13.6833 1011
13.7 1010
13.7167 1009
13.7333 1008
13.75 1006
13.7667 1005
13.7833 1004
13.8 1002
13.8167 1001
13.8333 1000
13.85 998
13.8667 997
13.8833 995
13.9 994
13.9167 992
13.9333 991
13.95 989
13.9667 988
13.9833 986
14.0 985
14.0167 983
14.0333 981
14.05 980
14.0667 978
14.0833 977
14.1 975
14.1167 973
14.1333 971
14.15 970
14.1667 968
14.1833 966
14.2 964
14.2167 963
14.2333 961
14.25 959
14.2667 957
14.2833 955
14.3 953
14.3167 951
14.3333 949
14.35 947
14.3667 945
14.3833 943
14.4 941
14.4167 939
14.4333 937
14.45 935
14.4667 933
14.4833 931
14.5 929
14.5167 927
14.5333 925
14.55 922
14.5667 920
14.5833 918
14.6 916
14.6167 914
14.6333 911
14.65 909
14.6667 907
14.6833 904
14.7 902
14.7167 900
14.7333 897
14.75 895
14.7667 893
14.7833 890
14.8 888
14.8167 885
14.8333 883
14.85 880
14.8667 878
14.8833 875
14.9 873
14.9167 870
14.9333 868
14.95 865
14.9667 862
14.9833 860
15.0 857
15.0167 855
15.0333 852
15.05 849
15.0667 847
15.0833 844
15.1 841
15.1167 839
15.1333 836
15.15 833
15.1667 830
15.1833 827
15.2 825
15.2167 822
15.2333 819
15.25 816
15.2667 813
15.2833 810
15.3 807
15.3167 804
15.3333 801
15.35 798
15.3667 796
15.3833 793
15.4 790
15.4167 786
15.4333 783
15.45 780
15.4667 777
15.4833 774
15.5 771
15.5167 768
15.5333 765
15.55 762
15.5667 759
15.5833 756
15.6 752
15.6167 749
15.6333 746
15.65 743
15.6667 740
15.6833 736
15.7 733
15.7167 730
15.7333 726
15.75 723
15.7667 720
15.7833 717
15.8 713
15.8167 710
15.8333 707
15.85 703
15.8667 700
15.8833 696
15.9 693
15.9167 690
15.9333 686
15.95 683
15.9667 679
15.9833 676
