9.0 620
9.0167 624
9.0333 627
9.05 630
9.0667 634
9.0833 637
9.1 641
9.1167 644
9.1333 648
9.15 651
9.1667 654
9.1833 658
9.2 661
9.2167 665
9.2333 668
9.25 671
9.2667 675
9.2833 678
9.3 681
9.3167 684
9.3333 688
9.35 691
9.3667 694
9.3833 697
9.4 701
9.4167 704
9.4333 707
9.45 710
9.4667 714
9.4833 717
9.5 720
9.5167 723
9.5333 726
9.55 729
9.5667 732
9.5833 736
9.6 739
9.6167 742
9.6333 745
9.65 748
9.6667 751
9.6833 754
9.7 757
9.7167 760
9.7333 763
9.75 766
9.7667 769
9.7833 772
9.8 775
9.8167 778
9.8333 780
9.85 783
9.8667 786
9.8833 789
9.9 792
9.9167 795
9.9333 798
9.95 800
9.9667 803
9.9833 806
10.0 809
10.0167 812
10.0333 814
10.05 817
10.0667 820
10.0833 822
10.1 825
10.1167 828
10.1333 830
10.15 833
10.1667 836
10.1833 838
10.2 841
10.2167 843
10.2333 846
10.25 849
10.2667 851
10.2833 854
10.3 856
10.3167 859
10.3333 861
10.35 864
10.3667 866
10.3833 868
10.4 871
10.4167 873
10.4333 876
10.45 878
10.4667 880
10.4833 883
10.5 885
10.5167 887
10.5333 889
10.55 892
10.5667 894
10.5833 896
10.6 898
10.6167 901
10.6333 903
10.65 905
10.6667 907
10.6833 909
10.7 911
10.7167 914
10.7333 916
10.75 918
10.7667 920
10.7833 922
10.8 924
10.8167 926
10.8333 928
10.85 930
10.8667 932
10.8833 934
10.9 936
10.9167 938
10.9333 939
10.95 941
10.9667 943
10.9833 945
11.0 947
11.0167 949
11.0333 950
11.05 952
11.0667 954
11.0833 956
11.1 957
11.1167 959
11.1333 961
11.15 962
11.1667 964
11.1833 966
11.2 967
11.2167 969
11.2333 970
11.25 972
11.2667 973
11.2833 975
11.3 976
11.3167 978
11.3333 979
11.35 981
11.3667 982
11.3833 984
11.4 985
11.4167 987
11.4333 988
11.45 989
11.4667 991
11.4833 992
11.5 993
11.5167 994
11.5333 996
11.55 997
11.5667 998
11.5833 999
11.6 1000
11.6167 1002
11.6333 1003
11.65 1004
11.6667 1005
11.6833 1006
11.7 1007
11.7167 1008
11.7333 1009
11.75 1010
11.7667 1011
11.7833 1012
11.8 1013
11.8167 1014
11.8333 1015
11.85 1016
11.8667 1017
11.8833 1018
11.9 1018
11.9167 1019
11.9333 1020
11.95 1021
11.9667 1022
11.9833 1022
12.0 1023
12.0167 1024
12.0333 1024
12.05 1025
12.0667 1026
12.0833 1026
12.1 1027
12.1167 1028
12.1333 1028
12.15 1029
12.1667 1029
12.1833 1030
12.2 1030
12.2167 1031
12.2333 1031
12.25 1032
12.2667 1032
12.2833 1033
12.3 1033
12.3167 1033
12.3333 1034
12.35 1034
12.3667 1034
12.3833 1035
12.4 1035
12.4167 1035
12.4333 1035
12.45 1035
12.4667 1036
12.4833 1036
12.5 1036
12.5167 1036
12.5333 1036
12.55 1036
12.5667 1036
12.5833 1036
12.6 1037
12.6167 1037
12.6333 1037
12.65 1037
12.6667 1036
12.6833 1036
12.7 1036
12.7167 1036
12.7333 1036
12.75 1036
12.7667 1036
12.7833 1036
12.8 1035
12.8167 1035
12.8333 1035
12.85 1035
12.8667 1034
12.8833 1034
12.9 1034
12.9167 1034
12.9333 1033
12.95 1033
12.9667 1032
12.9833 1032
13.0 1032
13.0167 1031
13.0333 1031
13.05 1030
13.0667 1030
13.0833 1029
13.1 1029
13.1167 1028
13.1333 1028
13.15 1027
13.1667 1026
13.1833 1026
13.2 1025
13.2167 1024
13.2333 1024
13.25 1023
13.2667 1022
13.2833 1021
13.3 1021
13.3167 1020
13.3333 1019
13.35 1018
13.3667 1017
13.3833 1017
13.4 1016
13.4167 1015
13.4333 1014
13.45 1013
13.4667 1012
13.4833 1011
13.5 1010
13.5167 1009
13.5333 1008
13.55 1007
13.5667 1006
13.5833 1005
13.6 1004
13.6167 1003
13.6333 1001
13.65 1000
13.6667 999
13.6833 998
13.7 997
13.7167 995
13.7333 994
13.75 993
13.7667 992
13.7833 990
13.8 989
13.8167 988
13.8333 986
13.85 985
13.8667 984
13.8833 982
13.9 981
13.9167 979
13.9333 978
13.95 976
13.9667 975
13.9833 973
14.0 972
14.0167 970
14.0333 969
14.05 967
14.0667 965
14.0833 964
14.1 962
14.1167 960
14.1333 959
14.15 957
14.1667 955
14.1833 954
14.2 952
14.2167 950
14.2333 948
14.25 946
14.2667 945
14.2833 943
14.3 941
14.3167 939
14.3333 937
14.35 935
14.3667 933
14.3833 931
14.4 929
14.4167 928
14.4333 926
14.45 924
14.4667 921
14.4833 919
14.5 917
14.5167 915
14.5333 913
14.55 911
14.5667 909
14.5833 907
14.6 905
14.6167 903
14.6333 900
14.65 898
14.6667 896
14.6833 894
14.7 891
14.7167 889
14.7333 887
14.75 885
14.7667 882
14.7833 880
14.8 878
14.8167 875
14.8333 873
14.85 870
14.8667 868
14.8833 866
14.9 863
14.9167 861
14.9333 858
14.95 856
14.9667 853
14.9833 851
15.0 848
15.0167 846
15.0333 843
15.05 841
15.0667 838
15.0833 835
15.1 833
15.1167 830
15.1333 827
15.15 825
15.1667 822
15.1833 819
15.2 817
15.2167 814
15.2333 811
15.25 808
15.2667 806
15.2833 803
15.3 800
15.3167 797
15.3333 795
15.35 792
15.3667 789
15.3833 786
15.4 783
15.4167 780
15.4333 777
15.45 774
15.4667 771
15.4833 768
15.5 766
15.5167 763
15.5333 760
15.55 757
15.5667 754
15.5833 751
15.6 747
15.6167 744
15.6333 741
15.65 738
15.6667 735
15.6833 732
15.7 729
15.7167 726
15.7333 723
15.75 720
15.7667 716
15.7833 713
15.8 710
15.8167 707
15.8333 704
15.85 700
15.8667 697
15.8833 694
15.9 691
15.9167 687
15.9333 684
15.95 681
15.9667 678
15.9833 674
