9.0 658
9.0167 661
9.0333 664
9.05 668
9.0667 671
9.0833 675
9.1 678
9.1167 681
9.1333 685
9.15 688
9.1667 691
9.1833 695
9.2 698
9.2167 701
9.2333 705
9.25 708
9.2667 711
9.2833 715
9.3 718
9.3167 721
9.3333 724
9.35 727
9.3667 731
9.3833 734
9.4 737
9.4167 740
9.4333 743
9.45 747
9.4667 750
9.4833 753
9.5 756
9.5167 759
9.5333 762
9.55 765
9.5667 768
9.5833 771
9.6 774
9.6167 778
9.6333 781
9.65 784
9.6667 787
9.6833 790
9.7 793
9.7167 796
9.7333 798
9.75 801
9.7667 804
9.7833 807
9.8 810
9.8167 813
9.8333 816
9.85 819
9.8667 822
9.8833 824
9.9 827
9.9167 830
9.9333 833
9.95 836
9.9667 838
9.9833 841
10.0 844
10.0167 847
10.0333 849
10.05 852
10.0667 855
10.0833 857
10.1 860
10.1167 863
10.1333 865
10.15 868
10.1667 871
10.1833 873
10.2 876
10.2167 878
10.2333 881
10.25 883
10.2667 886
10.2833 888
10.3 891
10.3167 893
10.3333 896
10.35 898
10.3667 901
10.3833 903
10.4 905
10.4167 908
10.4333 910
10.45 913
10.4667 915
10.4833 917
10.5 920
10.5167 922
10.5333 924
10.55 926
10.5667 929
10.5833 931
10.6 933
10.6167 935
10.6333 937
10.65 940
10.6667 942
10.6833 944
10.7 946
10.7167 948
10.7333 950
10.75 952
10.7667 954
10.7833 956
10.8 958
10.8167 960
10.8333 962
10.85 964
10.8667 966
10.8833 968
10.9 970
10.9167 972
10.9333 974
10.95 976
10.9667 978
10.9833 980
11.0 981
11.0167 983
11.0333 985
11.05 987
11.0667 989
11.0833 990
11.1 992
11.1167 994
11.1333 995
11.15 997
11.1667 999
11.1833 1000
11.2 1002
11.2167 1004
11.2333 1005
11.25 1007
11.2667 1008
11.2833 1010
11.3 1011
11.3167 1013
11.3333 1014
11.35 1016
11.3667 1017
11.3833 1019
11.4 1020
11.4167 1022
11.4333 1023
11.45 1024
11.4667 1026
11.4833 1027
11.5 1028
11.5167 1030
11.5333 1031
11.55 1032
11.5667 1033
11.5833 1035
11.6 1036
11.6167 1037
11.6333 1038
11.65 1039
11.6667 1040
11.6833 1042
11.7 1043
11.7167 1044
11.7333 1045
11.75 1046
11.7667 1047
11.7833 1048
11.8 1049
11.8167 1050
11.8333 1051
11.85 1052
11.8667 1053
11.8833 1054
11.9 1054
11.9167 1055
11.9333 1056
11.95 1057
11.9667 1058
11.9833 1059
12.0 1059
12.0167 1060
12.0333 1061
12.05 1062
12.0667 1062
12.0833 1063
12.1 1064
12.1167 1064
12.1333 1065
12.15 1065
12.1667 1066
12.1833 1067
12.2 1067
12.2167 1068
12.2333 1068
12.25 1069
12.2667 1069
12.2833 1070
12.3 1070
12.3167 1071
12.3333 1071
12.35 1071
12.3667 1072
12.3833 1072
12.4 1072
12.4167 1073
12.4333 1073
12.45 1073
12.4667 1074
12.4833 1074
12.5 1074
12.5167 1074
12.5333 1074
12.55 1075
12.5667 1075
12.5833 1075
12.6 1075
12.6167 1075
12.6333 1075
12.65 1075
12.6667 1075
12.6833 1075
12.7 1075
12.7167 1075
12.7333 1075
12.75 1075
12.7667 1075
12.7833 1075
12.8 1075
12.8167 1075
12.8333 1074
12.85 1074
12.8667 1074
12.8833 1074
12.9 1074
12.9167 1073
12.9333 1073
12.95 1073
12.9667 1073
12.9833 1072
13.0 1072
13.0167 1072
13.0333 1071
13.05 1071
13.0667 1070
13.0833 1070
13.1 1069
13.1167 1069
13.1333 1069
13.15 1068
13.1667 1067
13.1833 1067
13.2 1066
13.2167 1066
13.2333 1065
13.25 1065
13.2667 1064
13.2833 1063
13.3 1063
13.3167 1062
13.3333 1061
13.35 1060
13.3667 1060
13.3833 1059
13.4 1058
13.4167 1057
13.4333 1057
13.45 1056
13.4667 1055
13.4833 1054
13.5 1053
13.5167 1052
13.5333 1051
13.55 1050
13.5667 1049
13.5833 1048
13.6 1047
13.6167 1046
13.6333 1045
13.65 1044
13.6667 1043
13.6833 1042
13.7 1041
13.7167 1040
13.7333 1039
13.75 1038
13.7667 1036
13.7833 1035
13.8 1034
13.8167 1033
13.8333 1032
13.85 1030
13.8667 1029
13.8833 1028
13.9 1026
13.9167 1025
13.9333 1024
13.95 1022
13.9667 1021
13.9833 1019
14.0 1018
14.0167 1017
14.0333 1015
14.05 1014
14.0667 1012
14.0833 1011
14.1 1009
14.1167 1008
14.1333 1006
14.15 1004
14.1667 1003
14.1833 1001
14.2 1000
14.2167 998
14.2333 996
14.25 995
14.2667 993
14.2833 991
14.3 989
14.3167 988
14.3333 986
14.35 984
14.3667 982
14.3833 981
14.4 979
14.4167 977
14.4333 975
14.45 973
14.4667 971
14.4833 969
14.5 967
14.5167 965
14.5333 963
14.55 961
14.5667 959
14.5833 957
14.6 955
14.6167 953
14.6333 951
14.65 949
14.6667 947
14.6833 945
14.7 943
14.7167 941
14.7333 939
14.75 936
14.7667 934
14.7833 932
14.8 930
14.8167 928
14.8333 925
14.85 923
14.8667 921
14.8833 918
14.9 916
14.9167 914
14.9333 911
14.95 909
14.9667 907
14.9833 904
15.0 902
15.0167 900
15.0333 897
15.05 895
15.0667 892
15.0833 890
15.1 887
15.1167 885
15.1333 882
15.15 880
15.1667 877
15.1833 875
15.2 872
15.2167 869
15.2333 867
15.25 864
15.2667 862
15.2833 859
15.3 856
15.3167 854
15.3333 851
15.35 848
15.3667 846
15.3833 843
15.4 840
15.4167 837
15.4333 835
15.45 832
15.4667 829
15.4833 826
15.5 823
15.5167 820
15.5333 818
15.55 815
15.5667 812
15.5833 809
15.6 806
15.6167 803
15.6333 800
15.65 797
15.6667 794
15.6833 791
15.7 788
15.7167 785
15.7333 782
15.75 779
15.7667 776
15.7833 773
15.8 770
15.8167 767
15.8333 764
15.85 761
15.8667 758
15.8833 755
15.9 752
15.9167 748
15.9333 745
15.95 742
15.9667 739
15.9833 736
