9.0 514
9.0167 517
9.0333 521
9.05 524
9.0667 528
9.0833 531
9.1 535
9.1167 538
9.1333 542
9.15 545
9.1667 549
9.1833 552
9.2 556
9.2167 559
9.2333 563
9.25 566
9.2667 570
9.2833 573
9.3 577
9.3167 580
9.3333 583
9.35 587
9.3667 590
9.3833 594
9.4 597
9.4167 600
9.4333 604
9.45 607
9.4667 610
9.4833 614
9.5 617
9.5167 620
9.5333 623
9.55 627
9.5667 630
9.5833 633
9.6 636
9.6167 640
9.6333 643
9.65 646
9.6667 649
9.6833 652
9.7 656
9.7167 659
9.7333 662
9.75 665
9.7667 668
9.7833 671
9.8 674
9.8167 677
9.8333 680
9.85 684
9.8667 687
9.8833 690
9.9 693
9.9167 696
9.9333 699
9.95 702
9.9667 705
9.9833 707
10.0 710
10.0167 713
10.0333 716
10.05 719
10.0667 722
10.0833 725
10.1 728
10.1167 731
10.1333 733
10.15 736
10.1667 739
10.1833 742
10.2 745
10.2167 747
10.2333 750
10.25 753
10.2667 755
10.2833 758
10.3 761
10.3167 763
10.3333 766
10.35 769
10.3667 771
10.3833 774
10.4 777
10.4167 779
10.4333 782
10.45 784
10.4667 787
10.4833 789
10.5 792
10.5167 794
10.5333 797
10.55 799
10.5667 801
10.5833 804
10.6 806
10.6167 809
10.6333 811
10.65 813
10.6667 816
10.6833 818
10.7 820
10.7167 823
10.7333 825
10.75 827
10.7667 829
10.7833 832
10.8 834
10.8167 836
10.8333 838
10.85 840
10.8667 842
10.8833 845
10.9 847
10.9167 849
10.9333 851
10.95 853
10.9667 855
10.9833 857
11.0 859
11.0167 861
11.0333 863
11.05 865
11.0667 867
11.0833 869
11.1 870
11.1167 872
11.1333 874
11.15 876
11.1667 878
11.1833 880
11.2 881
11.2167 883
11.2333 885
11.25 887
11.2667 888
11.2833 890
11.3 892
11.3167 893
11.3333 895
11.35 897
11.3667 898
11.3833 900
11.4 901
11.4167 903
11.4333 905
11.45 906
11.4667 908
11.4833 909
11.5 911
11.5167 912
11.5333 913
11.55 915
11.5667 916
11.5833 918
11.6 919
11.6167 920
11.6333 922
11.65 923
11.6667 924
11.6833 925
11.7 927
11.7167 928
11.7333 929
11.75 930
11.7667 931
11.7833 932
11.8 934
11.8167 935
11.8333 936
11.85 937
11.8667 938
11.8833 939
11.9 940
11.9167 941
11.9333 942
11.95 943
11.9667 944
11.9833 945
12.0 946
12.0167 946
12.0333 947
12.05 948
12.0667 949
12.0833 950
12.1 950
12.1167 951
12.1333 952
12.15 953
12.1667 953
12.1833 954
12.2 955
12.2167 955
12.2333 956
12.25 957
12.2667 957
12.2833 958
12.3 958
12.3167 959
12.3333 959
12.35 960
12.3667 960
12.3833 961
12.4 961
12.4167 962
12.4333 962
12.45 962
12.4667 963
12.4833 963
12.5 963
12.5167 964
12.5333 964
12.55 964
12.5667 964
12.5833 965
12.6 965
12.6167 965
12.6333 965
12.65 965
12.6667 965
12.6833 965
12.7 965
12.7167 965
12.7333 965
12.75 965
12.7667 965
12.7833 965
12.8 965
12.8167 965
12.8333 965
12.85 965
12.8667 965
12.8833 965
12.9 965
12.9167 964
12.9333 964
12.95 964
12.9667 964
12.9833 964
13.0 963
13.0167 963
13.0333 963
13.05 962
13.0667 962
13.0833 962
13.1 961
13.1167 961
13.1333 960
13.15 960
13.1667 959
13.1833 959
13.2 958
13.2167 958
13.2333 957
13.25 957
13.2667 956
13.2833 955
13.3 955
13.3167 954
13.3333 953
13.35 953
13.3667 952
13.3833 951
13.4 950
13.4167 950
13.4333 949
13.45 948
13.4667 947
13.4833 946
13.5 946
13.5167 945
13.5333 944
13.55 943
13.5667 942
13.5833 941
13.6 940
13.6167 939
13.6333 938
13.65 937
13.6667 936
13.6833 935
13.7 934
13.7167 932
13.7333 931
13.75 930
13.7667 929
13.7833 928
13.8 927
13.8167 925
13.8333 924
13.85 923
13.8667 921
13.8833 920
13.9 919
13.9167 917
13.9333 916
13.95 915
13.9667 913
13.9833 912
14.0 910
14.0167 909
14.0333 907
14.05 906
14.0667 904
14.0833 903
14.1 901
14.1167 900
14.1333 898
14.15 897
14.1667 895
14.1833 893
14.2 892
14.2167 890
14.2333 888
14.25 887
14.2667 885
14.2833 883
14.3 881
14.3167 880
14.3333 878
14.35 876
14.3667 874
14.3833 872
14.4 870
14.4167 868
14.4333 867
14.45 865
14.4667 863
14.4833 861
14.5 859
14.5167 857
14.5333 855
14.55 853
14.5667 851
14.5833 849
14.6 847
14.6167 844
14.6333 842
14.65 840
14.6667 838
14.6833 836
14.7 834
14.7167 831
14.7333 829
14.75 827
14.7667 825
14.7833 823
14.8 820
14.8167 818
14.8333 816
14.85 813
14.8667 811
14.8833 809
14.9 806
14.9167 804
14.9333 801
14.95 799
14.9667 796
14.9833 794
15.0 791
15.0167 789
15.0333 786
15.05 784
15.0667 781
15.0833 778
15.1 776
15.1167 773
15.1333 771
15.15 768
15.1667 765
15.1833 763
15.2 760
15.2167 757
15.2333 755
15.25 752
15.2667 749
15.2833 747
15.3 744
15.3167 741
15.3333 738
15.35 735
15.3667 733
15.3833 730
15.4 727
15.4167 724
15.4333 721
15.45 718
15.4667 716
15.4833 713
15.5 710
15.5167 707
15.5333 704
15.55 701
15.5667 698
15.5833 695
15.6 692
15.6167 689
15.6333 686
15.65 683
15.6667 680
15.6833 677
15.7 674
15.7167 671
15.7333 667
15.75 664
15.7667 661
15.7833 658
15.8 655
15.8167 652
15.8333 649
15.85 645
15.8667 642
15.8833 639
15.9 636
15.9167 632
15.9333 629
15.95 626
15.9667 623
15.9833 619
