9.0 576
9.0167 579
9.0333 583
9.05 587
9.0667 591
9.0833 594
9.1 598
9.1167 601
9.1333 605
9.15 609
9.1667 612
9.1833 616
9.2 619
9.2167 623
9.2333 627
9.25 630
9.2667 634
9.2833 637
9.3 641
9.3167 644
9.3333 648
9.35 651
9.3667 655
9.3833 658
9.4 662
9.4167 665
9.4333 668
9.45 672
9.4667 675
9.4833 679
9.5 682
9.5167 685
9.5333 689
9.55 692
9.5667 695
9.5833 699
9.6 702
9.6167 705
9.6333 709
9.65 712
9.6667 715
9.6833 718
9.7 722
9.7167 725
9.7333 728
9.75 731
9.7667 734
9.7833 738
9.8 741
9.8167 744
9.8333 747
9.85 750
9.8667 753
9.8833 756
9.9 759
9.9167 762
9.9333 765
9.95 768
9.9667 771
9.9833 774
10.0 777
10.0167 780
10.0333 783
10.05 786
10.0667 789
10.0833 792
10.1 795
10.1167 798
10.1333 801
10.15 803
10.1667 806
10.1833 809
10.2 812
10.2167 815
10.2333 817
10.25 820
10.2667 823
10.2833 826
10.3 828
10.3167 831
10.3333 834
10.35 836
10.3667 839
10.3833 842
10.4 844
10.4167 847
10.4333 849
10.45 852
10.4667 854
10.4833 857
10.5 859
10.5167 862
10.5333 864
10.55 867
10.5667 869
10.5833 872
10.6 874
10.6167 877
10.6333 879
10.65 881
10.6667 884
10.6833 886
10.7 888
10.7167 891
10.7333 893
10.75 895
10.7667 897
10.7833 900
10.8 902
10.8167 904
10.8333 906
10.85 908
10.8667 910
10.8833 913
10.9 915
10.9167 917
10.9333 919
10.95 921
10.9667 923
10.9833 925
11.0 927
11.0167 929
11.0333 931
11.05 933
11.0667 935
11.0833 937
11.1 939
11.1167 940
11.1333 942
11.15 944
11.1667 946
11.1833 948
11.2 949
11.2167 951
11.2333 953
11.25 955
11.2667 956
11.2833 958
11.3 960
11.3167 961
11.3333 963
11.35 965
11.3667 966
11.3833 968
11.4 969
11.4167 971
11.4333 972
11.45 974
11.4667 975
11.4833 977
11.5 978
11.5167 980
11.5333 981
11.55 983
11.5667 984
11.5833 985
11.6 987
11.6167 988
11.6333 989
11.65 990
11.6667 992
11.6833 993
11.7 994
11.7167 995
11.7333 997
11.75 998
11.7667 999
11.7833 1000
11.8 1001
11.8167 1002
11.8333 1003
11.85 1004
11.8667 1005
11.8833 1006
11.9 1007
11.9167 1008
11.9333 1009
11.95 1010
11.9667 1011
11.9833 1012
12.0 1013
12.0167 1014
12.0333 1014
12.05 1015
12.0667 1016
12.0833 1017
12.1 1017
12.1167 1018
12.1333 1019
12.15 1020
12.1667 1020
12.1833 1021
12.2 1022
12.2167 1022
12.2333 1023
12.25 1023
12.2667 1024
12.2833 1024
12.3 1025
12.3167 1025
12.3333 1026
12.35 1026
12.3667 1027
12.3833 1027
12.4 1027
12.4167 1028
12.4333 1028
12.45 1029
12.4667 1029
12.4833 1029
12.5 1029
12.5167 1030
12.5333 1030
12.55 1030
12.5667 1030
12.5833 1030
12.6 1031
12.6167 1031
12.6333 1031
12.65 1031
12.6667 1031
12.6833 1031
12.7 1031
12.7167 1031
12.7333 1031
12.75 1031
12.7667 1031
12.7833 1031
12.8 1031
12.8167 1031
12.8333 1031
12.85 1030
12.8667 1030
12.8833 1030
12.9 1030
12.9167 1030
12.9333 1029
12.95 1029
12.9667 1029
12.9833 1028
13.0 1028
13.0167 1028
13.0333 1027
13.05 1027
13.0667 1027
13.0833 1026
13.1 1026
13.1167 1025
13.1333 1025
13.15 1024
13.1667 1024
13.1833 1023
13.2 1023
13.2167 1022
13.2333 1021
13.25 1021
13.2667 1020
13.2833 1019
13.3 1019
13.3167 1018
13.3333 1017
13.35 1016
13.3667 1016
13.3833 1015
13.4 1014
13.4167 1013
13.4333 1012
13.45 1011
13.4667 1011
13.4833 1010
13.5 1009
13.5167 1008
13.5333 1007
13.55 1006
13.5667 1005
13.5833 1004
13.6 1003
13.6167 1002
13.6333 1001
13.65 1000
13.6667 998
13.6833 997
13.7 996
13.7167 995
13.7333 994
13.75 992
13.7667 991
13.7833 990
13.8 989
13.8167 987
13.8333 986
13.85 985
13.8667 983
13.8833 982
13.9 981
13.9167 979
13.9333 978
13.95 976
13.9667 975
13.9833 973
14.0 972
14.0167 970
14.0333 969
14.05 967
14.0667 966
14.0833 964
14.1 962
14.1167 961
14.1333 959
14.15 957
14.1667 956
14.1833 954
14.2 952
14.2167 951
14.2333 949
14.25 947
14.2667 945
14.2833 943
14.3 942
14.3167 940
14.3333 938
14.35 936
14.3667 934
14.3833 932
14.4 930
14.4167 928
14.4333 926
14.45 924
14.4667 922
14.4833 920
14.5 918
14.5167 916
14.5333 914
14.55 912
14.5667 910
14.5833 907
14.6 905
14.6167 903
14.6333 901
14.65 899
14.6667 896
14.6833 894
14.7 892
14.7167 890
14.7333 887
14.75 885
14.7667 883
14.7833 880
14.8 878
14.8167 876
14.8333 873
14.85 871
14.8667 868
14.8833 866
14.9 863
14.9167 861
14.9333 858
14.95 856
14.9667 853
14.9833 851
15.0 848
15.0167 845
15.0333 843
15.05 840
15.0667 837
15.0833 835
15.1 832
15.1167 829
15.1333 827
15.15 824
15.1667 821
15.1833 818
15.2 816
15.2167 813
15.2333 810
15.25 807
15.2667 804
15.2833 802
15.3 799
15.3167 796
15.3333 793
15.35 790
15.3667 787
15.3833 784
15.4 781
15.4167 778
15.4333 775
15.45 773
15.4667 769
15.4833 766
15.5 763
15.5167 760
15.5333 757
15.55 754
15.5667 751
15.5833 748
15.6 745
15.6167 742
15.6333 739
15.65 736
15.6667 732
15.6833 729
15.7 726
15.7167 723
15.7333 720
15.75 716
15.7667 713
15.7833 710
15.8 707
15.8167 703
15.8333 700
15.85 697
15.8667 693
15.8833 690
15.9 687
15.9167 683
15.9333 680
15.95 677
15.9667 673
15.9833 670
