150111 2015 1 11 240.0 0.25 9.79
150116 2015 1 16 243.0 0.5 9.63
150207 2015 2 7 254.0 0.26 9.55
150209 2015 2 9 259.0 0.13 9.84
150210 2015 2 10 245.0 0.21 9.55
150218 2015 2 18 253.0 0.2 9.97
150220 2015 2 20 254.0 0.3 9.63
150221 2015 2 21 248.0 0.25 9.56
150221 2015 2 21 248.0 0.25 9.56
150303 2015 3 3 250.0 0.36 9.78
150312 2015 3 12 254.0 0.28 9.96
150323 2015 3 23 254.0 0.26 9.87
150324 2015 3 24 258.0 0.31 9.83
150327 2015 3 27 248.0 0.31 9.82
150328 2015 3 28 254.0 0.28 9.73
150329 2015 3 29 251.0 0.24 9.73
150330 2015 3 30 254.0 0.28 9.69
150402 2015 4 2 261.0 0.38 9.88
150428 2015 4 28 253.0 0.25 9.92
150501 2015 5 1 261.0 0.27 9.92
150507 2015 5 7 252.0 0.4 9.69
150509 2015 5 9 256.0 0.38 10.0
150525 2015 5 25 262.0 0.38 9.59
150626 2015 6 26 273.0 0.4 9.77
150706 2015 7 6 276.0 0.42 9.81
150710 2015 7 10 272.0 0.29 9.6
150711 2015 7 11 269.0 0.29 9.72
150712 2015 7 12 273.0 0.33 9.9
150713 2015 7 13 269.0 0.39 9.88
150714 2015 7 14 274.0 0.35 9.9
150715 2015 7 15 275.0 0.35 9.75
150719 2015 7 19 271.0 0.4 9.71
150721 2015 7 21 274.0 0.4 9.65
150723 2015 7 23 275.0 0.41 9.8
150727 2015 7 27 269.0 0.33 9.67
150728 2015 7 28 272.0 0.38 9.77
150729 2015 7 29 269.0 0.44 9.57
150731 2015 7 31 279.0 0.37 9.65
150802 2015 8 2 269.0 0.34 9.59
150804 2015 8 4 270.0 0.41 9.77
150805 2015 8 5 272.0 0.43 9.73
150806 2015 8 6 273.0 0.45 9.95
150807 2015 8 7 274.0 0.38 9.82
150808 2015 8 8 284.0 0.41 9.68
150809 2015 8 9 283.0 0.39 9.83
150810 2015 8 10 284.0 0.38 9.65
150811 2015 8 11 281.0 0.35 9.97
150813 2015 8 13 279.0 0.31 9.96
150818 2015 8 18 283.0 0.37 9.73
150826 2015 8 26 280.0 0.3 9.88
150827 2015 8 27 272.0 0.31 9.7
150829 2015 8 29 275.0 0.23 9.9
150830 2015 8 30 272.0 0.29 9.86
150901 2015 9 1 279.0 0.34 9.71
150903 2015 9 3 270.0 0.31 9.96
150905 2015 9 5 270.0 0.39 9.64
150908 2015 9 8 269.0 0.35 10.0
150928 2015 9 28 268.0 0.29 9.84
151001 2015 10 1 259.0 0.3 9.96
151002 2015 10 2 275.0 0.32 9.93
151011 2015 10 11 271.0 0.3 9.64
151012 2015 10 12 267.0 0.3 9.59
151014 2015 10 14 266.0 0.23 9.88
151015 2015 10 15 270.0 0.2 9.75
151025 2015 10 25 259.0 0.12 9.63
151026 2015 10 26 254.0 0.12 9.56
151027 2015 10 27 262.0 0.23 9.59
151028 2015 10 28 253.0 0.2 9.8
151101 2015 11 1 257.0 0.09 9.82
151203 2015 12 3 246.0 0.23 9.64
151214 2015 12 14 251.0 0.17 9.75
151215 2015 12 15 245.0 0.13 9.62
151225 2015 12 25 245.0 0.3 9.81
160111 2016 1 11 241.0 0.3 9.94
160203 2016 2 3 232.0 0.23 9.51
160210 2016 2 10 244.0 0.15 9.82
160211 2016 2 11 245.0 0.17 9.55
160212 2016 2 12 236.0 0.09 9.79
160213 2016 2 13 245.0 0.17 9.95
160214 2016 2 14 240.0 0.2 9.53
160215 2016 2 15 236.0 0.1 9.83
160216 2016 2 16 248.0 0.21 9.56
160217 2016 2 17 240.0 0.31 9.75
160218 2016 2 18 256.0 0.26 9.7
160219 2016 2 19 248.0 0.3 9.55
160224 2016 2 24 242.0 0.22 9.94
160225 2016 2 25 243.0 0.18 9.65
160301 2016 3 1 252.0 0.3 9.7
160302 2016 3 2 248.0 0.33 9.66
160312 2016 3 12 238.0 0.13 9.58
160321 2016 3 21 241.0 0.2 9.9
160322 2016 3 22 240.0 0.2 9.99
160323 2016 3 23 254.0 0.19 9.68
160323 2016 3 23 254.0 0.19 9.68
160324 2016 3 24 239.0 0.2 9.91
160325 2016 3 25 254.0 0.34 9.89
160401 2016 4 1 258.0 0.28 9.95
160404 2016 4 4 238.0 0.2 9.78
160405 2016 4 5 235.0 0.29 9.74
160417 2016 4 17 258.0 0.32 9.7
160418 2016 4 18 238.0 0.44 9.82
160425 2016 4 25 243.0 0.24 9.79
160426 2016 4 26 258.0 0.29 9.85
160427 2016 4 27 244.0 0.27 9.6
160428 2016 4 28 242.0 0.39 9.98
160430 2016 4 30 236.0 0.21 9.78
160504 2016 5 4 249.0 0.34 9.89
160506 2016 5 6 248.0 0.29 9.74
160510 2016 5 10 261.0 0.33 9.78
160517 2016 5 17 249.0 0.4 9.89
160607 2016 6 7 265.0 0.25 9.74
160609 2016 6 9 265.0 0.25 9.83
160614 2016 6 14 262.0 0.39 9.64
160618 2016 6 18 267.0 0.27 9.84
160622 2016 6 22 266.0 0.29 9.96
160702 2016 7 2 263.0 0.38 9.7
160723 2016 7 23 272.0 0.32 9.69
160724 2016 7 24 275.0 0.3 9.85
160729 2016 7 29 269.0 0.31 9.76
160731 2016 7 31 269.0 0.29 10.0
160802 2016 8 2 272.0 0.32 9.62
160803 2016 8 3 275.0 0.38 9.78
160804 2016 8 4 268.0 0.37 9.66
160809 2016 8 9 282.0 0.43 9.84
160812 2016 8 12 276.0 0.36 9.9
160825 2016 8 25 277.0 0.5 9.66
160903 2016 9 3 270.0 0.32 10.0
160908 2016 9 8 269.0 0.45 9.87
160909 2016 9 9 264.0 0.46 9.83
160912 2016 9 12 266.0 0.49 9.76
160917 2016 9 17 269.0 0.41 9.73
160920 2016 9 20 268.0 0.38 9.64
160921 2016 9 21 255.0 0.39 9.84
160923 2016 9 23 258.0 0.5 9.7
161005 2016 10 5 262.0 0.49 9.89
161011 2016 10 11 264.0 0.47 9.66
161012 2016 10 12 266.0 0.47 9.91
161013 2016 10 13 263.0 0.48 9.82
161016 2016 10 16 262.0 0.48 9.6
161018 2016 10 18 255.0 0.44 9.93
170211 2017 2 11 246.0 0.63 9.74
170217 2017 2 17 246.0 0.51 9.57
170218 2017 2 18 250.0 0.41 9.86
170220 2017 2 20 245.0 0.45 9.49
170221 2017 2 21 244.0 0.37 9.79
170222 2017 2 22 245.0 0.39 9.5
170223 2017 2 23 249.0 0.46 9.61
170224 2017 2 24 245.0 0.43 9.86
170227 2017 2 27 250.0 0.43 9.68
170301 2017 3 1 254.0 0.54 9.7
170306 2017 3 6 258.0 0.54 9.87
170317 2017 3 17 254.0 0.44 9.58
170318 2017 3 18 264.0 0.44 9.95
170321 2017 3 21 253.0 0.54 9.55
170322 2017 3 22 249.0 0.52 9.91
170324 2017 3 24 259.0 0.55 9.89
170325 2017 3 25 261.0 0.44 9.8
170327 2017 3 27 266.0 0.58 9.62
170329 2017 3 29 255.0 0.51 9.82
170330 2017 3 30 252.0 0.5 9.92
170331 2017 3 31 256.0 0.46 9.73
170401 2017 4 1 258.0 0.49 9.71
170403 2017 4 3 260.0 0.44 9.72
170405 2017 4 5 257.0 0.45 9.93
170419 2017 4 19 259.0 0.59 9.59
170426 2017 4 26 264.0 0.59 9.81
170427 2017 4 27 258.0 0.71 9.97
170430 2017 4 30 261.0 0.58 9.72
170501 2017 5 1 256.0 0.62 9.77
170502 2017 5 2 263.0 0.72 9.65
170503 2017 5 3 249.0 0.67 10.0
170504 2017 5 4 257.0 0.64 9.61
170505 2017 5 5 265.0 0.57 9.57
170506 2017 5 6 261.0 0.62 9.82
170514 2017 5 14 265.0 0.68 9.85
170524 2017 5 24 270.0 0.7 9.73
170525 2017 5 25 269.0 0.66 9.76
170608 2017 6 8 269.0 0.63 9.74
170611 2017 6 11 269.0 0.64 9.65
170612 2017 6 12 268.0 0.66 9.55
170616 2017 6 16 265.0 0.65 9.68
170617 2017 6 17 267.0 0.66 9.62
170618 2017 6 18 260.0 0.62 9.81
170619 2017 6 19 268.0 0.7 9.7
170629 2017 6 29 261.0 0.67 9.86
170703 2017 7 3 270.0 0.71 9.77
170704 2017 7 4 256.0 0.74 9.85
170706 2017 7 6 261.0 0.66 9.53
170721 2017 7 21 265.0 0.61 9.73
170724 2017 7 24 261.0 0.62 9.6
170729 2017 7 29 269.0 0.62 9.91
170801 2017 8 1 272.0 0.61 9.92
170812 2017 8 12 265.0 0.56 9.81
170813 2017 8 13 270.0 0.55 9.59
170815 2017 8 15 273.0 0.6 9.8
170816 2017 8 16 265.0 0.61 9.96
170819 2017 8 19 272.0 0.56 9.59
170820 2017 8 20 271.0 0.53 9.86
170823 2017 8 23 268.0 0.47 9.96
170902 2017 9 2 269.0 0.55 9.77
170908 2017 9 8 259.0 0.44 9.88
170911 2017 9 11 269.0 0.48 9.61
170913 2017 9 13 272.0 0.53 9.74
170914 2017 9 14 267.0 0.57 9.7
170915 2017 9 15 265.0 0.55 9.89
171007 2017 10 7 262.0 0.57 9.67
171008 2017 10 8 260.0 0.52 9.96
171009 2017 10 9 269.0 0.46 9.76
171017 2017 10 17 261.0 0.27 9.67
171018 2017 10 18 261.0 0.32 9.53
171019 2017 10 19 267.0 0.33 9.99
171023 2017 10 23 260.0 0.42 9.65
171025 2017 10 25 260.0 0.35 9.54
171026 2017 10 26 249.0 0.35 9.49
171028 2017 10 28 264.0 0.32 9.97
171029 2017 10 29 259.0 0.36 9.93
171209 2017 12 9 245.0 0.38 9.88
180215 2018 2 15 245.0 0.63 9.66
180216 2018 2 16 245.0 0.66 9.93
180302 2018 3 2 255.0 0.56 9.89
180304 2018 3 4 251.0 0.67 9.91
180305 2018 3 5 253.0 0.7 9.56
180307 2018 3 7 255.0 0.59 9.62
180316 2018 3 16 256.0 0.51 9.7
180317 2018 3 17 257.0 0.47 9.89
180319 2018 3 19 259.0 0.48 9.94
180320 2018 3 20 263.0 0.52 9.99
180325 2018 3 25 256.0 0.68 9.8
180330 2018 3 30 252.0 0.54 9.78
180331 2018 3 31 254.0 0.53 9.85
180402 2018 4 2 258.0 0.61 9.78
180406 2018 4 6 267.0 0.61 9.55
180408 2018 4 8 265.0 0.59 9.87
180408 2018 4 8 265.0 0.59 9.87
180409 2018 4 9 263.0 0.73 9.82
180414 2018 4 14 258.0 0.53 9.69
180415 2018 4 15 270.0 0.42 9.75
180416 2018 4 16 258.0 0.52 9.98
180417 2018 4 17 262.0 0.63 9.58
180501 2018 5 1 266.0 0.59 9.57
180508 2018 5 8 258.0 0.55 9.99
180515 2018 5 15 257.0 0.62 9.9
180516 2018 5 16 261.0 0.64 9.81
180517 2018 5 17 265.0 0.61 9.81
180525 2018 5 25 261.0 0.67 9.75
180526 2018 5 26 277.0 0.63 9.58
180527 2018 5 27 278.0 0.63 9.57
180528 2018 5 28 268.0 0.7 9.87
180529 2018 5 29 268.0 0.7 9.71
180530 2018 5 30 270.0 0.72 9.62
180604 2018 6 4 270.0 0.71 9.89
180605 2018 6 5 266.0 0.63 9.8
180606 2018 6 6 260.0 0.59 9.58
180607 2018 6 7 259.0 0.69 9.82
180623 2018 6 23 264.0 0.67 9.65
180628 2018 6 28 270.0 0.73 9.76
180629 2018 6 29 268.0 0.8 9.67
180702 2018 7 2 263.0 0.7 9.99
180704 2018 7 4 276.0 0.7 9.63
180711 2018 7 11 271.0 0.65 9.61
180715 2018 7 15 271.0 0.67 9.74
180716 2018 7 16 266.0 0.71 9.58
180717 2018 7 17 267.0 0.63 9.6
180718 2018 7 18 265.0 0.67 9.99
180719 2018 7 19 269.0 0.66 9.84
180721 2018 7 21 269.0 0.69 9.95
180722 2018 7 22 262.0 0.64 9.87
180728 2018 7 28 269.0 0.74 9.64
180729 2018 7 29 271.0 0.73 9.62
180730 2018 7 30 277.0 0.7 9.95
180801 2018 8 1 271.0 0.66 9.58
180802 2018 8 2 276.0 0.57 9.75
180803 2018 8 3 273.0 0.59 9.89
180808 2018 8 8 272.0 0.58 9.97
180810 2018 8 10 273.0 0.6 9.82
180811 2018 8 11 272.0 0.77 9.66
180814 2018 8 14 280.0 0.62 9.99
180815 2018 8 15 284.0 0.64 9.91
180816 2018 8 16 282.0 0.6 9.67
180817 2018 8 17 268.0 0.66 9.63
180818 2018 8 18 273.0 0.63 9.74
180819 2018 8 19 276.0 0.61 9.67
180820 2018 8 20 272.0 0.64 9.98
180823 2018 8 23 268.0 0.61 9.77
180824 2018 8 24 276.0 0.6 9.74
180825 2018 8 25 273.0 0.54 9.99
180826 2018 8 26 277.0 0.6 9.94
180827 2018 8 27 272.0 0.58 9.57
180828 2018 8 28 281.0 0.65 9.76
180830 2018 8 30 275.0 0.52 9.77
180901 2018 9 1 277.0 0.6 9.95
180903 2018 9 3 269.0 0.62 9.87
180921 2018 9 21 269.0 0.77 9.52
180925 2018 9 25 266.0 0.67 9.66
181027 2018 10 27 248.0 0.67 9.47
181028 2018 10 28 250.0 0.6 9.92
181126 2018 11 26 249.0 0.71 9.56
181210 2018 12 10 245.0 0.69 9.54
190213 2019 2 13 239.0 0.63 9.85
190214 2019 2 14 245.0 0.99 9.8
190216 2019 2 16 238.0 0.65 9.45
190217 2019 2 17 241.0 0.69 9.71
190224 2019 2 24 242.0 0.63 9.95
190225 2019 2 25 249.0 0.81 9.75
190227 2019 2 27 247.0 0.73 9.71
190302 2019 3 2 254.0 0.83 9.89
190310 2019 3 10 263.0 0.68 9.62
190313 2019 3 13 251.0 0.67 9.59
190314 2019 3 14 251.0 0.58 9.91
190323 2019 3 23 254.0 0.69 9.83
190324 2019 3 24 256.0 0.62 9.87
190404 2019 4 4 257.0 0.76 9.7
190406 2019 4 6 258.0 0.61 9.67
190407 2019 4 7 263.0 0.66 9.53
190408 2019 4 8 258.0 0.66 9.52
190409 2019 4 9 267.0 0.65 9.92
190410 2019 4 10 258.0 0.69 9.58
190411 2019 4 11 263.0 0.73 9.79
190413 2019 4 13 251.0 0.6 9.66
190414 2019 4 14 257.0 0.67 9.82
190418 2019 4 18 256.0 0.57 9.75
190419 2019 4 19 258.0 0.63 9.61
190421 2019 4 21 251.0 0.71 9.74
190425 2019 4 25 260.0 0.59 9.94
190427 2019 4 27 253.0 0.68 9.77
190501 2019 5 1 255.0 0.76 9.55
190518 2019 5 18 262.0 0.78 9.55
190519 2019 5 19 261.0 0.84 9.99
190521 2019 5 21 261.0 0.65 9.69
190522 2019 5 22 266.0 0.9 9.87
190606 2019 6 6 265.0 0.63 9.8
190609 2019 6 9 268.0 0.66 9.75
190614 2019 6 14 267.0 0.74 9.94
190615 2019 6 15 264.0 0.73 9.97
190618 2019 6 18 255.0 0.72 9.55
190628 2019 6 28 273.0 0.79 9.55
190629 2019 6 29 265.0 0.76 9.96
190705 2019 7 5 261.0 0.84 9.98
190706 2019 7 6 269.0 0.77 9.53
190709 2019 7 9 271.0 0.77 9.78
190718 2019 7 18 278.0 0.76 9.91
190719 2019 7 19 272.0 0.73 9.56
190720 2019 7 20 263.0 0.73 9.86
190728 2019 7 28 273.0 0.75 9.75
190729 2019 7 29 269.0 0.77 9.95
190731 2019 7 31 269.0 0.75 9.91
190801 2019 8 1 271.0 0.75 9.54
190802 2019 8 2 262.0 0.78 9.56
190807 2019 8 7 272.0 0.75 9.84
190808 2019 8 8 270.0 0.75 9.6
190809 2019 8 9 272.0 0.72 9.9
190810 2019 8 10 268.0 0.74 9.75
190811 2019 8 11 264.0 0.73 9.85
190812 2019 8 12 268.0 0.75 9.96
190813 2019 8 13 261.0 0.73 9.78
190814 2019 8 14 272.0 0.79 9.89
190817 2019 8 17 273.0 0.78 9.98
190820 2019 8 20 281.0 0.74 9.91
190826 2019 8 26 276.0 0.63 9.87
190827 2019 8 27 275.0 0.7 9.71
