9.0 457
9.0167 460
9.0333 463
9.05 466
9.0667 470
9.0833 473
9.1 476
9.1167 479
9.1333 482
9.15 485
9.1667 488
9.1833 491
9.2 494
9.2167 497
9.2333 500
9.25 503
9.2667 506
9.2833 509
9.3 512
9.3167 515
9.3333 518
9.35 521
9.3667 523
9.3833 526
9.4 529
9.4167 532
9.4333 535
9.45 538
9.4667 541
9.4833 544
9.5 547
9.5167 549
9.5333 552
9.55 555
9.5667 558
9.5833 561
9.6 564
9.6167 566
9.6333 569
9.65 572
9.6667 575
9.6833 578
9.7 580
9.7167 583
9.7333 586
9.75 588
9.7667 591
9.7833 594
9.8 597
9.8167 599
9.8333 602
9.85 605
9.8667 607
9.8833 610
9.9 612
9.9167 615
9.9333 618
9.95 620
9.9667 623
9.9833 625
10.0 628
10.0167 630
10.0333 633
10.05 635
10.0667 638
10.0833 640
10.1 643
10.1167 645
10.1333 648
10.15 650
10.1667 653
10.1833 655
10.2 658
10.2167 660
10.2333 662
10.25 665
10.2667 667
10.2833 669
10.3 672
10.3167 674
10.3333 676
10.35 679
10.3667 681
10.3833 683
10.4 685
10.4167 688
10.4333 690
10.45 692
10.4667 694
10.4833 696
10.5 699
10.5167 701
10.5333 703
10.55 705
10.5667 707
10.5833 709
10.6 711
10.6167 713
10.6333 715
10.65 717
10.6667 719
10.6833 721
10.7 723
10.7167 725
10.7333 727
10.75 729
10.7667 731
10.7833 733
10.8 735
10.8167 737
10.8333 739
10.85 741
10.8667 742
10.8833 744
10.9 746
10.9167 748
10.9333 750
10.95 751
10.9667 753
10.9833 755
11.0 756
11.0167 758
11.0333 760
11.05 761
11.0667 763
11.0833 765
11.1 766
11.1167 768
11.1333 770
11.15 771
11.1667 773
11.1833 774
11.2 776
11.2167 777
11.2333 779
11.25 780
11.2667 782
11.2833 783
11.3 784
11.3167 786
11.3333 787
11.35 789
11.3667 790
11.3833 791
11.4 793
11.4167 794
11.4333 795
11.45 796
11.4667 798
11.4833 799
11.5 800
11.5167 801
11.5333 803
11.55 804
11.5667 805
11.5833 806
11.6 807
11.6167 808
11.6333 809
11.65 810
11.6667 811
11.6833 812
11.7 813
11.7167 814
11.7333 815
11.75 816
11.7667 817
11.7833 818
11.8 819
11.8167 820
11.8333 821
11.85 822
11.8667 822
11.8833 823
11.9 824
11.9167 825
11.9333 826
11.95 826
11.9667 827
11.9833 828
12.0 828
12.0167 829
12.0333 830
12.05 830
12.0667 831
12.0833 832
12.1 832
12.1167 833
12.1333 833
12.15 834
12.1667 834
12.1833 835
12.2 835
12.2167 836
12.2333 836
12.25 837
12.2667 837
12.2833 837
12.3 838
12.3167 838
12.3333 839
12.35 839
12.3667 839
12.3833 839
12.4 840
12.4167 840
12.4333 840
12.45 840
12.4667 840
12.4833 841
12.5 841
12.5167 841
12.5333 841
12.55 841
12.5667 841
12.5833 841
12.6 841
12.6167 841
12.6333 841
12.65 841
12.6667 841
12.6833 841
12.7 841
12.7167 841
12.7333 841
12.75 841
12.7667 841
12.7833 841
12.8 840
12.8167 840
12.8333 840
12.85 840
12.8667 840
12.8833 839
12.9 839
12.9167 839
12.9333 838
12.95 838
12.9667 838
12.9833 837
13.0 837
13.0167 836
13.0333 836
13.05 836
13.0667 835
13.0833 835
13.1 834
13.1167 834
13.1333 833
13.15 832
13.1667 832
13.1833 831
13.2 831
13.2167 830
13.2333 829
13.25 829
13.2667 828
13.2833 827
13.3 827
13.3167 826
13.3333 825
13.35 824
13.3667 824
13.3833 823
13.4 822
13.4167 821
13.4333 820
13.45 819
13.4667 819
13.4833 818
13.5 817
13.5167 816
13.5333 815
13.55 814
13.5667 813
13.5833 812
13.6 811
13.6167 810
13.6333 809
13.65 808
13.6667 806
13.6833 805
13.7 804
13.7167 803
13.7333 802
13.75 801
13.7667 799
13.7833 798
13.8 797
13.8167 796
13.8333 794
13.85 793
13.8667 792
13.8833 791
13.9 789
13.9167 788
13.9333 786
13.95 785
13.9667 784
13.9833 782
14.0 781
14.0167 779
14.0333 778
14.05 776
14.0667 775
14.0833 773
14.1 772
14.1167 770
14.1333 769
14.15 767
14.1667 765
14.1833 764
14.2 762
14.2167 761
14.2333 759
14.25 757
14.2667 755
14.2833 754
14.3 752
14.3167 750
14.3333 749
14.35 747
14.3667 745
14.3833 743
14.4 741
14.4167 739
14.4333 738
14.45 736
14.4667 734
14.4833 732
14.5 730
14.5167 728
14.5333 726
14.55 724
14.5667 722
14.5833 720
14.6 718
14.6167 716
14.6333 714
14.65 712
14.6667 710
14.6833 708
14.7 706
14.7167 704
14.7333 702
14.75 699
14.7667 697
14.7833 695
14.8 693
14.8167 691
14.8333 689
14.85 686
14.8667 684
14.8833 682
14.9 680
14.9167 677
14.9333 675
14.95 673
14.9667 670
14.9833 668
15.0 666
15.0167 663
15.0333 661
15.05 659
15.0667 656
15.0833 654
15.1 651
15.1167 649
15.1333 647
15.15 644
15.1667 642
15.1833 639
15.2 637
15.2167 634
15.2333 632
15.25 629
15.2667 627
15.2833 624
15.3 621
15.3167 619
15.3333 616
15.35 614
15.3667 611
15.3833 608
15.4 606
15.4167 603
15.4333 601
15.45 598
15.4667 595
15.4833 592
15.5 590
15.5167 587
15.5333 584
15.55 582
15.5667 579
15.5833 576
15.6 573
15.6167 571
15.6333 568
15.65 565
15.6667 562
15.6833 559
15.7 557
15.7167 554
15.7333 551
15.75 548
15.7667 545
15.7833 542
15.8 539
15.8167 536
15.8333 534
15.85 531
15.8667 528
15.8833 525
15.9 522
15.9167 519
15.9333 516
15.95 513
15.9667 510
15.9833 507
