9.0 463
9.0167 466
9.0333 469
9.05 472
9.0667 475
9.0833 478
9.1 481
9.1167 484
9.1333 487
9.15 490
9.1667 493
9.1833 496
9.2 499
9.2167 502
9.2333 505
9.25 508
9.2667 511
9.2833 513
9.3 516
9.3167 519
9.3333 522
9.35 525
9.3667 528
9.3833 531
9.4 534
9.4167 537
9.4333 540
9.45 542
9.4667 545
9.4833 548
9.5 551
9.5167 554
9.5333 557
9.55 559
9.5667 562
9.5833 565
9.6 568
9.6167 570
9.6333 573
9.65 576
9.6667 579
9.6833 581
9.7 584
9.7167 587
9.7333 589
9.75 592
9.7667 595
9.7833 597
9.8 600
9.8167 603
9.8333 605
9.85 608
9.8667 611
9.8833 613
9.9 616
9.9167 618
9.9333 621
9.95 623
9.9667 626
9.9833 629
10.0 631
10.0167 634
10.0333 636
10.05 639
10.0667 641
10.0833 643
10.1 646
10.1167 648
10.1333 651
10.15 653
10.1667 656
10.1833 658
10.2 660
10.2167 663
10.2333 665
10.25 667
10.2667 670
10.2833 672
10.3 674
10.3167 677
10.3333 679
10.35 681
10.3667 683
10.3833 685
10.4 688
10.4167 690
10.4333 692
10.45 694
10.4667 696
10.4833 699
10.5 701
10.5167 703
10.5333 705
10.55 707
10.5667 709
10.5833 711
10.6 713
10.6167 715
10.6333 717
10.65 719
10.6667 721
10.6833 723
10.7 725
10.7167 727
10.7333 729
10.75 731
10.7667 733
10.7833 735
10.8 737
10.8167 738
10.8333 740
10.85 742
10.8667 744
10.8833 746
10.9 747
10.9167 749
10.9333 751
10.95 753
10.9667 754
10.9833 756
11.0 758
11.0167 759
11.0333 761
11.05 763
11.0667 764
11.0833 766
11.1 768
11.1167 769
11.1333 771
11.15 772
11.1667 774
11.1833 775
11.2 777
11.2167 778
11.2333 780
11.25 781
11.2667 783
11.2833 784
11.3 785
11.3167 787
11.3333 788
11.35 790
11.3667 791
11.3833 792
11.4 793
11.4167 795
11.4333 796
11.45 797
11.4667 798
11.4833 800
11.5 801
11.5167 802
11.5333 803
11.55 804
11.5667 806
11.5833 807
11.6 808
11.6167 809
11.6333 810
11.65 811
11.6667 812
11.6833 813
11.7 814
11.7167 815
11.7333 816
11.75 817
11.7667 818
11.7833 819
11.8 820
11.8167 820
11.8333 821
11.85 822
11.8667 823
11.8833 824
11.9 825
11.9167 825
11.9333 826
11.95 827
11.9667 828
11.9833 828
12.0 829
12.0167 830
12.0333 830
12.05 831
12.0667 831
12.0833 832
12.1 833
12.1167 833
12.1333 834
12.15 834
12.1667 835
12.1833 835
12.2 836
12.2167 836
12.2333 837
12.25 837
12.2667 837
12.2833 838
12.3 838
12.3167 838
12.3333 839
12.35 839
12.3667 839
12.3833 840
12.4 840
12.4167 840
12.4333 840
12.45 841
12.4667 841
12.4833 841
12.5 841
12.5167 841
12.5333 841
12.55 841
12.5667 842
12.5833 842
12.6 842
12.6167 842
12.6333 842
12.65 842
12.6667 842
12.6833 842
12.7 842
12.7167 841
12.7333 841
12.75 841
12.7667 841
12.7833 841
12.8 841
12.8167 841
12.8333 840
12.85 840
12.8667 840
12.8833 840
12.9 839
12.9167 839
12.9333 839
12.95 838
12.9667 838
12.9833 838
13.0 837
13.0167 837
13.0333 837
13.05 836
13.0667 836
13.0833 835
13.1 835
13.1167 834
13.1333 834
13.15 833
13.1667 832
13.1833 832
13.2 831
13.2167 831
13.2333 830
13.25 829
13.2667 829
13.2833 828
13.3 827
13.3167 827
13.3333 826
13.35 825
13.3667 824
13.3833 824
13.4 823
13.4167 822
13.4333 821
13.45 820
13.4667 819
13.4833 818
13.5 818
13.5167 817
13.5333 816
13.55 815
13.5667 814
13.5833 813
13.6 812
13.6167 811
13.6333 810
13.65 809
13.6667 808
13.6833 806
13.7 805
13.7167 804
13.7333 803
13.75 802
13.7667 801
13.7833 799
13.8 798
13.8167 797
13.8333 796
13.85 794
13.8667 793
13.8833 792
13.9 791
13.9167 789
13.9333 788
13.95 787
13.9667 785
13.9833 784
14.0 782
14.0167 781
14.0333 779
14.05 778
14.0667 776
14.0833 775
14.1 773
14.1167 772
14.1333 770
14.15 769
14.1667 767
14.1833 766
14.2 764
14.2167 762
14.2333 761
14.25 759
14.2667 757
14.2833 756
14.3 754
14.3167 752
14.3333 751
14.35 749
14.3667 747
14.3833 745
14.4 744
14.4167 742
14.4333 740
14.45 738
14.4667 736
14.4833 734
14.5 732
14.5167 731
14.5333 729
14.55 727
14.5667 725
14.5833 723
14.6 721
14.6167 719
14.6333 717
14.65 715
14.6667 713
14.6833 711
14.7 709
14.7167 707
14.7333 704
14.75 702
14.7667 700
14.7833 698
14.8 696
14.8167 694
14.8333 692
14.85 689
14.8667 687
14.8833 685
14.9 683
14.9167 681
14.9333 678
14.95 676
14.9667 674
14.9833 671
15.0 669
15.0167 667
15.0333 665
15.05 662
15.0667 660
15.0833 658
15.1 655
15.1167 653
15.1333 650
15.15 648
15.1667 646
15.1833 643
15.2 641
15.2167 638
15.2333 636
15.25 633
15.2667 631
15.2833 628
15.3 626
15.3167 623
15.3333 621
15.35 618
15.3667 615
15.3833 613
15.4 610
15.4167 608
15.4333 605
15.45 602
15.4667 600
15.4833 597
15.5 594
15.5167 592
15.5333 589
15.55 586
15.5667 584
15.5833 581
15.6 578
15.6167 575
15.6333 573
15.65 570
15.6667 567
15.6833 564
15.7 562
15.7167 559
15.7333 556
15.75 553
15.7667 550
15.7833 548
15.8 545
15.8167 542
15.8333 539
15.85 536
15.8667 533
15.8833 531
15.9 528
15.9167 525
15.9333 522
15.95 519
15.9667 516
15.9833 513
