9.0 670
9.0167 673
9.0333 676
9.05 680
9.0667 683
9.0833 687
9.1 690
9.1167 694
9.1333 697
9.15 700
9.1667 704
9.1833 707
9.2 710
9.2167 714
9.2333 717
9.25 720
9.2667 724
9.2833 727
9.3 730
9.3167 733
9.3333 737
9.35 740
9.3667 743
9.3833 746
9.4 750
9.4167 753
9.4333 756
9.45 759
9.4667 762
9.4833 765
9.5 769
9.5167 772
9.5333 775
9.55 778
9.5667 781
9.5833 784
9.6 787
9.6167 790
9.6333 793
9.65 796
9.6667 799
9.6833 802
9.7 805
9.7167 808
9.7333 811
9.75 814
9.7667 817
9.7833 820
9.8 823
9.8167 826
9.8333 829
9.85 831
9.8667 834
9.8833 837
9.9 840
9.9167 843
9.9333 846
9.95 848
9.9667 851
9.9833 854
10.0 857
10.0167 859
10.0333 862
10.05 865
10.0667 867
10.0833 870
10.1 873
10.1167 875
10.1333 878
10.15 881
10.1667 883
10.1833 886
10.2 888
10.2167 891
10.2333 894
10.25 896
10.2667 899
10.2833 901
10.3 904
10.3167 906
10.3333 909
10.35 911
10.3667 913
10.3833 916
10.4 918
10.4167 921
10.4333 923
10.45 925
10.4667 928
10.4833 930
10.5 932
10.5167 935
10.5333 937
10.55 939
10.5667 941
10.5833 944
10.6 946
10.6167 948
10.6333 950
10.65 952
10.6667 954
10.6833 957
10.7 959
10.7167 961
10.7333 963
10.75 965
10.7667 967
10.7833 969
10.8 971
10.8167 973
10.8333 975
10.85 977
10.8667 979
10.8833 981
10.9 983
10.9167 985
10.9333 987
10.95 988
10.9667 990
10.9833 992
11.0 994
11.0167 996
11.0333 998
11.05 999
11.0667 1001
11.0833 1003
11.1 1005
11.1167 1006
11.1333 1008
11.15 1010
11.1667 1011
11.1833 1013
11.2 1014
11.2167 1016
11.2333 1018
11.25 1019
11.2667 1021
11.2833 1022
11.3 1024
11.3167 1025
11.3333 1027
11.35 1028
11.3667 1030
11.3833 1031
11.4 1032
11.4167 1034
11.4333 1035
11.45 1037
11.4667 1038
11.4833 1039
11.5 1041
11.5167 1042
11.5333 1043
11.55 1044
11.5667 1046
11.5833 1047
11.6 1048
11.6167 1049
11.6333 1050
11.65 1051
11.6667 1053
11.6833 1054
11.7 1055
11.7167 1056
11.7333 1057
11.75 1058
11.7667 1059
11.7833 1060
11.8 1061
11.8167 1062
11.8333 1063
11.85 1064
11.8667 1065
11.8833 1065
11.9 1066
11.9167 1067
11.9333 1068
11.95 1069
11.9667 1070
11.9833 1070
12.0 1071
12.0167 1072
12.0333 1073
12.05 1073
12.0667 1074
12.0833 1075
12.1 1075
12.1167 1076
12.1333 1076
12.15 1077
12.1667 1078
12.1833 1078
12.2 1079
12.2167 1079
12.2333 1080
12.25 1080
12.2667 1081
12.2833 1081
12.3 1082
12.3167 1082
12.3333 1082
12.35 1083
12.3667 1083
12.3833 1083
12.4 1084
12.4167 1084
12.4333 1084
12.45 1084
12.4667 1085
12.4833 1085
12.5 1085
12.5167 1085
12.5333 1085
12.55 1086
12.5667 1086
12.5833 1086
12.6 1086
12.6167 1086
12.6333 1086
12.65 1086
12.6667 1086
12.6833 1086
12.7 1086
12.7167 1086
12.7333 1086
12.75 1086
12.7667 1086
12.7833 1086
12.8 1085
12.8167 1085
12.8333 1085
12.85 1085
12.8667 1085
12.8833 1084
12.9 1084
12.9167 1084
12.9333 1084
12.95 1083
12.9667 1083
12.9833 1083
13.0 1082
13.0167 1082
13.0333 1082
13.05 1081
13.0667 1081
13.0833 1080
13.1 1080
13.1167 1079
13.1333 1079
13.15 1078
13.1667 1078
13.1833 1077
13.2 1076
13.2167 1076
13.2333 1075
13.25 1075
13.2667 1074
13.2833 1073
13.3 1073
13.3167 1072
13.3333 1071
13.35 1070
13.3667 1070
13.3833 1069
13.4 1068
13.4167 1067
13.4333 1066
13.45 1065
13.4667 1065
13.4833 1064
13.5 1063
13.5167 1062
13.5333 1061
13.55 1060
13.5667 1059
13.5833 1058
13.6 1057
13.6167 1056
13.6333 1055
13.65 1054
13.6667 1053
13.6833 1051
13.7 1050
13.7167 1049
13.7333 1048
13.75 1047
13.7667 1046
13.7833 1044
13.8 1043
13.8167 1042
13.8333 1041
13.85 1039
13.8667 1038
13.8833 1037
13.9 1035
13.9167 1034
13.9333 1032
13.95 1031
13.9667 1030
13.9833 1028
14.0 1027
14.0167 1025
14.0333 1024
14.05 1022
14.0667 1021
14.0833 1019
14.1 1018
14.1167 1016
14.1333 1014
14.15 1013
14.1667 1011
14.1833 1010
14.2 1008
14.2167 1006
14.2333 1004
14.25 1003
14.2667 1001
14.2833 999
14.3 998
14.3167 996
14.3333 994
14.35 992
14.3667 990
14.3833 988
14.4 987
14.4167 985
14.4333 983
14.45 981
14.4667 979
14.4833 977
14.5 975
14.5167 973
14.5333 971
14.55 969
14.5667 967
14.5833 965
14.6 963
14.6167 961
14.6333 959
14.65 957
14.6667 954
14.6833 952
14.7 950
14.7167 948
14.7333 946
14.75 944
14.7667 941
14.7833 939
14.8 937
14.8167 935
14.8333 932
14.85 930
14.8667 928
14.8833 925
14.9 923
14.9167 921
14.9333 918
14.95 916
14.9667 913
14.9833 911
15.0 909
15.0167 906
15.0333 904
15.05 901
15.0667 899
15.0833 896
15.1 894
15.1167 891
15.1333 889
15.15 886
15.1667 883
15.1833 881
15.2 878
15.2167 876
15.2333 873
15.25 870
15.2667 868
15.2833 865
15.3 862
15.3167 859
15.3333 857
15.35 854
15.3667 851
15.3833 848
15.4 846
15.4167 843
15.4333 840
15.45 837
15.4667 834
15.4833 832
15.5 829
15.5167 826
15.5333 823
15.55 820
15.5667 817
15.5833 814
15.6 811
15.6167 808
15.6333 805
15.65 802
15.6667 799
15.6833 796
15.7 793
15.7167 790
15.7333 787
15.75 784
15.7667 781
15.7833 778
15.8 775
15.8167 772
15.8333 769
15.85 765
15.8667 762
15.8833 759
15.9 756
15.9167 753
15.9333 750
15.95 746
15.9667 743
15.9833 740
