9.0 661
9.0167 664
9.0333 668
9.05 671
9.0667 675
9.0833 678
9.1 682
9.1167 685
9.1333 688
9.15 692
9.1667 695
9.1833 698
9.2 702
9.2167 705
9.2333 708
9.25 712
9.2667 715
9.2833 718
9.3 722
9.3167 725
9.3333 728
9.35 731
9.3667 735
9.3833 738
9.4 741
9.4167 744
9.4333 748
9.45 751
9.4667 754
9.4833 757
9.5 760
9.5167 763
9.5333 766
9.55 770
9.5667 773
9.5833 776
9.6 779
9.6167 782
9.6333 785
9.65 788
9.6667 791
9.6833 794
9.7 797
9.7167 800
9.7333 803
9.75 806
9.7667 809
9.7833 812
9.8 815
9.8167 818
9.8333 821
9.85 824
9.8667 826
9.8833 829
9.9 832
9.9167 835
9.9333 838
9.95 841
9.9667 843
9.9833 846
10.0 849
10.0167 852
10.0333 854
10.05 857
10.0667 860
10.0833 863
10.1 865
10.1167 868
10.1333 871
10.15 873
10.1667 876
10.1833 879
10.2 881
10.2167 884
10.2333 886
10.25 889
10.2667 891
10.2833 894
10.3 896
10.3167 899
10.3333 901
10.35 904
10.3667 906
10.3833 909
10.4 911
10.4167 914
10.4333 916
10.45 918
10.4667 921
10.4833 923
10.5 925
10.5167 928
10.5333 930
10.55 932
10.5667 935
10.5833 937
10.6 939
10.6167 941
10.6333 944
10.65 946
10.6667 948
10.6833 950
10.7 952
10.7167 954
10.7333 956
10.75 959
10.7667 961
10.7833 963
10.8 965
10.8167 967
10.8333 969
10.85 971
10.8667 973
10.8833 975
10.9 977
10.9167 979
10.9333 981
10.95 983
10.9667 984
10.9833 986
11.0 988
11.0167 990
11.0333 992
11.05 994
11.0667 995
11.0833 997
11.1 999
11.1167 1001
11.1333 1002
11.15 1004
11.1667 1006
11.1833 1007
11.2 1009
11.2167 1011
11.2333 1012
11.25 1014
11.2667 1016
11.2833 1017
11.3 1019
11.3167 1020
11.3333 1022
11.35 1023
11.3667 1025
11.3833 1026
11.4 1028
11.4167 1029
11.4333 1030
11.45 1032
11.4667 1033
11.4833 1035
11.5 1036
11.5167 1037
11.5333 1039
11.55 1040
11.5667 1041
11.5833 1042
11.6 1044
11.6167 1045
11.6333 1046
11.65 1047
11.6667 1048
11.6833 1050
11.7 1051
11.7167 1052
11.7333 1053
11.75 1054
11.7667 1055
11.7833 1056
11.8 1057
11.8167 1058
11.8333 1059
11.85 1060
11.8667 1061
11.8833 1062
11.9 1063
11.9167 1064
11.9333 1065
11.95 1065
11.9667 1066
11.9833 1067
12.0 1068
12.0167 1069
12.0333 1069
12.05 1070
12.0667 1071
12.0833 1072
12.1 1072
12.1167 1073
12.1333 1074
12.15 1074
12.1667 1075
12.1833 1076
12.2 1076
12.2167 1077
12.2333 1077
12.25 1078
12.2667 1078
12.2833 1079
12.3 1079
12.3167 1080
12.3333 1080
12.35 1081
12.3667 1081
12.3833 1081
12.4 1082
12.4167 1082
12.4333 1082
12.45 1083
12.4667 1083
12.4833 1083
12.5 1083
12.5167 1084
12.5333 1084
12.55 1084
12.5667 1084
12.5833 1084
12.6 1085
12.6167 1085
12.6333 1085
12.65 1085
12.6667 1085
12.6833 1085
12.7 1085
12.7167 1085
12.7333 1085
12.75 1085
12.7667 1085
12.7833 1085
12.8 1085
12.8167 1085
12.8333 1084
12.85 1084
12.8667 1084
12.8833 1084
12.9 1084
12.9167 1084
12.9333 1083
12.95 1083
12.9667 1083
12.9833 1083
13.0 1082
13.0167 1082
13.0333 1082
13.05 1081
13.0667 1081
13.0833 1080
13.1 1080
13.1167 1080
13.1333 1079
13.15 1079
13.1667 1078
13.1833 1078
13.2 1077
13.2167 1077
13.2333 1076
13.25 1075
13.2667 1075
13.2833 1074
13.3 1073
13.3167 1073
13.3333 1072
13.35 1071
13.3667 1071
13.3833 1070
13.4 1069
13.4167 1068
13.4333 1068
13.45 1067
13.4667 1066
13.4833 1065
13.5 1064
13.5167 1063
13.5333 1063
13.55 1062
13.5667 1061
13.5833 1060
13.6 1059
13.6167 1058
13.6333 1057
13.65 1056
13.6667 1055
13.6833 1054
13.7 1053
13.7167 1051
13.7333 1050
13.75 1049
13.7667 1048
13.7833 1047
13.8 1046
13.8167 1044
13.8333 1043
13.85 1042
13.8667 1041
13.8833 1039
13.9 1038
13.9167 1037
13.9333 1036
13.95 1034
13.9667 1033
13.9833 1031
14.0 1030
14.0167 1029
14.0333 1027
14.05 1026
14.0667 1024
14.0833 1023
14.1 1021
14.1167 1020
14.1333 1018
14.15 1017
14.1667 1015
14.1833 1014
14.2 1012
14.2167 1010
14.2333 1009
14.25 1007
14.2667 1005
14.2833 1004
14.3 1002
14.3167 1000
14.3333 998
14.35 997
14.3667 995
14.3833 993
14.4 991
14.4167 989
14.4333 988
14.45 986
14.4667 984
14.4833 982
14.5 980
14.5167 978
14.5333 976
14.55 974
14.5667 972
14.5833 970
14.6 968
14.6167 966
14.6333 964
14.65 962
14.6667 960
14.6833 958
14.7 956
14.7167 954
14.7333 952
14.75 949
14.7667 947
14.7833 945
14.8 943
14.8167 941
14.8333 938
14.85 936
14.8667 934
14.8833 932
14.9 929
14.9167 927
14.9333 925
14.95 922
14.9667 920
14.9833 918
15.0 915
15.0167 913
15.0333 911
15.05 908
15.0667 906
15.0833 903
15.1 901
15.1167 898
15.1333 896
15.15 893
15.1667 891
15.1833 888
15.2 886
15.2167 883
15.2333 880
15.25 878
15.2667 875
15.2833 873
15.3 870
15.3167 867
15.3333 865
15.35 862
15.3667 859
15.3833 857
15.4 854
15.4167 851
15.4333 848
15.45 845
15.4667 843
15.4833 840
15.5 837
15.5167 834
15.5333 831
15.55 829
15.5667 826
15.5833 823
15.6 820
15.6167 817
15.6333 814
15.65 811
15.6667 808
15.6833 805
15.7 802
15.7167 799
15.7333 796
15.75 793
15.7667 790
15.7833 787
15.8 784
15.8167 781
15.8333 778
15.85 775
15.8667 772
15.8833 769
15.9 766
15.9167 763
15.9333 759
15.95 756
15.9667 753
15.9833 750
