9.0 621
9.0167 624
9.0333 628
9.05 632
9.0667 635
9.0833 639
9.1 642
9.1167 646
9.1333 650
9.15 653
9.1667 657
9.1833 660
9.2 664
9.2167 667
9.2333 671
9.25 674
9.2667 678
9.2833 681
9.3 685
9.3167 688
9.3333 691
9.35 695
9.3667 698
9.3833 702
9.4 705
9.4167 708
9.4333 712
9.45 715
9.4667 719
9.4833 722
9.5 725
9.5167 728
9.5333 732
9.55 735
9.5667 738
9.5833 742
9.6 745
9.6167 748
9.6333 751
9.65 754
9.6667 758
9.6833 761
9.7 764
9.7167 767
9.7333 770
9.75 773
9.7667 777
9.7833 780
9.8 783
9.8167 786
9.8333 789
9.85 792
9.8667 795
9.8833 798
9.9 801
9.9167 804
9.9333 807
9.95 810
9.9667 813
9.9833 816
10.0 819
10.0167 822
10.0333 825
10.05 828
10.0667 831
10.0833 833
10.1 836
10.1167 839
10.1333 842
10.15 845
10.1667 847
10.1833 850
10.2 853
10.2167 856
10.2333 858
10.25 861
10.2667 864
10.2833 867
10.3 869
10.3167 872
10.3333 875
10.35 877
10.3667 880
10.3833 882
10.4 885
10.4167 888
10.4333 890
10.45 893
10.4667 895
10.4833 898
10.5 900
10.5167 903
10.5333 905
10.55 908
10.5667 910
10.5833 912
10.6 915
10.6167 917
10.6333 920
10.65 922
10.6667 924
10.6833 927
10.7 929
10.7167 931
10.7333 933
10.75 936
10.7667 938
10.7833 940
10.8 942
10.8167 945
10.8333 947
10.85 949
10.8667 951
10.8833 953
10.9 955
10.9167 957
10.9333 959
10.95 961
10.9667 963
10.9833 965
11.0 967
11.0167 969
11.0333 971
11.05 973
11.0667 975
11.0833 977
11.1 979
11.1167 981
11.1333 983
11.15 985
11.1667 987
11.1833 988
11.2 990
11.2167 992
11.2333 994
11.25 995
11.2667 997
11.2833 999
11.3 1001
11.3167 1002
11.3333 1004
11.35 1006
11.3667 1007
11.3833 1009
11.4 1010
11.4167 1012
11.4333 1013
11.45 1015
11.4667 1016
11.4833 1018
11.5 1019
11.5167 1021
11.5333 1022
11.55 1024
11.5667 1025
11.5833 1027
11.6 1028
11.6167 1029
11.6333 1031
11.65 1032
11.6667 1033
11.6833 1034
11.7 1036
11.7167 1037
11.7333 1038
11.75 1039
11.7667 1041
11.7833 1042
11.8 1043
11.8167 1044
11.8333 1045
11.85 1046
11.8667 1047
11.8833 1048
11.9 1049
11.9167 1050
11.9333 1051
11.95 1052
11.9667 1053
11.9833 1054
12.0 1055
12.0167 1056
12.0333 1057
12.05 1058
12.0667 1059
12.0833 1059
12.1 1060
12.1167 1061
12.1333 1062
12.15 1062
12.1667 1063
12.1833 1064
12.2 1065
12.2167 1065
12.2333 1066
12.25 1067
12.2667 1067
12.2833 1068
12.3 1068
12.3167 1069
12.3333 1069
12.35 1070
12.3667 1070
12.3833 1071
12.4 1071
12.4167 1072
12.4333 1072
12.45 1073
12.4667 1073
12.4833 1073
12.5 1074
12.5167 1074
12.5333 1074
12.55 1075
12.5667 1075
12.5833 1075
12.6 1075
12.6167 1076
12.6333 1076
12.65 1076
12.6667 1076
12.6833 1076
12.7 1076
12.7167 1076
12.7333 1077
12.75 1077
12.7667 1077
12.7833 1077
12.8 1077
12.8167 1077
12.8333 1077
12.85 1077
12.8667 1076
12.8833 1076
12.9 1076
12.9167 1076
12.9333 1076
12.95 1076
12.9667 1076
12.9833 1075
13.0 1075
13.0167 1075
13.0333 1075
13.05 1074
13.0667 1074
13.0833 1074
13.1 1073
13.1167 1073
13.1333 1073
13.15 1072
13.1667 1072
13.1833 1071
13.2 1071
13.2167 1070
13.2333 1070
13.25 1069
13.2667 1069
13.2833 1068
13.3 1068
13.3167 1067
13.3333 1066
13.35 1066
13.3667 1065
13.3833 1064
13.4 1064
13.4167 1063
13.4333 1062
13.45 1062
13.4667 1061
13.4833 1060
13.5 1059
13.5167 1058
13.5333 1057
13.55 1057
13.5667 1056
13.5833 1055
13.6 1054
13.6167 1053
13.6333 1052
13.65 1051
13.6667 1050
13.6833 1049
13.7 1048
13.7167 1047
13.7333 1046
13.75 1045
13.7667 1044
13.7833 1042
13.8 1041
13.8167 1040
13.8333 1039
13.85 1038
13.8667 1037
13.8833 1035
13.9 1034
13.9167 1033
13.9333 1031
13.95 1030
13.9667 1029
13.9833 1027
14.0 1026
14.0167 1025
14.0333 1023
14.05 1022
14.0667 1020
14.0833 1019
14.1 1017
14.1167 1016
14.1333 1014
14.15 1013
14.1667 1011
14.1833 1010
14.2 1008
14.2167 1007
14.2333 1005
14.25 1003
14.2667 1002
14.2833 1000
14.3 998
14.3167 997
14.3333 995
14.35 993
14.3667 991
14.3833 990
14.4 988
14.4167 986
14.4333 984
14.45 982
14.4667 980
14.4833 979
14.5 977
14.5167 975
14.5333 973
14.55 971
14.5667 969
14.5833 967
14.6 965
14.6167 963
14.6333 961
14.65 959
14.6667 957
14.6833 955
14.7 952
14.7167 950
14.7333 948
14.75 946
14.7667 944
14.7833 942
14.8 939
14.8167 937
14.8333 935
14.85 933
14.8667 930
14.8833 928
14.9 926
14.9167 924
14.9333 921
14.95 919
14.9667 916
14.9833 914
15.0 911
15.0167 909
15.0333 907
15.05 904
15.0667 902
15.0833 899
15.1 897
15.1167 894
15.1333 892
15.15 889
15.1667 887
15.1833 884
15.2 881
15.2167 879
15.2333 876
15.25 874
15.2667 871
15.2833 868
15.3 866
15.3167 863
15.3333 860
15.35 857
15.3667 855
15.3833 852
15.4 849
15.4167 846
15.4333 844
15.45 841
15.4667 838
15.4833 835
15.5 832
15.5167 829
15.5333 826
15.55 824
15.5667 821
15.5833 818
15.6 815
15.6167 812
15.6333 809
15.65 806
15.6667 803
15.6833 800
15.7 797
15.7167 794
15.7333 791
15.75 788
15.7667 785
15.7833 782
15.8 778
15.8167 775
15.8333 772
15.85 769
15.8667 766
15.8833 763
15.9 760
15.9167 756
15.9333 753
15.95 750
15.9667 747
15.9833 744
