9.0 644
9.0167 647
9.0333 651
9.05 654
9.0667 657
9.0833 661
9.1 664
9.1167 668
9.1333 671
9.15 675
9.1667 678
9.1833 681
9.2 685
9.2167 688
9.2333 692
9.25 695
9.2667 698
9.2833 702
9.3 705
9.3167 708
9.3333 711
9.35 715
9.3667 718
9.3833 721
9.4 725
9.4167 728
9.4333 731
9.45 734
9.4667 737
9.4833 741
9.5 744
9.5167 747
9.5333 750
9.55 753
9.5667 756
9.5833 760
9.6 763
9.6167 766
9.6333 769
9.65 772
9.6667 775
9.6833 778
9.7 781
9.7167 784
9.7333 787
9.75 790
9.7667 793
9.7833 796
9.8 799
9.8167 802
9.8333 805
9.85 808
9.8667 811
9.8833 814
9.9 817
9.9167 819
9.9333 822
9.95 825
9.9667 828
9.9833 831
10.0 834
10.0167 836
10.0333 839
10.05 842
10.0667 845
10.0833 847
10.1 850
10.1167 853
10.1333 856
10.15 858
10.1667 861
10.1833 864
10.2 866
10.2167 869
10.2333 871
10.25 874
10.2667 877
10.2833 879
10.3 882
10.3167 884
10.3333 887
10.35 889
10.3667 892
10.3833 894
10.4 897
10.4167 899
10.4333 902
10.45 904
10.4667 907
10.4833 909
10.5 911
10.5167 914
10.5333 916
10.55 918
10.5667 921
10.5833 923
10.6 925
10.6167 928
10.6333 930
10.65 932
10.6667 934
10.6833 936
10.7 939
10.7167 941
10.7333 943
10.75 945
10.7667 947
10.7833 949
10.8 951
10.8167 954
10.8333 956
10.85 958
10.8667 960
10.8833 962
10.9 964
10.9167 966
10.9333 968
10.95 970
10.9667 972
10.9833 973
11.0 975
11.0167 977
11.0333 979
11.05 981
11.0667 983
11.0833 985
11.1 986
11.1167 988
11.1333 990
11.15 992
11.1667 993
11.1833 995
11.2 997
11.2167 999
11.2333 1000
11.25 1002
11.2667 1003
11.2833 1005
11.3 1007
11.3167 1008
11.3333 1010
11.35 1011
11.3667 1013
11.3833 1014
11.4 1016
11.4167 1017
11.4333 1019
11.45 1020
11.4667 1022
11.4833 1023
11.5 1024
11.5167 1026
11.5333 1027
11.55 1029
11.5667 1030
11.5833 1031
11.6 1032
11.6167 1034
11.6333 1035
11.65 1036
11.6667 1037
11.6833 1039
11.7 1040
11.7167 1041
11.7333 1042
11.75 1043
11.7667 1044
11.7833 1045
11.8 1046
11.8167 1047
11.8333 1049
11.85 1050
11.8667 1051
11.8833 1051
11.9 1052
11.9167 1053
11.9333 1054
11.95 1055
11.9667 1056
11.9833 1057
12.0 1058
12.0167 1059
12.0333 1059
12.05 1060
12.0667 1061
12.0833 1062
12.1 1063
12.1167 1063
12.1333 1064
12.15 1065
12.1667 1065
12.1833 1066
12.2 1067
12.2167 1067
12.2333 1068
12.25 1068
12.2667 1069
12.2833 1069
12.3 1070
12.3167 1070
12.3333 1071
12.35 1071
12.3667 1072
12.3833 1072
12.4 1073
12.4167 1073
12.4333 1073
12.45 1074
12.4667 1074
12.4833 1074
12.5 1075
12.5167 1075
12.5333 1075
12.55 1076
12.5667 1076
12.5833 1076
12.6 1076
12.6167 1076
12.6333 1076
12.65 1077
12.6667 1077
12.6833 1077
12.7 1077
12.7167 1077
12.7333 1077
12.75 1077
12.7667 1077
12.7833 1077
12.8 1077
12.8167 1077
12.8333 1077
12.85 1077
12.8667 1077
12.8833 1076
12.9 1076
12.9167 1076
12.9333 1076
12.95 1076
12.9667 1076
12.9833 1075
13.0 1075
13.0167 1075
13.0333 1074
13.05 1074
13.0667 1074
13.0833 1073
13.1 1073
13.1167 1073
13.1333 1072
13.15 1072
13.1667 1071
13.1833 1071
13.2 1071
13.2167 1070
13.2333 1069
13.25 1069
13.2667 1068
13.2833 1068
13.3 1067
13.3167 1067
13.3333 1066
13.35 1065
13.3667 1065
13.3833 1064
13.4 1063
13.4167 1063
13.4333 1062
13.45 1061
13.4667 1060
13.4833 1060
13.5 1059
13.5167 1058
13.5333 1057
13.55 1056
13.5667 1055
13.5833 1054
13.6 1053
13.6167 1053
13.6333 1052
13.65 1051
13.6667 1050
13.6833 1049
13.7 1048
13.7167 1046
13.7333 1045
13.75 1044
13.7667 1043
13.7833 1042
13.8 1041
13.8167 1040
13.8333 1039
13.85 1037
13.8667 1036
13.8833 1035
13.9 1034
13.9167 1033
13.9333 1031
13.95 1030
13.9667 1029
13.9833 1027
14.0 1026
14.0167 1025
14.0333 1023
14.05 1022
14.0667 1020
14.0833 1019
14.1 1017
14.1167 1016
14.1333 1015
14.15 1013
14.1667 1011
14.1833 1010
14.2 1008
14.2167 1007
14.2333 1005
14.25 1004
14.2667 1002
14.2833 1000
14.3 999
14.3167 997
14.3333 995
14.35 994
14.3667 992
14.3833 990
14.4 988
14.4167 986
14.4333 985
14.45 983
14.4667 981
14.4833 979
14.5 977
14.5167 975
14.5333 974
14.55 972
14.5667 970
14.5833 968
14.6 966
14.6167 964
14.6333 962
14.65 960
14.6667 958
14.6833 956
14.7 954
14.7167 952
14.7333 949
14.75 947
14.7667 945
14.7833 943
14.8 941
14.8167 939
14.8333 937
14.85 934
14.8667 932
14.8833 930
14.9 928
14.9167 925
14.9333 923
14.95 921
14.9667 919
14.9833 916
15.0 914
15.0167 912
15.0333 909
15.05 907
15.0667 904
15.0833 902
15.1 900
15.1167 897
15.1333 895
15.15 892
15.1667 890
15.1833 887
15.2 885
15.2167 882
15.2333 879
15.25 877
15.2667 874
15.2833 872
15.3 869
15.3167 866
15.3333 864
15.35 861
15.3667 859
15.3833 856
15.4 853
15.4167 850
15.4333 848
15.45 845
15.4667 842
15.4833 839
15.5 837
15.5167 834
15.5333 831
15.55 828
15.5667 825
15.5833 823
15.6 820
15.6167 817
15.6333 814
15.65 811
15.6667 808
15.6833 805
15.7 802
15.7167 799
15.7333 796
15.75 793
15.7667 790
15.7833 787
15.8 784
15.8167 781
15.8333 778
15.85 775
15.8667 772
15.8833 769
15.9 766
15.9167 763
15.9333 760
15.95 757
15.9667 754
15.9833 750
