9.0 620
9.0167 623
9.0333 627
9.05 630
9.0667 634
9.0833 637
9.1 641
9.1167 645
9.1333 648
9.15 652
9.1667 655
9.1833 659
9.2 662
9.2167 666
9.2333 669
9.25 673
9.2667 676
9.2833 680
9.3 683
9.3167 687
9.3333 690
9.35 694
9.3667 697
9.3833 701
9.4 704
9.4167 707
9.4333 711
9.45 714
9.4667 717
9.4833 721
9.5 724
9.5167 727
9.5333 731
9.55 734
9.5667 737
9.5833 741
9.6 744
9.6167 747
9.6333 750
9.65 754
9.6667 757
9.6833 760
9.7 763
9.7167 766
9.7333 769
9.75 773
9.7667 776
9.7833 779
9.8 782
9.8167 785
9.8333 788
9.85 791
9.8667 794
9.8833 797
9.9 800
9.9167 803
9.9333 806
9.95 809
9.9667 812
9.9833 815
10.0 818
10.0167 821
10.0333 824
10.05 827
10.0667 830
10.0833 833
10.1 836
10.1167 838
10.1333 841
10.15 844
10.1667 847
10.1833 850
10.2 852
10.2167 855
10.2333 858
10.25 861
10.2667 863
10.2833 866
10.3 869
10.3167 872
10.3333 874
10.35 877
10.3667 879
10.3833 882
10.4 885
10.4167 887
10.4333 890
10.45 892
10.4667 895
10.4833 897
10.5 900
10.5167 902
10.5333 905
10.55 907
10.5667 910
10.5833 912
10.6 915
10.6167 917
10.6333 919
10.65 922
10.6667 924
10.6833 926
10.7 929
10.7167 931
10.7333 933
10.75 936
10.7667 938
10.7833 940
10.8 942
10.8167 944
10.8333 947
10.85 949
10.8667 951
10.8833 953
10.9 955
10.9167 957
10.9333 959
10.95 961
10.9667 963
10.9833 965
11.0 967
11.0167 969
11.0333 971
11.05 973
11.0667 975
11.0833 977
11.1 979
11.1167 981
11.1333 983
11.15 985
11.1667 987
11.1833 988
11.2 990
11.2167 992
11.2333 994
11.25 996
11.2667 997
11.2833 999
11.3 1001
11.3167 1002
11.3333 1004
11.35 1006
11.3667 1007
11.3833 1009
11.4 1011
11.4167 1012
11.4333 1014
11.45 1015
11.4667 1017
11.4833 1018
11.5 1020
11.5167 1021
11.5333 1023
11.55 1024
11.5667 1026
11.5833 1027
11.6 1028
11.6167 1030
11.6333 1031
11.65 1032
11.6667 1034
11.6833 1035
11.7 1036
11.7167 1037
11.7333 1039
11.75 1040
11.7667 1041
11.7833 1042
11.8 1043
11.8167 1044
11.8333 1046
11.85 1047
11.8667 1048
11.8833 1049
11.9 1050
11.9167 1051
11.9333 1052
11.95 1053
11.9667 1054
11.9833 1055
12.0 1056
12.0167 1057
12.0333 1057
12.05 1058
12.0667 1059
12.0833 1060
12.1 1061
12.1167 1062
12.1333 1062
12.15 1063
12.1667 1064
12.1833 1065
12.2 1065
12.2167 1066
12.2333 1067
12.25 1067
12.2667 1068
12.2833 1069
12.3 1069
12.3167 1070
12.3333 1070
12.35 1071
12.3667 1071
12.3833 1072
12.4 1072
12.4167 1073
12.4333 1073
12.45 1073
12.4667 1074
12.4833 1074
12.5 1075
12.5167 1075
12.5333 1075
12.55 1076
12.5667 1076
12.5833 1076
12.6 1076
12.6167 1076
12.6333 1077
12.65 1077
12.6667 1077
12.6833 1077
12.7 1077
12.7167 1077
12.7333 1077
12.75 1078
12.7667 1078
12.7833 1078
12.8 1078
12.8167 1078
12.8333 1078
12.85 1077
12.8667 1077
12.8833 1077
12.9 1077
12.9167 1077
12.9333 1077
12.95 1077
12.9667 1077
12.9833 1076
13.0 1076
13.0167 1076
13.0333 1076
13.05 1075
13.0667 1075
13.0833 1075
13.1 1074
13.1167 1074
13.1333 1074
13.15 1073
13.1667 1073
13.1833 1072
13.2 1072
13.2167 1071
13.2333 1071
13.25 1070
13.2667 1070
13.2833 1069
13.3 1069
13.3167 1068
13.3333 1067
13.35 1067
13.3667 1066
13.3833 1065
13.4 1065
13.4167 1064
13.4333 1063
13.45 1063
13.4667 1062
13.4833 1061
13.5 1060
13.5167 1059
13.5333 1059
13.55 1058
13.5667 1057
13.5833 1056
13.6 1055
13.6167 1054
13.6333 1053
13.65 1052
13.6667 1051
13.6833 1050
13.7 1049
13.7167 1048
13.7333 1047
13.75 1046
13.7667 1045
13.7833 1044
13.8 1042
13.8167 1041
13.8333 1040
13.85 1039
13.8667 1038
13.8833 1036
13.9 1035
13.9167 1034
13.9333 1033
13.95 1031
13.9667 1030
13.9833 1029
14.0 1027
14.0167 1026
14.0333 1024
14.05 1023
14.0667 1022
14.0833 1020
14.1 1019
14.1167 1017
14.1333 1016
14.15 1014
14.1667 1013
14.1833 1011
14.2 1009
14.2167 1008
14.2333 1006
14.25 1005
14.2667 1003
14.2833 1001
14.3 1000
14.3167 998
14.3333 996
14.35 994
14.3667 993
14.3833 991
14.4 989
14.4167 987
14.4333 985
14.45 983
14.4667 982
14.4833 980
14.5 978
14.5167 976
14.5333 974
14.55 972
14.5667 970
14.5833 968
14.6 966
14.6167 964
14.6333 962
14.65 960
14.6667 958
14.6833 956
14.7 954
14.7167 951
14.7333 949
14.75 947
14.7667 945
14.7833 943
14.8 941
14.8167 938
14.8333 936
14.85 934
14.8667 932
14.8833 929
14.9 927
14.9167 925
14.9333 922
14.95 920
14.9667 918
14.9833 915
15.0 913
15.0167 910
15.0333 908
15.05 905
15.0667 903
15.0833 900
15.1 898
15.1167 895
15.1333 893
15.15 890
15.1667 888
15.1833 885
15.2 882
15.2167 880
15.2333 877
15.25 875
15.2667 872
15.2833 869
15.3 867
15.3167 864
15.3333 861
15.35 858
15.3667 856
15.3833 853
15.4 850
15.4167 847
15.4333 845
15.45 842
15.4667 839
15.4833 836
15.5 833
15.5167 830
15.5333 827
15.55 825
15.5667 822
15.5833 819
15.6 816
15.6167 813
15.6333 810
15.65 807
15.6667 804
15.6833 801
15.7 798
15.7167 795
15.7333 792
15.75 789
15.7667 786
15.7833 783
15.8 779
15.8167 776
15.8333 773
15.85 770
15.8667 767
15.8833 764
15.9 760
15.9167 757
15.9333 754
15.95 751
15.9667 748
15.9833 744
