9.0 321
9.0167 324
9.0333 327
9.05 330
9.0667 334
9.0833 337
9.1 341
9.1167 344
9.1333 347
9.15 351
9.1667 354
9.1833 357
9.2 361
9.2167 364
9.2333 367
9.25 371
9.2667 374
9.2833 377
9.3 381
9.3167 384
9.3333 387
9.35 390
9.3667 394
9.3833 397
9.4 400
9.4167 403
9.4333 406
9.45 410
9.4667 413
9.4833 416
9.5 419
9.5167 422
9.5333 425
9.55 428
9.5667 432
9.5833 435
9.6 438
9.6167 441
9.6333 444
9.65 447
9.6667 450
9.6833 453
9.7 456
9.7167 459
9.7333 462
9.75 465
9.7667 468
9.7833 471
9.8 474
9.8167 477
9.8333 479
9.85 482
9.8667 485
9.8833 488
9.9 491
9.9167 494
9.9333 497
9.95 499
9.9667 502
9.9833 505
10.0 508
10.0167 510
10.0333 513
10.05 516
10.0667 519
10.0833 521
10.1 524
10.1167 527
10.1333 529
10.15 532
10.1667 534
10.1833 537
10.2 540
10.2167 542
10.2333 545
10.25 547
10.2667 550
10.2833 552
10.3 555
10.3167 557
10.3333 560
10.35 562
10.3667 565
10.3833 567
10.4 570
10.4167 572
10.4333 574
10.45 577
10.4667 579
10.4833 581
10.5 584
10.5167 586
10.5333 588
10.55 590
10.5667 593
10.5833 595
10.6 597
10.6167 599
10.6333 602
10.65 604
10.6667 606
10.6833 608
10.7 610
10.7167 612
10.7333 614
10.75 616
10.7667 618
10.7833 620
10.8 622
10.8167 624
10.8333 626
10.85 628
10.8667 630
10.8833 632
10.9 634
10.9167 636
10.9333 638
10.95 640
10.9667 642
10.9833 643
11.0 645
11.0167 647
11.0333 649
11.05 650
11.0667 652
11.0833 654
11.1 656
11.1167 657
11.1333 659
11.15 661
11.1667 662
11.1833 664
11.2 665
11.2167 667
11.2333 669
11.25 670
11.2667 672
11.2833 673
11.3 675
11.3167 676
11.3333 678
11.35 679
11.3667 680
11.3833 682
11.4 683
11.4167 684
11.4333 686
11.45 687
11.4667 688
11.4833 690
11.5 691
11.5167 692
11.5333 693
11.55 695
11.5667 696
11.5833 697
11.6 698
11.6167 699
11.6333 700
11.65 701
11.6667 703
11.6833 704
11.7 705
11.7167 706
11.7333 707
11.75 708
11.7667 709
11.7833 709
11.8 710
11.8167 711
11.8333 712
11.85 713
11.8667 714
11.8833 715
11.9 716
11.9167 716
11.9333 717
11.95 718
11.9667 719
11.9833 719
12.0 720
12.0167 721
12.0333 721
12.05 722
12.0667 723
12.0833 723
12.1 724
12.1167 724
12.1333 725
12.15 725
12.1667 726
12.1833 726
12.2 727
12.2167 727
12.2333 728
12.25 728
12.2667 728
12.2833 729
12.3 729
12.3167 729
12.3333 730
12.35 730
12.3667 730
12.3833 730
12.4 731
12.4167 731
12.4333 731
12.45 731
12.4667 731
12.4833 732
12.5 732
12.5167 732
12.5333 732
12.55 732
12.5667 732
12.5833 732
12.6 732
12.6167 732
12.6333 732
12.65 732
12.6667 732
12.6833 732
12.7 731
12.7167 731
12.7333 731
12.75 731
12.7667 731
12.7833 730
12.8 730
12.8167 730
12.8333 730
12.85 729
12.8667 729
12.8833 729
12.9 728
12.9167 728
12.9333 728
12.95 727
12.9667 727
12.9833 726
13.0 726
13.0167 725
13.0333 725
13.05 724
13.0667 724
13.0833 723
13.1 722
13.1167 722
13.1333 721
13.15 721
13.1667 720
13.1833 719
13.2 718
13.2167 718
13.2333 717
13.25 716
13.2667 715
13.2833 715
13.3 714
13.3167 713
13.3333 712
13.35 711
13.3667 710
13.3833 709
13.4 708
13.4167 707
13.4333 706
13.45 705
13.4667 704
13.4833 703
13.5 702
13.5167 701
13.5333 700
13.55 699
13.5667 698
13.5833 697
13.6 696
13.6167 694
13.6333 693
13.65 692
13.6667 691
13.6833 689
13.7 688
13.7167 687
13.7333 686
13.75 684
13.7667 683
13.7833 681
13.8 680
13.8167 679
13.8333 677
13.85 676
13.8667 674
13.8833 673
13.9 671
13.9167 670
13.9333 668
13.95 667
13.9667 665
13.9833 664
14.0 662
14.0167 660
14.0333 659
14.05 657
14.0667 655
14.0833 654
14.1 652
14.1167 650
14.1333 648
14.15 647
14.1667 645
14.1833 643
14.2 641
14.2167 639
14.2333 638
14.25 636
14.2667 634
14.2833 632
14.3 630
14.3167 628
14.3333 626
14.35 624
14.3667 622
14.3833 620
14.4 618
14.4167 616
14.4333 614
14.45 612
14.4667 610
14.4833 608
14.5 605
14.5167 603
14.5333 601
14.55 599
14.5667 597
14.5833 595
14.6 592
14.6167 590
14.6333 588
14.65 585
14.6667 583
14.6833 581
14.7 579
14.7167 576
14.7333 574
14.75 571
14.7667 569
14.7833 567
14.8 564
14.8167 562
14.8333 559
14.85 557
14.8667 554
14.8833 552
14.9 549
14.9167 547
14.9333 544
14.95 542
14.9667 539
14.9833 537
15.0 534
15.0167 531
15.0333 529
15.05 526
15.0667 523
15.0833 521
15.1 518
15.1167 515
15.1333 513
15.15 510
15.1667 507
15.1833 504
15.2 502
15.2167 499
15.2333 496
15.25 493
15.2667 490
15.2833 488
15.3 485
15.3167 482
15.3333 479
15.35 476
15.3667 473
15.3833 470
15.4 467
15.4167 464
15.4333 461
15.45 458
15.4667 455
15.4833 452
15.5 449
15.5167 446
15.5333 443
15.55 440
15.5667 437
15.5833 434
15.6 431
15.6167 428
15.6333 425
15.65 422
15.6667 419
15.6833 415
15.7 412
15.7167 409
15.7333 406
15.75 403
15.7667 399
15.7833 396
15.8 393
15.8167 390
15.8333 387
15.85 383
15.8667 380
15.8833 377
15.9 374
15.9167 370
15.9333 367
15.95 364
15.9667 360
15.9833 357
