9.0 287
9.0167 290
9.0333 293
9.05 297
9.0667 300
9.0833 304
9.1 307
9.1167 311
9.1333 314
9.15 318
9.1667 321
9.1833 325
9.2 328
9.2167 331
9.2333 335
9.25 338
9.2667 342
9.2833 345
9.3 348
9.3167 352
9.3333 355
9.35 359
9.3667 362
9.3833 365
9.4 369
9.4167 372
9.4333 375
9.45 379
9.4667 382
9.4833 385
9.5 388
9.5167 392
9.5333 395
9.55 398
9.5667 401
9.5833 405
9.6 408
9.6167 411
9.6333 414
9.65 417
9.6667 420
9.6833 424
9.7 427
9.7167 430
9.7333 433
9.75 436
9.7667 439
9.7833 442
9.8 445
9.8167 448
9.8333 451
9.85 454
9.8667 457
9.8833 460
9.9 463
9.9167 466
9.9333 469
9.95 472
9.9667 475
9.9833 478
10.0 481
10.0167 484
10.0333 487
10.05 490
10.0667 493
10.0833 495
10.1 498
10.1167 501
10.1333 504
10.15 507
10.1667 509
10.1833 512
10.2 515
10.2167 518
10.2333 520
10.25 523
10.2667 526
10.2833 528
10.3 531
10.3167 534
10.3333 536
10.35 539
10.3667 542
10.3833 544
10.4 547
10.4167 549
10.4333 552
10.45 554
10.4667 557
10.4833 559
10.5 562
10.5167 564
10.5333 567
10.55 569
10.5667 572
10.5833 574
10.6 576
10.6167 579
10.6333 581
10.65 584
10.6667 586
10.6833 588
10.7 590
10.7167 593
10.7333 595
10.75 597
10.7667 599
10.7833 602
10.8 604
10.8167 606
10.8333 608
10.85 610
10.8667 612
10.8833 615
10.9 617
10.9167 619
10.9333 621
10.95 623
10.9667 625
10.9833 627
11.0 629
11.0167 631
11.0333 633
11.05 635
11.0667 637
11.0833 639
11.1 640
11.1167 642
11.1333 644
11.15 646
11.1667 648
11.1833 650
11.2 651
11.2167 653
11.2333 655
11.25 657
11.2667 658
11.2833 660
11.3 662
11.3167 663
11.3333 665
11.35 667
11.3667 668
11.3833 670
11.4 671
11.4167 673
11.4333 674
11.45 676
11.4667 677
11.4833 679
11.5 680
11.5167 682
11.5333 683
11.55 685
11.5667 686
11.5833 687
11.6 689
11.6167 690
11.6333 691
11.65 693
11.6667 694
11.6833 695
11.7 696
11.7167 698
11.7333 699
11.75 700
11.7667 701
11.7833 702
11.8 703
11.8167 704
11.8333 706
11.85 707
11.8667 708
11.8833 709
11.9 710
11.9167 711
11.9333 712
11.95 713
11.9667 713
11.9833 714
12.0 715
12.0167 716
12.0333 717
12.05 718
12.0667 719
12.0833 719
12.1 720
12.1167 721
12.1333 722
12.15 722
12.1667 723
12.1833 724
12.2 724
12.2167 725
12.2333 726
12.25 726
12.2667 727
12.2833 727
12.3 728
12.3167 729
12.3333 729
12.35 730
12.3667 730
12.3833 730
12.4 731
12.4167 731
12.4333 732
12.45 732
12.4667 732
12.4833 733
12.5 733
12.5167 733
12.5333 734
12.55 734
12.5667 734
12.5833 734
12.6 734
12.6167 735
12.6333 735
12.65 735
12.6667 735
12.6833 735
12.7 735
12.7167 735
12.7333 735
12.75 735
12.7667 735
12.7833 735
12.8 735
12.8167 735
12.8333 735
12.85 735
12.8667 735
12.8833 735
12.9 735
12.9167 734
12.9333 734
12.95 734
12.9667 734
12.9833 733
13.0 733
13.0167 733
13.0333 733
13.05 732
13.0667 732
13.0833 731
13.1 731
13.1167 731
13.1333 730
13.15 730
13.1667 729
13.1833 729
13.2 728
13.2167 728
13.2333 727
13.25 727
13.2667 726
13.2833 725
13.3 725
13.3167 724
13.3333 723
13.35 723
13.3667 722
13.3833 721
13.4 721
13.4167 720
13.4333 719
13.45 718
13.4667 717
13.4833 717
13.5 716
13.5167 715
13.5333 714
13.55 713
13.5667 712
13.5833 711
13.6 710
13.6167 709
13.6333 708
13.65 707
13.6667 706
13.6833 705
13.7 704
13.7167 703
13.7333 702
13.75 700
13.7667 699
13.7833 698
13.8 697
13.8167 696
13.8333 694
13.85 693
13.8667 692
13.8833 691
13.9 689
13.9167 688
13.9333 687
13.95 685
13.9667 684
13.9833 682
14.0 681
14.0167 680
14.0333 678
14.05 677
14.0667 675
14.0833 674
14.1 672
14.1167 671
14.1333 669
14.15 667
14.1667 666
14.1833 664
14.2 662
14.2167 661
14.2333 659
14.25 657
14.2667 656
14.2833 654
14.3 652
14.3167 650
14.3333 649
14.35 647
14.3667 645
14.3833 643
14.4 641
14.4167 639
14.4333 638
14.45 636
14.4667 634
14.4833 632
14.5 630
14.5167 628
14.5333 626
14.55 624
14.5667 622
14.5833 620
14.6 618
14.6167 616
14.6333 613
14.65 611
14.6667 609
14.6833 607
14.7 605
14.7167 603
14.7333 601
14.75 598
14.7667 596
14.7833 594
14.8 592
14.8167 589
14.8333 587
14.85 585
14.8667 582
14.8833 580
14.9 578
14.9167 575
14.9333 573
14.95 570
14.9667 568
14.9833 566
15.0 564
15.0167 561
15.0333 559
15.05 556
15.0667 554
15.0833 551
15.1 549
15.1167 546
15.1333 544
15.15 541
15.1667 538
15.1833 536
15.2 533
15.2167 530
15.2333 528
15.25 525
15.2667 522
15.2833 520
15.3 517
15.3167 514
15.3333 511
15.35 509
15.3667 506
15.3833 503
15.4 500
15.4167 498
15.4333 495
15.45 492
15.4667 489
15.4833 486
15.5 483
15.5167 480
15.5333 477
15.55 474
15.5667 471
15.5833 469
15.6 466
15.6167 463
15.6333 460
15.65 457
15.6667 454
15.6833 451
15.7 447
15.7167 444
15.7333 441
15.75 438
15.7667 435
15.7833 432
15.8 429
15.8167 426
15.8333 423
15.85 420
15.8667 416
15.8833 413
15.9 410
15.9167 407
15.9333 404
15.95 400
15.9667 397
15.9833 394
