9.0 322
9.0167 327
9.0333 331
9.05 334
9.0667 338
9.0833 342
9.1 346
9.1167 349
9.1333 353
9.15 357
9.1667 361
9.1833 364
9.2 368
9.2167 372
9.2333 375
9.25 379
9.2667 383
9.2833 386
9.3 390
9.3167 394
9.3333 397
9.35 401
9.3667 404
9.3833 408
9.4 412
9.4167 415
9.4333 419
9.45 422
9.4667 426
9.4833 429
9.5 433
9.5167 436
9.5333 440
9.55 443
9.5667 447
9.5833 450
9.6 454
9.6167 457
9.6333 461
9.65 464
9.6667 468
9.6833 471
9.7 474
9.7167 478
9.7333 481
9.75 485
9.7667 488
9.7833 491
9.8 495
9.8167 498
9.8333 501
9.85 505
9.8667 508
9.8833 511
9.9 514
9.9167 518
9.9333 521
9.95 524
9.9667 527
9.9833 530
10.0 534
10.0167 537
10.0333 540
10.05 543
10.0667 546
10.0833 549
10.1 552
10.1167 555
10.1333 558
10.15 562
10.1667 565
10.1833 568
10.2 571
10.2167 574
10.2333 577
10.25 580
10.2667 582
10.2833 585
10.3 588
10.3167 591
10.3333 594
10.35 597
10.3667 600
10.3833 603
10.4 606
10.4167 608
10.4333 611
10.45 614
10.4667 617
10.4833 619
10.5 622
10.5167 625
10.5333 628
10.55 630
10.5667 633
10.5833 636
10.6 638
10.6167 641
10.6333 644
10.65 646
10.6667 649
10.6833 651
10.7 654
10.7167 656
10.7333 659
10.75 661
10.7667 664
10.7833 666
10.8 669
10.8167 671
10.8333 674
10.85 676
10.8667 678
10.8833 681
10.9 683
10.9167 685
10.9333 688
10.95 690
10.9667 692
10.9833 694
11.0 697
11.0167 699
11.0333 701
11.05 703
11.0667 706
11.0833 708
11.1 710
11.1167 712
11.1333 714
11.15 716
11.1667 718
11.1833 720
11.2 722
11.2167 724
11.2333 726
11.25 728
11.2667 730
11.2833 732
11.3 734
11.3167 736
11.3333 738
11.35 740
11.3667 741
11.3833 743
11.4 745
11.4167 747
11.4333 749
11.45 750
11.4667 752
11.4833 754
11.5 756
11.5167 757
11.5333 759
11.55 761
11.5667 762
11.5833 764
11.6 765
11.6167 767
11.6333 768
11.65 770
11.6667 771
11.6833 773
11.7 774
11.7167 776
11.7333 777
11.75 779
11.7667 780
11.7833 781
11.8 783
11.8167 784
11.8333 785
11.85 787
11.8667 788
11.8833 789
11.9 791
11.9167 792
11.9333 793
11.95 794
11.9667 795
11.9833 796
12.0 798
12.0167 799
12.0333 800
12.05 801
12.0667 802
12.0833 803
12.1 804
12.1167 805
12.1333 806
12.15 807
12.1667 808
12.1833 808
12.2 809
12.2167 810
12.2333 811
12.25 812
12.2667 813
12.2833 813
12.3 814
12.3167 815
12.3333 816
12.35 816
12.3667 817
12.3833 818
12.4 818
12.4167 819
12.4333 820
12.45 820
12.4667 821
12.4833 821
12.5 822
12.5167 822
12.5333 823
12.55 823
12.5667 824
12.5833 824
12.6 824
12.6167 825
12.6333 825
12.65 825
12.6667 826
12.6833 826
12.7 826
12.7167 827
12.7333 827
12.75 827
12.7667 827
12.7833 827
12.8 827
12.8167 828
12.8333 828
12.85 828
12.8667 828
12.8833 828
12.9 828
12.9167 828
12.9333 828
12.95 828
12.9667 828
12.9833 828
13.0 828
13.0167 828
13.0333 827
13.05 827
13.0667 827
13.0833 827
13.1 827
13.1167 826
13.1333 826
13.15 826
13.1667 826
13.1833 825
13.2 825
13.2167 825
13.2333 824
13.25 824
13.2667 823
13.2833 823
13.3 822
13.3167 822
13.3333 821
13.35 821
13.3667 820
13.3833 820
13.4 819
13.4167 819
13.4333 818
13.45 817
13.4667 817
13.4833 816
13.5 815
13.5167 815
13.5333 814
13.55 813
13.5667 812
13.5833 811
13.6 811
13.6167 810
13.6333 809
13.65 808
13.6667 807
13.6833 806
13.7 805
13.7167 804
13.7333 803
13.75 802
13.7667 801
13.7833 800
13.8 799
13.8167 798
13.8333 797
13.85 796
13.8667 795
13.8833 794
13.9 792
13.9167 791
13.9333 790
13.95 789
13.9667 787
13.9833 786
14.0 785
14.0167 783
14.0333 782
14.05 781
14.0667 779
14.0833 778
14.1 777
14.1167 775
14.1333 774
14.15 772
14.1667 771
14.1833 769
14.2 768
14.2167 766
14.2333 765
14.25 763
14.2667 761
14.2833 760
14.3 758
14.3167 756
14.3333 755
14.35 753
14.3667 751
14.3833 750
14.4 748
14.4167 746
14.4333 744
14.45 742
14.4667 741
14.4833 739
14.5 737
14.5167 735
14.5333 733
14.55 731
14.5667 729
14.5833 727
14.6 725
14.6167 723
14.6333 721
14.65 719
14.6667 717
14.6833 715
14.7 713
14.7167 711
14.7333 709
14.75 707
14.7667 704
14.7833 702
14.8 700
14.8167 698
14.8333 696
14.85 693
14.8667 691
14.8833 689
14.9 686
14.9167 684
14.9333 682
14.95 679
14.9667 677
14.9833 675
15.0 673
15.0167 671
15.0333 668
15.05 666
15.0667 664
15.0833 661
15.1 659
15.1167 656
15.1333 653
15.15 651
15.1667 648
15.1833 646
15.2 643
15.2167 641
15.2333 638
15.25 635
15.2667 633
15.2833 630
15.3 627
15.3167 624
15.3333 622
15.35 619
15.3667 616
15.3833 613
15.4 611
15.4167 608
15.4333 605
15.45 602
15.4667 599
15.4833 596
15.5 594
15.5167 591
15.5333 588
15.55 585
15.5667 582
15.5833 579
15.6 576
15.6167 573
15.6333 570
15.65 567
15.6667 564
15.6833 561
15.7 558
15.7167 555
15.7333 552
15.75 549
15.7667 545
15.7833 542
15.8 539
15.8167 536
15.8333 533
15.85 530
15.8667 526
15.8833 523
15.9 520
15.9167 517
15.9333 514
15.95 510
15.9667 507
15.9833 504
