9.0 575
9.0167 580
9.0333 584
9.05 588
9.0667 591
9.0833 595
9.1 599
9.1167 603
9.1333 606
9.15 610
9.1667 614
9.1833 618
9.2 621
9.2167 625
9.2333 629
9.25 633
9.2667 636
9.2833 640
9.3 644
9.3167 647
9.3333 651
9.35 654
9.3667 658
9.3833 662
9.4 665
9.4167 669
9.4333 672
9.45 676
9.4667 679
9.4833 683
9.5 686
9.5167 690
9.5333 693
9.55 697
9.5667 700
9.5833 704
9.6 707
9.6167 711
9.6333 714
9.65 717
9.6667 721
9.6833 724
9.7 727
9.7167 731
9.7333 734
9.75 737
9.7667 741
9.7833 744
9.8 747
9.8167 751
9.8333 754
9.85 757
9.8667 760
9.8833 763
9.9 767
9.9167 770
9.9333 773
9.95 776
9.9667 779
9.9833 782
10.0 785
10.0167 788
10.0333 791
10.05 794
10.0667 797
10.0833 800
10.1 803
10.1167 806
10.1333 809
10.15 812
10.1667 815
10.1833 818
10.2 821
10.2167 824
10.2333 827
10.25 830
10.2667 833
10.2833 835
10.3 838
10.3167 841
10.3333 844
10.35 847
10.3667 849
10.3833 852
10.4 855
10.4167 857
10.4333 860
10.45 863
10.4667 865
10.4833 868
10.5 871
10.5167 873
10.5333 876
10.55 878
10.5667 881
10.5833 883
10.6 886
10.6167 888
10.6333 891
10.65 893
10.6667 896
10.6833 898
10.7 901
10.7167 903
10.7333 905
10.75 908
10.7667 910
10.7833 912
10.8 915
10.8167 917
10.8333 919
10.85 921
10.8667 924
10.8833 926
10.9 928
10.9167 930
10.9333 932
10.95 935
10.9667 937
10.9833 939
11.0 941
11.0167 943
11.0333 945
11.05 947
11.0667 949
11.0833 951
11.1 953
11.1167 955
11.1333 957
11.15 959
11.1667 961
11.1833 962
11.2 964
11.2167 966
11.2333 968
11.25 970
11.2667 972
11.2833 973
11.3 975
11.3167 977
11.3333 978
11.35 980
11.3667 982
11.3833 983
11.4 985
11.4167 987
11.4333 988
11.45 990
11.4667 991
11.4833 993
11.5 994
11.5167 996
11.5333 997
11.55 999
11.5667 1000
11.5833 1002
11.6 1003
11.6167 1004
11.6333 1006
11.65 1007
11.6667 1008
11.6833 1010
11.7 1011
11.7167 1012
11.7333 1013
11.75 1015
11.7667 1016
11.7833 1017
11.8 1018
11.8167 1019
11.8333 1020
11.85 1021
11.8667 1023
11.8833 1024
11.9 1025
11.9167 1026
11.9333 1027
11.95 1028
11.9667 1029
11.9833 1029
12.0 1030
12.0167 1031
12.0333 1032
12.05 1033
12.0667 1034
12.0833 1035
12.1 1035
12.1167 1036
12.1333 1037
12.15 1038
12.1667 1038
12.1833 1039
12.2 1040
12.2167 1040
12.2333 1041
12.25 1042
12.2667 1042
12.2833 1043
12.3 1043
12.3167 1044
12.3333 1044
12.35 1045
12.3667 1045
12.3833 1046
12.4 1046
12.4167 1046
12.4333 1047
12.45 1047
12.4667 1048
12.4833 1048
12.5 1048
12.5167 1048
12.5333 1049
12.55 1049
12.5667 1049
12.5833 1049
12.6 1049
12.6167 1050
12.6333 1050
12.65 1050
12.6667 1050
12.6833 1050
12.7 1050
12.7167 1050
12.7333 1050
12.75 1050
12.7667 1050
12.7833 1050
12.8 1050
12.8167 1050
12.8333 1050
12.85 1049
12.8667 1049
12.8833 1049
12.9 1049
12.9167 1049
12.9333 1048
12.95 1048
12.9667 1048
12.9833 1048
13.0 1047
13.0167 1047
13.0333 1047
13.05 1046
13.0667 1046
13.0833 1045
13.1 1045
13.1167 1044
13.1333 1044
13.15 1043
13.1667 1043
13.1833 1042
13.2 1042
13.2167 1041
13.2333 1040
13.25 1040
13.2667 1039
13.2833 1038
13.3 1038
13.3167 1037
13.3333 1036
13.35 1036
13.3667 1035
13.3833 1034
13.4 1033
13.4167 1032
13.4333 1031
13.45 1031
13.4667 1030
13.4833 1029
13.5 1028
13.5167 1027
13.5333 1026
13.55 1025
13.5667 1024
13.5833 1023
13.6 1022
13.6167 1021
13.6333 1019
13.65 1018
13.6667 1017
13.6833 1016
13.7 1015
13.7167 1014
13.7333 1012
13.75 1011
13.7667 1010
13.7833 1009
13.8 1007
13.8167 1006
13.8333 1005
13.85 1003
13.8667 1002
13.8833 1000
13.9 999
13.9167 998
13.9333 996
13.95 995
13.9667 993
13.9833 992
14.0 990
14.0167 988
14.0333 987
14.05 985
14.0667 984
14.0833 982
14.1 980
14.1167 979
14.1333 977
14.15 975
14.1667 973
14.1833 972
14.2 970
14.2167 968
14.2333 966
14.25 965
14.2667 963
14.2833 961
14.3 959
14.3167 957
14.3333 955
14.35 953
14.3667 951
14.3833 949
14.4 947
14.4167 945
14.4333 943
14.45 941
14.4667 939
14.4833 937
14.5 935
14.5167 933
14.5333 930
14.55 928
14.5667 926
14.5833 924
14.6 922
14.6167 919
14.6333 917
14.65 915
14.6667 913
14.6833 910
14.7 908
14.7167 906
14.7333 903
14.75 901
14.7667 898
14.7833 896
14.8 894
14.8167 891
14.8333 889
14.85 886
14.8667 884
14.8833 881
14.9 879
14.9167 876
14.9333 874
14.95 871
14.9667 868
14.9833 866
15.0 863
15.0167 861
15.0333 858
15.05 855
15.0667 853
15.0833 850
15.1 847
15.1167 845
15.1333 842
15.15 839
15.1667 836
15.1833 833
15.2 830
15.2167 828
15.2333 825
15.25 822
15.2667 819
15.2833 816
15.3 813
15.3167 810
15.3333 807
15.35 804
15.3667 801
15.3833 798
15.4 795
15.4167 792
15.4333 789
15.45 786
15.4667 783
15.4833 780
15.5 777
15.5167 774
15.5333 770
15.55 767
15.5667 764
15.5833 761
15.6 758
15.6167 754
15.6333 751
15.65 748
15.6667 745
15.6833 741
15.7 738
15.7167 735
15.7333 732
15.75 728
15.7667 725
15.7833 722
15.8 718
15.8167 715
15.8333 711
15.85 708
15.8667 705
15.8833 701
15.9 698
15.9167 694
15.9333 691
15.95 687
15.9667 684
15.9833 680
