9.0 670
9.0167 674
9.0333 677
9.05 680
9.0667 684
9.0833 687
9.1 691
9.1167 694
9.1333 697
9.15 701
9.1667 704
9.1833 708
9.2 711
9.2167 714
9.2333 718
9.25 721
9.2667 724
9.2833 727
9.3 731
9.3167 734
9.3333 737
9.35 741
9.3667 744
9.3833 747
9.4 750
9.4167 753
9.4333 757
9.45 760
9.4667 763
9.4833 766
9.5 769
9.5167 772
9.5333 776
9.55 779
9.5667 782
9.5833 785
9.6 788
9.6167 791
9.6333 794
9.65 797
9.6667 800
9.6833 803
9.7 806
9.7167 809
9.7333 812
9.75 815
9.7667 818
9.7833 821
9.8 824
9.8167 827
9.8333 830
9.85 832
9.8667 835
9.8833 838
9.9 841
9.9167 844
9.9333 847
9.95 849
9.9667 852
9.9833 855
10.0 858
10.0167 860
10.0333 863
10.05 866
10.0667 869
10.0833 871
10.1 874
10.1167 877
10.1333 879
10.15 882
10.1667 884
10.1833 887
10.2 890
10.2167 892
10.2333 895
10.25 897
10.2667 900
10.2833 902
10.3 905
10.3167 907
10.3333 910
10.35 912
10.3667 915
10.3833 917
10.4 919
10.4167 922
10.4333 924
10.45 927
10.4667 929
10.4833 931
10.5 934
10.5167 936
10.5333 938
10.55 940
10.5667 943
10.5833 945
10.6 947
10.6167 949
10.6333 951
10.65 954
10.6667 956
10.6833 958
10.7 960
10.7167 962
10.7333 964
10.75 966
10.7667 968
10.7833 970
10.8 972
10.8167 974
10.8333 976
10.85 978
10.8667 980
10.8833 982
10.9 984
10.9167 986
10.9333 988
10.95 990
10.9667 992
10.9833 994
11.0 995
11.0167 997
11.0333 999
11.05 1001
11.0667 1003
11.0833 1004
11.1 1006
11.1167 1008
11.1333 1009
11.15 1011
11.1667 1013
11.1833 1014
11.2 1016
11.2167 1018
11.2333 1019
11.25 1021
11.2667 1022
11.2833 1024
11.3 1025
11.3167 1027
11.3333 1028
11.35 1030
11.3667 1031
11.3833 1033
11.4 1034
11.4167 1035
11.4333 1037
11.45 1038
11.4667 1039
11.4833 1041
11.5 1042
11.5167 1043
11.5333 1045
11.55 1046
11.5667 1047
11.5833 1048
11.6 1049
11.6167 1051
11.6333 1052
11.65 1053
11.6667 1054
11.6833 1055
11.7 1056
11.7167 1057
11.7333 1058
11.75 1059
11.7667 1060
11.7833 1061
11.8 1062
11.8167 1063
11.8333 1064
11.85 1065
11.8667 1066
11.8833 1067
11.9 1068
11.9167 1069
11.9333 1070
11.95 1070
11.9667 1071
11.9833 1072
12.0 1073
12.0167 1073
12.0333 1074
12.05 1075
12.0667 1075
12.0833 1076
12.1 1077
12.1167 1077
12.1333 1078
12.15 1079
12.1667 1079
12.1833 1080
12.2 1080
12.2167 1081
12.2333 1081
12.25 1082
12.2667 1082
12.2833 1083
12.3 1083
12.3167 1083
12.3333 1084
12.35 1084
12.3667 1085
12.3833 1085
12.4 1085
12.4167 1085
12.4333 1086
12.45 1086
12.4667 1086
12.4833 1086
12.5 1087
12.5167 1087
12.5333 1087
12.55 1087
12.5667 1087
12.5833 1087
12.6 1087
12.6167 1087
12.6333 1087
12.65 1087
12.6667 1087
12.6833 1087
12.7 1087
12.7167 1087
12.7333 1087
12.75 1087
12.7667 1087
12.7833 1087
12.8 1087
12.8167 1087
12.8333 1086
12.85 1086
12.8667 1086
12.8833 1086
12.9 1086
12.9167 1085
12.9333 1085
12.95 1085
12.9667 1084
12.9833 1084
13.0 1084
13.0167 1083
13.0333 1083
13.05 1082
13.0667 1082
13.0833 1081
13.1 1081
13.1167 1080
13.1333 1080
13.15 1079
13.1667 1079
13.1833 1078
13.2 1078
13.2167 1077
13.2333 1076
13.25 1076
13.2667 1075
13.2833 1074
13.3 1074
13.3167 1073
13.3333 1072
13.35 1072
13.3667 1071
13.3833 1070
13.4 1069
13.4167 1068
13.4333 1067
13.45 1067
13.4667 1066
13.4833 1065
13.5 1064
13.5167 1063
13.5333 1062
13.55 1061
13.5667 1060
13.5833 1059
13.6 1058
13.6167 1057
13.6333 1056
13.65 1055
13.6667 1054
13.6833 1052
13.7 1051
13.7167 1050
13.7333 1049
13.75 1048
13.7667 1046
13.7833 1045
13.8 1044
13.8167 1043
13.8333 1041
13.85 1040
13.8667 1039
13.8833 1037
13.9 1036
13.9167 1035
13.9333 1033
13.95 1032
13.9667 1030
13.9833 1029
14.0 1028
14.0167 1026
14.0333 1025
14.05 1023
14.0667 1021
14.0833 1020
14.1 1018
14.1167 1017
14.1333 1015
14.15 1014
14.1667 1012
14.1833 1010
14.2 1009
14.2167 1007
14.2333 1005
14.25 1003
14.2667 1002
14.2833 1000
14.3 998
14.3167 996
14.3333 995
14.35 993
14.3667 991
14.3833 989
14.4 987
14.4167 985
14.4333 983
14.45 981
14.4667 979
14.4833 977
14.5 975
14.5167 973
14.5333 971
14.55 969
14.5667 967
14.5833 965
14.6 963
14.6167 961
14.6333 959
14.65 957
14.6667 955
14.6833 953
14.7 950
14.7167 948
14.7333 946
14.75 944
14.7667 942
14.7833 939
14.8 937
14.8167 935
14.8333 932
14.85 930
14.8667 928
14.8833 925
14.9 923
14.9167 921
14.9333 918
14.95 916
14.9667 913
14.9833 911
15.0 909
15.0167 906
15.0333 904
15.05 901
15.0667 899
15.0833 896
15.1 894
15.1167 891
15.1333 888
15.15 886
15.1667 883
15.1833 881
15.2 878
15.2167 875
15.2333 873
15.25 870
15.2667 867
15.2833 865
15.3 862
15.3167 859
15.3333 856
15.35 854
15.3667 851
15.3833 848
15.4 845
15.4167 843
15.4333 840
15.45 837
15.4667 834
15.4833 831
15.5 828
15.5167 825
15.5333 822
15.55 820
15.5667 817
15.5833 814
15.6 811
15.6167 808
15.6333 805
15.65 802
15.6667 799
15.6833 796
15.7 793
15.7167 790
15.7333 787
15.75 783
15.7667 780
15.7833 777
15.8 774
15.8167 771
15.8333 768
15.85 765
15.8667 762
15.8833 758
15.9 755
15.9167 752
15.9333 749
15.95 746
15.9667 742
15.9833 739
