9.0 624
9.0167 627
9.0333 631
9.05 634
9.0667 638
9.0833 642
9.1 645
9.1167 649
9.1333 652
9.15 656
9.1667 659
9.1833 663
9.2 666
9.2167 670
9.2333 673
9.25 677
9.2667 680
9.2833 684
9.3 687
9.3167 691
9.3333 694
9.35 698
9.3667 701
9.3833 704
9.4 708
9.4167 711
9.4333 714
9.45 718
9.4667 721
9.4833 724
9.5 728
9.5167 731
9.5333 734
9.55 738
9.5667 741
9.5833 744
9.6 747
9.6167 751
9.6333 754
9.65 757
9.6667 760
9.6833 763
9.7 767
9.7167 770
9.7333 773
9.75 776
9.7667 779
9.7833 782
9.8 785
9.8167 788
9.8333 791
9.85 794
9.8667 797
9.8833 801
9.9 804
9.9167 807
9.9333 810
9.95 812
9.9667 815
9.9833 818
10.0 821
10.0167 824
10.0333 827
10.05 830
10.0667 833
10.0833 836
10.1 839
10.1167 841
10.1333 844
10.15 847
10.1667 850
10.1833 853
10.2 855
10.2167 858
10.2333 861
10.25 864
10.2667 866
10.2833 869
10.3 872
10.3167 874
10.3333 877
10.35 880
10.3667 882
10.3833 885
10.4 887
10.4167 890
10.4333 892
10.45 895
10.4667 898
10.4833 900
10.5 903
10.5167 905
10.5333 907
10.55 910
10.5667 912
10.5833 915
10.6 917
10.6167 919
10.6333 922
10.65 924
10.6667 927
10.6833 929
10.7 931
10.7167 933
10.7333 936
10.75 938
10.7667 940
10.7833 942
10.8 945
10.8167 947
10.8333 949
10.85 951
10.8667 953
10.8833 955
10.9 957
10.9167 960
10.9333 962
10.95 964
10.9667 966
10.9833 968
11.0 970
11.0167 972
11.0333 974
11.05 976
11.0667 978
11.0833 979
11.1 981
11.1167 983
11.1333 985
11.15 987
11.1667 989
11.1833 991
11.2 992
11.2167 994
11.2333 996
11.25 998
11.2667 999
11.2833 1001
11.3 1003
11.3167 1005
11.3333 1006
11.35 1008
11.3667 1009
11.3833 1011
11.4 1013
11.4167 1014
11.4333 1016
11.45 1017
11.4667 1019
11.4833 1020
11.5 1022
11.5167 1023
11.5333 1025
11.55 1026
11.5667 1028
11.5833 1029
11.6 1030
11.6167 1032
11.6333 1033
11.65 1034
11.6667 1036
11.6833 1037
11.7 1038
11.7167 1039
11.7333 1041
11.75 1042
11.7667 1043
11.7833 1044
11.8 1045
11.8167 1046
11.8333 1047
11.85 1049
11.8667 1050
11.8833 1051
11.9 1052
11.9167 1053
11.9333 1054
11.95 1055
11.9667 1056
11.9833 1057
12.0 1058
12.0167 1058
12.0333 1059
12.05 1060
12.0667 1061
12.0833 1062
12.1 1063
12.1167 1063
12.1333 1064
12.15 1065
12.1667 1066
12.1833 1066
12.2 1067
12.2167 1068
12.2333 1069
12.25 1069
12.2667 1070
12.2833 1070
12.3 1071
12.3167 1072
12.3333 1072
12.35 1073
12.3667 1073
12.3833 1074
12.4 1074
12.4167 1074
12.4333 1075
12.45 1075
12.4667 1076
12.4833 1076
12.5 1076
12.5167 1077
12.5333 1077
12.55 1077
12.5667 1078
12.5833 1078
12.6 1078
12.6167 1078
12.6333 1079
12.65 1079
12.6667 1079
12.6833 1079
12.7 1079
12.7167 1079
12.7333 1079
12.75 1079
12.7667 1079
12.7833 1080
12.8 1080
12.8167 1080
12.8333 1079
12.85 1079
12.8667 1079
12.8833 1079
12.9 1079
12.9167 1079
12.9333 1079
12.95 1079
12.9667 1079
12.9833 1078
13.0 1078
13.0167 1078
13.0333 1078
13.05 1077
13.0667 1077
13.0833 1077
13.1 1076
13.1167 1076
13.1333 1076
13.15 1075
13.1667 1075
13.1833 1074
13.2 1074
13.2167 1073
13.2333 1073
13.25 1072
13.2667 1072
13.2833 1071
13.3 1071
13.3167 1070
13.3333 1070
13.35 1069
13.3667 1068
13.3833 1068
13.4 1067
13.4167 1066
13.4333 1066
13.45 1065
13.4667 1064
13.4833 1063
13.5 1062
13.5167 1062
13.5333 1061
13.55 1060
13.5667 1059
13.5833 1058
13.6 1057
13.6167 1056
13.6333 1055
13.65 1054
13.6667 1053
13.6833 1052
13.7 1051
13.7167 1050
13.7333 1049
13.75 1048
13.7667 1047
13.7833 1046
13.8 1045
13.8167 1044
13.8333 1043
13.85 1041
13.8667 1040
13.8833 1039
13.9 1038
13.9167 1036
13.9333 1035
13.95 1034
13.9667 1033
13.9833 1031
14.0 1030
14.0167 1028
14.0333 1027
14.05 1026
14.0667 1024
14.0833 1023
14.1 1021
14.1167 1020
14.1333 1018
14.15 1017
14.1667 1015
14.1833 1014
14.2 1012
14.2167 1011
14.2333 1009
14.25 1007
14.2667 1006
14.2833 1004
14.3 1002
14.3167 1001
14.3333 999
14.35 997
14.3667 995
14.3833 994
14.4 992
14.4167 990
14.4333 988
14.45 986
14.4667 985
14.4833 983
14.5 981
14.5167 979
14.5333 977
14.55 975
14.5667 973
14.5833 971
14.6 969
14.6167 967
14.6333 965
14.65 963
14.6667 961
14.6833 959
14.7 957
14.7167 955
14.7333 953
14.75 950
14.7667 948
14.7833 946
14.8 944
14.8167 942
14.8333 940
14.85 937
14.8667 935
14.8833 933
14.9 930
14.9167 928
14.9333 926
14.95 923
14.9667 921
14.9833 919
15.0 916
15.0167 914
15.0333 911
15.05 909
15.0667 906
15.0833 904
15.1 902
15.1167 899
15.1333 897
15.15 894
15.1667 891
15.1833 889
15.2 886
15.2167 884
15.2333 881
15.25 879
15.2667 876
15.2833 873
15.3 871
15.3167 868
15.3333 865
15.35 863
15.3667 860
15.3833 857
15.4 854
15.4167 852
15.4333 849
15.45 846
15.4667 843
15.4833 840
15.5 837
15.5167 835
15.5333 832
15.55 829
15.5667 826
15.5833 823
15.6 820
15.6167 817
15.6333 814
15.65 811
15.6667 808
15.6833 805
15.7 802
15.7167 799
15.7333 796
15.75 793
15.7667 790
15.7833 787
15.8 784
15.8167 781
15.8333 778
15.85 775
15.8667 772
15.8833 768
15.9 765
15.9167 762
15.9333 759
15.95 756
15.9667 753
15.9833 749
