9.0 374
9.0167 377
9.0333 380
9.05 384
9.0667 387
9.0833 390
9.1 394
9.1167 397
9.1333 400
9.15 404
9.1667 407
9.1833 410
9.2 414
9.2167 417
9.2333 420
9.25 424
9.2667 427
9.2833 430
9.3 433
9.3167 437
9.3333 440
9.35 443
9.3667 446
9.3833 450
9.4 453
9.4167 456
9.4333 459
9.45 462
9.4667 465
9.4833 468
9.5 472
9.5167 475
9.5333 478
9.55 481
9.5667 484
9.5833 487
9.6 490
9.6167 493
9.6333 496
9.65 499
9.6667 502
9.6833 505
9.7 508
9.7167 511
9.7333 514
9.75 517
9.7667 519
9.7833 522
9.8 525
9.8167 528
9.8333 531
9.85 534
9.8667 537
9.8833 539
9.9 542
9.9167 545
9.9333 548
9.95 550
9.9667 553
9.9833 556
10.0 558
10.0167 561
10.0333 564
10.05 566
10.0667 569
10.0833 572
10.1 574
10.1167 577
10.1333 579
10.15 582
10.1667 585
10.1833 587
10.2 590
10.2167 592
10.2333 595
10.25 597
10.2667 600
10.2833 602
10.3 604
10.3167 607
10.3333 609
10.35 612
10.3667 614
10.3833 616
10.4 619
10.4167 621
10.4333 623
10.45 625
10.4667 628
10.4833 630
10.5 632
10.5167 634
10.5333 636
10.55 639
10.5667 641
10.5833 643
10.6 645
10.6167 647
10.6333 649
10.65 651
10.6667 653
10.6833 655
10.7 657
10.7167 659
10.7333 661
10.75 663
10.7667 665
10.7833 667
10.8 669
10.8167 671
10.8333 673
10.85 675
10.8667 677
10.8833 678
10.9 680
10.9167 682
10.9333 684
10.95 685
10.9667 687
10.9833 689
11.0 691
11.0167 692
11.0333 694
11.05 696
11.0667 697
11.0833 699
11.1 700
11.1167 702
11.1333 704
11.15 705
11.1667 707
11.1833 708
11.2 710
11.2167 711
11.2333 712
11.25 714
11.2667 715
11.2833 717
11.3 718
11.3167 719
11.3333 721
11.35 722
11.3667 723
11.3833 725
11.4 726
11.4167 727
11.4333 728
11.45 729
11.4667 731
11.4833 732
11.5 733
11.5167 734
11.5333 735
11.55 736
11.5667 737
11.5833 738
11.6 739
11.6167 740
11.6333 741
11.65 742
11.6667 743
11.6833 744
11.7 745
11.7167 746
11.7333 747
11.75 748
11.7667 748
11.7833 749
11.8 750
11.8167 751
11.8333 752
11.85 752
11.8667 753
11.8833 754
11.9 754
11.9167 755
11.9333 756
11.95 756
11.9667 757
11.9833 757
12.0 758
12.0167 759
12.0333 759
12.05 760
12.0667 760
12.0833 760
12.1 761
12.1167 761
12.1333 762
12.15 762
12.1667 762
12.1833 763
12.2 763
12.2167 763
12.2333 764
12.25 764
12.2667 764
12.2833 764
12.3 765
12.3167 765
12.3333 765
12.35 765
12.3667 765
12.3833 765
12.4 765
12.4167 765
12.4333 765
12.45 765
12.4667 765
12.4833 765
12.5 765
12.5167 765
12.5333 765
12.55 765
12.5667 765
12.5833 765
12.6 765
12.6167 765
12.6333 764
12.65 764
12.6667 764
12.6833 764
12.7 763
12.7167 763
12.7333 763
12.75 762
12.7667 762
12.7833 762
12.8 761
12.8167 761
12.8333 760
12.85 760
12.8667 760
12.8833 759
12.9 759
12.9167 758
12.9333 757
12.95 757
12.9667 756
12.9833 756
13.0 755
13.0167 754
13.0333 754
13.05 753
13.0667 752
13.0833 752
13.1 751
13.1167 750
13.1333 749
13.15 748
13.1667 748
13.1833 747
13.2 746
13.2167 745
13.2333 744
13.25 743
13.2667 742
13.2833 741
13.3 740
13.3167 739
13.3333 738
13.35 737
13.3667 736
13.3833 735
13.4 734
13.4167 733
13.4333 732
13.45 731
13.4667 729
13.4833 728
13.5 727
13.5167 726
13.5333 725
13.55 723
13.5667 722
13.5833 721
13.6 719
13.6167 718
13.6333 717
13.65 715
13.6667 714
13.6833 712
13.7 711
13.7167 710
13.7333 708
13.75 707
13.7667 705
13.7833 704
13.8 702
13.8167 700
13.8333 699
13.85 697
13.8667 696
13.8833 694
13.9 692
13.9167 691
13.9333 689
13.95 687
13.9667 686
13.9833 684
14.0 682
14.0167 680
14.0333 678
14.05 677
14.0667 675
14.0833 673
14.1 671
14.1167 669
14.1333 667
14.15 665
14.1667 663
14.1833 661
14.2 659
14.2167 657
14.2333 655
14.25 653
14.2667 651
14.2833 649
14.3 647
14.3167 645
14.3333 643
14.35 641
14.3667 639
14.3833 637
14.4 634
14.4167 632
14.4333 630
14.45 628
14.4667 625
14.4833 623
14.5 621
14.5167 619
14.5333 616
14.55 614
14.5667 612
14.5833 609
14.6 607
14.6167 604
14.6333 602
14.65 600
14.6667 597
14.6833 595
14.7 592
14.7167 590
14.7333 587
14.75 585
14.7667 582
14.7833 580
14.8 577
14.8167 574
14.8333 572
14.85 569
14.8667 567
14.8833 564
14.9 561
14.9167 559
14.9333 556
14.95 553
14.9667 550
14.9833 548
15.0 544
15.0167 542
15.0333 539
15.05 536
15.0667 533
15.0833 530
15.1 528
15.1167 525
15.1333 522
15.15 519
15.1667 516
15.1833 513
15.2 510
15.2167 507
15.2333 504
15.25 501
15.2667 499
15.2833 496
15.3 493
15.3167 490
15.3333 486
15.35 483
15.3667 480
15.3833 477
15.4 474
15.4167 471
15.4333 468
15.45 465
15.4667 462
15.4833 459
15.5 456
15.5167 452
15.5333 449
15.55 446
15.5667 443
15.5833 440
15.6 436
15.6167 433
15.6333 430
15.65 427
15.6667 423
15.6833 420
15.7 417
15.7167 413
15.7333 410
15.75 407
15.7667 403
15.7833 400
15.8 397
15.8167 393
15.8333 390
15.85 387
15.8667 383
15.8833 380
15.9 376
15.9167 373
15.9333 370
15.95 366
15.9667 363
15.9833 359
