9.0 400
9.0167 405
9.0333 409
9.05 413
9.0667 416
9.0833 420
9.1 424
9.1167 428
9.1333 432
9.15 436
9.1667 439
9.1833 443
9.2 447
9.2167 451
9.2333 455
9.25 458
9.2667 462
9.2833 466
9.3 470
9.3167 473
9.3333 477
9.35 481
9.3667 485
9.3833 488
9.4 492
9.4167 496
9.4333 499
9.45 503
9.4667 507
9.4833 510
9.5 514
9.5167 518
9.5333 521
9.55 525
9.5667 528
9.5833 532
9.6 535
9.6167 539
9.6333 543
9.65 546
9.6667 550
9.6833 553
9.7 557
9.7167 560
9.7333 564
9.75 567
9.7667 570
9.7833 574
9.8 577
9.8167 581
9.8333 584
9.85 587
9.8667 591
9.8833 594
9.9 597
9.9167 601
9.9333 604
9.95 607
9.9667 611
9.9833 614
10.0 617
10.0167 620
10.0333 624
10.05 627
10.0667 630
10.0833 633
10.1 636
10.1167 640
10.1333 643
10.15 646
10.1667 649
10.1833 652
10.2 655
10.2167 658
10.2333 661
10.25 664
10.2667 667
10.2833 670
10.3 673
10.3167 676
10.3333 679
10.35 682
10.3667 685
10.3833 688
10.4 691
10.4167 694
10.4333 696
10.45 699
10.4667 702
10.4833 705
10.5 708
10.5167 711
10.5333 713
10.55 716
10.5667 719
10.5833 721
10.6 724
10.6167 727
10.6333 729
10.65 732
10.6667 735
10.6833 737
10.7 740
10.7167 743
10.7333 745
10.75 748
10.7667 750
10.7833 753
10.8 755
10.8167 758
10.8333 760
10.85 762
10.8667 765
10.8833 767
10.9 770
10.9167 772
10.9333 774
10.95 777
10.9667 779
10.9833 781
11.0 784
11.0167 786
11.0333 788
11.05 790
11.0667 793
11.0833 795
11.1 797
11.1167 799
11.1333 801
11.15 803
11.1667 805
11.1833 807
11.2 809
11.2167 812
11.2333 814
11.25 816
11.2667 818
11.2833 819
11.3 821
11.3167 823
11.3333 825
11.35 827
11.3667 829
11.3833 831
11.4 833
11.4167 834
11.4333 836
11.45 838
11.4667 840
11.4833 842
11.5 843
11.5167 845
11.5333 847
11.55 848
11.5667 850
11.5833 852
11.6 853
11.6167 855
11.6333 856
11.65 858
11.6667 859
11.6833 861
11.7 862
11.7167 864
11.7333 865
11.75 867
11.7667 868
11.7833 869
11.8 871
11.8167 872
11.8333 873
11.85 875
11.8667 876
11.8833 877
11.9 878
11.9167 880
11.9333 881
11.95 882
11.9667 883
11.9833 884
12.0 885
12.0167 887
12.0333 888
12.05 889
12.0667 890
12.0833 891
12.1 892
12.1167 893
12.1333 894
12.15 895
12.1667 895
12.1833 896
12.2 897
12.2167 898
12.2333 899
12.25 900
12.2667 900
12.2833 901
12.3 902
12.3167 903
12.3333 903
12.35 904
12.3667 905
12.3833 905
12.4 906
12.4167 907
12.4333 907
12.45 908
12.4667 908
12.4833 909
12.5 909
12.5167 910
12.5333 910
12.55 911
12.5667 911
12.5833 911
12.6 912
12.6167 912
12.6333 912
12.65 913
12.6667 913
12.6833 913
12.7 914
12.7167 914
12.7333 914
12.75 914
12.7667 914
12.7833 914
12.8 915
12.8167 915
12.8333 915
12.85 915
12.8667 915
12.8833 915
12.9 915
12.9167 915
12.9333 915
12.95 915
12.9667 915
12.9833 914
13.0 914
13.0167 914
13.0333 914
13.05 914
13.0667 914
13.0833 913
13.1 913
13.1167 913
13.1333 913
13.15 912
13.1667 912
13.1833 911
13.2 911
13.2167 911
13.2333 910
13.25 910
13.2667 909
13.2833 909
13.3 908
13.3167 908
13.3333 907
13.35 907
13.3667 906
13.3833 905
13.4 905
13.4167 904
13.4333 903
13.45 903
13.4667 902
13.4833 901
13.5 901
13.5167 900
13.5333 899
13.55 898
13.5667 897
13.5833 896
13.6 896
13.6167 895
13.6333 894
13.65 893
13.6667 892
13.6833 891
13.7 890
13.7167 889
13.7333 888
13.75 887
13.7667 886
13.7833 884
13.8 883
13.8167 882
13.8333 881
13.85 880
13.8667 879
13.8833 877
13.9 876
13.9167 875
13.9333 874
13.95 872
13.9667 871
13.9833 870
14.0 868
14.0167 867
14.0333 865
14.05 864
14.0667 862
14.0833 861
14.1 859
14.1167 858
14.1333 856
14.15 855
14.1667 853
14.1833 852
14.2 850
14.2167 848
14.2333 847
14.25 845
14.2667 843
14.2833 842
14.3 840
14.3167 838
14.3333 837
14.35 835
14.3667 833
14.3833 831
14.4 829
14.4167 827
14.4333 826
14.45 824
14.4667 822
14.4833 820
14.5 818
14.5167 816
14.5333 814
14.55 812
14.5667 810
14.5833 808
14.6 806
14.6167 804
14.6333 801
14.65 799
14.6667 797
14.6833 795
14.7 793
14.7167 791
14.7333 788
14.75 786
14.7667 784
14.7833 782
14.8 779
14.8167 777
14.8333 775
14.85 772
14.8667 770
14.8833 768
14.9 765
14.9167 763
14.9333 760
14.95 758
14.9667 755
14.9833 753
15.0 751
15.0167 749
15.0333 746
15.05 744
15.0667 741
15.0833 739
15.1 736
15.1167 733
15.1333 731
15.15 728
15.1667 725
15.1833 723
15.2 720
15.2167 717
15.2333 714
15.25 712
15.2667 709
15.2833 706
15.3 703
15.3167 701
15.3333 698
15.35 695
15.3667 692
15.3833 689
15.4 686
15.4167 683
15.4333 680
15.45 677
15.4667 674
15.4833 671
15.5 668
15.5167 665
15.5333 662
15.55 659
15.5667 656
15.5833 653
15.6 650
15.6167 647
15.6333 644
15.65 641
15.6667 638
15.6833 634
15.7 631
15.7167 628
15.7333 625
15.75 622
15.7667 618
15.7833 615
15.8 612
15.8167 609
15.8333 605
15.85 602
15.8667 599
15.8833 595
15.9 592
15.9167 589
15.9333 585
15.95 582
15.9667 579
15.9833 575
