9.0 602
9.0167 606
9.0333 610
9.05 614
9.0667 618
9.0833 621
9.1 625
9.1167 629
9.1333 633
9.15 636
9.1667 640
9.1833 644
9.2 647
9.2167 651
9.2333 655
9.25 658
9.2667 662
9.2833 665
9.3 669
9.3167 673
9.3333 676
9.35 680
9.3667 683
9.3833 687
9.4 690
9.4167 694
9.4333 697
9.45 701
9.4667 704
9.4833 708
9.5 711
9.5167 715
9.5333 718
9.55 721
9.5667 725
9.5833 728
9.6 732
9.6167 735
9.6333 738
9.65 742
9.6667 745
9.6833 748
9.7 751
9.7167 755
9.7333 758
9.75 761
9.7667 764
9.7833 768
9.8 771
9.8167 774
9.8333 777
9.85 780
9.8667 784
9.8833 787
9.9 790
9.9167 793
9.9333 796
9.95 799
9.9667 802
9.9833 805
10.0 808
10.0167 811
10.0333 814
10.05 817
10.0667 820
10.0833 823
10.1 826
10.1167 829
10.1333 832
10.15 835
10.1667 838
10.1833 840
10.2 843
10.2167 846
10.2333 849
10.25 852
10.2667 855
10.2833 857
10.3 860
10.3167 863
10.3333 865
10.35 868
10.3667 871
10.3833 873
10.4 876
10.4167 879
10.4333 881
10.45 884
10.4667 887
10.4833 889
10.5 892
10.5167 894
10.5333 897
10.55 899
10.5667 902
10.5833 904
10.6 907
10.6167 909
10.6333 911
10.65 914
10.6667 916
10.6833 919
10.7 921
10.7167 923
10.7333 926
10.75 928
10.7667 930
10.7833 932
10.8 935
10.8167 937
10.8333 939
10.85 941
10.8667 943
10.8833 945
10.9 948
10.9167 950
10.9333 952
10.95 954
10.9667 956
10.9833 958
11.0 960
11.0167 962
11.0333 964
11.05 966
11.0667 968
11.0833 970
11.1 972
11.1167 974
11.1333 975
11.15 977
11.1667 979
11.1833 981
11.2 983
11.2167 985
11.2333 986
11.25 988
11.2667 990
11.2833 991
11.3 993
11.3167 995
11.3333 996
11.35 998
11.3667 1000
11.3833 1001
11.4 1003
11.4167 1004
11.4333 1006
11.45 1007
11.4667 1009
11.4833 1010
11.5 1012
11.5167 1013
11.5333 1015
11.55 1016
11.5667 1017
11.5833 1019
11.6 1020
11.6167 1021
11.6333 1023
11.65 1024
11.6667 1025
11.6833 1026
11.7 1028
11.7167 1029
11.7333 1030
11.75 1031
11.7667 1032
11.7833 1033
11.8 1035
11.8167 1036
11.8333 1037
11.85 1038
11.8667 1039
11.8833 1040
11.9 1041
11.9167 1042
11.9333 1043
11.95 1044
11.9667 1044
11.9833 1045
12.0 1046
12.0167 1047
12.0333 1048
12.05 1049
12.0667 1049
12.0833 1050
12.1 1051
12.1167 1052
12.1333 1052
12.15 1053
12.1667 1054
12.1833 1054
12.2 1055
12.2167 1055
12.2333 1056
12.25 1057
12.2667 1057
12.2833 1058
12.3 1058
12.3167 1059
12.3333 1059
12.35 1059
12.3667 1060
12.3833 1060
12.4 1061
12.4167 1061
12.4333 1061
12.45 1062
12.4667 1062
12.4833 1062
12.5 1062
12.5167 1063
12.5333 1063
12.55 1063
12.5667 1063
12.5833 1063
12.6 1063
12.6167 1064
12.6333 1064
12.65 1064
12.6667 1064
12.6833 1064
12.7 1064
12.7167 1064
12.7333 1064
12.75 1064
12.7667 1064
12.7833 1063
12.8 1063
12.8167 1063
12.8333 1063
12.85 1063
12.8667 1063
12.8833 1062
12.9 1062
12.9167 1062
12.9333 1062
12.95 1061
12.9667 1061
12.9833 1061
13.0 1060
13.0167 1060
13.0333 1059
13.05 1059
13.0667 1059
13.0833 1058
13.1 1058
13.1167 1057
13.1333 1057
13.15 1056
13.1667 1055
13.1833 1055
13.2 1054
13.2167 1054
13.2333 1053
13.25 1052
13.2667 1052
13.2833 1051
13.3 1050
13.3167 1049
13.3333 1049
13.35 1048
13.3667 1047
13.3833 1046
13.4 1045
13.4167 1044
13.4333 1044
13.45 1043
13.4667 1042
13.4833 1041
13.5 1040
13.5167 1039
13.5333 1038
13.55 1037
13.5667 1036
13.5833 1035
13.6 1033
13.6167 1032
13.6333 1031
13.65 1030
13.6667 1029
13.6833 1028
13.7 1026
13.7167 1025
13.7333 1024
13.75 1023
13.7667 1021
13.7833 1020
13.8 1019
13.8167 1017
13.8333 1016
13.85 1015
13.8667 1013
13.8833 1012
13.9 1010
13.9167 1009
13.9333 1007
13.95 1006
13.9667 1004
13.9833 1003
14.0 1001
14.0167 1000
14.0333 998
14.05 996
14.0667 995
14.0833 993
14.1 991
14.1167 990
14.1333 988
14.15 986
14.1667 984
14.1833 983
14.2 981
14.2167 979
14.2333 977
14.25 975
14.2667 973
14.2833 972
14.3 970
14.3167 968
14.3333 966
14.35 964
14.3667 962
14.3833 960
14.4 958
14.4167 956
14.4333 954
14.45 952
14.4667 950
14.4833 947
14.5 945
14.5167 943
14.5333 941
14.55 939
14.5667 937
14.5833 934
14.6 932
14.6167 930
14.6333 928
14.65 925
14.6667 923
14.6833 921
14.7 918
14.7167 916
14.7333 914
14.75 911
14.7667 909
14.7833 906
14.8 904
14.8167 902
14.8333 899
14.85 897
14.8667 894
14.8833 892
14.9 889
14.9167 886
14.9333 884
14.95 881
14.9667 879
14.9833 876
15.0 874
15.0167 871
15.0333 868
15.05 866
15.0667 863
15.0833 860
15.1 857
15.1167 855
15.1333 852
15.15 849
15.1667 846
15.1833 843
15.2 841
15.2167 838
15.2333 835
15.25 832
15.2667 829
15.2833 826
15.3 823
15.3167 820
15.3333 817
15.35 814
15.3667 811
15.3833 808
15.4 805
15.4167 802
15.4333 799
15.45 796
15.4667 793
15.4833 790
15.5 787
15.5167 784
15.5333 781
15.55 777
15.5667 774
15.5833 771
15.6 768
15.6167 765
15.6333 761
15.65 758
15.6667 755
15.6833 752
15.7 748
15.7167 745
15.7333 742
15.75 738
15.7667 735
15.7833 732
15.8 728
15.8167 725
15.8333 722
15.85 718
15.8667 715
15.8833 711
15.9 708
15.9167 704
15.9333 701
15.95 697
15.9667 694
15.9833 690
