9.0 634
9.0167 638
9.0333 642
9.05 646
9.0667 649
9.0833 653
9.1 656
9.1167 660
9.1333 664
9.15 667
9.1667 671
9.1833 674
9.2 678
9.2167 681
9.2333 685
9.25 688
9.2667 692
9.2833 695
9.3 699
9.3167 702
9.3333 705
9.35 709
9.3667 712
9.3833 716
9.4 719
9.4167 722
9.4333 726
9.45 729
9.4667 732
9.4833 736
9.5 739
9.5167 742
9.5333 746
9.55 749
9.5667 752
9.5833 755
9.6 759
9.6167 762
9.6333 765
9.65 768
9.6667 771
9.6833 774
9.7 778
9.7167 781
9.7333 784
9.75 787
9.7667 790
9.7833 793
9.8 796
9.8167 799
9.8333 802
9.85 805
9.8667 808
9.8833 811
9.9 814
9.9167 817
9.9333 820
9.95 823
9.9667 826
9.9833 829
10.0 832
10.0167 835
10.0333 838
10.05 840
10.0667 843
10.0833 846
10.1 849
10.1167 852
10.1333 854
10.15 857
10.1667 860
10.1833 863
10.2 865
10.2167 868
10.2333 871
10.25 873
10.2667 876
10.2833 879
10.3 881
10.3167 884
10.3333 886
10.35 889
10.3667 892
10.3833 894
10.4 897
10.4167 899
10.4333 902
10.45 904
10.4667 907
10.4833 909
10.5 911
10.5167 914
10.5333 916
10.55 919
10.5667 921
10.5833 923
10.6 926
10.6167 928
10.6333 930
10.65 932
10.6667 935
10.6833 937
10.7 939
10.7167 941
10.7333 943
10.75 946
10.7667 948
10.7833 950
10.8 952
10.8167 954
10.8333 956
10.85 958
10.8667 960
10.8833 962
10.9 964
10.9167 966
10.9333 968
10.95 970
10.9667 972
10.9833 974
11.0 976
11.0167 978
11.0333 980
11.05 982
11.0667 983
11.0833 985
11.1 987
11.1167 989
11.1333 991
11.15 992
11.1667 994
11.1833 996
11.2 997
11.2167 999
11.2333 1001
11.25 1002
11.2667 1004
11.2833 1006
11.3 1007
11.3167 1009
11.3333 1010
11.35 1012
11.3667 1013
11.3833 1015
11.4 1016
11.4167 1018
11.4333 1019
11.45 1020
11.4667 1022
11.4833 1023
11.5 1025
11.5167 1026
11.5333 1027
11.55 1029
11.5667 1030
11.5833 1031
11.6 1032
11.6167 1034
11.6333 1035
11.65 1036
11.6667 1037
11.6833 1038
11.7 1039
11.7167 1040
11.7333 1041
11.75 1043
11.7667 1044
11.7833 1045
11.8 1046
11.8167 1047
11.8333 1048
11.85 1049
11.8667 1049
11.8833 1050
11.9 1051
11.9167 1052
11.9333 1053
11.95 1054
11.9667 1055
11.9833 1055
12.0 1056
12.0167 1057
12.0333 1058
12.05 1058
12.0667 1059
12.0833 1060
12.1 1060
12.1167 1061
12.1333 1062
12.15 1062
12.1667 1063
12.1833 1063
12.2 1064
12.2167 1064
12.2333 1065
12.25 1065
12.2667 1066
12.2833 1066
12.3 1067
12.3167 1067
12.3333 1067
12.35 1068
12.3667 1068
12.3833 1068
12.4 1069
12.4167 1069
12.4333 1069
12.45 1069
12.4667 1070
12.4833 1070
12.5 1070
12.5167 1070
12.5333 1070
12.55 1070
12.5667 1071
12.5833 1071
12.6 1071
12.6167 1071
12.6333 1071
12.65 1071
12.6667 1071
12.6833 1071
12.7 1071
12.7167 1071
12.7333 1070
12.75 1070
12.7667 1070
12.7833 1070
12.8 1070
12.8167 1070
12.8333 1069
12.85 1069
12.8667 1069
12.8833 1069
12.9 1068
12.9167 1068
12.9333 1068
12.95 1067
12.9667 1067
12.9833 1067
13.0 1066
13.0167 1066
13.0333 1065
13.05 1065
13.0667 1064
13.0833 1064
13.1 1063
13.1167 1063
13.1333 1062
13.15 1061
13.1667 1061
13.1833 1060
13.2 1060
13.2167 1059
13.2333 1058
13.25 1057
13.2667 1057
13.2833 1056
13.3 1055
13.3167 1054
13.3333 1054
13.35 1053
13.3667 1052
13.3833 1051
13.4 1050
13.4167 1049
13.4333 1048
13.45 1047
13.4667 1046
13.4833 1045
13.5 1044
13.5167 1043
13.5333 1042
13.55 1041
13.5667 1040
13.5833 1039
13.6 1038
13.6167 1037
13.6333 1036
13.65 1034
13.6667 1033
13.6833 1032
13.7 1031
13.7167 1030
13.7333 1028
13.75 1027
13.7667 1026
13.7833 1024
13.8 1023
13.8167 1022
13.8333 1020
13.85 1019
13.8667 1017
13.8833 1016
13.9 1015
13.9167 1013
13.9333 1012
13.95 1010
13.9667 1008
13.9833 1007
14.0 1005
14.0167 1004
14.0333 1002
14.05 1000
14.0667 999
14.0833 997
14.1 995
14.1167 994
14.1333 992
14.15 990
14.1667 989
14.1833 987
14.2 985
14.2167 983
14.2333 981
14.25 979
14.2667 978
14.2833 976
14.3 974
14.3167 972
14.3333 970
14.35 968
14.3667 966
14.3833 964
14.4 962
14.4167 960
14.4333 958
14.45 956
14.4667 954
14.4833 952
14.5 950
14.5167 947
14.5333 945
14.55 943
14.5667 941
14.5833 939
14.6 936
14.6167 934
14.6333 932
14.65 930
14.6667 927
14.6833 925
14.7 923
14.7167 920
14.7333 918
14.75 916
14.7667 913
14.7833 911
14.8 909
14.8167 906
14.8333 904
14.85 901
14.8667 899
14.8833 896
14.9 894
14.9167 891
14.9333 889
14.95 886
14.9667 883
14.9833 881
15.0 878
15.0167 876
15.0333 873
15.05 870
15.0667 868
15.0833 865
15.1 862
15.1167 860
15.1333 857
15.15 854
15.1667 851
15.1833 849
15.2 846
15.2167 843
15.2333 840
15.25 837
15.2667 834
15.2833 832
15.3 829
15.3167 826
15.3333 823
15.35 820
15.3667 817
15.3833 814
15.4 811
15.4167 808
15.4333 805
15.45 802
15.4667 799
15.4833 796
15.5 793
15.5167 790
15.5333 787
15.55 784
15.5667 780
15.5833 777
15.6 774
15.6167 771
15.6333 768
15.65 765
15.6667 761
15.6833 758
15.7 755
15.7167 752
15.7333 748
15.75 745
15.7667 742
15.7833 739
15.8 735
15.8167 732
15.8333 729
15.85 725
15.8667 722
15.8833 719
15.9 715
15.9167 712
15.9333 708
15.95 705
15.9667 702
15.9833 698
