9.0 616
9.0167 620
9.0333 623
9.05 627
9.0667 630
9.0833 634
9.1 638
9.1167 641
9.1333 645
9.15 648
9.1667 652
9.1833 655
9.2 659
9.2167 662
9.2333 665
9.25 669
9.2667 672
9.2833 676
9.3 679
9.3167 683
9.3333 686
9.35 689
9.3667 693
9.3833 696
9.4 699
9.4167 703
9.4333 706
9.45 709
9.4667 713
9.4833 716
9.5 719
9.5167 722
9.5333 726
9.55 729
9.5667 732
9.5833 735
9.6 739
9.6167 742
9.6333 745
9.65 748
9.6667 751
9.6833 754
9.7 758
9.7167 761
9.7333 764
9.75 767
9.7667 770
9.7833 773
9.8 776
9.8167 779
9.8333 782
9.85 785
9.8667 788
9.8833 791
9.9 794
9.9167 797
9.9333 800
9.95 803
9.9667 806
9.9833 809
10.0 812
10.0167 815
10.0333 818
10.05 820
10.0667 823
10.0833 826
10.1 829
10.1167 832
10.1333 834
10.15 837
10.1667 840
10.1833 843
10.2 845
10.2167 848
10.2333 851
10.25 854
10.2667 856
10.2833 859
10.3 862
10.3167 864
10.3333 867
10.35 869
10.3667 872
10.3833 875
10.4 877
10.4167 880
10.4333 882
10.45 885
10.4667 887
10.4833 890
10.5 892
10.5167 895
10.5333 897
10.55 899
10.5667 902
10.5833 904
10.6 907
10.6167 909
10.6333 911
10.65 914
10.6667 916
10.6833 918
10.7 920
10.7167 923
10.7333 925
10.75 927
10.7667 929
10.7833 932
10.8 934
10.8167 936
10.8333 938
10.85 940
10.8667 942
10.8833 944
10.9 946
10.9167 949
10.9333 951
10.95 953
10.9667 955
10.9833 957
11.0 959
11.0167 961
11.0333 963
11.05 964
11.0667 966
11.0833 968
11.1 970
11.1167 972
11.1333 974
11.15 976
11.1667 978
11.1833 979
11.2 981
11.2167 983
11.2333 985
11.25 986
11.2667 988
11.2833 990
11.3 991
11.3167 993
11.3333 995
11.35 996
11.3667 998
11.3833 999
11.4 1001
11.4167 1003
11.4333 1004
11.45 1006
11.4667 1007
11.4833 1009
11.5 1010
11.5167 1012
11.5333 1013
11.55 1014
11.5667 1016
11.5833 1017
11.6 1018
11.6167 1020
11.6333 1021
11.65 1022
11.6667 1024
11.6833 1025
11.7 1026
11.7167 1027
11.7333 1029
11.75 1030
11.7667 1031
11.7833 1032
11.8 1033
11.8167 1034
11.8333 1035
11.85 1037
11.8667 1038
11.8833 1039
11.9 1040
11.9167 1041
11.9333 1042
11.95 1043
11.9667 1044
11.9833 1045
12.0 1045
12.0167 1046
12.0333 1047
12.05 1048
12.0667 1049
12.0833 1050
12.1 1051
12.1167 1051
12.1333 1052
12.15 1053
12.1667 1054
12.1833 1054
12.2 1055
12.2167 1056
12.2333 1056
12.25 1057
12.2667 1058
12.2833 1058
12.3 1059
12.3167 1059
12.3333 1060
12.35 1060
12.3667 1061
12.3833 1061
12.4 1062
12.4167 1062
12.4333 1063
12.45 1063
12.4667 1063
12.4833 1064
12.5 1064
12.5167 1064
12.5333 1065
12.55 1065
12.5667 1065
12.5833 1066
12.6 1066
12.6167 1066
12.6333 1066
12.65 1066
12.6667 1067
12.6833 1067
12.7 1067
12.7167 1067
12.7333 1067
12.75 1067
12.7667 1067
12.7833 1067
12.8 1067
12.8167 1067
12.8333 1067
12.85 1067
12.8667 1067
12.8833 1067
12.9 1067
12.9167 1067
12.9333 1066
12.95 1066
12.9667 1066
12.9833 1066
13.0 1066
13.0167 1065
13.0333 1065
13.05 1065
13.0667 1065
13.0833 1064
13.1 1064
13.1167 1064
13.1333 1063
13.15 1063
13.1667 1062
13.1833 1062
13.2 1062
13.2167 1061
13.2333 1061
13.25 1060
13.2667 1060
13.2833 1059
13.3 1058
13.3167 1058
13.3333 1057
13.35 1057
13.3667 1056
13.3833 1055
13.4 1055
13.4167 1054
13.4333 1053
13.45 1053
13.4667 1052
13.4833 1051
13.5 1050
13.5167 1049
13.5333 1049
13.55 1048
13.5667 1047
13.5833 1046
13.6 1045
13.6167 1044
13.6333 1043
13.65 1042
13.6667 1041
13.6833 1040
13.7 1039
13.7167 1038
13.7333 1037
13.75 1036
13.7667 1035
13.7833 1034
13.8 1033
13.8167 1032
13.8333 1031
13.85 1029
13.8667 1028
13.8833 1027
13.9 1026
13.9167 1024
13.9333 1023
13.95 1022
13.9667 1021
13.9833 1019
14.0 1018
14.0167 1017
14.0333 1015
14.05 1014
14.0667 1012
14.0833 1011
14.1 1010
14.1167 1008
14.1333 1007
14.15 1005
14.1667 1004
14.1833 1002
14.2 1000
14.2167 999
14.2333 997
14.25 996
14.2667 994
14.2833 992
14.3 991
14.3167 989
14.3333 987
14.35 986
14.3667 984
14.3833 982
14.4 980
14.4167 979
14.4333 977
14.45 975
14.4667 973
14.4833 971
14.5 970
14.5167 968
14.5333 966
14.55 964
14.5667 962
14.5833 960
14.6 958
14.6167 956
14.6333 954
14.65 952
14.6667 950
14.6833 948
14.7 946
14.7167 944
14.7333 942
14.75 939
14.7667 937
14.7833 935
14.8 933
14.8167 931
14.8333 929
14.85 926
14.8667 924
14.8833 922
14.9 920
14.9167 917
14.9333 915
14.95 913
14.9667 910
14.9833 908
15.0 906
15.0167 903
15.0333 901
15.05 898
15.0667 896
15.0833 894
15.1 891
15.1167 889
15.1333 886
15.15 884
15.1667 881
15.1833 879
15.2 876
15.2167 874
15.2333 871
15.25 868
15.2667 866
15.2833 863
15.3 861
15.3167 858
15.3333 855
15.35 853
15.3667 850
15.3833 847
15.4 844
15.4167 842
15.4333 839
15.45 836
15.4667 833
15.4833 831
15.5 828
15.5167 825
15.5333 822
15.55 819
15.5667 816
15.5833 814
15.6 811
15.6167 808
15.6333 805
15.65 802
15.6667 799
15.6833 796
15.7 793
15.7167 790
15.7333 787
15.75 784
15.7667 781
15.7833 778
15.8 775
15.8167 772
15.8333 769
15.85 766
15.8667 763
15.8833 759
15.9 756
15.9167 753
15.9333 750
15.95 747
15.9667 744
15.9833 741
