9.0 453
9.0167 456
9.0333 459
9.05 463
9.0667 466
9.0833 470
9.1 473
9.1167 477
9.1333 480
9.15 484
9.1667 487
9.1833 490
9.2 494
9.2167 497
9.2333 501
9.25 504
9.2667 507
9.2833 511
9.3 514
9.3167 517
9.3333 521
9.35 524
9.3667 527
9.3833 531
9.4 534
9.4167 537
9.4333 540
9.45 544
9.4667 547
9.4833 550
9.5 553
9.5167 556
9.5333 560
9.55 563
9.5667 566
9.5833 569
9.6 572
9.6167 575
9.6333 578
9.65 581
9.6667 584
9.6833 587
9.7 590
9.7167 593
9.7333 596
9.75 599
9.7667 602
9.7833 605
9.8 608
9.8167 611
9.8333 614
9.85 617
9.8667 620
9.8833 623
9.9 626
9.9167 628
9.9333 631
9.95 634
9.9667 637
9.9833 639
10.0 642
10.0167 645
10.0333 648
10.05 650
10.0667 653
10.0833 656
10.1 658
10.1167 661
10.1333 664
10.15 666
10.1667 669
10.1833 671
10.2 674
10.2167 677
10.2333 679
10.25 682
10.2667 684
10.2833 687
10.3 689
10.3167 691
10.3333 694
10.35 696
10.3667 699
10.3833 701
10.4 703
10.4167 706
10.4333 708
10.45 710
10.4667 713
10.4833 715
10.5 717
10.5167 719
10.5333 722
10.55 724
10.5667 726
10.5833 728
10.6 730
10.6167 732
10.6333 735
10.65 737
10.6667 739
10.6833 741
10.7 743
10.7167 745
10.7333 747
10.75 749
10.7667 751
10.7833 753
10.8 755
10.8167 757
10.8333 758
10.85 760
10.8667 762
10.8833 764
10.9 766
10.9167 768
10.9333 769
10.95 771
10.9667 773
10.9833 775
11.0 776
11.0167 778
11.0333 780
11.05 781
11.0667 783
11.0833 785
11.1 786
11.1167 788
11.1333 789
11.15 791
11.1667 792
11.1833 794
11.2 795
11.2167 797
11.2333 798
11.25 800
11.2667 801
11.2833 802
11.3 804
11.3167 805
11.3333 806
11.35 808
11.3667 809
11.3833 810
11.4 812
11.4167 813
11.4333 814
11.45 815
11.4667 816
11.4833 817
11.5 819
11.5167 820
11.5333 821
11.55 822
11.5667 823
11.5833 824
11.6 825
11.6167 826
11.6333 827
11.65 828
11.6667 829
11.6833 830
11.7 831
11.7167 831
11.7333 832
11.75 833
11.7667 834
11.7833 835
11.8 835
11.8167 836
11.8333 837
11.85 838
11.8667 838
11.8833 839
11.9 840
11.9167 840
11.9333 841
11.95 841
11.9667 842
11.9833 843
12.0 843
12.0167 844
12.0333 844
12.05 845
12.0667 845
12.0833 845
12.1 846
12.1167 846
12.1333 847
12.15 847
12.1667 847
12.1833 847
12.2 848
12.2167 848
12.2333 848
12.25 848
12.2667 849
12.2833 849
12.3 849
12.3167 849
12.3333 849
12.35 849
12.3667 849
12.3833 849
12.4 850
12.4167 850
12.4333 850
12.45 849
12.4667 849
12.4833 849
12.5 849
12.5167 849
12.5333 849
12.55 849
12.5667 849
12.5833 849
12.6 848
12.6167 848
12.6333 848
12.65 848
12.6667 847
12.6833 847
12.7 847
12.7167 846
12.7333 846
12.75 845
12.7667 845
12.7833 845
12.8 844
12.8167 844
12.8333 843
12.85 843
12.8667 842
12.8833 842
12.9 841
12.9167 840
12.9333 840
12.95 839
12.9667 838
12.9833 838
13.0 837
13.0167 836
13.0333 836
13.05 835
13.0667 834
13.0833 833
13.1 832
13.1167 832
13.1333 831
13.15 830
13.1667 829
13.1833 828
13.2 827
13.2167 826
13.2333 825
13.25 824
13.2667 823
13.2833 822
13.3 821
13.3167 820
13.3333 819
13.35 818
13.3667 817
13.3833 815
13.4 814
13.4167 813
13.4333 812
13.45 811
13.4667 809
13.4833 808
13.5 807
13.5167 805
13.5333 804
13.55 803
13.5667 801
13.5833 800
13.6 799
13.6167 797
13.6333 796
13.65 794
13.6667 793
13.6833 791
13.7 790
13.7167 788
13.7333 787
13.75 785
13.7667 783
13.7833 782
13.8 780
13.8167 778
13.8333 777
13.85 775
13.8667 773
13.8833 772
13.9 770
13.9167 768
13.9333 766
13.95 764
13.9667 763
13.9833 761
14.0 759
14.0167 757
14.0333 755
14.05 753
14.0667 751
14.0833 749
14.1 747
14.1167 745
14.1333 743
14.15 741
14.1667 739
14.1833 737
14.2 735
14.2167 733
14.2333 731
14.25 729
14.2667 726
14.2833 724
14.3 722
14.3167 720
14.3333 718
14.35 715
14.3667 713
14.3833 711
14.4 709
14.4167 706
14.4333 704
14.45 702
14.4667 699
14.4833 697
14.5 694
14.5167 692
14.5333 690
14.55 687
14.5667 685
14.5833 682
14.6 680
14.6167 677
14.6333 675
14.65 672
14.6667 669
14.6833 667
14.7 664
14.7167 662
14.7333 659
14.75 656
14.7667 654
14.7833 651
14.8 648
14.8167 646
14.8333 643
14.85 640
14.8667 637
14.8833 635
14.9 632
14.9167 629
14.9333 626
14.95 623
14.9667 620
14.9833 618
15.0 614
15.0167 611
15.0333 608
15.05 605
15.0667 602
15.0833 599
15.1 596
15.1167 593
15.1333 590
15.15 587
15.1667 584
15.1833 581
15.2 578
15.2167 575
15.2333 572
15.25 569
15.2667 566
15.2833 562
15.3 559
15.3167 556
15.3333 553
15.35 550
15.3667 547
15.3833 543
15.4 540
15.4167 537
15.4333 534
15.45 530
15.4667 527
15.4833 524
15.5 521
15.5167 517
15.5333 514
15.55 511
15.5667 507
15.5833 504
15.6 500
15.6167 497
15.6333 494
15.65 490
15.6667 487
15.6833 483
15.7 480
15.7167 476
15.7333 473
15.75 470
15.7667 466
15.7833 463
15.8 459
15.8167 456
15.8333 452
15.85 448
15.8667 445
15.8833 441
15.9 438
15.9167 434
15.9333 431
15.95 427
15.9667 423
15.9833 420
