9.0 267
9.0167 270
9.0333 274
9.05 277
9.0667 280
9.0833 284
9.1 287
9.1167 290
9.1333 294
9.15 297
9.1667 300
9.1833 304
9.2 307
9.2167 310
9.2333 314
9.25 317
9.2667 320
9.2833 324
9.3 327
9.3167 330
9.3333 334
9.35 337
9.3667 340
9.3833 343
9.4 347
9.4167 350
9.4333 353
9.45 356
9.4667 359
9.4833 363
9.5 366
9.5167 369
9.5333 372
9.55 375
9.5667 378
9.5833 382
9.6 385
9.6167 388
9.6333 391
9.65 394
9.6667 397
9.6833 400
9.7 403
9.7167 406
9.7333 409
9.75 412
9.7667 415
9.7833 418
9.8 421
9.8167 424
9.8333 427
9.85 430
9.8667 433
9.8833 436
9.9 439
9.9167 442
9.9333 445
9.95 448
9.9667 451
9.9833 453
10.0 456
10.0167 459
10.0333 462
10.05 465
10.0667 468
10.0833 470
10.1 473
10.1167 476
10.1333 479
10.15 481
10.1667 484
10.1833 487
10.2 489
10.2167 492
10.2333 495
10.25 497
10.2667 500
10.2833 503
10.3 505
10.3167 508
10.3333 510
10.35 513
10.3667 515
10.3833 518
10.4 521
10.4167 523
10.4333 525
10.45 528
10.4667 530
10.4833 533
10.5 535
10.5167 538
10.5333 540
10.55 542
10.5667 545
10.5833 547
10.6 549
10.6167 552
10.6333 554
10.65 556
10.6667 559
10.6833 561
10.7 563
10.7167 565
10.7333 567
10.75 570
10.7667 572
10.7833 574
10.8 576
10.8167 578
10.8333 580
10.85 582
10.8667 584
10.8833 586
10.9 588
10.9167 591
10.9333 593
10.95 594
10.9667 596
10.9833 598
11.0 600
11.0167 602
11.0333 604
11.05 606
11.0667 608
11.0833 610
11.1 612
11.1167 613
11.1333 615
11.15 617
11.1667 619
11.1833 620
11.2 622
11.2167 624
11.2333 626
11.25 627
11.2667 629
11.2833 630
11.3 632
11.3167 634
11.3333 635
11.35 637
11.3667 638
11.3833 640
11.4 641
11.4167 643
11.4333 644
11.45 646
11.4667 647
11.4833 649
11.5 650
11.5167 651
11.5333 653
11.55 654
11.5667 655
11.5833 657
11.6 658
11.6167 659
11.6333 661
11.65 662
11.6667 663
11.6833 664
11.7 665
11.7167 667
11.7333 668
11.75 669
11.7667 670
11.7833 671
11.8 672
11.8167 673
11.8333 674
11.85 675
11.8667 676
11.8833 677
11.9 678
11.9167 679
11.9333 680
11.95 681
11.9667 682
11.9833 682
12.0 683
12.0167 684
12.0333 685
12.05 686
12.0667 686
12.0833 687
12.1 688
12.1167 689
12.1333 689
12.15 690
12.1667 691
12.1833 691
12.2 692
12.2167 692
12.2333 693
12.25 694
12.2667 694
12.2833 695
12.3 695
12.3167 695
12.3333 696
12.35 696
12.3667 697
12.3833 697
12.4 698
12.4167 698
12.4333 698
12.45 699
12.4667 699
12.4833 699
12.5 699
12.5167 700
12.5333 700
12.55 700
12.5667 700
12.5833 700
12.6 700
12.6167 701
12.6333 701
12.65 701
12.6667 701
12.6833 701
12.7 701
12.7167 701
12.7333 701
12.75 701
12.7667 701
12.7833 701
12.8 701
12.8167 700
12.8333 700
12.85 700
12.8667 700
12.8833 700
12.9 700
12.9167 699
12.9333 699
12.95 699
12.9667 699
12.9833 698
13.0 698
13.0167 698
13.0333 697
13.05 697
13.0667 696
13.0833 696
13.1 695
13.1167 695
13.1333 695
13.15 694
13.1667 693
13.1833 693
13.2 692
13.2167 692
13.2333 691
13.25 691
13.2667 690
13.2833 689
13.3 689
13.3167 688
13.3333 687
13.35 686
13.3667 686
13.3833 685
13.4 684
13.4167 683
13.4333 682
13.45 682
13.4667 681
13.4833 680
13.5 679
13.5167 678
13.5333 677
13.55 676
13.5667 675
13.5833 674
13.6 673
13.6167 672
13.6333 671
13.65 670
13.6667 669
13.6833 668
13.7 666
13.7167 665
13.7333 664
13.75 663
13.7667 662
13.7833 661
13.8 659
13.8167 658
13.8333 657
13.85 655
13.8667 654
13.8833 653
13.9 651
13.9167 650
13.9333 649
13.95 647
13.9667 646
13.9833 644
14.0 643
14.0167 641
14.0333 640
14.05 638
14.0667 637
14.0833 635
14.1 634
14.1167 632
14.1333 630
14.15 629
14.1667 627
14.1833 625
14.2 624
14.2167 622
14.2333 620
14.25 619
14.2667 617
14.2833 615
14.3 613
14.3167 611
14.3333 610
14.35 608
14.3667 606
14.3833 604
14.4 602
14.4167 600
14.4333 598
14.45 596
14.4667 594
14.4833 592
14.5 590
14.5167 588
14.5333 586
14.55 584
14.5667 582
14.5833 580
14.6 578
14.6167 576
14.6333 574
14.65 572
14.6667 570
14.6833 567
14.7 565
14.7167 563
14.7333 561
14.75 559
14.7667 556
14.7833 554
14.8 552
14.8167 549
14.8333 547
14.85 545
14.8667 542
14.8833 540
14.9 538
14.9167 535
14.9333 533
14.95 530
14.9667 528
14.9833 525
15.0 523
15.0167 521
15.0333 518
15.05 516
15.0667 513
15.0833 511
15.1 508
15.1167 506
15.1333 503
15.15 500
15.1667 498
15.1833 495
15.2 493
15.2167 490
15.2333 487
15.25 484
15.2667 482
15.2833 479
15.3 476
15.3167 474
15.3333 471
15.35 468
15.3667 465
15.3833 462
15.4 460
15.4167 457
15.4333 454
15.45 451
15.4667 448
15.4833 445
15.5 442
15.5167 440
15.5333 437
15.55 434
15.5667 431
15.5833 428
15.6 425
15.6167 422
15.6333 419
15.65 416
15.6667 413
15.6833 410
15.7 407
15.7167 404
15.7333 401
15.75 398
15.7667 394
15.7833 391
15.8 388
15.8167 385
15.8333 382
15.85 379
15.8667 376
15.8833 373
15.9 369
15.9167 366
15.9333 363
15.95 360
15.9667 357
15.9833 353
