9.0 338
9.0167 342
9.0333 346
9.05 350
9.0667 353
9.0833 357
9.1 361
9.1167 364
9.1333 368
9.15 372
9.1667 375
9.1833 379
9.2 383
9.2167 386
9.2333 390
9.25 394
9.2667 397
9.2833 401
9.3 404
9.3167 408
9.3333 412
9.35 415
9.3667 419
9.3833 422
9.4 426
9.4167 429
9.4333 433
9.45 437
9.4667 440
9.4833 444
9.5 447
9.5167 451
9.5333 454
9.55 458
9.5667 461
9.5833 464
9.6 468
9.6167 471
9.6333 475
9.65 478
9.6667 482
9.6833 485
9.7 488
9.7167 492
9.7333 495
9.75 499
9.7667 502
9.7833 505
9.8 509
9.8167 512
9.8333 515
9.85 519
9.8667 522
9.8833 525
9.9 528
9.9167 532
9.9333 535
9.95 538
9.9667 541
9.9833 544
10.0 548
10.0167 551
10.0333 554
10.05 557
10.0667 560
10.0833 563
10.1 566
10.1167 570
10.1333 573
10.15 576
10.1667 579
10.1833 582
10.2 585
10.2167 588
10.2333 591
10.25 594
10.2667 597
10.2833 600
10.3 603
10.3167 606
10.3333 608
10.35 611
10.3667 614
10.3833 617
10.4 620
10.4167 623
10.4333 626
10.45 628
10.4667 631
10.4833 634
10.5 637
10.5167 639
10.5333 642
10.55 645
10.5667 648
10.5833 650
10.6 653
10.6167 656
10.6333 658
10.65 661
10.6667 663
10.6833 666
10.7 669
10.7167 671
10.7333 674
10.75 676
10.7667 679
10.7833 681
10.8 684
10.8167 686
10.8333 688
10.85 691
10.8667 693
10.8833 696
10.9 698
10.9167 700
10.9333 703
10.95 705
10.9667 707
10.9833 710
11.0 712
11.0167 714
11.0333 716
11.05 719
11.0667 721
11.0833 723
11.1 725
11.1167 727
11.1333 729
11.15 731
11.1667 733
11.1833 736
11.2 738
11.2167 740
11.2333 742
11.25 744
11.2667 746
11.2833 748
11.3 749
11.3167 751
11.3333 753
11.35 755
11.3667 757
11.3833 759
11.4 761
11.4167 763
11.4333 764
11.45 766
11.4667 768
11.4833 770
11.5 771
11.5167 773
11.5333 775
11.55 776
11.5667 778
11.5833 779
11.6 781
11.6167 783
11.6333 784
11.65 786
11.6667 787
11.6833 789
11.7 790
11.7167 792
11.7333 793
11.75 795
11.7667 796
11.7833 797
11.8 799
11.8167 800
11.8333 801
11.85 803
11.8667 804
11.8833 805
11.9 806
11.9167 808
11.9333 809
11.95 810
11.9667 811
11.9833 812
12.0 813
12.0167 815
12.0333 816
12.05 817
12.0667 818
12.0833 819
12.1 820
12.1167 821
12.1333 822
12.15 823
12.1667 824
12.1833 824
12.2 825
12.2167 826
12.2333 827
12.25 828
12.2667 829
12.2833 829
12.3 830
12.3167 831
12.3333 832
12.35 832
12.3667 833
12.3833 834
12.4 834
12.4167 835
12.4333 836
12.45 836
12.4667 837
12.4833 837
12.5 838
12.5167 838
12.5333 839
12.55 839
12.5667 840
12.5833 840
12.6 840
12.6167 841
12.6333 841
12.65 841
12.6667 842
12.6833 842
12.7 842
12.7167 842
12.7333 843
12.75 843
12.7667 843
12.7833 843
12.8 843
12.8167 843
12.8333 844
12.85 844
12.8667 844
12.8833 844
12.9 844
12.9167 844
12.9333 844
12.95 844
12.9667 844
12.9833 843
13.0 843
13.0167 843
13.0333 843
13.05 843
13.0667 843
13.0833 842
13.1 842
13.1167 842
13.1333 842
13.15 841
13.1667 841
13.1833 841
13.2 840
13.2167 840
13.2333 840
13.25 839
13.2667 839
13.2833 838
13.3 838
13.3167 837
13.3333 837
13.35 836
13.3667 836
13.3833 835
13.4 834
13.4167 834
13.4333 833
13.45 832
13.4667 832
13.4833 831
13.5 830
13.5167 830
13.5333 829
13.55 828
13.5667 827
13.5833 826
13.6 825
13.6167 825
13.6333 824
13.65 823
13.6667 822
13.6833 821
13.7 820
13.7167 819
13.7333 818
13.75 817
13.7667 816
13.7833 815
13.8 814
13.8167 812
13.8333 811
13.85 810
13.8667 809
13.8833 808
13.9 807
13.9167 805
13.9333 804
13.95 803
13.9667 801
13.9833 800
14.0 799
14.0167 797
14.0333 796
14.05 795
14.0667 793
14.0833 792
14.1 790
14.1167 789
14.1333 787
14.15 786
14.1667 784
14.1833 783
14.2 781
14.2167 780
14.2333 778
14.25 776
14.2667 775
14.2833 773
14.3 771
14.3167 770
14.3333 768
14.35 766
14.3667 764
14.3833 763
14.4 761
14.4167 759
14.4333 757
14.45 755
14.4667 753
14.4833 752
14.5 750
14.5167 748
14.5333 746
14.55 744
14.5667 742
14.5833 740
14.6 738
14.6167 736
14.6333 734
14.65 732
14.6667 729
14.6833 727
14.7 725
14.7167 723
14.7333 721
14.75 719
14.7667 716
14.7833 714
14.8 712
14.8167 710
14.8333 708
14.85 705
14.8667 703
14.8833 701
14.9 698
14.9167 696
14.9333 693
14.95 691
14.9667 689
14.9833 686
15.0 685
15.0167 682
15.0333 680
15.05 677
15.0667 675
15.0833 672
15.1 670
15.1167 667
15.1333 664
15.15 662
15.1667 659
15.1833 657
15.2 654
15.2167 651
15.2333 649
15.25 646
15.2667 643
15.2833 641
15.3 638
15.3167 635
15.3333 632
15.35 629
15.3667 627
15.3833 624
15.4 621
15.4167 618
15.4333 615
15.45 612
15.4667 610
15.4833 607
15.5 604
15.5167 601
15.5333 598
15.55 595
15.5667 592
15.5833 589
15.6 586
15.6167 583
15.6333 580
15.65 577
15.6667 574
15.6833 571
15.7 567
15.7167 564
15.7333 561
15.75 558
15.7667 555
15.7833 552
15.8 549
15.8167 545
15.8333 542
15.85 539
15.8667 536
15.8833 533
15.9 529
15.9167 526
15.9333 523
15.95 520
15.9667 516
15.9833 513
