9.0 357
9.0167 362
9.0333 366
9.05 370
9.0667 373
9.0833 377
9.1 381
9.1167 385
9.1333 389
9.15 392
9.1667 396
9.1833 400
9.2 404
9.2167 408
9.2333 411
9.25 415
9.2667 419
9.2833 423
9.3 426
9.3167 430
9.3333 434
9.35 437
9.3667 441
9.3833 445
9.4 449
9.4167 452
9.4333 456
9.45 459
9.4667 463
9.4833 467
9.5 470
9.5167 474
9.5333 478
9.55 481
9.5667 485
9.5833 488
9.6 492
9.6167 495
9.6333 499
9.65 502
9.6667 506
9.6833 509
9.7 513
9.7167 516
9.7333 520
9.75 523
9.7667 527
9.7833 530
9.8 533
9.8167 537
9.8333 540
9.85 544
9.8667 547
9.8833 550
9.9 554
9.9167 557
9.9333 560
9.95 564
9.9667 567
9.9833 570
10.0 573
10.0167 577
10.0333 580
10.05 583
10.0667 586
10.0833 589
10.1 593
10.1167 596
10.1333 599
10.15 602
10.1667 605
10.1833 608
10.2 611
10.2167 614
10.2333 617
10.25 620
10.2667 623
10.2833 626
10.3 629
10.3167 632
10.3333 635
10.35 638
10.3667 641
10.3833 644
10.4 647
10.4167 650
10.4333 653
10.45 656
10.4667 659
10.4833 661
10.5 664
10.5167 667
10.5333 670
10.55 672
10.5667 675
10.5833 678
10.6 681
10.6167 683
10.6333 686
10.65 689
10.6667 691
10.6833 694
10.7 697
10.7167 699
10.7333 702
10.75 704
10.7667 707
10.7833 709
10.8 712
10.8167 714
10.8333 717
10.85 719
10.8667 722
10.8833 724
10.9 727
10.9167 729
10.9333 731
10.95 734
10.9667 736
10.9833 738
11.0 741
11.0167 743
11.0333 745
11.05 747
11.0667 750
11.0833 752
11.1 754
11.1167 756
11.1333 758
11.15 760
11.1667 763
11.1833 765
11.2 767
11.2167 769
11.2333 771
11.25 773
11.2667 775
11.2833 777
11.3 779
11.3167 781
11.3333 783
11.35 785
11.3667 786
11.3833 788
11.4 790
11.4167 792
11.4333 794
11.45 796
11.4667 797
11.4833 799
11.5 801
11.5167 803
11.5333 804
11.55 806
11.5667 808
11.5833 809
11.6 811
11.6167 813
11.6333 814
11.65 816
11.6667 817
11.6833 819
11.7 820
11.7167 822
11.7333 823
11.75 825
11.7667 826
11.7833 827
11.8 829
11.8167 830
11.8333 832
11.85 833
11.8667 834
11.8833 836
11.9 837
11.9167 838
11.9333 839
11.95 840
11.9667 842
11.9833 843
12.0 844
12.0167 845
12.0333 846
12.05 847
12.0667 848
12.0833 849
12.1 850
12.1167 851
12.1333 852
12.15 853
12.1667 854
12.1833 855
12.2 856
12.2167 857
12.2333 858
12.25 859
12.2667 860
12.2833 860
12.3 861
12.3167 862
12.3333 863
12.35 863
12.3667 864
12.3833 865
12.4 865
12.4167 866
12.4333 867
12.45 867
12.4667 868
12.4833 868
12.5 869
12.5167 869
12.5333 870
12.55 870
12.5667 871
12.5833 871
12.6 872
12.6167 872
12.6333 872
12.65 873
12.6667 873
12.6833 873
12.7 874
12.7167 874
12.7333 874
12.75 874
12.7667 875
12.7833 875
12.8 875
12.8167 875
12.8333 875
12.85 875
12.8667 875
12.8833 875
12.9 875
12.9167 875
12.9333 875
12.95 875
12.9667 875
12.9833 875
13.0 875
13.0167 875
13.0333 875
13.05 875
13.0667 875
13.0833 874
13.1 874
13.1167 874
13.1333 874
13.15 873
13.1667 873
13.1833 873
13.2 872
13.2167 872
13.2333 872
13.25 871
13.2667 871
13.2833 870
13.3 870
13.3167 869
13.3333 869
13.35 868
13.3667 868
13.3833 867
13.4 867
13.4167 866
13.4333 865
13.45 865
13.4667 864
13.4833 863
13.5 863
13.5167 862
13.5333 861
13.55 860
13.5667 860
13.5833 859
13.6 858
13.6167 857
13.6333 856
13.65 855
13.6667 854
13.6833 853
13.7 853
13.7167 852
13.7333 851
13.75 850
13.7667 848
13.7833 847
13.8 846
13.8167 845
13.8333 844
13.85 843
13.8667 842
13.8833 841
13.9 839
13.9167 838
13.9333 837
13.95 836
13.9667 834
13.9833 833
14.0 832
14.0167 830
14.0333 829
14.05 828
14.0667 826
14.0833 825
14.1 823
14.1167 822
14.1333 820
14.15 819
14.1667 817
14.1833 816
14.2 814
14.2167 813
14.2333 811
14.25 809
14.2667 808
14.2833 806
14.3 804
14.3167 803
14.3333 801
14.35 799
14.3667 798
14.3833 796
14.4 794
14.4167 792
14.4333 790
14.45 789
14.4667 787
14.4833 785
14.5 783
14.5167 781
14.5333 779
14.55 777
14.5667 775
14.5833 773
14.6 771
14.6167 769
14.6333 767
14.65 765
14.6667 763
14.6833 761
14.7 758
14.7167 756
14.7333 754
14.75 752
14.7667 750
14.7833 748
14.8 745
14.8167 743
14.8333 741
14.85 738
14.8667 736
14.8833 734
14.9 731
14.9167 729
14.9333 727
14.95 724
14.9667 722
14.9833 719
15.0 718
15.0167 716
15.0333 713
15.05 711
15.0667 708
15.0833 705
15.1 703
15.1167 700
15.1333 698
15.15 695
15.1667 693
15.1833 690
15.2 687
15.2167 685
15.2333 682
15.25 679
15.2667 676
15.2833 674
15.3 671
15.3167 668
15.3333 665
15.35 663
15.3667 660
15.3833 657
15.4 654
15.4167 651
15.4333 648
15.45 645
15.4667 642
15.4833 640
15.5 637
15.5167 634
15.5333 631
15.55 628
15.5667 625
15.5833 622
15.6 619
15.6167 616
15.6333 613
15.65 609
15.6667 606
15.6833 603
15.7 600
15.7167 597
15.7333 594
15.75 591
15.7667 587
15.7833 584
15.8 581
15.8167 578
15.8333 575
15.85 571
15.8667 568
15.8833 565
15.9 562
15.9167 558
15.9333 555
15.95 552
15.9667 548
15.9833 545
