9.0 589
9.0167 594
9.0333 598
9.05 601
9.0667 605
9.0833 609
9.1 612
9.1167 616
9.1333 620
9.15 623
9.1667 627
9.1833 631
9.2 634
9.2167 638
9.2333 641
9.25 645
9.2667 649
9.2833 652
9.3 656
9.3167 659
9.3333 663
9.35 666
9.3667 670
9.3833 673
9.4 677
9.4167 680
9.4333 684
9.45 687
9.4667 690
9.4833 694
9.5 697
9.5167 701
9.5333 704
9.55 707
9.5667 711
9.5833 714
9.6 717
9.6167 721
9.6333 724
9.65 727
9.6667 731
9.6833 734
9.7 737
9.7167 740
9.7333 743
9.75 747
9.7667 750
9.7833 753
9.8 756
9.8167 759
9.8333 762
9.85 766
9.8667 769
9.8833 772
9.9 775
9.9167 778
9.9333 781
9.95 784
9.9667 787
9.9833 790
10.0 793
10.0167 796
10.0333 799
10.05 802
10.0667 805
10.0833 808
10.1 811
10.1167 813
10.1333 816
10.15 819
10.1667 822
10.1833 825
10.2 828
10.2167 830
10.2333 833
10.25 836
10.2667 839
10.2833 841
10.3 844
10.3167 847
10.3333 849
10.35 852
10.3667 855
10.3833 857
10.4 860
10.4167 862
10.4333 865
10.45 868
10.4667 870
10.4833 873
10.5 875
10.5167 878
10.5333 880
10.55 883
10.5667 885
10.5833 887
10.6 890
10.6167 892
10.6333 895
10.65 897
10.6667 899
10.6833 902
10.7 904
10.7167 906
10.7333 908
10.75 911
10.7667 913
10.7833 915
10.8 917
10.8167 920
10.8333 922
10.85 924
10.8667 926
10.8833 928
10.9 930
10.9167 932
10.9333 934
10.95 936
10.9667 938
10.9833 940
11.0 942
11.0167 944
11.0333 946
11.05 948
11.0667 950
11.0833 952
11.1 954
11.1167 956
11.1333 958
11.15 959
11.1667 961
11.1833 963
11.2 965
11.2167 966
11.2333 968
11.25 970
11.2667 972
11.2833 973
11.3 975
11.3167 977
11.3333 978
11.35 980
11.3667 981
11.3833 983
11.4 984
11.4167 986
11.4333 987
11.45 989
11.4667 990
11.4833 992
11.5 993
11.5167 995
11.5333 996
11.55 997
11.5667 999
11.5833 1000
11.6 1001
11.6167 1003
11.6333 1004
11.65 1005
11.6667 1006
11.6833 1007
11.7 1009
11.7167 1010
11.7333 1011
11.75 1012
11.7667 1013
11.7833 1014
11.8 1015
11.8167 1016
11.8333 1017
11.85 1018
11.8667 1019
11.8833 1020
11.9 1021
11.9167 1022
11.9333 1023
11.95 1024
11.9667 1025
11.9833 1026
12.0 1027
12.0167 1027
12.0333 1028
12.05 1029
12.0667 1030
12.0833 1030
12.1 1031
12.1167 1032
12.1333 1033
12.15 1033
12.1667 1034
12.1833 1034
12.2 1035
12.2167 1036
12.2333 1036
12.25 1037
12.2667 1037
12.2833 1038
12.3 1038
12.3167 1039
12.3333 1039
12.35 1039
12.3667 1040
12.3833 1040
12.4 1040
12.4167 1041
12.4333 1041
12.45 1041
12.4667 1042
12.4833 1042
12.5 1042
12.5167 1042
12.5333 1042
12.55 1043
12.5667 1043
12.5833 1043
12.6 1043
12.6167 1043
12.6333 1043
12.65 1043
12.6667 1043
12.6833 1043
12.7 1043
12.7167 1043
12.7333 1043
12.75 1043
12.7667 1043
12.7833 1043
12.8 1043
12.8167 1042
12.8333 1042
12.85 1042
12.8667 1042
12.8833 1042
12.9 1041
12.9167 1041
12.9333 1041
12.95 1040
12.9667 1040
12.9833 1040
13.0 1039
13.0167 1039
13.0333 1038
13.05 1038
13.0667 1037
13.0833 1037
13.1 1036
13.1167 1036
13.1333 1035
13.15 1035
13.1667 1034
13.1833 1034
13.2 1033
13.2167 1032
13.2333 1032
13.25 1031
13.2667 1030
13.2833 1029
13.3 1029
13.3167 1028
13.3333 1027
13.35 1026
13.3667 1026
13.3833 1025
13.4 1024
13.4167 1023
13.4333 1022
13.45 1021
13.4667 1020
13.4833 1019
13.5 1018
13.5167 1017
13.5333 1016
13.55 1015
13.5667 1014
13.5833 1013
13.6 1012
13.6167 1011
13.6333 1009
13.65 1008
13.6667 1007
13.6833 1006
13.7 1005
13.7167 1003
13.7333 1002
13.75 1001
13.7667 1000
13.7833 998
13.8 997
13.8167 996
13.8333 994
13.85 993
13.8667 991
13.8833 990
13.9 988
13.9167 987
13.9333 985
13.95 984
13.9667 982
13.9833 981
14.0 979
14.0167 978
14.0333 976
14.05 974
14.0667 973
14.0833 971
14.1 969
14.1167 968
14.1333 966
14.15 964
14.1667 962
14.1833 961
14.2 959
14.2167 957
14.2333 955
14.25 953
14.2667 951
14.2833 950
14.3 948
14.3167 946
14.3333 944
14.35 942
14.3667 940
14.3833 938
14.4 936
14.4167 934
14.4333 932
14.45 930
14.4667 927
14.4833 925
14.5 923
14.5167 921
14.5333 919
14.55 917
14.5667 914
14.5833 912
14.6 910
14.6167 908
14.6333 906
14.65 903
14.6667 901
14.6833 899
14.7 896
14.7167 894
14.7333 891
14.75 889
14.7667 887
14.7833 884
14.8 882
14.8167 879
14.8333 877
14.85 874
14.8667 872
14.8833 869
14.9 867
14.9167 864
14.9333 862
14.95 859
14.9667 856
14.9833 854
15.0 851
15.0167 849
15.0333 846
15.05 843
15.0667 841
15.0833 838
15.1 835
15.1167 832
15.1333 830
15.15 827
15.1667 824
15.1833 821
15.2 818
15.2167 816
15.2333 813
15.25 810
15.2667 807
15.2833 804
15.3 801
15.3167 798
15.3333 795
15.35 792
15.3667 789
15.3833 786
15.4 783
15.4167 780
15.4333 777
15.45 774
15.4667 771
15.4833 768
15.5 765
15.5167 762
15.5333 759
15.55 755
15.5667 752
15.5833 749
15.6 746
15.6167 743
15.6333 740
15.65 736
15.6667 733
15.6833 730
15.7 727
15.7167 723
15.7333 720
15.75 717
15.7667 713
15.7833 710
15.8 707
15.8167 703
15.8333 700
15.85 696
15.8667 693
15.8833 690
15.9 686
15.9167 683
15.9333 679
15.95 676
15.9667 672
15.9833 669
