9.0 472
9.0167 475
9.0333 479
9.05 482
9.0667 485
9.0833 489
9.1 492
9.1167 495
9.1333 499
9.15 502
9.1667 505
9.1833 509
9.2 512
9.2167 515
9.2333 519
9.25 522
9.2667 525
9.2833 529
9.3 532
9.3167 535
9.3333 538
9.35 542
9.3667 545
9.3833 548
9.4 551
9.4167 554
9.4333 558
9.45 561
9.4667 564
9.4833 567
9.5 570
9.5167 573
9.5333 577
9.55 580
9.5667 583
9.5833 586
9.6 589
9.6167 592
9.6333 595
9.65 598
9.6667 601
9.6833 604
9.7 607
9.7167 610
9.7333 613
9.75 616
9.7667 619
9.7833 622
9.8 625
9.8167 628
9.8333 631
9.85 634
9.8667 637
9.8833 640
9.9 643
9.9167 646
9.9333 649
9.95 651
9.9667 654
9.9833 657
10.0 660
10.0167 663
10.0333 666
10.05 668
10.0667 671
10.0833 674
10.1 677
10.1167 679
10.1333 682
10.15 685
10.1667 687
10.1833 690
10.2 693
10.2167 695
10.2333 698
10.25 701
10.2667 703
10.2833 706
10.3 709
10.3167 711
10.3333 714
10.35 716
10.3667 719
10.3833 721
10.4 724
10.4167 726
10.4333 729
10.45 731
10.4667 734
10.4833 736
10.5 738
10.5167 741
10.5333 743
10.55 746
10.5667 748
10.5833 750
10.6 753
10.6167 755
10.6333 757
10.65 760
10.6667 762
10.6833 764
10.7 766
10.7167 769
10.7333 771
10.75 773
10.7667 775
10.7833 777
10.8 779
10.8167 782
10.8333 784
10.85 786
10.8667 788
10.8833 790
10.9 792
10.9167 794
10.9333 796
10.95 798
10.9667 800
10.9833 802
11.0 804
11.0167 806
11.0333 808
11.05 810
11.0667 812
11.0833 813
11.1 815
11.1167 817
11.1333 819
11.15 821
11.1667 822
11.1833 824
11.2 826
11.2167 828
11.2333 829
11.25 831
11.2667 833
11.2833 835
11.3 836
11.3167 838
11.3333 839
11.35 841
11.3667 843
11.3833 844
11.4 846
11.4167 847
11.4333 849
11.45 850
11.4667 852
11.4833 853
11.5 855
11.5167 856
11.5333 857
11.55 859
11.5667 860
11.5833 862
11.6 863
11.6167 864
11.6333 866
11.65 867
11.6667 868
11.6833 869
11.7 871
11.7167 872
11.7333 873
11.75 874
11.7667 875
11.7833 876
11.8 878
11.8167 879
11.8333 880
11.85 881
11.8667 882
11.8833 883
11.9 884
11.9167 885
11.9333 886
11.95 887
11.9667 888
11.9833 889
12.0 890
12.0167 890
12.0333 891
12.05 892
12.0667 893
12.0833 894
12.1 895
12.1167 895
12.1333 896
12.15 897
12.1667 898
12.1833 898
12.2 899
12.2167 900
12.2333 900
12.25 901
12.2667 902
12.2833 902
12.3 903
12.3167 903
12.3333 904
12.35 904
12.3667 905
12.3833 905
12.4 906
12.4167 906
12.4333 907
12.45 907
12.4667 907
12.4833 908
12.5 908
12.5167 908
12.5333 909
12.55 909
12.5667 909
12.5833 909
12.6 910
12.6167 910
12.6333 910
12.65 910
12.6667 910
12.6833 910
12.7 911
12.7167 911
12.7333 911
12.75 911
12.7667 911
12.7833 911
12.8 911
12.8167 911
12.8333 911
12.85 911
12.8667 911
12.8833 911
12.9 910
12.9167 910
12.9333 910
12.95 910
12.9667 910
12.9833 910
13.0 909
13.0167 909
13.0333 909
13.05 909
13.0667 908
13.0833 908
13.1 908
13.1167 907
13.1333 907
13.15 906
13.1667 906
13.1833 906
13.2 905
13.2167 905
13.2333 904
13.25 904
13.2667 903
13.2833 902
13.3 902
13.3167 901
13.3333 901
13.35 900
13.3667 899
13.3833 899
13.4 898
13.4167 897
13.4333 897
13.45 896
13.4667 895
13.4833 894
13.5 894
13.5167 893
13.5333 892
13.55 891
13.5667 890
13.5833 889
13.6 888
13.6167 888
13.6333 887
13.65 886
13.6667 885
13.6833 884
13.7 883
13.7167 882
13.7333 881
13.75 879
13.7667 878
13.7833 877
13.8 876
13.8167 875
13.8333 874
13.85 873
13.8667 871
13.8833 870
13.9 869
13.9167 868
13.9333 866
13.95 865
13.9667 864
13.9833 863
14.0 861
14.0167 860
14.0333 858
14.05 857
14.0667 856
14.0833 854
14.1 853
14.1167 851
14.1333 850
14.15 848
14.1667 847
14.1833 845
14.2 844
14.2167 842
14.2333 841
14.25 839
14.2667 837
14.2833 836
14.3 834
14.3167 832
14.3333 831
14.35 829
14.3667 827
14.3833 826
14.4 824
14.4167 822
14.4333 820
14.45 818
14.4667 817
14.4833 815
14.5 813
14.5167 811
14.5333 809
14.55 807
14.5667 805
14.5833 803
14.6 801
14.6167 799
14.6333 797
14.65 795
14.6667 793
14.6833 791
14.7 789
14.7167 787
14.7333 785
14.75 783
14.7667 781
14.7833 779
14.8 777
14.8167 774
14.8333 772
14.85 770
14.8667 768
14.8833 766
14.9 763
14.9167 761
14.9333 759
14.95 757
14.9667 754
14.9833 752
15.0 749
15.0167 747
15.0333 745
15.05 742
15.0667 740
15.0833 737
15.1 735
15.1167 733
15.1333 730
15.15 728
15.1667 725
15.1833 723
15.2 720
15.2167 718
15.2333 715
15.25 713
15.2667 710
15.2833 707
15.3 705
15.3167 702
15.3333 700
15.35 697
15.3667 694
15.3833 692
15.4 689
15.4167 686
15.4333 684
15.45 681
15.4667 678
15.4833 675
15.5 673
15.5167 670
15.5333 667
15.55 664
15.5667 662
15.5833 659
15.6 656
15.6167 653
15.6333 650
15.65 647
15.6667 645
15.6833 642
15.7 639
15.7167 636
15.7333 633
15.75 630
15.7667 627
15.7833 624
15.8 621
15.8167 618
15.8333 615
15.85 612
15.8667 609
15.8833 606
15.9 603
15.9167 600
15.9333 597
15.95 594
15.9667 591
15.9833 588
