9.0 436
9.0167 439
9.0333 443
9.05 446
9.0667 449
9.0833 453
9.1 456
9.1167 460
9.1333 463
9.15 466
9.1667 470
9.1833 473
9.2 476
9.2167 480
9.2333 483
9.25 486
9.2667 490
9.2833 493
9.3 496
9.3167 500
9.3333 503
9.35 506
9.3667 509
9.3833 512
9.4 516
9.4167 519
9.4333 522
9.45 525
9.4667 528
9.4833 532
9.5 535
9.5167 538
9.5333 541
9.55 544
9.5667 547
9.5833 550
9.6 553
9.6167 557
9.6333 560
9.65 563
9.6667 566
9.6833 569
9.7 572
9.7167 575
9.7333 578
9.75 581
9.7667 584
9.7833 587
9.8 590
9.8167 592
9.8333 595
9.85 598
9.8667 601
9.8833 604
9.9 607
9.9167 610
9.9333 613
9.95 615
9.9667 618
9.9833 621
10.0 624
10.0167 626
10.0333 629
10.05 632
10.0667 635
10.0833 637
10.1 640
10.1167 643
10.1333 645
10.15 648
10.1667 651
10.1833 653
10.2 656
10.2167 658
10.2333 661
10.25 663
10.2667 666
10.2833 669
10.3 671
10.3167 674
10.3333 676
10.35 678
10.3667 681
10.3833 683
10.4 686
10.4167 688
10.4333 690
10.45 693
10.4667 695
10.4833 697
10.5 700
10.5167 702
10.5333 704
10.55 707
10.5667 709
10.5833 711
10.6 713
10.6167 715
10.6333 718
10.65 720
10.6667 722
10.6833 724
10.7 726
10.7167 728
10.7333 730
10.75 732
10.7667 734
10.7833 736
10.8 738
10.8167 740
10.8333 742
10.85 744
10.8667 746
10.8833 748
10.9 750
10.9167 752
10.9333 754
10.95 756
10.9667 758
10.9833 759
11.0 761
11.0167 763
11.0333 765
11.05 766
11.0667 768
11.0833 770
11.1 772
11.1167 773
11.1333 775
11.15 776
11.1667 778
11.1833 780
11.2 781
11.2167 783
11.2333 784
11.25 786
11.2667 787
11.2833 789
11.3 790
11.3167 792
11.3333 793
11.35 795
11.3667 796
11.3833 797
11.4 799
11.4167 800
11.4333 801
11.45 803
11.4667 804
11.4833 805
11.5 806
11.5167 808
11.5333 809
11.55 810
11.5667 811
11.5833 812
11.6 813
11.6167 814
11.6333 816
11.65 817
11.6667 818
11.6833 819
11.7 820
11.7167 821
11.7333 822
11.75 823
11.7667 823
11.7833 824
11.8 825
11.8167 826
11.8333 827
11.85 828
11.8667 829
11.8833 829
11.9 830
11.9167 831
11.9333 832
11.95 832
11.9667 833
11.9833 834
12.0 834
12.0167 835
12.0333 835
12.05 836
12.0667 837
12.0833 837
12.1 838
12.1167 838
12.1333 839
12.15 839
12.1667 840
12.1833 840
12.2 840
12.2167 841
12.2333 841
12.25 842
12.2667 842
12.2833 842
12.3 842
12.3167 843
12.3333 843
12.35 843
12.3667 843
12.3833 844
12.4 844
12.4167 844
12.4333 844
12.45 844
12.4667 844
12.4833 844
12.5 844
12.5167 844
12.5333 844
12.55 844
12.5667 844
12.5833 844
12.6 844
12.6167 844
12.6333 844
12.65 844
12.6667 844
12.6833 843
12.7 843
12.7167 843
12.7333 843
12.75 843
12.7667 842
12.7833 842
12.8 842
12.8167 841
12.8333 841
12.85 841
12.8667 840
12.8833 840
12.9 839
12.9167 839
12.9333 838
12.95 838
12.9667 837
12.9833 837
13.0 836
13.0167 836
13.0333 835
13.05 834
13.0667 834
13.0833 833
13.1 832
13.1167 832
13.1333 831
13.15 830
13.1667 830
13.1833 829
13.2 828
13.2167 827
13.2333 826
13.25 825
13.2667 825
13.2833 824
13.3 823
13.3167 822
13.3333 821
13.35 820
13.3667 819
13.3833 818
13.4 817
13.4167 816
13.4333 815
13.45 814
13.4667 813
13.4833 811
13.5 810
13.5167 809
13.5333 808
13.55 807
13.5667 805
13.5833 804
13.6 803
13.6167 802
13.6333 800
13.65 799
13.6667 798
13.6833 796
13.7 795
13.7167 794
13.7333 792
13.75 791
13.7667 789
13.7833 788
13.8 786
13.8167 785
13.8333 783
13.85 782
13.8667 780
13.8833 779
13.9 777
13.9167 775
13.9333 774
13.95 772
13.9667 770
13.9833 769
14.0 767
14.0167 765
14.0333 763
14.05 762
14.0667 760
14.0833 758
14.1 756
14.1167 754
14.1333 753
14.15 751
14.1667 749
14.1833 747
14.2 745
14.2167 743
14.2333 741
14.25 739
14.2667 737
14.2833 735
14.3 733
14.3167 731
14.3333 729
14.35 727
14.3667 725
14.3833 723
14.4 720
14.4167 718
14.4333 716
14.45 714
14.4667 712
14.4833 710
14.5 707
14.5167 705
14.5333 703
14.55 700
14.5667 698
14.5833 696
14.6 694
14.6167 691
14.6333 689
14.65 686
14.6667 684
14.6833 682
14.7 679
14.7167 677
14.7333 674
14.75 672
14.7667 669
14.7833 667
14.8 664
14.8167 662
14.8333 659
14.85 657
14.8667 654
14.8833 651
14.9 649
14.9167 646
14.9333 643
14.95 641
14.9667 638
14.9833 635
15.0 632
15.0167 629
15.0333 626
15.05 623
15.0667 621
15.0833 618
15.1 615
15.1167 612
15.1333 610
15.15 607
15.1667 604
15.1833 601
15.2 598
15.2167 595
15.2333 592
15.25 589
15.2667 586
15.2833 583
15.3 581
15.3167 578
15.3333 575
15.35 572
15.3667 569
15.3833 566
15.4 563
15.4167 559
15.4333 556
15.45 553
15.4667 550
15.4833 547
15.5 544
15.5167 541
15.5333 538
15.55 535
15.5667 532
15.5833 528
15.6 525
15.6167 522
15.6333 519
15.65 516
15.6667 512
15.6833 509
15.7 506
15.7167 503
15.7333 499
15.75 496
15.7667 493
15.7833 490
15.8 486
15.8167 483
15.8333 480
15.85 476
15.8667 473
15.8833 470
15.9 466
15.9167 463
15.9333 460
15.95 456
15.9667 453
15.9833 449
