9.0 275
9.0167 279
9.0333 283
9.05 286
9.0667 290
9.0833 293
9.1 297
9.1167 300
9.1333 304
9.15 307
9.1667 311
9.1833 314
9.2 318
9.2167 321
9.2333 324
9.25 328
9.2667 331
9.2833 335
9.3 338
9.3167 342
9.3333 345
9.35 348
9.3667 352
9.3833 355
9.4 359
9.4167 362
9.4333 365
9.45 369
9.4667 372
9.4833 376
9.5 379
9.5167 382
9.5333 386
9.55 389
9.5667 392
9.5833 396
9.6 399
9.6167 402
9.6333 405
9.65 409
9.6667 412
9.6833 415
9.7 419
9.7167 422
9.7333 425
9.75 428
9.7667 431
9.7833 435
9.8 438
9.8167 441
9.8333 444
9.85 447
9.8667 451
9.8833 454
9.9 457
9.9167 460
9.9333 463
9.95 466
9.9667 469
9.9833 472
10.0 475
10.0167 478
10.0333 481
10.05 485
10.0667 488
10.0833 491
10.1 494
10.1167 497
10.1333 499
10.15 502
10.1667 505
10.1833 508
10.2 511
10.2167 514
10.2333 517
10.25 520
10.2667 523
10.2833 526
10.3 528
10.3167 531
10.3333 534
10.35 537
10.3667 540
10.3833 542
10.4 545
10.4167 548
10.4333 551
10.45 553
10.4667 556
10.4833 559
10.5 561
10.5167 564
10.5333 567
10.55 569
10.5667 572
10.5833 575
10.6 577
10.6167 580
10.6333 582
10.65 585
10.6667 587
10.6833 590
10.7 592
10.7167 595
10.7333 597
10.75 600
10.7667 602
10.7833 605
10.8 607
10.8167 609
10.8333 612
10.85 614
10.8667 616
10.8833 619
10.9 621
10.9167 623
10.9333 626
10.95 628
10.9667 630
10.9833 632
11.0 634
11.0167 637
11.0333 639
11.05 641
11.0667 643
11.0833 645
11.1 647
11.1167 649
11.1333 651
11.15 654
11.1667 656
11.1833 658
11.2 660
11.2167 662
11.2333 664
11.25 665
11.2667 667
11.2833 669
11.3 671
11.3167 673
11.3333 675
11.35 677
11.3667 679
11.3833 680
11.4 682
11.4167 684
11.4333 686
11.45 687
11.4667 689
11.4833 691
11.5 692
11.5167 694
11.5333 696
11.55 697
11.5667 699
11.5833 701
11.6 702
11.6167 704
11.6333 705
11.65 707
11.6667 708
11.6833 710
11.7 711
11.7167 713
11.7333 714
11.75 715
11.7667 717
11.7833 718
11.8 719
11.8167 721
11.8333 722
11.85 723
11.8667 725
11.8833 726
11.9 727
11.9167 728
11.9333 729
11.95 731
11.9667 732
11.9833 733
12.0 734
12.0167 735
12.0333 736
12.05 737
12.0667 738
12.0833 739
12.1 740
12.1167 741
12.1333 742
12.15 743
12.1667 744
12.1833 745
12.2 746
12.2167 747
12.2333 747
12.25 748
12.2667 749
12.2833 750
12.3 751
12.3167 751
12.3333 752
12.35 753
12.3667 753
12.3833 754
12.4 755
12.4167 755
12.4333 756
12.45 757
12.4667 757
12.4833 758
12.5 758
12.5167 759
12.5333 759
12.55 760
12.5667 760
12.5833 760
12.6 761
12.6167 761
12.6333 762
12.65 762
12.6667 762
12.6833 762
12.7 763
12.7167 763
12.7333 763
12.75 763
12.7667 764
12.7833 764
12.8 764
12.8167 764
12.8333 764
12.85 764
12.8667 764
12.8833 764
12.9 765
12.9167 765
12.9333 765
12.95 764
12.9667 764
12.9833 764
13.0 764
13.0167 764
13.0333 764
13.05 764
13.0667 764
13.0833 764
13.1 763
13.1167 763
13.1333 763
13.15 763
13.1667 762
13.1833 762
13.2 762
13.2167 761
13.2333 761
13.25 761
13.2667 760
13.2833 760
13.3 759
13.3167 759
13.3333 758
13.35 758
13.3667 757
13.3833 757
13.4 756
13.4167 756
13.4333 755
13.45 754
13.4667 754
13.4833 753
13.5 752
13.5167 752
13.5333 751
13.55 750
13.5667 749
13.5833 749
13.6 748
13.6167 747
13.6333 746
13.65 745
13.6667 744
13.6833 743
13.7 743
13.7167 742
13.7333 741
13.75 740
13.7667 739
13.7833 738
13.8 737
13.8167 736
13.8333 734
13.85 733
13.8667 732
13.8833 731
13.9 730
13.9167 729
13.9333 728
13.95 726
13.9667 725
13.9833 724
14.0 723
14.0167 721
14.0333 720
14.05 719
14.0667 717
14.0833 716
14.1 715
14.1167 713
14.1333 712
14.15 710
14.1667 709
14.1833 707
14.2 706
14.2167 704
14.2333 703
14.25 701
14.2667 700
14.2833 698
14.3 696
14.3167 695
14.3333 693
14.35 691
14.3667 690
14.3833 688
14.4 686
14.4167 685
14.4333 683
14.45 681
14.4667 679
14.4833 677
14.5 676
14.5167 674
14.5333 672
14.55 670
14.5667 668
14.5833 666
14.6 664
14.6167 662
14.6333 660
14.65 658
14.6667 656
14.6833 654
14.7 652
14.7167 650
14.7333 648
14.75 646
14.7667 644
14.7833 642
14.8 640
14.8167 638
14.8333 635
14.85 633
14.8667 631
14.8833 629
14.9 626
14.9167 624
14.9333 622
14.95 620
14.9667 617
14.9833 615
15.0 614
15.0167 611
15.0333 609
15.05 607
15.0667 604
15.0833 602
15.1 599
15.1167 597
15.1333 594
15.15 592
15.1667 589
15.1833 587
15.2 584
15.2167 582
15.2333 579
15.25 577
15.2667 574
15.2833 571
15.3 569
15.3167 566
15.3333 564
15.35 561
15.3667 558
15.3833 555
15.4 553
15.4167 550
15.4333 547
15.45 545
15.4667 542
15.4833 539
15.5 536
15.5167 533
15.5333 531
15.55 528
15.5667 525
15.5833 522
15.6 519
15.6167 516
15.6333 513
15.65 510
15.6667 508
15.6833 505
15.7 502
15.7167 499
15.7333 496
15.75 493
15.7667 490
15.7833 487
15.8 484
15.8167 481
15.8333 478
15.85 474
15.8667 471
15.8833 468
15.9 465
15.9167 462
15.9333 459
15.95 456
15.9667 453
15.9833 450
