9.0 434
9.0167 439
9.0333 443
9.05 447
9.0667 450
9.0833 454
9.1 458
9.1167 461
9.1333 465
9.15 469
9.1667 472
9.1833 476
9.2 480
9.2167 483
9.2333 487
9.25 491
9.2667 494
9.2833 498
9.3 501
9.3167 505
9.3333 509
9.35 512
9.3667 516
9.3833 519
9.4 523
9.4167 526
9.4333 530
9.45 533
9.4667 537
9.4833 540
9.5 544
9.5167 547
9.5333 551
9.55 554
9.5667 558
9.5833 561
9.6 564
9.6167 568
9.6333 571
9.65 575
9.6667 578
9.6833 581
9.7 585
9.7167 588
9.7333 591
9.75 595
9.7667 598
9.7833 601
9.8 604
9.8167 608
9.8333 611
9.85 614
9.8667 617
9.8833 621
9.9 624
9.9167 627
9.9333 630
9.95 633
9.9667 636
9.9833 640
10.0 643
10.0167 646
10.0333 649
10.05 652
10.0667 655
10.0833 658
10.1 661
10.1167 664
10.1333 667
10.15 670
10.1667 673
10.1833 676
10.2 679
10.2167 682
10.2333 685
10.25 688
10.2667 690
10.2833 693
10.3 696
10.3167 699
10.3333 702
10.35 705
10.3667 707
10.3833 710
10.4 713
10.4167 716
10.4333 718
10.45 721
10.4667 724
10.4833 727
10.5 729
10.5167 732
10.5333 734
10.55 737
10.5667 740
10.5833 742
10.6 745
10.6167 747
10.6333 750
10.65 752
10.6667 755
10.6833 757
10.7 760
10.7167 762
10.7333 765
10.75 767
10.7667 770
10.7833 772
10.8 774
10.8167 777
10.8333 779
10.85 781
10.8667 784
10.8833 786
10.9 788
10.9167 790
10.9333 793
10.95 795
10.9667 797
10.9833 799
11.0 801
11.0167 803
11.0333 806
11.05 808
11.0667 810
11.0833 812
11.1 814
11.1167 816
11.1333 818
11.15 820
11.1667 822
11.1833 824
11.2 826
11.2167 828
11.2333 830
11.25 831
11.2667 833
11.2833 835
11.3 837
11.3167 839
11.3333 841
11.35 842
11.3667 844
11.3833 846
11.4 848
11.4167 849
11.4333 851
11.45 853
11.4667 854
11.4833 856
11.5 857
11.5167 859
11.5333 861
11.55 862
11.5667 864
11.5833 865
11.6 867
11.6167 868
11.6333 870
11.65 871
11.6667 872
11.6833 874
11.7 875
11.7167 876
11.7333 878
11.75 879
11.7667 880
11.7833 882
11.8 883
11.8167 884
11.8333 885
11.85 886
11.8667 888
11.8833 889
11.9 890
11.9167 891
11.9333 892
11.95 893
11.9667 894
11.9833 895
12.0 896
12.0167 897
12.0333 898
12.05 899
12.0667 900
12.0833 901
12.1 902
12.1167 903
12.1333 904
12.15 904
12.1667 905
12.1833 906
12.2 907
12.2167 907
12.2333 908
12.25 909
12.2667 910
12.2833 910
12.3 911
12.3167 912
12.3333 912
12.35 913
12.3667 913
12.3833 914
12.4 914
12.4167 915
12.4333 915
12.45 916
12.4667 916
12.4833 917
12.5 917
12.5167 917
12.5333 918
12.55 918
12.5667 918
12.5833 919
12.6 919
12.6167 919
12.6333 919
12.65 920
12.6667 920
12.6833 920
12.7 920
12.7167 920
12.7333 920
12.75 920
12.7667 920
12.7833 920
12.8 921
12.8167 921
12.8333 920
12.85 920
12.8667 920
12.8833 920
12.9 920
12.9167 920
12.9333 920
12.95 920
12.9667 920
12.9833 919
13.0 919
13.0167 919
13.0333 919
13.05 918
13.0667 918
13.0833 918
13.1 917
13.1167 917
13.1333 917
13.15 916
13.1667 916
13.1833 915
13.2 915
13.2167 914
13.2333 914
13.25 913
13.2667 913
13.2833 912
13.3 912
13.3167 911
13.3333 910
13.35 910
13.3667 909
13.3833 908
13.4 908
13.4167 907
13.4333 906
13.45 905
13.4667 904
13.4833 904
13.5 903
13.5167 902
13.5333 901
13.55 900
13.5667 899
13.5833 898
13.6 897
13.6167 896
13.6333 895
13.65 894
13.6667 893
13.6833 892
13.7 891
13.7167 890
13.7333 889
13.75 888
13.7667 887
13.7833 885
13.8 884
13.8167 883
13.8333 882
13.85 880
13.8667 879
13.8833 878
13.9 876
13.9167 875
13.9333 874
13.95 872
13.9667 871
13.9833 870
14.0 868
14.0167 867
14.0333 865
14.05 864
14.0667 862
14.0833 861
14.1 859
14.1167 857
14.1333 856
14.15 854
14.1667 853
14.1833 851
14.2 849
14.2167 848
14.2333 846
14.25 844
14.2667 842
14.2833 841
14.3 839
14.3167 837
14.3333 835
14.35 833
14.3667 832
14.3833 830
14.4 828
14.4167 826
14.4333 824
14.45 822
14.4667 820
14.4833 818
14.5 816
14.5167 814
14.5333 812
14.55 810
14.5667 808
14.5833 806
14.6 804
14.6167 801
14.6333 799
14.65 797
14.6667 795
14.6833 793
14.7 790
14.7167 788
14.7333 786
14.75 784
14.7667 781
14.7833 779
14.8 777
14.8167 774
14.8333 772
14.85 770
14.8667 767
14.8833 765
14.9 762
14.9167 760
14.9333 758
14.95 755
14.9667 753
14.9833 750
15.0 748
15.0167 745
15.0333 743
15.05 740
15.0667 738
15.0833 735
15.1 732
15.1167 730
15.1333 727
15.15 724
15.1667 722
15.1833 719
15.2 716
15.2167 714
15.2333 711
15.25 708
15.2667 705
15.2833 702
15.3 700
15.3167 697
15.3333 694
15.35 691
15.3667 688
15.3833 685
15.4 682
15.4167 679
15.4333 677
15.45 674
15.4667 671
15.4833 668
15.5 665
15.5167 662
15.5333 659
15.55 656
15.5667 652
15.5833 649
15.6 646
15.6167 643
15.6333 640
15.65 637
15.6667 634
15.6833 631
15.7 628
15.7167 624
15.7333 621
15.75 618
15.7667 615
15.7833 612
15.8 608
15.8167 605
15.8333 602
15.85 598
15.8667 595
15.8833 592
15.9 589
15.9167 585
15.9333 582
15.95 579
15.9667 575
15.9833 572
