9.0 442
9.0167 447
9.0333 451
9.05 454
9.0667 458
9.0833 462
9.1 466
9.1167 469
9.1333 473
9.15 477
9.1667 480
9.1833 484
9.2 488
9.2167 491
9.2333 495
9.25 498
9.2667 502
9.2833 506
9.3 509
9.3167 513
9.3333 516
9.35 520
9.3667 523
9.3833 527
9.4 531
9.4167 534
9.4333 538
9.45 541
9.4667 545
9.4833 548
9.5 552
9.5167 555
9.5333 558
9.55 562
9.5667 565
9.5833 569
9.6 572
9.6167 575
9.6333 579
9.65 582
9.6667 586
9.6833 589
9.7 592
9.7167 596
9.7333 599
9.75 602
9.7667 605
9.7833 609
9.8 612
9.8167 615
9.8333 618
9.85 622
9.8667 625
9.8833 628
9.9 631
9.9167 634
9.9333 638
9.95 641
9.9667 644
9.9833 647
10.0 650
10.0167 653
10.0333 656
10.05 659
10.0667 662
10.0833 665
10.1 668
10.1167 671
10.1333 674
10.15 677
10.1667 680
10.1833 683
10.2 686
10.2167 689
10.2333 692
10.25 695
10.2667 698
10.2833 701
10.3 703
10.3167 706
10.3333 709
10.35 712
10.3667 715
10.3833 717
10.4 720
10.4167 723
10.4333 726
10.45 728
10.4667 731
10.4833 734
10.5 736
10.5167 739
10.5333 742
10.55 744
10.5667 747
10.5833 749
10.6 752
10.6167 754
10.6333 757
10.65 759
10.6667 762
10.6833 764
10.7 767
10.7167 769
10.7333 772
10.75 774
10.7667 777
10.7833 779
10.8 781
10.8167 784
10.8333 786
10.85 788
10.8667 790
10.8833 793
10.9 795
10.9167 797
10.9333 799
10.95 802
10.9667 804
10.9833 806
11.0 808
11.0167 810
11.0333 812
11.05 814
11.0667 816
11.0833 819
11.1 821
11.1167 823
11.1333 825
11.15 827
11.1667 829
11.1833 830
11.2 832
11.2167 834
11.2333 836
11.25 838
11.2667 840
11.2833 842
11.3 844
11.3167 845
11.3333 847
11.35 849
11.3667 851
11.3833 852
11.4 854
11.4167 856
11.4333 857
11.45 859
11.4667 861
11.4833 862
11.5 864
11.5167 865
11.5333 867
11.55 868
11.5667 870
11.5833 871
11.6 873
11.6167 874
11.6333 876
11.65 877
11.6667 879
11.6833 880
11.7 881
11.7167 883
11.7333 884
11.75 885
11.7667 886
11.7833 888
11.8 889
11.8167 890
11.8333 891
11.85 893
11.8667 894
11.8833 895
11.9 896
11.9167 897
11.9333 898
11.95 899
11.9667 900
11.9833 901
12.0 902
12.0167 903
12.0333 904
12.05 905
12.0667 906
12.0833 907
12.1 908
12.1167 909
12.1333 909
12.15 910
12.1667 911
12.1833 912
12.2 913
12.2167 913
12.2333 914
12.25 915
12.2667 915
12.2833 916
12.3 917
12.3167 917
12.3333 918
12.35 918
12.3667 919
12.3833 919
12.4 920
12.4167 920
12.4333 921
12.45 921
12.4667 922
12.4833 922
12.5 923
12.5167 923
12.5333 923
12.55 924
12.5667 924
12.5833 924
12.6 924
12.6167 925
12.6333 925
12.65 925
12.6667 925
12.6833 925
12.7 926
12.7167 926
12.7333 926
12.75 926
12.7667 926
12.7833 926
12.8 926
12.8167 926
12.8333 926
12.85 926
12.8667 926
12.8833 926
12.9 925
12.9167 925
12.9333 925
12.95 925
12.9667 925
12.9833 925
13.0 924
13.0167 924
13.0333 924
13.05 924
13.0667 923
13.0833 923
13.1 922
13.1167 922
13.1333 922
13.15 921
13.1667 921
13.1833 920
13.2 920
13.2167 919
13.2333 919
13.25 918
13.2667 918
13.2833 917
13.3 916
13.3167 916
13.3333 915
13.35 915
13.3667 914
13.3833 913
13.4 912
13.4167 912
13.4333 911
13.45 910
13.4667 909
13.4833 908
13.5 908
13.5167 907
13.5333 906
13.55 905
13.5667 904
13.5833 903
13.6 902
13.6167 901
13.6333 900
13.65 899
13.6667 898
13.6833 897
13.7 896
13.7167 895
13.7333 894
13.75 892
13.7667 891
13.7833 890
13.8 889
13.8167 888
13.8333 886
13.85 885
13.8667 884
13.8833 882
13.9 881
13.9167 880
13.9333 878
13.95 877
13.9667 876
13.9833 874
14.0 873
14.0167 871
14.0333 870
14.05 868
14.0667 867
14.0833 865
14.1 863
14.1167 862
14.1333 860
14.15 859
14.1667 857
14.1833 855
14.2 854
14.2167 852
14.2333 850
14.25 849
14.2667 847
14.2833 845
14.3 843
14.3167 841
14.3333 840
14.35 838
14.3667 836
14.3833 834
14.4 832
14.4167 830
14.4333 828
14.45 826
14.4667 824
14.4833 822
14.5 820
14.5167 818
14.5333 816
14.55 814
14.5667 812
14.5833 810
14.6 808
14.6167 806
14.6333 803
14.65 801
14.6667 799
14.6833 797
14.7 795
14.7167 792
14.7333 790
14.75 788
14.7667 785
14.7833 783
14.8 781
14.8167 778
14.8333 776
14.85 774
14.8667 771
14.8833 769
14.9 766
14.9167 764
14.9333 762
14.95 759
14.9667 757
14.9833 754
15.0 752
15.0167 749
15.0333 747
15.05 744
15.0667 742
15.0833 739
15.1 736
15.1167 734
15.1333 731
15.15 728
15.1667 726
15.1833 723
15.2 720
15.2167 717
15.2333 715
15.25 712
15.2667 709
15.2833 706
15.3 703
15.3167 701
15.3333 698
15.35 695
15.3667 692
15.3833 689
15.4 686
15.4167 683
15.4333 680
15.45 677
15.4667 674
15.4833 671
15.5 668
15.5167 665
15.5333 662
15.55 659
15.5667 656
15.5833 653
15.6 650
15.6167 647
15.6333 644
15.65 641
15.6667 638
15.6833 634
15.7 631
15.7167 628
15.7333 625
15.75 622
15.7667 618
15.7833 615
15.8 612
15.8167 609
15.8333 605
15.85 602
15.8667 599
15.8833 596
15.9 592
15.9167 589
15.9333 586
15.95 582
15.9667 579
15.9833 575
