9.0 490
9.0167 495
9.0333 498
9.05 502
9.0667 505
9.0833 509
9.1 512
9.1167 516
9.1333 519
9.15 522
9.1667 526
9.1833 529
9.2 533
9.2167 536
9.2333 540
9.25 543
9.2667 546
9.2833 550
9.3 553
9.3167 556
9.3333 560
9.35 563
9.3667 566
9.3833 570
9.4 573
9.4167 576
9.4333 580
9.45 583
9.4667 586
9.4833 590
9.5 593
9.5167 596
9.5333 599
9.55 602
9.5667 606
9.5833 609
9.6 612
9.6167 615
9.6333 618
9.65 621
9.6667 625
9.6833 628
9.7 631
9.7167 634
9.7333 637
9.75 640
9.7667 643
9.7833 646
9.8 649
9.8167 652
9.8333 655
9.85 658
9.8667 661
9.8833 664
9.9 667
9.9167 670
9.9333 673
9.95 676
9.9667 679
9.9833 682
10.0 685
10.0167 688
10.0333 690
10.05 693
10.0667 696
10.0833 699
10.1 702
10.1167 704
10.1333 707
10.15 710
10.1667 713
10.1833 715
10.2 718
10.2167 721
10.2333 723
10.25 726
10.2667 729
10.2833 731
10.3 734
10.3167 737
10.3333 739
10.35 742
10.3667 744
10.3833 747
10.4 749
10.4167 752
10.4333 754
10.45 757
10.4667 759
10.4833 762
10.5 764
10.5167 767
10.5333 769
10.55 772
10.5667 774
10.5833 776
10.6 779
10.6167 781
10.6333 783
10.65 786
10.6667 788
10.6833 790
10.7 792
10.7167 795
10.7333 797
10.75 799
10.7667 801
10.7833 803
10.8 805
10.8167 808
10.8333 810
10.85 812
10.8667 814
10.8833 816
10.9 818
10.9167 820
10.9333 822
10.95 824
10.9667 826
10.9833 828
11.0 830
11.0167 832
11.0333 834
11.05 836
11.0667 837
11.0833 839
11.1 841
11.1167 843
11.1333 845
11.15 847
11.1667 848
11.1833 850
11.2 852
11.2167 853
11.2333 855
11.25 857
11.2667 859
11.2833 860
11.3 862
11.3167 863
11.3333 865
11.35 867
11.3667 868
11.3833 870
11.4 871
11.4167 873
11.4333 874
11.45 876
11.4667 877
11.4833 878
11.5 880
11.5167 881
11.5333 883
11.55 884
11.5667 885
11.5833 886
11.6 888
11.6167 889
11.6333 890
11.65 891
11.6667 893
11.6833 894
11.7 895
11.7167 896
11.7333 897
11.75 898
11.7667 900
11.7833 901
11.8 902
11.8167 903
11.8333 904
11.85 905
11.8667 906
11.8833 907
11.9 908
11.9167 909
11.9333 909
11.95 910
11.9667 911
11.9833 912
12.0 913
12.0167 914
12.0333 914
12.05 915
12.0667 916
12.0833 917
12.1 917
12.1167 918
12.1333 919
12.15 919
12.1667 920
12.1833 921
12.2 921
12.2167 922
12.2333 922
12.25 923
12.2667 923
12.2833 924
12.3 924
12.3167 925
12.3333 925
12.35 926
12.3667 926
12.3833 926
12.4 927
12.4167 927
12.4333 927
12.45 928
12.4667 928
12.4833 928
12.5 928
12.5167 929
12.5333 929
12.55 929
12.5667 929
12.5833 929
12.6 929
12.6167 930
12.6333 930
12.65 930
12.6667 930
12.6833 930
12.7 930
12.7167 930
12.7333 930
12.75 930
12.7667 930
12.7833 929
12.8 929
12.8167 929
12.8333 929
12.85 929
12.8667 929
12.8833 928
12.9 928
12.9167 928
12.9333 928
12.95 927
12.9667 927
12.9833 927
13.0 926
13.0167 926
13.0333 925
13.05 925
13.0667 925
13.0833 924
13.1 924
13.1167 923
13.1333 923
13.15 922
13.1667 922
13.1833 921
13.2 920
13.2167 920
13.2333 919
13.25 918
13.2667 918
13.2833 917
13.3 916
13.3167 916
13.3333 915
13.35 914
13.3667 913
13.3833 912
13.4 912
13.4167 911
13.4333 910
13.45 909
13.4667 908
13.4833 907
13.5 906
13.5167 905
13.5333 904
13.55 903
13.5667 902
13.5833 901
13.6 900
13.6167 899
13.6333 898
13.65 897
13.6667 896
13.6833 895
13.7 893
13.7167 892
13.7333 891
13.75 890
13.7667 888
13.7833 887
13.8 886
13.8167 885
13.8333 883
13.85 882
13.8667 880
13.8833 879
13.9 878
13.9167 876
13.9333 875
13.95 873
13.9667 872
13.9833 870
14.0 869
14.0167 867
14.0333 866
14.05 864
14.0667 863
14.0833 861
14.1 859
14.1167 858
14.1333 856
14.15 854
14.1667 853
14.1833 851
14.2 849
14.2167 847
14.2333 846
14.25 844
14.2667 842
14.2833 840
14.3 838
14.3167 837
14.3333 835
14.35 833
14.3667 831
14.3833 829
14.4 827
14.4167 825
14.4333 823
14.45 821
14.4667 819
14.4833 817
14.5 815
14.5167 813
14.5333 811
14.55 809
14.5667 807
14.5833 804
14.6 802
14.6167 800
14.6333 798
14.65 796
14.6667 793
14.6833 791
14.7 789
14.7167 787
14.7333 784
14.75 782
14.7667 780
14.7833 778
14.8 775
14.8167 773
14.8333 770
14.85 768
14.8667 766
14.8833 763
14.9 761
14.9167 758
14.9333 756
14.95 753
14.9667 751
14.9833 748
15.0 746
15.0167 743
15.0333 741
15.05 738
15.0667 736
15.0833 733
15.1 730
15.1167 728
15.1333 725
15.15 722
15.1667 720
15.1833 717
15.2 714
15.2167 712
15.2333 709
15.25 706
15.2667 703
15.2833 701
15.3 698
15.3167 695
15.3333 692
15.35 689
15.3667 686
15.3833 684
15.4 681
15.4167 678
15.4333 675
15.45 672
15.4667 669
15.4833 666
15.5 663
15.5167 660
15.5333 657
15.55 654
15.5667 651
15.5833 648
15.6 645
15.6167 642
15.6333 639
15.65 636
15.6667 633
15.6833 630
15.7 626
15.7167 623
15.7333 620
15.75 617
15.7667 614
15.7833 611
15.8 608
15.8167 604
15.8333 601
15.85 598
15.8667 595
15.8833 591
15.9 588
15.9167 585
15.9333 582
15.95 578
15.9667 575
15.9833 572
