9.0 492
9.0167 496
9.0333 499
9.05 503
9.0667 506
9.0833 510
9.1 513
9.1167 516
9.1333 520
9.15 523
9.1667 526
9.1833 530
9.2 533
9.2167 537
9.2333 540
9.25 543
9.2667 547
9.2833 550
9.3 553
9.3167 556
9.3333 560
9.35 563
9.3667 566
9.3833 569
9.4 573
9.4167 576
9.4333 579
9.45 582
9.4667 586
9.4833 589
9.5 592
9.5167 595
9.5333 598
9.55 601
9.5667 604
9.5833 608
9.6 611
9.6167 614
9.6333 617
9.65 620
9.6667 623
9.6833 626
9.7 629
9.7167 632
9.7333 635
9.75 638
9.7667 641
9.7833 644
9.8 647
9.8167 650
9.8333 653
9.85 656
9.8667 659
9.8833 662
9.9 665
9.9167 668
9.9333 670
9.95 673
9.9667 676
9.9833 679
10.0 682
10.0167 685
10.0333 687
10.05 690
10.0667 693
10.0833 696
10.1 698
10.1167 701
10.1333 704
10.15 706
10.1667 709
10.1833 712
10.2 714
10.2167 717
10.2333 720
10.25 722
10.2667 725
10.2833 727
10.3 730
10.3167 733
10.3333 735
10.35 738
10.3667 740
10.3833 743
10.4 745
10.4167 747
10.4333 750
10.45 752
10.4667 755
10.4833 757
10.5 759
10.5167 762
10.5333 764
10.55 767
10.5667 769
10.5833 771
10.6 773
10.6167 776
10.6333 778
10.65 780
10.6667 782
10.6833 785
10.7 787
10.7167 789
10.7333 791
10.75 793
10.7667 795
10.7833 797
10.8 800
10.8167 802
10.8333 804
10.85 806
10.8667 808
10.8833 810
10.9 812
10.9167 814
10.9333 816
10.95 818
10.9667 819
10.9833 821
11.0 823
11.0167 825
11.0333 827
11.05 829
11.0667 831
11.0833 832
11.1 834
11.1167 836
11.1333 838
11.15 839
11.1667 841
11.1833 843
11.2 844
11.2167 846
11.2333 848
11.25 849
11.2667 851
11.2833 853
11.3 854
11.3167 856
11.3333 857
11.35 859
11.3667 860
11.3833 862
11.4 863
11.4167 865
11.4333 866
11.45 867
11.4667 869
11.4833 870
11.5 871
11.5167 873
11.5333 874
11.55 875
11.5667 877
11.5833 878
11.6 879
11.6167 880
11.6333 882
11.65 883
11.6667 884
11.6833 885
11.7 886
11.7167 887
11.7333 888
11.75 889
11.7667 891
11.7833 892
11.8 893
11.8167 894
11.8333 895
11.85 895
11.8667 896
11.8833 897
11.9 898
11.9167 899
11.9333 900
11.95 901
11.9667 902
11.9833 902
12.0 903
12.0167 904
12.0333 905
12.05 905
12.0667 906
12.0833 907
12.1 907
12.1167 908
12.1333 909
12.15 909
12.1667 910
12.1833 911
12.2 911
12.2167 912
12.2333 912
12.25 913
12.2667 913
12.2833 914
12.3 914
12.3167 914
12.3333 915
12.35 915
12.3667 915
12.3833 916
12.4 916
12.4167 916
12.4333 917
12.45 917
12.4667 917
12.4833 917
12.5 918
12.5167 918
12.5333 918
12.55 918
12.5667 918
12.5833 918
12.6 918
12.6167 918
12.6333 918
12.65 919
12.6667 919
12.6833 918
12.7 918
12.7167 918
12.7333 918
12.75 918
12.7667 918
12.7833 918
12.8 918
12.8167 918
12.8333 917
12.85 917
12.8667 917
12.8833 917
12.9 916
12.9167 916
12.9333 916
12.95 916
12.9667 915
12.9833 915
13.0 914
13.0167 914
13.0333 914
13.05 913
13.0667 913
13.0833 912
13.1 912
13.1167 911
13.1333 911
13.15 910
13.1667 909
13.1833 909
13.2 908
13.2167 908
13.2333 907
13.25 906
13.2667 906
13.2833 905
13.3 904
13.3167 903
13.3333 903
13.35 902
13.3667 901
13.3833 900
13.4 899
13.4167 898
13.4333 897
13.45 897
13.4667 896
13.4833 895
13.5 894
13.5167 893
13.5333 892
13.55 891
13.5667 890
13.5833 889
13.6 887
13.6167 886
13.6333 885
13.65 884
13.6667 883
13.6833 882
13.7 881
13.7167 879
13.7333 878
13.75 877
13.7667 876
13.7833 874
13.8 873
13.8167 872
13.8333 870
13.85 869
13.8667 868
13.8833 866
13.9 865
13.9167 863
13.9333 862
13.95 860
13.9667 859
13.9833 857
14.0 856
14.0167 854
14.0333 853
14.05 851
14.0667 850
14.0833 848
14.1 846
14.1167 845
14.1333 843
14.15 841
14.1667 840
14.1833 838
14.2 836
14.2167 834
14.2333 833
14.25 831
14.2667 829
14.2833 827
14.3 825
14.3167 823
14.3333 822
14.35 820
14.3667 818
14.3833 816
14.4 814
14.4167 812
14.4333 810
14.45 808
14.4667 806
14.4833 804
14.5 802
14.5167 800
14.5333 798
14.55 796
14.5667 793
14.5833 791
14.6 789
14.6167 787
14.6333 785
14.65 783
14.6667 780
14.6833 778
14.7 776
14.7167 774
14.7333 771
14.75 769
14.7667 767
14.7833 764
14.8 762
14.8167 760
14.8333 757
14.85 755
14.8667 753
14.8833 750
14.9 748
14.9167 745
14.9333 743
14.95 740
14.9667 738
14.9833 735
15.0 733
15.0167 730
15.0333 728
15.05 725
15.0667 723
15.0833 720
15.1 718
15.1167 715
15.1333 712
15.15 710
15.1667 707
15.1833 704
15.2 702
15.2167 699
15.2333 696
15.25 693
15.2667 691
15.2833 688
15.3 685
15.3167 682
15.3333 679
15.35 677
15.3667 674
15.3833 671
15.4 668
15.4167 665
15.4333 662
15.45 659
15.4667 657
15.4833 654
15.5 651
15.5167 648
15.5333 645
15.55 642
15.5667 639
15.5833 636
15.6 633
15.6167 630
15.6333 627
15.65 624
15.6667 621
15.6833 618
15.7 614
15.7167 611
15.7333 608
15.75 605
15.7667 602
15.7833 599
15.8 596
15.8167 593
15.8333 589
15.85 586
15.8667 583
15.8833 580
15.9 577
15.9167 573
15.9333 570
15.95 567
15.9667 564
15.9833 560
