9.0 515
9.0167 518
9.0333 522
9.05 525
9.0667 528
9.0833 531
9.1 534
9.1167 538
9.1333 541
9.15 544
9.1667 547
9.1833 550
9.2 553
9.2167 556
9.2333 560
9.25 563
9.2667 566
9.2833 569
9.3 572
9.3167 575
9.3333 578
9.35 581
9.3667 584
9.3833 587
9.4 590
9.4167 593
9.4333 596
9.45 599
9.4667 602
9.4833 605
9.5 608
9.5167 611
9.5333 614
9.55 617
9.5667 620
9.5833 623
9.6 626
9.6167 629
9.6333 632
9.65 635
9.6667 638
9.6833 640
9.7 643
9.7167 646
9.7333 649
9.75 652
9.7667 655
9.7833 657
9.8 660
9.8167 663
9.8333 666
9.85 668
9.8667 671
9.8833 674
9.9 677
9.9167 679
9.9333 682
9.95 685
9.9667 687
9.9833 690
10.0 693
10.0167 695
10.0333 698
10.05 701
10.0667 703
10.0833 706
10.1 708
10.1167 711
10.1333 713
10.15 716
10.1667 719
10.1833 721
10.2 724
10.2167 726
10.2333 729
10.25 731
10.2667 733
10.2833 736
10.3 738
10.3167 741
10.3333 743
10.35 745
10.3667 748
10.3833 750
10.4 752
10.4167 755
10.4333 757
10.45 759
10.4667 762
10.4833 764
10.5 766
10.5167 768
10.5333 771
10.55 773
10.5667 775
10.5833 777
10.6 779
10.6167 782
10.6333 784
10.65 786
10.6667 788
10.6833 790
10.7 792
10.7167 794
10.7333 796
10.75 798
10.7667 800
10.7833 802
10.8 804
10.8167 806
10.8333 808
10.85 810
10.8667 812
10.8833 814
10.9 816
10.9167 818
10.9333 820
10.95 821
10.9667 823
10.9833 825
11.0 827
11.0167 829
11.0333 831
11.05 832
11.0667 834
11.0833 836
11.1 837
11.1167 839
11.1333 841
11.15 842
11.1667 844
11.1833 846
11.2 847
11.2167 849
11.2333 851
11.25 852
11.2667 854
11.2833 855
11.3 857
11.3167 858
11.3333 860
11.35 861
11.3667 863
11.3833 864
11.4 865
11.4167 867
11.4333 868
11.45 870
11.4667 871
11.4833 872
11.5 874
11.5167 875
11.5333 876
11.55 877
11.5667 879
11.5833 880
11.6 881
11.6167 882
11.6333 884
11.65 885
11.6667 886
11.6833 887
11.7 888
11.7167 889
11.7333 890
11.75 891
11.7667 892
11.7833 893
11.8 894
11.8167 895
11.8333 896
11.85 897
11.8667 898
11.8833 899
11.9 900
11.9167 901
11.9333 902
11.95 903
11.9667 904
11.9833 904
12.0 905
12.0167 906
12.0333 907
12.05 907
12.0667 908
12.0833 909
12.1 910
12.1167 910
12.1333 911
12.15 912
12.1667 912
12.1833 913
12.2 913
12.2167 914
12.2333 914
12.25 915
12.2667 915
12.2833 916
12.3 916
12.3167 917
12.3333 917
12.35 918
12.3667 918
12.3833 919
12.4 919
12.4167 919
12.4333 920
12.45 920
12.4667 920
12.4833 921
12.5 921
12.5167 921
12.5333 921
12.55 922
12.5667 922
12.5833 922
12.6 922
12.6167 922
12.6333 922
12.65 922
12.6667 922
12.6833 923
12.7 923
12.7167 923
12.7333 923
12.75 923
12.7667 923
12.7833 923
12.8 922
12.8167 922
12.8333 922
12.85 922
12.8667 922
12.8833 922
12.9 922
12.9167 922
12.9333 921
12.95 921
12.9667 921
12.9833 921
13.0 920
13.0167 920
13.0333 920
13.05 919
13.0667 919
13.0833 919
13.1 918
13.1167 918
13.1333 917
13.15 917
13.1667 916
13.1833 916
13.2 916
13.2167 915
13.2333 914
13.25 914
13.2667 913
13.2833 913
13.3 912
13.3167 912
13.3333 911
13.35 910
13.3667 910
13.3833 909
13.4 908
13.4167 907
13.4333 907
13.45 906
13.4667 905
13.4833 904
13.5 904
13.5167 903
13.5333 902
13.55 901
13.5667 900
13.5833 899
13.6 898
13.6167 897
13.6333 896
13.65 895
13.6667 894
13.6833 893
13.7 892
13.7167 891
13.7333 890
13.75 889
13.7667 888
13.7833 887
13.8 886
13.8167 885
13.8333 884
13.85 882
13.8667 881
13.8833 880
13.9 879
13.9167 877
13.9333 876
13.95 875
13.9667 874
13.9833 872
14.0 871
14.0167 870
14.0333 868
14.05 867
14.0667 865
14.0833 864
14.1 863
14.1167 861
14.1333 860
14.15 858
14.1667 857
14.1833 855
14.2 854
14.2167 852
14.2333 851
14.25 849
14.2667 847
14.2833 846
14.3 844
14.3167 843
14.3333 841
14.35 839
14.3667 837
14.3833 836
14.4 834
14.4167 832
14.4333 831
14.45 829
14.4667 827
14.4833 825
14.5 823
14.5167 822
14.5333 820
14.55 818
14.5667 816
14.5833 814
14.6 812
14.6167 810
14.6333 808
14.65 806
14.6667 804
14.6833 802
14.7 800
14.7167 798
14.7333 796
14.75 794
14.7667 792
14.7833 790
14.8 788
14.8167 786
14.8333 784
14.85 782
14.8667 779
14.8833 777
14.9 775
14.9167 773
14.9333 771
14.95 768
14.9667 766
14.9833 764
15.0 762
15.0167 760
15.0333 757
15.05 755
15.0667 753
15.0833 750
15.1 748
15.1167 746
15.1333 743
15.15 741
15.1667 738
15.1833 736
15.2 734
15.2167 731
15.2333 729
15.25 726
15.2667 724
15.2833 721
15.3 719
15.3167 716
15.3333 714
15.35 711
15.3667 709
15.3833 706
15.4 703
15.4167 701
15.4333 698
15.45 696
15.4667 693
15.4833 690
15.5 688
15.5167 685
15.5333 682
15.55 680
15.5667 677
15.5833 674
15.6 671
15.6167 669
15.6333 666
15.65 663
15.6667 660
15.6833 658
15.7 655
15.7167 652
15.7333 649
15.75 646
15.7667 643
15.7833 641
15.8 638
15.8167 635
15.8333 632
15.85 629
15.8667 626
15.8833 623
15.9 620
15.9167 617
15.9333 614
15.95 611
15.9667 608
15.9833 606
