9.0 513
9.0167 516
9.0333 520
9.05 523
9.0667 526
9.0833 529
9.1 533
9.1167 536
9.1333 539
9.15 542
9.1667 545
9.1833 549
9.2 552
9.2167 555
9.2333 558
9.25 561
9.2667 564
9.2833 568
9.3 571
9.3167 574
9.3333 577
9.35 580
9.3667 583
9.3833 586
9.4 589
9.4167 592
9.4333 595
9.45 598
9.4667 601
9.4833 604
9.5 607
9.5167 610
9.5333 613
9.55 616
9.5667 619
9.5833 622
9.6 625
9.6167 628
9.6333 631
9.65 634
9.6667 637
9.6833 640
9.7 643
9.7167 646
9.7333 649
9.75 652
9.7667 654
9.7833 657
9.8 660
9.8167 663
9.8333 666
9.85 668
9.8667 671
9.8833 674
9.9 677
9.9167 680
9.9333 682
9.95 685
9.9667 688
9.9833 690
10.0 693
10.0167 696
10.0333 698
10.05 701
10.0667 704
10.0833 706
10.1 709
10.1167 712
10.1333 714
10.15 717
10.1667 719
10.1833 722
10.2 724
10.2167 727
10.2333 729
10.25 732
10.2667 734
10.2833 737
10.3 739
10.3167 742
10.3333 744
10.35 747
10.3667 749
10.3833 751
10.4 754
10.4167 756
10.4333 758
10.45 761
10.4667 763
10.4833 765
10.5 768
10.5167 770
10.5333 772
10.55 774
10.5667 777
10.5833 779
10.6 781
10.6167 783
10.6333 785
10.65 788
10.6667 790
10.6833 792
10.7 794
10.7167 796
10.7333 798
10.75 800
10.7667 802
10.7833 804
10.8 806
10.8167 808
10.8333 810
10.85 812
10.8667 814
10.8833 816
10.9 818
10.9167 820
10.9333 822
10.95 824
10.9667 826
10.9833 828
11.0 830
11.0167 831
11.0333 833
11.05 835
11.0667 837
11.0833 839
11.1 840
11.1167 842
11.1333 844
11.15 845
11.1667 847
11.1833 849
11.2 850
11.2167 852
11.2333 854
11.25 855
11.2667 857
11.2833 858
11.3 860
11.3167 862
11.3333 863
11.35 865
11.3667 866
11.3833 867
11.4 869
11.4167 870
11.4333 872
11.45 873
11.4667 875
11.4833 876
11.5 877
11.5167 879
11.5333 880
11.55 881
11.5667 883
11.5833 884
11.6 885
11.6167 886
11.6333 887
11.65 889
11.6667 890
11.6833 891
11.7 892
11.7167 893
11.7333 894
11.75 896
11.7667 897
11.7833 898
11.8 899
11.8167 900
11.8333 901
11.85 902
11.8667 903
11.8833 904
11.9 905
11.9167 906
11.9333 906
11.95 907
11.9667 908
11.9833 909
12.0 910
12.0167 911
12.0333 911
12.05 912
12.0667 913
12.0833 914
12.1 914
12.1167 915
12.1333 916
12.15 917
12.1667 917
12.1833 918
12.2 918
12.2167 919
12.2333 920
12.25 920
12.2667 921
12.2833 921
12.3 922
12.3167 922
12.3333 923
12.35 923
12.3667 924
12.3833 924
12.4 925
12.4167 925
12.4333 925
12.45 926
12.4667 926
12.4833 926
12.5 927
12.5167 927
12.5333 927
12.55 927
12.5667 928
12.5833 928
12.6 928
12.6167 928
12.6333 928
12.65 928
12.6667 929
12.6833 929
12.7 929
12.7167 929
12.7333 929
12.75 929
12.7667 929
12.7833 929
12.8 929
12.8167 929
12.8333 929
12.85 929
12.8667 928
12.8833 928
12.9 928
12.9167 928
12.9333 928
12.95 928
12.9667 927
12.9833 927
13.0 927
13.0167 927
13.0333 926
13.05 926
13.0667 926
13.0833 925
13.1 925
13.1167 925
13.1333 924
13.15 924
13.1667 923
13.1833 923
13.2 923
13.2167 922
13.2333 922
13.25 921
13.2667 920
13.2833 920
13.3 919
13.3167 919
13.3333 918
13.35 918
13.3667 917
13.3833 916
13.4 916
13.4167 915
13.4333 914
13.45 913
13.4667 913
13.4833 912
13.5 911
13.5167 910
13.5333 909
13.55 909
13.5667 908
13.5833 907
13.6 906
13.6167 905
13.6333 904
13.65 903
13.6667 902
13.6833 901
13.7 900
13.7167 899
13.7333 898
13.75 897
13.7667 896
13.7833 895
13.8 894
13.8167 893
13.8333 892
13.85 890
13.8667 889
13.8833 888
13.9 887
13.9167 886
13.9333 884
13.95 883
13.9667 882
13.9833 881
14.0 879
14.0167 878
14.0333 877
14.05 875
14.0667 874
14.0833 872
14.1 871
14.1167 870
14.1333 868
14.15 867
14.1667 865
14.1833 864
14.2 862
14.2167 861
14.2333 859
14.25 858
14.2667 856
14.2833 854
14.3 853
14.3167 851
14.3333 849
14.35 848
14.3667 846
14.3833 844
14.4 843
14.4167 841
14.4333 839
14.45 838
14.4667 836
14.4833 834
14.5 832
14.5167 830
14.5333 828
14.55 827
14.5667 825
14.5833 823
14.6 821
14.6167 819
14.6333 817
14.65 815
14.6667 813
14.6833 811
14.7 809
14.7167 807
14.7333 805
14.75 803
14.7667 801
14.7833 799
14.8 797
14.8167 795
14.8333 793
14.85 791
14.8667 789
14.8833 786
14.9 784
14.9167 782
14.9333 780
14.95 778
14.9667 775
14.9833 773
15.0 771
15.0167 769
15.0333 766
15.05 764
15.0667 762
15.0833 759
15.1 757
15.1167 755
15.1333 752
15.15 750
15.1667 748
15.1833 745
15.2 743
15.2167 740
15.2333 738
15.25 735
15.2667 733
15.2833 730
15.3 728
15.3167 725
15.3333 723
15.35 720
15.3667 718
15.3833 715
15.4 713
15.4167 710
15.4333 707
15.45 705
15.4667 702
15.4833 700
15.5 697
15.5167 694
15.5333 692
15.55 689
15.5667 686
15.5833 683
15.6 681
15.6167 678
15.6333 675
15.65 672
15.6667 670
15.6833 667
15.7 664
15.7167 661
15.7333 658
15.75 656
15.7667 653
15.7833 650
15.8 647
15.8167 644
15.8333 641
15.85 638
15.8667 635
15.8833 633
15.9 630
15.9167 627
15.9333 624
15.95 621
15.9667 618
15.9833 615
