9.0 497
9.0167 501
9.0333 504
9.05 507
9.0667 511
9.0833 514
9.1 518
9.1167 521
9.1333 524
9.15 528
9.1667 531
9.1833 534
9.2 538
9.2167 541
9.2333 544
9.25 548
9.2667 551
9.2833 554
9.3 557
9.3167 561
9.3333 564
9.35 567
9.3667 570
9.3833 574
9.4 577
9.4167 580
9.4333 583
9.45 587
9.4667 590
9.4833 593
9.5 596
9.5167 599
9.5333 602
9.55 606
9.5667 609
9.5833 612
9.6 615
9.6167 618
9.6333 621
9.65 624
9.6667 627
9.6833 630
9.7 633
9.7167 636
9.7333 639
9.75 642
9.7667 645
9.7833 648
9.8 651
9.8167 654
9.8333 657
9.85 660
9.8667 663
9.8833 666
9.9 669
9.9167 672
9.9333 675
9.95 678
9.9667 680
9.9833 683
10.0 686
10.0167 689
10.0333 692
10.05 694
10.0667 697
10.0833 700
10.1 703
10.1167 706
10.1333 708
10.15 711
10.1667 714
10.1833 716
10.2 719
10.2167 722
10.2333 724
10.25 727
10.2667 730
10.2833 732
10.3 735
10.3167 737
10.3333 740
10.35 742
10.3667 745
10.3833 748
10.4 750
10.4167 753
10.4333 755
10.45 757
10.4667 760
10.4833 762
10.5 765
10.5167 767
10.5333 770
10.55 772
10.5667 774
10.5833 777
10.6 779
10.6167 781
10.6333 784
10.65 786
10.6667 788
10.6833 790
10.7 793
10.7167 795
10.7333 797
10.75 799
10.7667 802
10.7833 804
10.8 806
10.8167 808
10.8333 810
10.85 812
10.8667 814
10.8833 816
10.9 818
10.9167 820
10.9333 822
10.95 824
10.9667 826
10.9833 828
11.0 830
11.0167 832
11.0333 834
11.05 836
11.0667 838
11.0833 840
11.1 842
11.1167 844
11.1333 845
11.15 847
11.1667 849
11.1833 851
11.2 853
11.2167 854
11.2333 856
11.25 858
11.2667 859
11.2833 861
11.3 863
11.3167 864
11.3333 866
11.35 868
11.3667 869
11.3833 871
11.4 872
11.4167 874
11.4333 875
11.45 877
11.4667 878
11.4833 880
11.5 881
11.5167 883
11.5333 884
11.55 886
11.5667 887
11.5833 888
11.6 890
11.6167 891
11.6333 892
11.65 894
11.6667 895
11.6833 896
11.7 897
11.7167 899
11.7333 900
11.75 901
11.7667 902
11.7833 903
11.8 904
11.8167 906
11.8333 907
11.85 908
11.8667 909
11.8833 910
11.9 911
11.9167 912
11.9333 913
11.95 914
11.9667 915
11.9833 916
12.0 917
12.0167 917
12.0333 918
12.05 919
12.0667 920
12.0833 921
12.1 922
12.1167 922
12.1333 923
12.15 924
12.1667 925
12.1833 925
12.2 926
12.2167 927
12.2333 927
12.25 928
12.2667 929
12.2833 929
12.3 930
12.3167 930
12.3333 931
12.35 931
12.3667 932
12.3833 932
12.4 933
12.4167 933
12.4333 934
12.45 934
12.4667 935
12.4833 935
12.5 935
12.5167 936
12.5333 936
12.55 936
12.5667 937
12.5833 937
12.6 937
12.6167 937
12.6333 937
12.65 938
12.6667 938
12.6833 938
12.7 938
12.7167 938
12.7333 938
12.75 938
12.7667 938
12.7833 938
12.8 938
12.8167 938
12.8333 938
12.85 938
12.8667 938
12.8833 938
12.9 938
12.9167 938
12.9333 938
12.95 938
12.9667 938
12.9833 937
13.0 937
13.0167 937
13.0333 937
13.05 936
13.0667 936
13.0833 936
13.1 935
13.1167 935
13.1333 935
13.15 934
13.1667 934
13.1833 934
13.2 933
13.2167 933
13.2333 932
13.25 932
13.2667 931
13.2833 931
13.3 930
13.3167 930
13.3333 929
13.35 928
13.3667 928
13.3833 927
13.4 926
13.4167 926
13.4333 925
13.45 924
13.4667 924
13.4833 923
13.5 922
13.5167 921
13.5333 920
13.55 920
13.5667 919
13.5833 918
13.6 917
13.6167 916
13.6333 915
13.65 914
13.6667 913
13.6833 912
13.7 911
13.7167 910
13.7333 909
13.75 908
13.7667 907
13.7833 906
13.8 905
13.8167 904
13.8333 903
13.85 901
13.8667 900
13.8833 899
13.9 898
13.9167 897
13.9333 895
13.95 894
13.9667 893
13.9833 892
14.0 890
14.0167 889
14.0333 888
14.05 886
14.0667 885
14.0833 883
14.1 882
14.1167 880
14.1333 879
14.15 878
14.1667 876
14.1833 875
14.2 873
14.2167 871
14.2333 870
14.25 868
14.2667 867
14.2833 865
14.3 863
14.3167 862
14.3333 860
14.35 858
14.3667 857
14.3833 855
14.4 853
14.4167 852
14.4333 850
14.45 848
14.4667 846
14.4833 844
14.5 843
14.5167 841
14.5333 839
14.55 837
14.5667 835
14.5833 833
14.6 831
14.6167 829
14.6333 827
14.65 825
14.6667 823
14.6833 821
14.7 819
14.7167 817
14.7333 815
14.75 813
14.7667 811
14.7833 809
14.8 807
14.8167 805
14.8333 802
14.85 800
14.8667 798
14.8833 796
14.9 794
14.9167 791
14.9333 789
14.95 787
14.9667 785
14.9833 782
15.0 780
15.0167 777
15.0333 775
15.05 773
15.0667 770
15.0833 768
15.1 766
15.1167 763
15.1333 761
15.15 758
15.1667 756
15.1833 753
15.2 751
15.2167 748
15.2333 746
15.25 743
15.2667 741
15.2833 738
15.3 736
15.3167 733
15.3333 730
15.35 728
15.3667 725
15.3833 723
15.4 720
15.4167 717
15.4333 715
15.45 712
15.4667 709
15.4833 706
15.5 704
15.5167 701
15.5333 698
15.55 695
15.5667 693
15.5833 690
15.6 687
15.6167 684
15.6333 681
15.65 678
15.6667 676
15.6833 673
15.7 670
15.7167 667
15.7333 664
15.75 661
15.7667 658
15.7833 655
15.8 652
15.8167 649
15.8333 646
15.85 643
15.8667 640
15.8833 637
15.9 634
15.9167 631
15.9333 628
15.95 625
15.9667 622
15.9833 619
