9.0 506
9.0167 509
9.0333 513
9.05 516
9.0667 520
9.0833 523
9.1 526
9.1167 530
9.1333 533
9.15 536
9.1667 540
9.1833 543
9.2 546
9.2167 550
9.2333 553
9.25 556
9.2667 560
9.2833 563
9.3 566
9.3167 569
9.3333 573
9.35 576
9.3667 579
9.3833 582
9.4 585
9.4167 589
9.4333 592
9.45 595
9.4667 598
9.4833 601
9.5 604
9.5167 608
9.5333 611
9.55 614
9.5667 617
9.5833 620
9.6 623
9.6167 626
9.6333 629
9.65 632
9.6667 635
9.6833 638
9.7 641
9.7167 644
9.7333 647
9.75 650
9.7667 653
9.7833 656
9.8 659
9.8167 662
9.8333 665
9.85 668
9.8667 671
9.8833 673
9.9 676
9.9167 679
9.9333 682
9.95 685
9.9667 688
9.9833 690
10.0 693
10.0167 696
10.0333 699
10.05 701
10.0667 704
10.0833 707
10.1 709
10.1167 712
10.1333 715
10.15 717
10.1667 720
10.1833 723
10.2 725
10.2167 728
10.2333 730
10.25 733
10.2667 736
10.2833 738
10.3 741
10.3167 743
10.3333 746
10.35 748
10.3667 751
10.3833 753
10.4 755
10.4167 758
10.4333 760
10.45 763
10.4667 765
10.4833 767
10.5 770
10.5167 772
10.5333 774
10.55 777
10.5667 779
10.5833 781
10.6 783
10.6167 786
10.6333 788
10.65 790
10.6667 792
10.6833 794
10.7 797
10.7167 799
10.7333 801
10.75 803
10.7667 805
10.7833 807
10.8 809
10.8167 811
10.8333 813
10.85 815
10.8667 817
10.8833 819
10.9 821
10.9167 823
10.9333 825
10.95 827
10.9667 829
10.9833 831
11.0 832
11.0167 834
11.0333 836
11.05 838
11.0667 840
11.0833 841
11.1 843
11.1167 845
11.1333 847
11.15 848
11.1667 850
11.1833 852
11.2 853
11.2167 855
11.2333 856
11.25 858
11.2667 860
11.2833 861
11.3 863
11.3167 864
11.3333 866
11.35 867
11.3667 869
11.3833 870
11.4 871
11.4167 873
11.4333 874
11.45 876
11.4667 877
11.4833 878
11.5 880
11.5167 881
11.5333 882
11.55 883
11.5667 885
11.5833 886
11.6 887
11.6167 888
11.6333 890
11.65 891
11.6667 892
11.6833 893
11.7 894
11.7167 895
11.7333 896
11.75 897
11.7667 898
11.7833 899
11.8 900
11.8167 901
11.8333 902
11.85 903
11.8667 904
11.8833 905
11.9 906
11.9167 907
11.9333 907
11.95 908
11.9667 909
11.9833 910
12.0 910
12.0167 911
12.0333 912
12.05 913
12.0667 913
12.0833 914
12.1 915
12.1167 915
12.1333 916
12.15 916
12.1667 917
12.1833 918
12.2 918
12.2167 919
12.2333 919
12.25 920
12.2667 920
12.2833 920
12.3 921
12.3167 921
12.3333 922
12.35 922
12.3667 922
12.3833 923
12.4 923
12.4167 923
12.4333 923
12.45 924
12.4667 924
12.4833 924
12.5 924
12.5167 924
12.5333 924
12.55 925
12.5667 925
12.5833 925
12.6 925
12.6167 925
12.6333 925
12.65 925
12.6667 925
12.6833 925
12.7 925
12.7167 925
12.7333 925
12.75 924
12.7667 924
12.7833 924
12.8 924
12.8167 924
12.8333 924
12.85 923
12.8667 923
12.8833 923
12.9 923
12.9167 922
12.9333 922
12.95 922
12.9667 921
12.9833 921
13.0 920
13.0167 920
13.0333 920
13.05 919
13.0667 919
13.0833 918
13.1 918
13.1167 917
13.1333 916
13.15 916
13.1667 915
13.1833 915
13.2 914
13.2167 913
13.2333 913
13.25 912
13.2667 911
13.2833 911
13.3 910
13.3167 909
13.3333 908
13.35 907
13.3667 907
13.3833 906
13.4 905
13.4167 904
13.4333 903
13.45 902
13.4667 901
13.4833 900
13.5 899
13.5167 898
13.5333 897
13.55 896
13.5667 895
13.5833 894
13.6 893
13.6167 892
13.6333 891
13.65 890
13.6667 888
13.6833 887
13.7 886
13.7167 885
13.7333 884
13.75 882
13.7667 881
13.7833 880
13.8 878
13.8167 877
13.8333 876
13.85 874
13.8667 873
13.8833 872
13.9 870
13.9167 869
13.9333 867
13.95 866
13.9667 864
13.9833 863
14.0 861
14.0167 860
14.0333 858
14.05 857
14.0667 855
14.0833 853
14.1 852
14.1167 850
14.1333 848
14.15 847
14.1667 845
14.1833 843
14.2 842
14.2167 840
14.2333 838
14.25 836
14.2667 834
14.2833 833
14.3 831
14.3167 829
14.3333 827
14.35 825
14.3667 823
14.3833 821
14.4 819
14.4167 817
14.4333 815
14.45 813
14.4667 811
14.4833 809
14.5 807
14.5167 805
14.5333 803
14.55 801
14.5667 799
14.5833 797
14.6 795
14.6167 792
14.6333 790
14.65 788
14.6667 786
14.6833 784
14.7 781
14.7167 779
14.7333 777
14.75 775
14.7667 772
14.7833 770
14.8 768
14.8167 765
14.8333 763
14.85 761
14.8667 758
14.8833 756
14.9 753
14.9167 751
14.9333 748
14.95 746
14.9667 743
14.9833 741
15.0 739
15.0167 736
15.0333 734
15.05 731
15.0667 728
15.0833 726
15.1 723
15.1167 721
15.1333 718
15.15 715
15.1667 713
15.1833 710
15.2 707
15.2167 705
15.2333 702
15.25 699
15.2667 696
15.2833 694
15.3 691
15.3167 688
15.3333 685
15.35 682
15.3667 680
15.3833 677
15.4 674
15.4167 671
15.4333 668
15.45 665
15.4667 662
15.4833 660
15.5 657
15.5167 654
15.5333 651
15.55 648
15.5667 645
15.5833 642
15.6 639
15.6167 636
15.6333 633
15.65 630
15.6667 627
15.6833 624
15.7 621
15.7167 617
15.7333 614
15.75 611
15.7667 608
15.7833 605
15.8 602
15.8167 599
15.8333 596
15.85 592
15.8667 589
15.8833 586
15.9 583
15.9167 580
15.9333 576
15.95 573
15.9667 570
15.9833 567
