9.0 517
9.0167 521
9.0333 524
9.05 527
9.0667 530
9.0833 533
9.1 536
9.1167 540
9.1333 543
9.15 546
9.1667 549
9.1833 552
9.2 555
9.2167 558
9.2333 561
9.25 565
9.2667 568
9.2833 571
9.3 574
9.3167 577
9.3333 580
9.35 583
9.3667 586
9.3833 589
9.4 592
9.4167 595
9.4333 598
9.45 601
9.4667 604
9.4833 607
9.5 610
9.5167 613
9.5333 616
9.55 618
9.5667 621
9.5833 624
9.6 627
9.6167 630
9.6333 633
9.65 636
9.6667 639
9.6833 641
9.7 644
9.7167 647
9.7333 650
9.75 653
9.7667 655
9.7833 658
9.8 661
9.8167 664
9.8333 666
9.85 669
9.8667 672
9.8833 674
9.9 677
9.9167 680
9.9333 682
9.95 685
9.9667 688
9.9833 690
10.0 693
10.0167 695
10.0333 698
10.05 701
10.0667 703
10.0833 706
10.1 708
10.1167 711
10.1333 713
10.15 716
10.1667 718
10.1833 721
10.2 723
10.2167 726
10.2333 728
10.25 730
10.2667 733
10.2833 735
10.3 737
10.3167 740
10.3333 742
10.35 744
10.3667 747
10.3833 749
10.4 751
10.4167 754
10.4333 756
10.45 758
10.4667 760
10.4833 763
10.5 765
10.5167 767
10.5333 769
10.55 771
10.5667 773
10.5833 775
10.6 778
10.6167 780
10.6333 782
10.65 784
10.6667 786
10.6833 788
10.7 790
10.7167 792
10.7333 794
10.75 796
10.7667 798
10.7833 800
10.8 802
10.8167 804
10.8333 805
10.85 807
10.8667 809
10.8833 811
10.9 813
10.9167 815
10.9333 816
10.95 818
10.9667 820
10.9833 822
11.0 823
11.0167 825
11.0333 827
11.05 829
11.0667 830
11.0833 832
11.1 834
11.1167 835
11.1333 837
11.15 838
11.1667 840
11.1833 841
11.2 843
11.2167 845
11.2333 846
11.25 848
11.2667 849
11.2833 850
11.3 852
11.3167 853
11.3333 855
11.35 856
11.3667 857
11.3833 859
11.4 860
11.4167 861
11.4333 863
11.45 864
11.4667 865
11.4833 867
11.5 868
11.5167 869
11.5333 870
11.55 871
11.5667 873
11.5833 874
11.6 875
11.6167 876
11.6333 877
11.65 878
11.6667 879
11.6833 880
11.7 881
11.7167 882
11.7333 883
11.75 884
11.7667 885
11.7833 886
11.8 887
11.8167 888
11.8333 889
11.85 890
11.8667 891
11.8833 891
11.9 892
11.9167 893
11.9333 894
11.95 895
11.9667 895
11.9833 896
12.0 897
12.0167 897
12.0333 898
12.05 899
12.0667 899
12.0833 900
12.1 901
12.1167 901
12.1333 902
12.15 902
12.1667 903
12.1833 903
12.2 904
12.2167 904
12.2333 905
12.25 905
12.2667 906
12.2833 906
12.3 906
12.3167 907
12.3333 907
12.35 907
12.3667 908
12.3833 908
12.4 908
12.4167 908
12.4333 909
12.45 909
12.4667 909
12.4833 909
12.5 909
12.5167 910
12.5333 910
12.55 910
12.5667 910
12.5833 910
12.6 910
12.6167 910
12.6333 910
12.65 910
12.6667 910
12.6833 910
12.7 910
12.7167 910
12.7333 910
12.75 910
12.7667 910
12.7833 909
12.8 909
12.8167 909
12.8333 909
12.85 909
12.8667 908
12.8833 908
12.9 908
12.9167 908
12.9333 907
12.95 907
12.9667 907
12.9833 906
13.0 906
13.0167 905
13.0333 905
13.05 904
13.0667 904
13.0833 904
13.1 903
13.1167 903
13.1333 902
13.15 901
13.1667 901
13.1833 900
13.2 900
13.2167 899
13.2333 898
13.25 898
13.2667 897
13.2833 896
13.3 896
13.3167 895
13.3333 894
13.35 893
13.3667 893
13.3833 892
13.4 891
13.4167 890
13.4333 889
13.45 888
13.4667 888
13.4833 887
13.5 886
13.5167 885
13.5333 884
13.55 883
13.5667 882
13.5833 881
13.6 880
13.6167 879
13.6333 878
13.65 877
13.6667 875
13.6833 874
13.7 873
13.7167 872
13.7333 871
13.75 870
13.7667 869
13.7833 867
13.8 866
13.8167 865
13.8333 864
13.85 862
13.8667 861
13.8833 860
13.9 858
13.9167 857
13.9333 856
13.95 854
13.9667 853
13.9833 851
14.0 850
14.0167 848
14.0333 847
14.05 845
14.0667 844
14.0833 842
14.1 841
14.1167 839
14.1333 838
14.15 836
14.1667 835
14.1833 833
14.2 831
14.2167 830
14.2333 828
14.25 826
14.2667 825
14.2833 823
14.3 821
14.3167 819
14.3333 818
14.35 816
14.3667 814
14.3833 812
14.4 810
14.4167 808
14.4333 807
14.45 805
14.4667 803
14.4833 801
14.5 799
14.5167 797
14.5333 795
14.55 793
14.5667 791
14.5833 789
14.6 787
14.6167 785
14.6333 783
14.65 781
14.6667 779
14.6833 777
14.7 775
14.7167 772
14.7333 770
14.75 768
14.7667 766
14.7833 764
14.8 762
14.8167 759
14.8333 757
14.85 755
14.8667 753
14.8833 750
14.9 748
14.9167 746
14.9333 744
14.95 741
14.9667 739
14.9833 737
15.0 734
15.0167 732
15.0333 730
15.05 727
15.0667 725
15.0833 722
15.1 720
15.1167 717
15.1333 715
15.15 712
15.1667 710
15.1833 707
15.2 705
15.2167 702
15.2333 700
15.25 697
15.2667 695
15.2833 692
15.3 689
15.3167 687
15.3333 684
15.35 681
15.3667 679
15.3833 676
15.4 673
15.4167 671
15.4333 668
15.45 665
15.4667 663
15.4833 660
15.5 657
15.5167 654
15.5333 652
15.55 649
15.5667 646
15.5833 643
15.6 640
15.6167 638
15.6333 635
15.65 632
15.6667 629
15.6833 626
15.7 623
15.7167 620
15.7333 617
15.75 615
15.7667 612
15.7833 609
15.8 606
15.8167 603
15.8333 600
15.85 597
15.8667 594
15.8833 591
15.9 588
15.9167 585
15.9333 582
15.95 579
15.9667 576
15.9833 573
