9.0 494
9.0167 497
9.0333 501
9.05 504
9.0667 507
9.0833 510
9.1 513
9.1167 517
9.1333 520
9.15 523
9.1667 526
9.1833 529
9.2 532
9.2167 535
9.2333 539
9.25 542
9.2667 545
9.2833 548
9.3 551
9.3167 554
9.3333 557
9.35 560
9.3667 563
9.3833 566
9.4 569
9.4167 572
9.4333 575
9.45 578
9.4667 581
9.4833 584
9.5 587
9.5167 590
9.5333 593
9.55 596
9.5667 599
9.5833 602
9.6 605
9.6167 608
9.6333 611
9.65 614
9.6667 616
9.6833 619
9.7 622
9.7167 625
9.7333 628
9.75 631
9.7667 634
9.7833 636
9.8 639
9.8167 642
9.8333 645
9.85 647
9.8667 650
9.8833 653
9.9 656
9.9167 658
9.9333 661
9.95 664
9.9667 666
9.9833 669
10.0 672
10.0167 674
10.0333 677
10.05 680
10.0667 682
10.0833 685
10.1 687
10.1167 690
10.1333 693
10.15 695
10.1667 698
10.1833 700
10.2 703
10.2167 705
10.2333 708
10.25 710
10.2667 713
10.2833 715
10.3 717
10.3167 720
10.3333 722
10.35 725
10.3667 727
10.3833 729
10.4 732
10.4167 734
10.4333 736
10.45 739
10.4667 741
10.4833 743
10.5 746
10.5167 748
10.5333 750
10.55 752
10.5667 755
10.5833 757
10.6 759
10.6167 761
10.6333 763
10.65 765
10.6667 768
10.6833 770
10.7 772
10.7167 774
10.7333 776
10.75 778
10.7667 780
10.7833 782
10.8 784
10.8167 786
10.8333 788
10.85 790
10.8667 792
10.8833 794
10.9 796
10.9167 798
10.9333 800
10.95 801
10.9667 803
10.9833 805
11.0 807
11.0167 809
11.0333 811
11.05 812
11.0667 814
11.0833 816
11.1 818
11.1167 819
11.1333 821
11.15 823
11.1667 824
11.1833 826
11.2 828
11.2167 829
11.2333 831
11.25 832
11.2667 834
11.2833 836
11.3 837
11.3167 839
11.3333 840
11.35 842
11.3667 843
11.3833 845
11.4 846
11.4167 847
11.4333 849
11.45 850
11.4667 852
11.4833 853
11.5 854
11.5167 856
11.5333 857
11.55 858
11.5667 859
11.5833 861
11.6 862
11.6167 863
11.6333 864
11.65 866
11.6667 867
11.6833 868
11.7 869
11.7167 870
11.7333 871
11.75 872
11.7667 873
11.7833 875
11.8 876
11.8167 877
11.8333 878
11.85 879
11.8667 880
11.8833 880
11.9 881
11.9167 882
11.9333 883
11.95 884
11.9667 885
11.9833 886
12.0 887
12.0167 887
12.0333 888
12.05 889
12.0667 890
12.0833 891
12.1 891
12.1167 892
12.1333 893
12.15 893
12.1667 894
12.1833 895
12.2 895
12.2167 896
12.2333 896
12.25 897
12.2667 897
12.2833 898
12.3 899
12.3167 899
12.3333 900
12.35 900
12.3667 900
12.3833 901
12.4 901
12.4167 902
12.4333 902
12.45 902
12.4667 903
12.4833 903
12.5 903
12.5167 904
12.5333 904
12.55 904
12.5667 904
12.5833 904
12.6 905
12.6167 905
12.6333 905
12.65 905
12.6667 905
12.6833 905
12.7 905
12.7167 905
12.7333 905
12.75 906
12.7667 906
12.7833 906
12.8 905
12.8167 905
12.8333 905
12.85 905
12.8667 905
12.8833 905
12.9 905
12.9167 905
12.9333 905
12.95 904
12.9667 904
12.9833 904
13.0 904
13.0167 903
13.0333 903
13.05 903
13.0667 903
13.0833 902
13.1 902
13.1167 901
13.1333 901
13.15 901
13.1667 900
13.1833 900
13.2 899
13.2167 899
13.2333 898
13.25 898
13.2667 897
13.2833 897
13.3 896
13.3167 896
13.3333 895
13.35 894
13.3667 894
13.3833 893
13.4 892
13.4167 892
13.4333 891
13.45 890
13.4667 889
13.4833 889
13.5 888
13.5167 887
13.5333 886
13.55 885
13.5667 885
13.5833 884
13.6 883
13.6167 882
13.6333 881
13.65 880
13.6667 879
13.6833 878
13.7 877
13.7167 876
13.7333 875
13.75 874
13.7667 873
13.7833 872
13.8 871
13.8167 870
13.8333 869
13.85 868
13.8667 866
13.8833 865
13.9 864
13.9167 863
13.9333 862
13.95 860
13.9667 859
13.9833 858
14.0 856
14.0167 855
14.0333 854
14.05 852
14.0667 851
14.0833 850
14.1 848
14.1167 847
14.1333 845
14.15 844
14.1667 843
14.1833 841
14.2 840
14.2167 838
14.2333 837
14.25 835
14.2667 833
14.2833 832
14.3 830
14.3167 829
14.3333 827
14.35 825
14.3667 824
14.3833 822
14.4 820
14.4167 819
14.4333 817
14.45 815
14.4667 813
14.4833 812
14.5 810
14.5167 808
14.5333 806
14.55 804
14.5667 803
14.5833 801
14.6 799
14.6167 797
14.6333 795
14.65 793
14.6667 791
14.6833 789
14.7 787
14.7167 785
14.7333 783
14.75 781
14.7667 779
14.7833 777
14.8 775
14.8167 773
14.8333 771
14.85 769
14.8667 767
14.8833 765
14.9 762
14.9167 760
14.9333 758
14.95 756
14.9667 754
14.9833 751
15.0 749
15.0167 747
15.0333 745
15.05 742
15.0667 740
15.0833 738
15.1 736
15.1167 733
15.1333 731
15.15 729
15.1667 726
15.1833 724
15.2 721
15.2167 719
15.2333 717
15.25 714
15.2667 712
15.2833 709
15.3 707
15.3167 704
15.3333 702
15.35 699
15.3667 697
15.3833 694
15.4 692
15.4167 689
15.4333 686
15.45 684
15.4667 681
15.4833 679
15.5 676
15.5167 673
15.5333 671
15.55 668
15.5667 665
15.5833 663
15.6 660
15.6167 657
15.6333 655
15.65 652
15.6667 649
15.6833 646
15.7 644
15.7167 641
15.7333 638
15.75 635
15.7667 632
15.7833 630
15.8 627
15.8167 624
15.8333 621
15.85 618
15.8667 615
15.8833 612
15.9 610
15.9167 607
15.9333 604
15.95 601
15.9667 598
15.9833 595
