9.0 446
9.0167 449
9.0333 452
9.05 456
9.0667 459
9.0833 462
9.1 465
9.1167 469
9.1333 472
9.15 475
9.1667 478
9.1833 481
9.2 485
9.2167 488
9.2333 491
9.25 494
9.2667 497
9.2833 501
9.3 504
9.3167 507
9.3333 510
9.35 513
9.3667 516
9.3833 519
9.4 523
9.4167 526
9.4333 529
9.45 532
9.4667 535
9.4833 538
9.5 541
9.5167 544
9.5333 547
9.55 550
9.5667 553
9.5833 556
9.6 559
9.6167 562
9.6333 565
9.65 568
9.6667 571
9.6833 574
9.7 577
9.7167 580
9.7333 583
9.75 586
9.7667 589
9.7833 592
9.8 595
9.8167 597
9.8333 600
9.85 603
9.8667 606
9.8833 609
9.9 612
9.9167 615
9.9333 617
9.95 620
9.9667 623
9.9833 626
10.0 628
10.0167 631
10.0333 634
10.05 637
10.0667 639
10.0833 642
10.1 645
10.1167 647
10.1333 650
10.15 653
10.1667 655
10.1833 658
10.2 660
10.2167 663
10.2333 666
10.25 668
10.2667 671
10.2833 673
10.3 676
10.3167 678
10.3333 681
10.35 683
10.3667 686
10.3833 688
10.4 691
10.4167 693
10.4333 695
10.45 698
10.4667 700
10.4833 703
10.5 705
10.5167 707
10.5333 710
10.55 712
10.5667 714
10.5833 716
10.6 719
10.6167 721
10.6333 723
10.65 725
10.6667 728
10.6833 730
10.7 732
10.7167 734
10.7333 736
10.75 738
10.7667 741
10.7833 743
10.8 745
10.8167 747
10.8333 749
10.85 751
10.8667 753
10.8833 755
10.9 757
10.9167 759
10.9333 761
10.95 763
10.9667 765
10.9833 767
11.0 769
11.0167 771
11.0333 772
11.05 774
11.0667 776
11.0833 778
11.1 780
11.1167 782
11.1333 783
11.15 785
11.1667 787
11.1833 789
11.2 790
11.2167 792
11.2333 794
11.25 795
11.2667 797
11.2833 799
11.3 800
11.3167 802
11.3333 803
11.35 805
11.3667 806
11.3833 808
11.4 809
11.4167 811
11.4333 812
11.45 814
11.4667 815
11.4833 817
11.5 818
11.5167 819
11.5333 821
11.55 822
11.5667 824
11.5833 825
11.6 826
11.6167 827
11.6333 829
11.65 830
11.6667 831
11.6833 832
11.7 834
11.7167 835
11.7333 836
11.75 837
11.7667 838
11.7833 839
11.8 840
11.8167 841
11.8333 842
11.85 843
11.8667 844
11.8833 845
11.9 846
11.9167 847
11.9333 848
11.95 849
11.9667 850
11.9833 851
12.0 852
12.0167 853
12.0333 854
12.05 854
12.0667 855
12.0833 856
12.1 857
12.1167 858
12.1333 858
12.15 859
12.1667 860
12.1833 860
12.2 861
12.2167 862
12.2333 862
12.25 863
12.2667 863
12.2833 864
12.3 864
12.3167 865
12.3333 865
12.35 866
12.3667 866
12.3833 867
12.4 867
12.4167 868
12.4333 868
12.45 868
12.4667 869
12.4833 869
12.5 869
12.5167 870
12.5333 870
12.55 870
12.5667 871
12.5833 871
12.6 871
12.6167 871
12.6333 871
12.65 871
12.6667 872
12.6833 872
12.7 872
12.7167 872
12.7333 872
12.75 872
12.7667 872
12.7833 872
12.8 872
12.8167 872
12.8333 872
12.85 872
12.8667 872
12.8833 872
12.9 871
12.9167 871
12.9333 871
12.95 871
12.9667 871
12.9833 870
13.0 870
13.0167 870
13.0333 870
13.05 869
13.0667 869
13.0833 869
13.1 868
13.1167 868
13.1333 868
13.15 867
13.1667 867
13.1833 866
13.2 866
13.2167 865
13.2333 865
13.25 864
13.2667 864
13.2833 863
13.3 863
13.3167 862
13.3333 861
13.35 861
13.3667 860
13.3833 859
13.4 859
13.4167 858
13.4333 857
13.45 856
13.4667 856
13.4833 855
13.5 854
13.5167 853
13.5333 852
13.55 852
13.5667 851
13.5833 850
13.6 849
13.6167 848
13.6333 847
13.65 846
13.6667 845
13.6833 844
13.7 843
13.7167 842
13.7333 841
13.75 840
13.7667 839
13.7833 838
13.8 837
13.8167 835
13.8333 834
13.85 833
13.8667 832
13.8833 831
13.9 829
13.9167 828
13.9333 827
13.95 826
13.9667 824
13.9833 823
14.0 822
14.0167 820
14.0333 819
14.05 818
14.0667 816
14.0833 815
14.1 813
14.1167 812
14.1333 810
14.15 809
14.1667 807
14.1833 806
14.2 804
14.2167 803
14.2333 801
14.25 800
14.2667 798
14.2833 796
14.3 795
14.3167 793
14.3333 791
14.35 790
14.3667 788
14.3833 786
14.4 784
14.4167 783
14.4333 781
14.45 779
14.4667 777
14.4833 775
14.5 774
14.5167 772
14.5333 770
14.55 768
14.5667 766
14.5833 764
14.6 762
14.6167 760
14.6333 758
14.65 756
14.6667 754
14.6833 752
14.7 750
14.7167 748
14.7333 746
14.75 744
14.7667 742
14.7833 740
14.8 738
14.8167 736
14.8333 733
14.85 731
14.8667 729
14.8833 727
14.9 725
14.9167 722
14.9333 720
14.95 718
14.9667 716
14.9833 713
15.0 711
15.0167 708
15.0333 706
15.05 704
15.0667 701
15.0833 699
15.1 697
15.1167 694
15.1333 692
15.15 689
15.1667 687
15.1833 684
15.2 682
15.2167 679
15.2333 677
15.25 674
15.2667 672
15.2833 669
15.3 667
15.3167 664
15.3333 662
15.35 659
15.3667 656
15.3833 654
15.4 651
15.4167 649
15.4333 646
15.45 643
15.4667 641
15.4833 638
15.5 635
15.5167 632
15.5333 630
15.55 627
15.5667 624
15.5833 621
15.6 619
15.6167 616
15.6333 613
15.65 610
15.6667 607
15.6833 605
15.7 602
15.7167 599
15.7333 596
15.75 593
15.7667 590
15.7833 587
15.8 584
15.8167 582
15.8333 579
15.85 576
15.8667 573
15.8833 570
15.9 567
15.9167 564
15.9333 561
15.95 558
15.9667 555
15.9833 552
