9.0 433
9.0167 436
9.0333 440
9.05 443
9.0667 446
9.0833 449
9.1 453
9.1167 456
9.1333 459
9.15 463
9.1667 466
9.1833 469
9.2 472
9.2167 475
9.2333 479
9.25 482
9.2667 485
9.2833 488
9.3 492
9.3167 495
9.3333 498
9.35 501
9.3667 504
9.3833 507
9.4 510
9.4167 514
9.4333 517
9.45 520
9.4667 523
9.4833 526
9.5 529
9.5167 532
9.5333 535
9.55 538
9.5667 541
9.5833 544
9.6 548
9.6167 551
9.6333 554
9.65 557
9.6667 560
9.6833 563
9.7 565
9.7167 568
9.7333 571
9.75 574
9.7667 577
9.7833 580
9.8 583
9.8167 586
9.8333 589
9.85 592
9.8667 595
9.8833 597
9.9 600
9.9167 603
9.9333 606
9.95 609
9.9667 612
9.9833 614
10.0 617
10.0167 620
10.0333 623
10.05 625
10.0667 628
10.0833 631
10.1 633
10.1167 636
10.1333 639
10.15 641
10.1667 644
10.1833 647
10.2 649
10.2167 652
10.2333 654
10.25 657
10.2667 660
10.2833 662
10.3 665
10.3167 667
10.3333 670
10.35 672
10.3667 675
10.3833 677
10.4 679
10.4167 682
10.4333 684
10.45 687
10.4667 689
10.4833 691
10.5 694
10.5167 696
10.5333 699
10.55 701
10.5667 703
10.5833 705
10.6 708
10.6167 710
10.6333 712
10.65 714
10.6667 717
10.6833 719
10.7 721
10.7167 723
10.7333 725
10.75 727
10.7667 730
10.7833 732
10.8 734
10.8167 736
10.8333 738
10.85 740
10.8667 742
10.8833 744
10.9 746
10.9167 748
10.9333 750
10.95 752
10.9667 754
10.9833 756
11.0 758
11.0167 759
11.0333 761
11.05 763
11.0667 765
11.0833 767
11.1 769
11.1167 770
11.1333 772
11.15 774
11.1667 776
11.1833 777
11.2 779
11.2167 781
11.2333 782
11.25 784
11.2667 786
11.2833 787
11.3 789
11.3167 790
11.3333 792
11.35 793
11.3667 795
11.3833 796
11.4 798
11.4167 799
11.4333 801
11.45 802
11.4667 804
11.4833 805
11.5 806
11.5167 808
11.5333 809
11.55 810
11.5667 812
11.5833 813
11.6 814
11.6167 816
11.6333 817
11.65 818
11.6667 819
11.6833 820
11.7 822
11.7167 823
11.7333 824
11.75 825
11.7667 826
11.7833 827
11.8 828
11.8167 829
11.8333 830
11.85 831
11.8667 832
11.8833 833
11.9 834
11.9167 835
11.9333 836
11.95 837
11.9667 838
11.9833 839
12.0 839
12.0167 840
12.0333 841
12.05 842
12.0667 842
12.0833 843
12.1 844
12.1167 845
12.1333 845
12.15 846
12.1667 847
12.1833 847
12.2 848
12.2167 848
12.2333 849
12.25 850
12.2667 850
12.2833 851
12.3 851
12.3167 852
12.3333 852
12.35 852
12.3667 853
12.3833 853
12.4 854
12.4167 854
12.4333 854
12.45 855
12.4667 855
12.4833 855
12.5 855
12.5167 856
12.5333 856
12.55 856
12.5667 856
12.5833 857
12.6 857
12.6167 857
12.6333 857
12.65 857
12.6667 857
12.6833 857
12.7 857
12.7167 857
12.7333 857
12.75 857
12.7667 857
12.7833 857
12.8 857
12.8167 857
12.8333 857
12.85 857
12.8667 856
12.8833 856
12.9 856
12.9167 856
12.9333 856
12.95 855
12.9667 855
12.9833 855
13.0 855
13.0167 854
13.0333 854
13.05 853
13.0667 853
13.0833 853
13.1 852
13.1167 852
13.1333 851
13.15 851
13.1667 850
13.1833 850
13.2 849
13.2167 849
13.2333 848
13.25 848
13.2667 847
13.2833 846
13.3 846
13.3167 845
13.3333 844
13.35 844
13.3667 843
13.3833 842
13.4 841
13.4167 841
13.4333 840
13.45 839
13.4667 838
13.4833 837
13.5 836
13.5167 836
13.5333 835
13.55 834
13.5667 833
13.5833 832
13.6 831
13.6167 830
13.6333 829
13.65 828
13.6667 827
13.6833 826
13.7 824
13.7167 823
13.7333 822
13.75 821
13.7667 820
13.7833 819
13.8 818
13.8167 816
13.8333 815
13.85 814
13.8667 812
13.8833 811
13.9 810
13.9167 809
13.9333 807
13.95 806
13.9667 804
13.9833 803
14.0 802
14.0167 800
14.0333 799
14.05 797
14.0667 796
14.0833 794
14.1 793
14.1167 791
14.1333 790
14.15 788
14.1667 786
14.1833 785
14.2 783
14.2167 782
14.2333 780
14.25 778
14.2667 777
14.2833 775
14.3 773
14.3167 771
14.3333 770
14.35 768
14.3667 766
14.3833 764
14.4 762
14.4167 761
14.4333 759
14.45 757
14.4667 755
14.4833 753
14.5 751
14.5167 749
14.5333 747
14.55 745
14.5667 743
14.5833 741
14.6 739
14.6167 737
14.6333 735
14.65 733
14.6667 731
14.6833 729
14.7 727
14.7167 724
14.7333 722
14.75 720
14.7667 718
14.7833 716
14.8 714
14.8167 711
14.8333 709
14.85 707
14.8667 704
14.8833 702
14.9 700
14.9167 698
14.9333 695
14.95 693
14.9667 691
14.9833 688
15.0 685
15.0167 683
15.0333 680
15.05 678
15.0667 675
15.0833 673
15.1 671
15.1167 668
15.1333 666
15.15 663
15.1667 660
15.1833 658
15.2 655
15.2167 653
15.2333 650
15.25 648
15.2667 645
15.2833 642
15.3 640
15.3167 637
15.3333 634
15.35 632
15.3667 629
15.3833 626
15.4 624
15.4167 621
15.4333 618
15.45 615
15.4667 613
15.4833 610
15.5 607
15.5167 604
15.5333 601
15.55 598
15.5667 596
15.5833 593
15.6 590
15.6167 587
15.6333 584
15.65 581
15.6667 578
15.6833 575
15.7 572
15.7167 570
15.7333 567
15.75 564
15.7667 561
15.7833 558
15.8 555
15.8167 552
15.8333 549
15.85 546
15.8667 543
15.8833 540
15.9 536
15.9167 533
15.9333 530
15.95 527
15.9667 524
15.9833 521
