9.0 436
9.0167 439
9.0333 442
9.05 446
9.0667 449
9.0833 452
9.1 455
9.1167 459
9.1333 462
9.15 465
9.1667 469
9.1833 472
9.2 475
9.2167 478
9.2333 482
9.25 485
9.2667 488
9.2833 491
9.3 494
9.3167 498
9.3333 501
9.35 504
9.3667 507
9.3833 510
9.4 514
9.4167 517
9.4333 520
9.45 523
9.4667 526
9.4833 529
9.5 532
9.5167 535
9.5333 538
9.55 542
9.5667 545
9.5833 548
9.6 551
9.6167 554
9.6333 557
9.65 560
9.6667 563
9.6833 566
9.7 569
9.7167 572
9.7333 575
9.75 578
9.7667 581
9.7833 584
9.8 587
9.8167 589
9.8333 592
9.85 595
9.8667 598
9.8833 601
9.9 604
9.9167 607
9.9333 610
9.95 612
9.9667 615
9.9833 618
10.0 621
10.0167 624
10.0333 626
10.05 629
10.0667 632
10.0833 635
10.1 637
10.1167 640
10.1333 643
10.15 645
10.1667 648
10.1833 651
10.2 653
10.2167 656
10.2333 658
10.25 661
10.2667 664
10.2833 666
10.3 669
10.3167 671
10.3333 674
10.35 676
10.3667 679
10.3833 681
10.4 684
10.4167 686
10.4333 689
10.45 691
10.4667 694
10.4833 696
10.5 698
10.5167 701
10.5333 703
10.55 705
10.5667 708
10.5833 710
10.6 712
10.6167 715
10.6333 717
10.65 719
10.6667 721
10.6833 724
10.7 726
10.7167 728
10.7333 730
10.75 732
10.7667 734
10.7833 737
10.8 739
10.8167 741
10.8333 743
10.85 745
10.8667 747
10.8833 749
10.9 751
10.9167 753
10.9333 755
10.95 757
10.9667 759
10.9833 761
11.0 763
11.0167 765
11.0333 766
11.05 768
11.0667 770
11.0833 772
11.1 774
11.1167 776
11.1333 777
11.15 779
11.1667 781
11.1833 783
11.2 784
11.2167 786
11.2333 788
11.25 789
11.2667 791
11.2833 793
11.3 794
11.3167 796
11.3333 798
11.35 799
11.3667 801
11.3833 802
11.4 804
11.4167 805
11.4333 807
11.45 808
11.4667 810
11.4833 811
11.5 812
11.5167 814
11.5333 815
11.55 817
11.5667 818
11.5833 819
11.6 820
11.6167 822
11.6333 823
11.65 824
11.6667 825
11.6833 827
11.7 828
11.7167 829
11.7333 830
11.75 831
11.7667 832
11.7833 834
11.8 835
11.8167 836
11.8333 837
11.85 838
11.8667 839
11.8833 840
11.9 841
11.9167 842
11.9333 843
11.95 844
11.9667 844
11.9833 845
12.0 846
12.0167 847
12.0333 848
12.05 849
12.0667 849
12.0833 850
12.1 851
12.1167 852
12.1333 852
12.15 853
12.1667 854
12.1833 854
12.2 855
12.2167 856
12.2333 856
12.25 857
12.2667 857
12.2833 858
12.3 858
12.3167 859
12.3333 859
12.35 860
12.3667 860
12.3833 861
12.4 861
12.4167 862
12.4333 862
12.45 862
12.4667 863
12.4833 863
12.5 863
12.5167 864
12.5333 864
12.55 864
12.5667 864
12.5833 864
12.6 865
12.6167 865
12.6333 865
12.65 865
12.6667 865
12.6833 865
12.7 865
12.7167 865
12.7333 865
12.75 865
12.7667 865
12.7833 865
12.8 865
12.8167 865
12.8333 865
12.85 865
12.8667 865
12.8833 865
12.9 865
12.9167 864
12.9333 864
12.95 864
12.9667 864
12.9833 864
13.0 863
13.0167 863
13.0333 863
13.05 862
13.0667 862
13.0833 862
13.1 861
13.1167 861
13.1333 860
13.15 860
13.1667 859
13.1833 859
13.2 858
13.2167 858
13.2333 857
13.25 857
13.2667 856
13.2833 856
13.3 855
13.3167 854
13.3333 854
13.35 853
13.3667 852
13.3833 852
13.4 851
13.4167 850
13.4333 849
13.45 849
13.4667 848
13.4833 847
13.5 846
13.5167 845
13.5333 844
13.55 843
13.5667 843
13.5833 842
13.6 841
13.6167 840
13.6333 839
13.65 838
13.6667 837
13.6833 836
13.7 835
13.7167 833
13.7333 832
13.75 831
13.7667 830
13.7833 829
13.8 828
13.8167 827
13.8333 825
13.85 824
13.8667 823
13.8833 822
13.9 820
13.9167 819
13.9333 818
13.95 816
13.9667 815
13.9833 814
14.0 812
14.0167 811
14.0333 809
14.05 808
14.0667 806
14.0833 805
14.1 804
14.1167 802
14.1333 800
14.15 799
14.1667 797
14.1833 796
14.2 794
14.2167 793
14.2333 791
14.25 789
14.2667 788
14.2833 786
14.3 784
14.3167 782
14.3333 781
14.35 779
14.3667 777
14.3833 775
14.4 774
14.4167 772
14.4333 770
14.45 768
14.4667 766
14.4833 764
14.5 762
14.5167 761
14.5333 759
14.55 757
14.5667 755
14.5833 753
14.6 751
14.6167 749
14.6333 747
14.65 745
14.6667 743
14.6833 740
14.7 738
14.7167 736
14.7333 734
14.75 732
14.7667 730
14.7833 728
14.8 725
14.8167 723
14.8333 721
14.85 719
14.8667 717
14.8833 714
14.9 712
14.9167 710
14.9333 707
14.95 705
14.9667 703
14.9833 700
15.0 697
15.0167 695
15.0333 693
15.05 690
15.0667 688
15.0833 685
15.1 683
15.1167 680
15.1333 678
15.15 675
15.1667 673
15.1833 670
15.2 668
15.2167 665
15.2333 663
15.25 660
15.2667 658
15.2833 655
15.3 652
15.3167 650
15.3333 647
15.35 644
15.3667 642
15.3833 639
15.4 636
15.4167 634
15.4333 631
15.45 628
15.4667 625
15.4833 623
15.5 620
15.5167 617
15.5333 614
15.55 611
15.5667 609
15.5833 606
15.6 603
15.6167 600
15.6333 597
15.65 594
15.6667 591
15.6833 589
15.7 586
15.7167 583
15.7333 580
15.75 577
15.7667 574
15.7833 571
15.8 568
15.8167 565
15.8333 562
15.85 559
15.8667 556
15.8833 553
15.9 550
15.9167 547
15.9333 544
15.95 541
15.9667 537
15.9833 534
