9.0 332
9.0167 334
9.0333 338
9.05 341
9.0667 344
9.0833 347
9.1 350
9.1167 353
9.1333 356
9.15 359
9.1667 362
9.1833 365
9.2 368
9.2167 372
9.2333 375
9.25 378
9.2667 381
9.2833 384
9.3 387
9.3167 390
9.3333 393
9.35 396
9.3667 399
9.3833 402
9.4 405
9.4167 408
9.4333 410
9.45 413
9.4667 416
9.4833 419
9.5 422
9.5167 425
9.5333 428
9.55 431
9.5667 434
9.5833 437
9.6 439
9.6167 442
9.6333 445
9.65 448
9.6667 451
9.6833 453
9.7 456
9.7167 459
9.7333 462
9.75 464
9.7667 467
9.7833 470
9.8 473
9.8167 475
9.8333 478
9.85 481
9.8667 483
9.8833 486
9.9 488
9.9167 491
9.9333 494
9.95 496
9.9667 499
9.9833 501
10.0 504
10.0167 506
10.0333 509
10.05 511
10.0667 514
10.0833 516
10.1 519
10.1167 521
10.1333 524
10.15 526
10.1667 529
10.1833 531
10.2 533
10.2167 536
10.2333 538
10.25 540
10.2667 543
10.2833 545
10.3 547
10.3167 550
10.3333 552
10.35 554
10.3667 556
10.3833 559
10.4 561
10.4167 563
10.4333 565
10.45 567
10.4667 569
10.4833 571
10.5 574
10.5167 576
10.5333 578
10.55 580
10.5667 582
10.5833 584
10.6 586
10.6167 588
10.6333 590
10.65 592
10.6667 594
10.6833 596
10.7 598
10.7167 599
10.7333 601
10.75 603
10.7667 605
10.7833 607
10.8 609
10.8167 610
10.8333 612
10.85 614
10.8667 616
10.8833 617
10.9 619
10.9167 621
10.9333 622
10.95 624
10.9667 626
10.9833 627
11.0 629
11.0167 631
11.0333 632
11.05 634
11.0667 635
11.0833 637
11.1 638
11.1167 640
11.1333 641
11.15 643
11.1667 644
11.1833 645
11.2 647
11.2167 648
11.2333 650
11.25 651
11.2667 652
11.2833 653
11.3 655
11.3167 656
11.3333 657
11.35 658
11.3667 660
11.3833 661
11.4 662
11.4167 663
11.4333 664
11.45 665
11.4667 667
11.4833 668
11.5 669
11.5167 670
11.5333 671
11.55 672
11.5667 673
11.5833 674
11.6 675
11.6167 676
11.6333 676
11.65 677
11.6667 678
11.6833 679
11.7 680
11.7167 681
11.7333 682
11.75 682
11.7667 683
11.7833 684
11.8 684
11.8167 685
11.8333 686
11.85 687
11.8667 687
11.8833 688
11.9 688
11.9167 689
11.9333 690
11.95 690
11.9667 691
11.9833 691
12.0 692
12.0167 692
12.0333 693
12.05 693
12.0667 693
12.0833 694
12.1 694
12.1167 694
12.1333 695
12.15 695
12.1667 695
12.1833 696
12.2 696
12.2167 696
12.2333 696
12.25 697
12.2667 697
12.2833 697
12.3 697
12.3167 697
12.3333 697
12.35 697
12.3667 697
12.3833 697
12.4 697
12.4167 697
12.4333 697
12.45 697
12.4667 697
12.4833 697
12.5 697
12.5167 697
12.5333 697
12.55 697
12.5667 697
12.5833 696
12.6 696
12.6167 696
12.6333 696
12.65 695
12.6667 695
12.6833 695
12.7 695
12.7167 694
12.7333 694
12.75 693
12.7667 693
12.7833 693
12.8 692
12.8167 692
12.8333 691
12.85 691
12.8667 690
12.8833 690
12.9 689
12.9167 689
12.9333 688
12.95 687
12.9667 687
12.9833 686
13.0 685
13.0167 685
13.0333 684
13.05 683
13.0667 682
13.0833 682
13.1 681
13.1167 680
13.1333 679
13.15 678
13.1667 678
13.1833 677
13.2 676
13.2167 675
13.2333 674
13.25 673
13.2667 672
13.2833 671
13.3 670
13.3167 669
13.3333 668
13.35 667
13.3667 666
13.3833 665
13.4 663
13.4167 662
13.4333 661
13.45 660
13.4667 659
13.4833 658
13.5 656
13.5167 655
13.5333 654
13.55 653
13.5667 651
13.5833 650
13.6 649
13.6167 647
13.6333 646
13.65 644
13.6667 643
13.6833 642
13.7 640
13.7167 639
13.7333 637
13.75 636
13.7667 634
13.7833 633
13.8 631
13.8167 629
13.8333 628
13.85 626
13.8667 625
13.8833 623
13.9 621
13.9167 620
13.9333 618
13.95 616
13.9667 614
13.9833 613
14.0 611
14.0167 609
14.0333 607
14.05 605
14.0667 604
14.0833 602
14.1 600
14.1167 598
14.1333 596
14.15 594
14.1667 592
14.1833 590
14.2 588
14.2167 586
14.2333 584
14.25 582
14.2667 580
14.2833 578
14.3 576
14.3167 574
14.3333 572
14.35 570
14.3667 568
14.3833 566
14.4 563
14.4167 561
14.4333 559
14.45 557
14.4667 555
14.4833 552
14.5 550
14.5167 548
14.5333 546
14.55 543
14.5667 541
14.5833 539
14.6 536
14.6167 534
14.6333 532
14.65 529
14.6667 527
14.6833 524
14.7 522
14.7167 519
14.7333 517
14.75 515
14.7667 512
14.7833 510
14.8 507
14.8167 505
14.8333 502
14.85 499
14.8667 497
14.8833 494
14.9 492
14.9167 489
14.9333 486
14.95 484
14.9667 481
14.9833 479
15.0 475
15.0167 472
15.0333 470
15.05 467
15.0667 464
15.0833 462
15.1 459
15.1167 456
15.1333 453
15.15 450
15.1667 448
15.1833 445
15.2 442
15.2167 439
15.2333 436
15.25 434
15.2667 431
15.2833 428
15.3 425
15.3167 422
15.3333 419
15.35 416
15.3667 413
15.3833 410
15.4 408
15.4167 405
15.4333 402
15.45 399
15.4667 396
15.4833 393
15.5 390
15.5167 387
15.5333 384
15.55 381
15.5667 378
15.5833 375
15.6 372
15.6167 368
15.6333 365
15.65 362
15.6667 359
15.6833 356
15.7 353
15.7167 350
15.7333 347
15.75 344
15.7667 341
15.7833 338
15.8 334
15.8167 331
15.8333 328
15.85 325
15.8667 322
15.8833 319
15.9 316
15.9167 312
15.9333 309
15.95 306
15.9667 303
15.9833 300
