9.0 480
9.0167 485
9.0333 488
9.05 492
9.0667 495
9.0833 499
9.1 502
9.1167 506
9.1333 509
9.15 512
9.1667 516
9.1833 519
9.2 523
9.2167 526
9.2333 530
9.25 533
9.2667 537
9.2833 540
9.3 543
9.3167 547
9.3333 550
9.35 553
9.3667 557
9.3833 560
9.4 563
9.4167 567
9.4333 570
9.45 573
9.4667 577
9.4833 580
9.5 583
9.5167 587
9.5333 590
9.55 593
9.5667 596
9.5833 599
9.6 603
9.6167 606
9.6333 609
9.65 612
9.6667 615
9.6833 619
9.7 622
9.7167 625
9.7333 628
9.75 631
9.7667 634
9.7833 637
9.8 640
9.8167 643
9.8333 646
9.85 649
9.8667 652
9.8833 655
9.9 658
9.9167 661
9.9333 664
9.95 667
9.9667 670
9.9833 673
10.0 676
10.0167 679
10.0333 682
10.05 685
10.0667 687
10.0833 690
10.1 693
10.1167 696
10.1333 699
10.15 701
10.1667 704
10.1833 707
10.2 710
10.2167 712
10.2333 715
10.25 718
10.2667 721
10.2833 723
10.3 726
10.3167 728
10.3333 731
10.35 734
10.3667 736
10.3833 739
10.4 741
10.4167 744
10.4333 747
10.45 749
10.4667 752
10.4833 754
10.5 756
10.5167 759
10.5333 761
10.55 764
10.5667 766
10.5833 769
10.6 771
10.6167 773
10.6333 776
10.65 778
10.6667 780
10.6833 783
10.7 785
10.7167 787
10.7333 789
10.75 792
10.7667 794
10.7833 796
10.8 798
10.8167 800
10.8333 802
10.85 804
10.8667 807
10.8833 809
10.9 811
10.9167 813
10.9333 815
10.95 817
10.9667 819
10.9833 821
11.0 823
11.0167 825
11.0333 827
11.05 829
11.0667 831
11.0833 832
11.1 834
11.1167 836
11.1333 838
11.15 840
11.1667 841
11.1833 843
11.2 845
11.2167 847
11.2333 848
11.25 850
11.2667 852
11.2833 854
11.3 855
11.3167 857
11.3333 858
11.35 860
11.3667 862
11.3833 863
11.4 865
11.4167 866
11.4333 868
11.45 869
11.4667 871
11.4833 872
11.5 873
11.5167 875
11.5333 876
11.55 878
11.5667 879
11.5833 880
11.6 882
11.6167 883
11.6333 884
11.65 885
11.6667 887
11.6833 888
11.7 889
11.7167 890
11.7333 891
11.75 893
11.7667 894
11.7833 895
11.8 896
11.8167 897
11.8333 898
11.85 899
11.8667 900
11.8833 901
11.9 902
11.9167 903
11.9333 904
11.95 905
11.9667 906
11.9833 906
12.0 907
12.0167 908
12.0333 909
12.05 910
12.0667 910
12.0833 911
12.1 912
12.1167 913
12.1333 913
12.15 914
12.1667 915
12.1833 915
12.2 916
12.2167 916
12.2333 917
12.25 918
12.2667 918
12.2833 919
12.3 919
12.3167 920
12.3333 920
12.35 920
12.3667 921
12.3833 921
12.4 922
12.4167 922
12.4333 922
12.45 923
12.4667 923
12.4833 923
12.5 923
12.5167 924
12.5333 924
12.55 924
12.5667 924
12.5833 924
12.6 925
12.6167 925
12.6333 925
12.65 925
12.6667 925
12.6833 925
12.7 925
12.7167 925
12.7333 925
12.75 925
12.7667 925
12.7833 925
12.8 925
12.8167 924
12.8333 924
12.85 924
12.8667 924
12.8833 924
12.9 924
12.9167 923
12.9333 923
12.95 923
12.9667 922
12.9833 922
13.0 922
13.0167 921
13.0333 921
13.05 921
13.0667 920
13.0833 920
13.1 919
13.1167 919
13.1333 918
13.15 918
13.1667 917
13.1833 917
13.2 916
13.2167 915
13.2333 915
13.25 914
13.2667 914
13.2833 913
13.3 912
13.3167 911
13.3333 911
13.35 910
13.3667 909
13.3833 908
13.4 907
13.4167 907
13.4333 906
13.45 905
13.4667 904
13.4833 903
13.5 902
13.5167 901
13.5333 900
13.55 899
13.5667 898
13.5833 897
13.6 896
13.6167 895
13.6333 894
13.65 893
13.6667 892
13.6833 891
13.7 889
13.7167 888
13.7333 887
13.75 886
13.7667 884
13.7833 883
13.8 882
13.8167 881
13.8333 879
13.85 878
13.8667 877
13.8833 875
13.9 874
13.9167 872
13.9333 871
13.95 870
13.9667 868
13.9833 867
14.0 865
14.0167 864
14.0333 862
14.05 860
14.0667 859
14.0833 857
14.1 856
14.1167 854
14.1333 852
14.15 851
14.1667 849
14.1833 847
14.2 845
14.2167 844
14.2333 842
14.25 840
14.2667 838
14.2833 837
14.3 835
14.3167 833
14.3333 831
14.35 829
14.3667 827
14.3833 825
14.4 823
14.4167 821
14.4333 819
14.45 817
14.4667 815
14.4833 813
14.5 811
14.5167 809
14.5333 807
14.55 805
14.5667 803
14.5833 801
14.6 799
14.6167 796
14.6333 794
14.65 792
14.6667 790
14.6833 788
14.7 785
14.7167 783
14.7333 781
14.75 779
14.7667 776
14.7833 774
14.8 772
14.8167 769
14.8333 767
14.85 764
14.8667 762
14.8833 760
14.9 757
14.9167 755
14.9333 752
14.95 750
14.9667 747
14.9833 745
15.0 742
15.0167 740
15.0333 737
15.05 735
15.0667 732
15.0833 730
15.1 727
15.1167 724
15.1333 722
15.15 719
15.1667 716
15.1833 714
15.2 711
15.2167 708
15.2333 705
15.25 703
15.2667 700
15.2833 697
15.3 694
15.3167 691
15.3333 689
15.35 686
15.3667 683
15.3833 680
15.4 677
15.4167 674
15.4333 671
15.45 668
15.4667 665
15.4833 662
15.5 659
15.5167 656
15.5333 653
15.55 650
15.5667 647
15.5833 644
15.6 641
15.6167 638
15.6333 635
15.65 632
15.6667 629
15.6833 626
15.7 623
15.7167 620
15.7333 617
15.75 613
15.7667 610
15.7833 607
15.8 604
15.8167 601
15.8333 597
15.85 594
15.8667 591
15.8833 588
15.9 584
15.9167 581
15.9333 578
15.95 575
15.9667 571
15.9833 568
