9.0 461
9.0167 465
9.0333 468
9.05 471
9.0667 474
9.0833 478
9.1 481
9.1167 484
9.1333 487
9.15 491
9.1667 494
9.1833 497
9.2 500
9.2167 503
9.2333 507
9.25 510
9.2667 513
9.2833 516
9.3 519
9.3167 522
9.3333 525
9.35 529
9.3667 532
9.3833 535
9.4 538
9.4167 541
9.4333 544
9.45 547
9.4667 550
9.4833 553
9.5 556
9.5167 559
9.5333 562
9.55 565
9.5667 568
9.5833 571
9.6 574
9.6167 577
9.6333 580
9.65 583
9.6667 586
9.6833 589
9.7 592
9.7167 595
9.7333 598
9.75 601
9.7667 604
9.7833 607
9.8 609
9.8167 612
9.8333 615
9.85 618
9.8667 621
9.8833 624
9.9 626
9.9167 629
9.9333 632
9.95 635
9.9667 637
9.9833 640
10.0 643
10.0167 645
10.0333 648
10.05 651
10.0667 653
10.0833 656
10.1 659
10.1167 661
10.1333 664
10.15 667
10.1667 669
10.1833 672
10.2 674
10.2167 677
10.2333 679
10.25 682
10.2667 684
10.2833 687
10.3 689
10.3167 692
10.3333 694
10.35 697
10.3667 699
10.3833 701
10.4 704
10.4167 706
10.4333 709
10.45 711
10.4667 713
10.4833 716
10.5 718
10.5167 720
10.5333 722
10.55 725
10.5667 727
10.5833 729
10.6 731
10.6167 734
10.6333 736
10.65 738
10.6667 740
10.6833 742
10.7 744
10.7167 746
10.7333 748
10.75 750
10.7667 753
10.7833 755
10.8 757
10.8167 759
10.8333 761
10.85 763
10.8667 765
10.8833 766
10.9 768
10.9167 770
10.9333 772
10.95 774
10.9667 776
10.9833 778
11.0 780
11.0167 781
11.0333 783
11.05 785
11.0667 787
11.0833 788
11.1 790
11.1167 792
11.1333 794
11.15 795
11.1667 797
11.1833 799
11.2 800
11.2167 802
11.2333 803
11.25 805
11.2667 806
11.2833 808
11.3 810
11.3167 811
11.3333 813
11.35 814
11.3667 815
11.3833 817
11.4 818
11.4167 820
11.4333 821
11.45 822
11.4667 824
11.4833 825
11.5 826
11.5167 828
11.5333 829
11.55 830
11.5667 831
11.5833 833
11.6 834
11.6167 835
11.6333 836
11.65 837
11.6667 838
11.6833 840
11.7 841
11.7167 842
11.7333 843
11.75 844
11.7667 845
11.7833 846
11.8 847
11.8167 848
11.8333 849
11.85 850
11.8667 851
11.8833 851
11.9 852
11.9167 853
11.9333 854
11.95 855
11.9667 856
11.9833 856
12.0 857
12.0167 858
12.0333 859
12.05 859
12.0667 860
12.0833 861
12.1 861
12.1167 862
12.1333 863
12.15 863
12.1667 864
12.1833 864
12.2 865
12.2167 865
12.2333 866
12.25 866
12.2667 867
12.2833 867
12.3 868
12.3167 868
12.3333 868
12.35 869
12.3667 869
12.3833 869
12.4 870
12.4167 870
12.4333 870
12.45 870
12.4667 871
12.4833 871
12.5 871
12.5167 871
12.5333 871
12.55 872
12.5667 872
12.5833 872
12.6 872
12.6167 872
12.6333 872
12.65 872
12.6667 872
12.6833 872
12.7 872
12.7167 872
12.7333 872
12.75 872
12.7667 872
12.7833 871
12.8 871
12.8167 871
12.8333 871
12.85 871
12.8667 870
12.8833 870
12.9 870
12.9167 870
12.9333 869
12.95 869
12.9667 869
12.9833 868
13.0 868
13.0167 868
13.0333 867
13.05 867
13.0667 866
13.0833 866
13.1 865
13.1167 865
13.1333 864
13.15 864
13.1667 863
13.1833 863
13.2 862
13.2167 861
13.2333 861
13.25 860
13.2667 859
13.2833 859
13.3 858
13.3167 857
13.3333 856
13.35 856
13.3667 855
13.3833 854
13.4 853
13.4167 852
13.4333 851
13.45 851
13.4667 850
13.4833 849
13.5 848
13.5167 847
13.5333 846
13.55 845
13.5667 844
13.5833 843
13.6 842
13.6167 841
13.6333 840
13.65 838
13.6667 837
13.6833 836
13.7 835
13.7167 834
13.7333 833
13.75 831
13.7667 830
13.7833 829
13.8 828
13.8167 826
13.8333 825
13.85 824
13.8667 822
13.8833 821
13.9 820
13.9167 818
13.9333 817
13.95 815
13.9667 814
13.9833 812
14.0 811
14.0167 809
14.0333 808
14.05 806
14.0667 805
14.0833 803
14.1 802
14.1167 800
14.1333 799
14.15 797
14.1667 795
14.1833 794
14.2 792
14.2167 790
14.2333 788
14.25 787
14.2667 785
14.2833 783
14.3 781
14.3167 780
14.3333 778
14.35 776
14.3667 774
14.3833 772
14.4 770
14.4167 768
14.4333 766
14.45 764
14.4667 763
14.4833 761
14.5 759
14.5167 757
14.5333 755
14.55 753
14.5667 750
14.5833 748
14.6 746
14.6167 744
14.6333 742
14.65 740
14.6667 738
14.6833 736
14.7 733
14.7167 731
14.7333 729
14.75 727
14.7667 725
14.7833 722
14.8 720
14.8167 718
14.8333 716
14.85 713
14.8667 711
14.8833 709
14.9 706
14.9167 704
14.9333 701
14.95 699
14.9667 697
14.9833 694
15.0 692
15.0167 689
15.0333 687
15.05 685
15.0667 682
15.0833 680
15.1 677
15.1167 674
15.1333 672
15.15 669
15.1667 667
15.1833 664
15.2 662
15.2167 659
15.2333 656
15.25 654
15.2667 651
15.2833 648
15.3 646
15.3167 643
15.3333 640
15.35 638
15.3667 635
15.3833 632
15.4 629
15.4167 626
15.4333 624
15.45 621
15.4667 618
15.4833 615
15.5 612
15.5167 610
15.5333 607
15.55 604
15.5667 601
15.5833 598
15.6 595
15.6167 592
15.6333 589
15.65 586
15.6667 584
15.6833 581
15.7 578
15.7167 575
15.7333 572
15.75 569
15.7667 566
15.7833 563
15.8 560
15.8167 557
15.8333 554
15.85 550
15.8667 547
15.8833 544
15.9 541
15.9167 538
15.9333 535
15.95 532
15.9667 529
15.9833 526
