9.0 454
9.0167 457
9.0333 460
9.05 463
9.0667 467
9.0833 470
9.1 473
9.1167 477
9.1333 480
9.15 483
9.1667 486
9.1833 490
9.2 493
9.2167 496
9.2333 500
9.25 503
9.2667 506
9.2833 509
9.3 512
9.3167 516
9.3333 519
9.35 522
9.3667 525
9.3833 528
9.4 532
9.4167 535
9.4333 538
9.45 541
9.4667 544
9.4833 547
9.5 550
9.5167 553
9.5333 557
9.55 560
9.5667 563
9.5833 566
9.6 569
9.6167 572
9.6333 575
9.65 578
9.6667 581
9.6833 584
9.7 587
9.7167 590
9.7333 593
9.75 596
9.7667 599
9.7833 602
9.8 605
9.8167 608
9.8333 611
9.85 613
9.8667 616
9.8833 619
9.9 622
9.9167 625
9.9333 628
9.95 631
9.9667 633
9.9833 636
10.0 639
10.0167 642
10.0333 645
10.05 647
10.0667 650
10.0833 653
10.1 655
10.1167 658
10.1333 661
10.15 664
10.1667 666
10.1833 669
10.2 672
10.2167 674
10.2333 677
10.25 679
10.2667 682
10.2833 685
10.3 687
10.3167 690
10.3333 692
10.35 695
10.3667 697
10.3833 700
10.4 702
10.4167 705
10.4333 707
10.45 710
10.4667 712
10.4833 714
10.5 717
10.5167 719
10.5333 721
10.55 724
10.5667 726
10.5833 728
10.6 731
10.6167 733
10.6333 735
10.65 738
10.6667 740
10.6833 742
10.7 744
10.7167 747
10.7333 749
10.75 751
10.7667 753
10.7833 755
10.8 757
10.8167 759
10.8333 761
10.85 764
10.8667 766
10.8833 768
10.9 770
10.9167 772
10.9333 774
10.95 776
10.9667 778
10.9833 780
11.0 782
11.0167 783
11.0333 785
11.05 787
11.0667 789
11.0833 791
11.1 793
11.1167 795
11.1333 796
11.15 798
11.1667 800
11.1833 802
11.2 803
11.2167 805
11.2333 807
11.25 809
11.2667 810
11.2833 812
11.3 814
11.3167 815
11.3333 817
11.35 818
11.3667 820
11.3833 821
11.4 823
11.4167 825
11.4333 826
11.45 827
11.4667 829
11.4833 830
11.5 832
11.5167 833
11.5333 835
11.55 836
11.5667 837
11.5833 839
11.6 840
11.6167 841
11.6333 843
11.65 844
11.6667 845
11.6833 846
11.7 848
11.7167 849
11.7333 850
11.75 851
11.7667 852
11.7833 853
11.8 855
11.8167 856
11.8333 857
11.85 858
11.8667 859
11.8833 860
11.9 861
11.9167 862
11.9333 863
11.95 864
11.9667 865
11.9833 866
12.0 866
12.0167 867
12.0333 868
12.05 869
12.0667 870
12.0833 871
12.1 871
12.1167 872
12.1333 873
12.15 874
12.1667 874
12.1833 875
12.2 876
12.2167 876
12.2333 877
12.25 878
12.2667 878
12.2833 879
12.3 879
12.3167 880
12.3333 880
12.35 881
12.3667 881
12.3833 882
12.4 882
12.4167 883
12.4333 883
12.45 883
12.4667 884
12.4833 884
12.5 885
12.5167 885
12.5333 885
12.55 885
12.5667 886
12.5833 886
12.6 886
12.6167 886
12.6333 886
12.65 887
12.6667 887
12.6833 887
12.7 887
12.7167 887
12.7333 887
12.75 887
12.7667 887
12.7833 887
12.8 887
12.8167 887
12.8333 887
12.85 887
12.8667 887
12.8833 887
12.9 887
12.9167 887
12.9333 887
12.95 886
12.9667 886
12.9833 886
13.0 886
13.0167 885
13.0333 885
13.05 885
13.0667 885
13.0833 884
13.1 884
13.1167 884
13.1333 883
13.15 883
13.1667 882
13.1833 882
13.2 881
13.2167 881
13.2333 880
13.25 880
13.2667 879
13.2833 879
13.3 878
13.3167 878
13.3333 877
13.35 876
13.3667 876
13.3833 875
13.4 874
13.4167 874
13.4333 873
13.45 872
13.4667 871
13.4833 871
13.5 870
13.5167 869
13.5333 868
13.55 867
13.5667 867
13.5833 866
13.6 865
13.6167 864
13.6333 863
13.65 862
13.6667 861
13.6833 860
13.7 859
13.7167 858
13.7333 857
13.75 856
13.7667 855
13.7833 854
13.8 852
13.8167 851
13.8333 850
13.85 849
13.8667 848
13.8833 847
13.9 845
13.9167 844
13.9333 843
13.95 841
13.9667 840
13.9833 839
14.0 838
14.0167 836
14.0333 835
14.05 833
14.0667 832
14.0833 831
14.1 829
14.1167 828
14.1333 826
14.15 825
14.1667 823
14.1833 822
14.2 820
14.2167 819
14.2333 817
14.25 815
14.2667 814
14.2833 812
14.3 810
14.3167 809
14.3333 807
14.35 805
14.3667 804
14.3833 802
14.4 800
14.4167 798
14.4333 797
14.45 795
14.4667 793
14.4833 791
14.5 789
14.5167 787
14.5333 786
14.55 784
14.5667 782
14.5833 780
14.6 778
14.6167 776
14.6333 774
14.65 772
14.6667 770
14.6833 768
14.7 766
14.7167 764
14.7333 762
14.75 760
14.7667 758
14.7833 755
14.8 753
14.8167 751
14.8333 749
14.85 747
14.8667 745
14.8833 742
14.9 740
14.9167 738
14.9333 736
14.95 733
14.9667 731
14.9833 729
15.0 726
15.0167 724
15.0333 721
15.05 719
15.0667 717
15.0833 714
15.1 712
15.1167 709
15.1333 707
15.15 705
15.1667 702
15.1833 700
15.2 697
15.2167 695
15.2333 692
15.25 690
15.2667 687
15.2833 684
15.3 682
15.3167 679
15.3333 677
15.35 674
15.3667 671
15.3833 669
15.4 666
15.4167 663
15.4333 661
15.45 658
15.4667 655
15.4833 653
15.5 650
15.5167 647
15.5333 644
15.55 642
15.5667 639
15.5833 636
15.6 633
15.6167 631
15.6333 628
15.65 625
15.6667 622
15.6833 619
15.7 616
15.7167 613
15.7333 610
15.75 608
15.7667 605
15.7833 602
15.8 599
15.8167 596
15.8333 593
15.85 590
15.8667 587
15.8833 584
15.9 581
15.9167 578
15.9333 575
15.95 572
15.9667 569
15.9833 566
