9.0 410
9.0167 413
9.0333 416
9.05 419
9.0667 423
9.0833 426
9.1 429
9.1167 432
9.1333 436
9.15 439
9.1667 442
9.1833 445
9.2 448
9.2167 452
9.2333 455
9.25 458
9.2667 461
9.2833 464
9.3 467
9.3167 471
9.3333 474
9.35 477
9.3667 480
9.3833 483
9.4 486
9.4167 489
9.4333 492
9.45 495
9.4667 499
9.4833 502
9.5 505
9.5167 508
9.5333 511
9.55 514
9.5667 517
9.5833 520
9.6 523
9.6167 526
9.6333 529
9.65 532
9.6667 535
9.6833 538
9.7 540
9.7167 543
9.7333 546
9.75 549
9.7667 552
9.7833 555
9.8 558
9.8167 561
9.8333 564
9.85 566
9.8667 569
9.8833 572
9.9 575
9.9167 578
9.9333 580
9.95 583
9.9667 586
9.9833 589
10.0 591
10.0167 594
10.0333 597
10.05 599
10.0667 602
10.0833 605
10.1 607
10.1167 610
10.1333 613
10.15 615
10.1667 618
10.1833 620
10.2 623
10.2167 626
10.2333 628
10.25 631
10.2667 633
10.2833 636
10.3 638
10.3167 641
10.3333 643
10.35 645
10.3667 648
10.3833 650
10.4 653
10.4167 655
10.4333 657
10.45 660
10.4667 662
10.4833 664
10.5 667
10.5167 669
10.5333 671
10.55 674
10.5667 676
10.5833 678
10.6 680
10.6167 683
10.6333 685
10.65 687
10.6667 689
10.6833 691
10.7 693
10.7167 695
10.7333 697
10.75 700
10.7667 702
10.7833 704
10.8 706
10.8167 708
10.8333 710
10.85 712
10.8667 714
10.8833 716
10.9 718
10.9167 719
10.9333 721
10.95 723
10.9667 725
10.9833 727
11.0 729
11.0167 731
11.0333 732
11.05 734
11.0667 736
11.0833 738
11.1 739
11.1167 741
11.1333 743
11.15 745
11.1667 746
11.1833 748
11.2 749
11.2167 751
11.2333 753
11.25 754
11.2667 756
11.2833 757
11.3 759
11.3167 760
11.3333 762
11.35 763
11.3667 765
11.3833 766
11.4 768
11.4167 769
11.4333 770
11.45 772
11.4667 773
11.4833 774
11.5 776
11.5167 777
11.5333 778
11.55 780
11.5667 781
11.5833 782
11.6 783
11.6167 784
11.6333 786
11.65 787
11.6667 788
11.6833 789
11.7 790
11.7167 791
11.7333 792
11.75 793
11.7667 794
11.7833 795
11.8 796
11.8167 797
11.8333 798
11.85 799
11.8667 800
11.8833 801
11.9 802
11.9167 802
11.9333 803
11.95 804
11.9667 805
11.9833 806
12.0 806
12.0167 807
12.0333 808
12.05 809
12.0667 809
12.0833 810
12.1 811
12.1167 811
12.1333 812
12.15 812
12.1667 813
12.1833 813
12.2 814
12.2167 814
12.2333 815
12.25 815
12.2667 816
12.2833 816
12.3 817
12.3167 817
12.3333 817
12.35 818
12.3667 818
12.3833 818
12.4 819
12.4167 819
12.4333 819
12.45 820
12.4667 820
12.4833 820
12.5 820
12.5167 820
12.5333 820
12.55 821
12.5667 821
12.5833 821
12.6 821
12.6167 821
12.6333 821
12.65 821
12.6667 821
12.6833 821
12.7 821
12.7167 821
12.7333 821
12.75 820
12.7667 820
12.7833 820
12.8 820
12.8167 820
12.8333 820
12.85 819
12.8667 819
12.8833 819
12.9 819
12.9167 818
12.9333 818
12.95 818
12.9667 817
12.9833 817
13.0 816
13.0167 816
13.0333 816
13.05 815
13.0667 815
13.0833 814
13.1 814
13.1167 813
13.1333 813
13.15 812
13.1667 811
13.1833 811
13.2 810
13.2167 809
13.2333 809
13.25 808
13.2667 807
13.2833 807
13.3 806
13.3167 805
13.3333 804
13.35 804
13.3667 803
13.3833 802
13.4 801
13.4167 800
13.4333 799
13.45 798
13.4667 797
13.4833 797
13.5 796
13.5167 795
13.5333 794
13.55 792
13.5667 791
13.5833 790
13.6 789
13.6167 788
13.6333 787
13.65 786
13.6667 785
13.6833 784
13.7 782
13.7167 781
13.7333 780
13.75 779
13.7667 777
13.7833 776
13.8 775
13.8167 774
13.8333 772
13.85 771
13.8667 769
13.8833 768
13.9 767
13.9167 765
13.9333 764
13.95 762
13.9667 761
13.9833 759
14.0 758
14.0167 756
14.0333 755
14.05 753
14.0667 752
14.0833 750
14.1 748
14.1167 747
14.1333 745
14.15 743
14.1667 742
14.1833 740
14.2 738
14.2167 737
14.2333 735
14.25 733
14.2667 731
14.2833 729
14.3 728
14.3167 726
14.3333 724
14.35 722
14.3667 720
14.3833 718
14.4 716
14.4167 714
14.4333 712
14.45 710
14.4667 708
14.4833 706
14.5 704
14.5167 702
14.5333 700
14.55 698
14.5667 696
14.5833 694
14.6 692
14.6167 690
14.6333 688
14.65 685
14.6667 683
14.6833 681
14.7 679
14.7167 677
14.7333 674
14.75 672
14.7667 670
14.7833 668
14.8 665
14.8167 663
14.8333 661
14.85 658
14.8667 656
14.8833 653
14.9 651
14.9167 649
14.9333 646
14.95 644
14.9667 641
14.9833 639
15.0 636
15.0167 633
15.0333 631
15.05 628
15.0667 626
15.0833 623
15.1 620
15.1167 618
15.1333 615
15.15 613
15.1667 610
15.1833 607
15.2 605
15.2167 602
15.2333 599
15.25 597
15.2667 594
15.2833 591
15.3 589
15.3167 586
15.3333 583
15.35 580
15.3667 578
15.3833 575
15.4 572
15.4167 569
15.4333 567
15.45 564
15.4667 561
15.4833 558
15.5 555
15.5167 552
15.5333 549
15.55 546
15.5667 544
15.5833 541
15.6 538
15.6167 535
15.6333 532
15.65 529
15.6667 526
15.6833 523
15.7 520
15.7167 517
15.7333 514
15.75 511
15.7667 508
15.7833 505
15.8 502
15.8167 499
15.8333 496
15.85 493
15.8667 489
15.8833 486
15.9 483
15.9167 480
15.9333 477
15.95 474
15.9667 471
15.9833 468
