9.0 385
9.0167 389
9.0333 393
9.05 396
9.0667 399
9.0833 403
9.1 406
9.1167 410
9.1333 413
9.15 416
9.1667 420
9.1833 423
9.2 426
9.2167 430
9.2333 433
9.25 437
9.2667 440
9.2833 443
9.3 446
9.3167 450
9.3333 453
9.35 456
9.3667 460
9.3833 463
9.4 466
9.4167 470
9.4333 473
9.45 476
9.4667 479
9.4833 483
9.5 486
9.5167 489
9.5333 492
9.55 495
9.5667 499
9.5833 502
9.6 505
9.6167 508
9.6333 511
9.65 514
9.6667 518
9.6833 521
9.7 524
9.7167 527
9.7333 530
9.75 533
9.7667 536
9.7833 539
9.8 542
9.8167 545
9.8333 548
9.85 551
9.8667 554
9.8833 557
9.9 560
9.9167 563
9.9333 566
9.95 569
9.9667 572
9.9833 575
10.0 578
10.0167 581
10.0333 584
10.05 587
10.0667 590
10.0833 592
10.1 595
10.1167 598
10.1333 601
10.15 604
10.1667 606
10.1833 609
10.2 612
10.2167 615
10.2333 617
10.25 620
10.2667 623
10.2833 626
10.3 628
10.3167 631
10.3333 634
10.35 636
10.3667 639
10.3833 641
10.4 644
10.4167 647
10.4333 649
10.45 652
10.4667 654
10.4833 657
10.5 659
10.5167 662
10.5333 664
10.55 667
10.5667 669
10.5833 672
10.6 674
10.6167 676
10.6333 679
10.65 681
10.6667 683
10.6833 686
10.7 688
10.7167 690
10.7333 693
10.75 695
10.7667 697
10.7833 700
10.8 702
10.8167 704
10.8333 706
10.85 708
10.8667 710
10.8833 713
10.9 715
10.9167 717
10.9333 719
10.95 721
10.9667 723
10.9833 725
11.0 727
11.0167 729
11.0333 731
11.05 733
11.0667 735
11.0833 737
11.1 739
11.1167 741
11.1333 743
11.15 745
11.1667 746
11.1833 748
11.2 750
11.2167 752
11.2333 754
11.25 755
11.2667 757
11.2833 759
11.3 761
11.3167 762
11.3333 764
11.35 766
11.3667 767
11.3833 769
11.4 771
11.4167 772
11.4333 774
11.45 775
11.4667 777
11.4833 778
11.5 780
11.5167 781
11.5333 783
11.55 784
11.5667 786
11.5833 787
11.6 788
11.6167 790
11.6333 791
11.65 792
11.6667 794
11.6833 795
11.7 796
11.7167 798
11.7333 799
11.75 800
11.7667 801
11.7833 802
11.8 804
11.8167 805
11.8333 806
11.85 807
11.8667 808
11.8833 809
11.9 810
11.9167 811
11.9333 812
11.95 813
11.9667 814
11.9833 815
12.0 816
12.0167 817
12.0333 818
12.05 819
12.0667 819
12.0833 820
12.1 821
12.1167 822
12.1333 823
12.15 823
12.1667 824
12.1833 825
12.2 826
12.2167 826
12.2333 827
12.25 827
12.2667 828
12.2833 829
12.3 829
12.3167 830
12.3333 830
12.35 831
12.3667 831
12.3833 832
12.4 832
12.4167 833
12.4333 833
12.45 834
12.4667 834
12.4833 834
12.5 835
12.5167 835
12.5333 835
12.55 836
12.5667 836
12.5833 836
12.6 836
12.6167 836
12.6333 837
12.65 837
12.6667 837
12.6833 837
12.7 837
12.7167 837
12.7333 837
12.75 837
12.7667 837
12.7833 837
12.8 837
12.8167 837
12.8333 837
12.85 837
12.8667 837
12.8833 837
12.9 837
12.9167 837
12.9333 836
12.95 836
12.9667 836
12.9833 836
13.0 835
13.0167 835
13.0333 835
13.05 835
13.0667 834
13.0833 834
13.1 833
13.1167 833
13.1333 833
13.15 832
13.1667 832
13.1833 831
13.2 831
13.2167 830
13.2333 830
13.25 829
13.2667 829
13.2833 828
13.3 827
13.3167 827
13.3333 826
13.35 825
13.3667 825
13.3833 824
13.4 823
13.4167 823
13.4333 822
13.45 821
13.4667 820
13.4833 819
13.5 818
13.5167 818
13.5333 817
13.55 816
13.5667 815
13.5833 814
13.6 813
13.6167 812
13.6333 811
13.65 810
13.6667 809
13.6833 808
13.7 807
13.7167 806
13.7333 805
13.75 803
13.7667 802
13.7833 801
13.8 800
13.8167 799
13.8333 797
13.85 796
13.8667 795
13.8833 794
13.9 792
13.9167 791
13.9333 790
13.95 788
13.9667 787
13.9833 785
14.0 784
14.0167 783
14.0333 781
14.05 780
14.0667 778
14.0833 777
14.1 775
14.1167 774
14.1333 772
14.15 770
14.1667 769
14.1833 767
14.2 765
14.2167 764
14.2333 762
14.25 760
14.2667 759
14.2833 757
14.3 755
14.3167 753
14.3333 752
14.35 750
14.3667 748
14.3833 746
14.4 744
14.4167 743
14.4333 741
14.45 739
14.4667 737
14.4833 735
14.5 733
14.5167 731
14.5333 729
14.55 727
14.5667 725
14.5833 723
14.6 721
14.6167 719
14.6333 717
14.65 714
14.6667 712
14.6833 710
14.7 708
14.7167 706
14.7333 704
14.75 701
14.7667 699
14.7833 697
14.8 695
14.8167 692
14.8333 690
14.85 688
14.8667 686
14.8833 683
14.9 681
14.9167 678
14.9333 676
14.95 674
14.9667 671
14.9833 669
15.0 667
15.0167 664
15.0333 662
15.05 659
15.0667 657
15.0833 654
15.1 652
15.1167 649
15.1333 647
15.15 644
15.1667 642
15.1833 639
15.2 636
15.2167 634
15.2333 631
15.25 628
15.2667 626
15.2833 623
15.3 620
15.3167 618
15.3333 615
15.35 612
15.3667 609
15.3833 607
15.4 604
15.4167 601
15.4333 598
15.45 595
15.4667 593
15.4833 590
15.5 587
15.5167 584
15.5333 581
15.55 578
15.5667 575
15.5833 572
15.6 569
15.6167 566
15.6333 563
15.65 560
15.6667 557
15.6833 555
15.7 551
15.7167 548
15.7333 545
15.75 542
15.7667 539
15.7833 536
15.8 533
15.8167 530
15.8333 527
15.85 524
15.8667 521
15.8833 518
15.9 515
15.9167 511
15.9333 508
15.95 505
15.9667 502
15.9833 499
