9.0 521
9.0167 524
9.0333 528
9.05 531
9.0667 534
9.0833 537
9.1 540
9.1167 544
9.1333 547
9.15 550
9.1667 553
9.1833 556
9.2 559
9.2167 562
9.2333 566
9.25 569
9.2667 572
9.2833 575
9.3 578
9.3167 581
9.3333 584
9.35 587
9.3667 590
9.3833 593
9.4 596
9.4167 599
9.4333 602
9.45 605
9.4667 608
9.4833 611
9.5 614
9.5167 617
9.5333 620
9.55 623
9.5667 626
9.5833 629
9.6 632
9.6167 635
9.6333 638
9.65 640
9.6667 643
9.6833 646
9.7 649
9.7167 652
9.7333 655
9.75 657
9.7667 660
9.7833 663
9.8 666
9.8167 669
9.8333 671
9.85 674
9.8667 677
9.8833 679
9.9 682
9.9167 685
9.9333 688
9.95 690
9.9667 693
9.9833 696
10.0 698
10.0167 701
10.0333 703
10.05 706
10.0667 709
10.0833 711
10.1 714
10.1167 716
10.1333 719
10.15 721
10.1667 724
10.1833 726
10.2 729
10.2167 731
10.2333 734
10.25 736
10.2667 739
10.2833 741
10.3 743
10.3167 746
10.3333 748
10.35 751
10.3667 753
10.3833 755
10.4 758
10.4167 760
10.4333 762
10.45 764
10.4667 767
10.4833 769
10.5 771
10.5167 773
10.5333 776
10.55 778
10.5667 780
10.5833 782
10.6 784
10.6167 786
10.6333 788
10.65 791
10.6667 793
10.6833 795
10.7 797
10.7167 799
10.7333 801
10.75 803
10.7667 805
10.7833 807
10.8 809
10.8167 811
10.8333 813
10.85 815
10.8667 817
10.8833 818
10.9 820
10.9167 822
10.9333 824
10.95 826
10.9667 828
10.9833 829
11.0 831
11.0167 833
11.0333 835
11.05 836
11.0667 838
11.0833 840
11.1 842
11.1167 843
11.1333 845
11.15 847
11.1667 848
11.1833 850
11.2 851
11.2167 853
11.2333 854
11.25 856
11.2667 858
11.2833 859
11.3 861
11.3167 862
11.3333 863
11.35 865
11.3667 866
11.3833 868
11.4 869
11.4167 871
11.4333 872
11.45 873
11.4667 875
11.4833 876
11.5 877
11.5167 878
11.5333 880
11.55 881
11.5667 882
11.5833 883
11.6 885
11.6167 886
11.6333 887
11.65 888
11.6667 889
11.6833 890
11.7 891
11.7167 892
11.7333 893
11.75 894
11.7667 895
11.7833 896
11.8 897
11.8167 898
11.8333 899
11.85 900
11.8667 901
11.8833 902
11.9 903
11.9167 904
11.9333 905
11.95 905
11.9667 906
11.9833 907
12.0 908
12.0167 909
12.0333 909
12.05 910
12.0667 911
12.0833 911
12.1 912
12.1167 913
12.1333 913
12.15 914
12.1667 915
12.1833 915
12.2 916
12.2167 916
12.2333 917
12.25 917
12.2667 918
12.2833 918
12.3 919
12.3167 919
12.3333 919
12.35 920
12.3667 920
12.3833 921
12.4 921
12.4167 921
12.4333 922
12.45 922
12.4667 922
12.4833 922
12.5 923
12.5167 923
12.5333 923
12.55 923
12.5667 923
12.5833 924
12.6 924
12.6167 924
12.6333 924
12.65 924
12.6667 924
12.6833 924
12.7 924
12.7167 924
12.7333 924
12.75 924
12.7667 924
12.7833 924
12.8 924
12.8167 924
12.8333 923
12.85 923
12.8667 923
12.8833 923
12.9 923
12.9167 923
12.9333 922
12.95 922
12.9667 922
12.9833 921
13.0 921
13.0167 921
13.0333 920
13.05 920
13.0667 920
13.0833 919
13.1 919
13.1167 918
13.1333 918
13.15 918
13.1667 917
13.1833 917
13.2 916
13.2167 915
13.2333 915
13.25 914
13.2667 914
13.2833 913
13.3 912
13.3167 912
13.3333 911
13.35 910
13.3667 910
13.3833 909
13.4 908
13.4167 907
13.4333 907
13.45 906
13.4667 905
13.4833 904
13.5 903
13.5167 903
13.5333 902
13.55 901
13.5667 900
13.5833 899
13.6 898
13.6167 897
13.6333 896
13.65 895
13.6667 894
13.6833 893
13.7 892
13.7167 891
13.7333 890
13.75 889
13.7667 887
13.7833 886
13.8 885
13.8167 884
13.8333 883
13.85 882
13.8667 880
13.8833 879
13.9 878
13.9167 877
13.9333 875
13.95 874
13.9667 873
13.9833 871
14.0 870
14.0167 869
14.0333 867
14.05 866
14.0667 864
14.0833 863
14.1 861
14.1167 860
14.1333 858
14.15 857
14.1667 855
14.1833 854
14.2 852
14.2167 851
14.2333 849
14.25 847
14.2667 846
14.2833 844
14.3 843
14.3167 841
14.3333 839
14.35 837
14.3667 836
14.3833 834
14.4 832
14.4167 830
14.4333 829
14.45 827
14.4667 825
14.4833 823
14.5 821
14.5167 820
14.5333 818
14.55 816
14.5667 814
14.5833 812
14.6 810
14.6167 808
14.6333 806
14.65 804
14.6667 802
14.6833 800
14.7 798
14.7167 796
14.7333 794
14.75 792
14.7667 790
14.7833 788
14.8 785
14.8167 783
14.8333 781
14.85 779
14.8667 777
14.8833 775
14.9 772
14.9167 770
14.9333 768
14.95 766
14.9667 763
14.9833 761
15.0 759
15.0167 757
15.0333 754
15.05 752
15.0667 750
15.0833 747
15.1 745
15.1167 743
15.1333 740
15.15 738
15.1667 735
15.1833 733
15.2 730
15.2167 728
15.2333 725
15.25 723
15.2667 720
15.2833 718
15.3 715
15.3167 713
15.3333 710
15.35 708
15.3667 705
15.3833 702
15.4 700
15.4167 697
15.4333 695
15.45 692
15.4667 689
15.4833 687
15.5 684
15.5167 681
15.5333 678
15.55 676
15.5667 673
15.5833 670
15.6 668
15.6167 665
15.6333 662
15.65 659
15.6667 656
15.6833 654
15.7 651
15.7167 648
15.7333 645
15.75 642
15.7667 639
15.7833 636
15.8 634
15.8167 631
15.8333 628
15.85 625
15.8667 622
15.8833 619
15.9 616
15.9167 613
15.9333 610
15.95 607
15.9667 604
15.9833 601
