9.0 525
9.0167 528
9.0333 532
9.05 535
9.0667 538
9.0833 541
9.1 544
9.1167 548
9.1333 551
9.15 554
9.1667 557
9.1833 560
9.2 563
9.2167 566
9.2333 570
9.25 573
9.2667 576
9.2833 579
9.3 582
9.3167 585
9.3333 588
9.35 591
9.3667 594
9.3833 597
9.4 600
9.4167 603
9.4333 606
9.45 609
9.4667 612
9.4833 615
9.5 618
9.5167 621
9.5333 624
9.55 627
9.5667 630
9.5833 633
9.6 636
9.6167 639
9.6333 642
9.65 645
9.6667 647
9.6833 650
9.7 653
9.7167 656
9.7333 659
9.75 662
9.7667 664
9.7833 667
9.8 670
9.8167 673
9.8333 675
9.85 678
9.8667 681
9.8833 684
9.9 686
9.9167 689
9.9333 692
9.95 694
9.9667 697
9.9833 700
10.0 702
10.0167 705
10.0333 707
10.05 710
10.0667 713
10.0833 715
10.1 718
10.1167 720
10.1333 723
10.15 725
10.1667 728
10.1833 730
10.2 733
10.2167 735
10.2333 738
10.25 740
10.2667 743
10.2833 745
10.3 747
10.3167 750
10.3333 752
10.35 754
10.3667 757
10.3833 759
10.4 761
10.4167 764
10.4333 766
10.45 768
10.4667 770
10.4833 773
10.5 775
10.5167 777
10.5333 779
10.55 782
10.5667 784
10.5833 786
10.6 788
10.6167 790
10.6333 792
10.65 794
10.6667 796
10.6833 798
10.7 800
10.7167 802
10.7333 804
10.75 807
10.7667 808
10.7833 810
10.8 812
10.8167 814
10.8333 816
10.85 818
10.8667 820
10.8833 822
10.9 824
10.9167 826
10.9333 827
10.95 829
10.9667 831
10.9833 833
11.0 835
11.0167 836
11.0333 838
11.05 840
11.0667 842
11.0833 843
11.1 845
11.1167 847
11.1333 848
11.15 850
11.1667 851
11.1833 853
11.2 855
11.2167 856
11.2333 858
11.25 859
11.2667 861
11.2833 862
11.3 864
11.3167 865
11.3333 867
11.35 868
11.3667 869
11.3833 871
11.4 872
11.4167 873
11.4333 875
11.45 876
11.4667 877
11.4833 879
11.5 880
11.5167 881
11.5333 882
11.55 884
11.5667 885
11.5833 886
11.6 887
11.6167 888
11.6333 890
11.65 891
11.6667 892
11.6833 893
11.7 894
11.7167 895
11.7333 896
11.75 897
11.7667 898
11.7833 899
11.8 900
11.8167 901
11.8333 902
11.85 903
11.8667 904
11.8833 904
11.9 905
11.9167 906
11.9333 907
11.95 908
11.9667 909
11.9833 909
12.0 910
12.0167 911
12.0333 911
12.05 912
12.0667 913
12.0833 913
12.1 914
12.1167 915
12.1333 915
12.15 916
12.1667 917
12.1833 917
12.2 918
12.2167 918
12.2333 919
12.25 919
12.2667 920
12.2833 920
12.3 920
12.3167 921
12.3333 921
12.35 922
12.3667 922
12.3833 922
12.4 923
12.4167 923
12.4333 923
12.45 923
12.4667 924
12.4833 924
12.5 924
12.5167 924
12.5333 924
12.55 925
12.5667 925
12.5833 925
12.6 925
12.6167 925
12.6333 925
12.65 925
12.6667 925
12.6833 925
12.7 925
12.7167 925
12.7333 925
12.75 925
12.7667 925
12.7833 925
12.8 925
12.8167 924
12.8333 924
12.85 924
12.8667 924
12.8833 924
12.9 923
12.9167 923
12.9333 923
12.95 923
12.9667 922
12.9833 922
13.0 922
13.0167 921
13.0333 921
13.05 921
13.0667 920
13.0833 920
13.1 919
13.1167 919
13.1333 918
13.15 918
13.1667 917
13.1833 917
13.2 916
13.2167 916
13.2333 915
13.25 914
13.2667 914
13.2833 913
13.3 912
13.3167 912
13.3333 911
13.35 910
13.3667 910
13.3833 909
13.4 908
13.4167 907
13.4333 906
13.45 906
13.4667 905
13.4833 904
13.5 903
13.5167 902
13.5333 901
13.55 900
13.5667 899
13.5833 898
13.6 897
13.6167 896
13.6333 895
13.65 894
13.6667 893
13.6833 892
13.7 891
13.7167 890
13.7333 889
13.75 888
13.7667 886
13.7833 885
13.8 884
13.8167 883
13.8333 882
13.85 880
13.8667 879
13.8833 878
13.9 877
13.9167 875
13.9333 874
13.95 873
13.9667 871
13.9833 870
14.0 868
14.0167 867
14.0333 866
14.05 864
14.0667 863
14.0833 861
14.1 860
14.1167 858
14.1333 857
14.15 855
14.1667 854
14.1833 852
14.2 850
14.2167 849
14.2333 847
14.25 845
14.2667 844
14.2833 842
14.3 840
14.3167 839
14.3333 837
14.35 835
14.3667 833
14.3833 832
14.4 830
14.4167 828
14.4333 826
14.45 824
14.4667 823
14.4833 821
14.5 819
14.5167 817
14.5333 815
14.55 813
14.5667 811
14.5833 809
14.6 807
14.6167 805
14.6333 803
14.65 801
14.6667 799
14.6833 797
14.7 795
14.7167 793
14.7333 791
14.75 789
14.7667 787
14.7833 784
14.8 782
14.8167 780
14.8333 778
14.85 776
14.8667 773
14.8833 771
14.9 769
14.9167 767
14.9333 764
14.95 762
14.9667 760
14.9833 758
15.0 755
15.0167 753
15.0333 751
15.05 748
15.0667 746
15.0833 743
15.1 741
15.1167 739
15.1333 736
15.15 734
15.1667 731
15.1833 729
15.2 726
15.2167 724
15.2333 721
15.25 719
15.2667 716
15.2833 714
15.3 711
15.3167 708
15.3333 706
15.35 703
15.3667 701
15.3833 698
15.4 695
15.4167 693
15.4333 690
15.45 687
15.4667 685
15.4833 682
15.5 679
15.5167 676
15.5333 674
15.55 671
15.5667 668
15.5833 665
15.6 663
15.6167 660
15.6333 657
15.65 654
15.6667 651
15.6833 649
15.7 646
15.7167 643
15.7333 640
15.75 637
15.7667 634
15.7833 631
15.8 628
15.8167 625
15.8333 622
15.85 619
15.8667 616
15.8833 614
15.9 611
15.9167 608
15.9333 605
15.95 602
15.9667 598
15.9833 595
