9.0 496
9.0167 499
9.0333 502
9.05 505
9.0667 509
9.0833 512
9.1 515
9.1167 518
9.1333 522
9.15 525
9.1667 528
9.1833 531
9.2 534
9.2167 538
9.2333 541
9.25 544
9.2667 547
9.2833 550
9.3 553
9.3167 556
9.3333 560
9.35 563
9.3667 566
9.3833 569
9.4 572
9.4167 575
9.4333 578
9.45 581
9.4667 584
9.4833 587
9.5 590
9.5167 593
9.5333 596
9.55 599
9.5667 602
9.5833 605
9.6 608
9.6167 611
9.6333 614
9.65 617
9.6667 620
9.6833 623
9.7 626
9.7167 629
9.7333 632
9.75 635
9.7667 638
9.7833 640
9.8 643
9.8167 646
9.8333 649
9.85 652
9.8667 655
9.8833 657
9.9 660
9.9167 663
9.9333 666
9.95 668
9.9667 671
9.9833 674
10.0 676
10.0167 679
10.0333 682
10.05 685
10.0667 687
10.0833 690
10.1 692
10.1167 695
10.1333 698
10.15 700
10.1667 703
10.1833 705
10.2 708
10.2167 711
10.2333 713
10.25 716
10.2667 718
10.2833 721
10.3 723
10.3167 726
10.3333 728
10.35 730
10.3667 733
10.3833 735
10.4 738
10.4167 740
10.4333 742
10.45 745
10.4667 747
10.4833 750
10.5 752
10.5167 754
10.5333 756
10.55 759
10.5667 761
10.5833 763
10.6 765
10.6167 768
10.6333 770
10.65 772
10.6667 774
10.6833 776
10.7 778
10.7167 781
10.7333 783
10.75 785
10.7667 787
10.7833 789
10.8 791
10.8167 793
10.8333 795
10.85 797
10.8667 799
10.8833 801
10.9 803
10.9167 805
10.9333 807
10.95 809
10.9667 811
10.9833 813
11.0 814
11.0167 816
11.0333 818
11.05 820
11.0667 822
11.0833 824
11.1 825
11.1167 827
11.1333 829
11.15 831
11.1667 832
11.1833 834
11.2 836
11.2167 837
11.2333 839
11.25 841
11.2667 842
11.2833 844
11.3 845
11.3167 847
11.3333 848
11.35 850
11.3667 852
11.3833 853
11.4 854
11.4167 856
11.4333 857
11.45 859
11.4667 860
11.4833 862
11.5 863
11.5167 864
11.5333 866
11.55 867
11.5667 868
11.5833 870
11.6 871
11.6167 872
11.6333 873
11.65 875
11.6667 876
11.6833 877
11.7 878
11.7167 879
11.7333 881
11.75 882
11.7667 883
11.7833 884
11.8 885
11.8167 886
11.8333 887
11.85 888
11.8667 889
11.8833 890
11.9 891
11.9167 892
11.9333 893
11.95 894
11.9667 895
11.9833 896
12.0 896
12.0167 897
12.0333 898
12.05 899
12.0667 900
12.0833 900
12.1 901
12.1167 902
12.1333 903
12.15 903
12.1667 904
12.1833 905
12.2 905
12.2167 906
12.2333 907
12.25 907
12.2667 908
12.2833 908
12.3 909
12.3167 909
12.3333 910
12.35 910
12.3667 911
12.3833 911
12.4 912
12.4167 912
12.4333 912
12.45 913
12.4667 913
12.4833 914
12.5 914
12.5167 914
12.5333 914
12.55 915
12.5667 915
12.5833 915
12.6 915
12.6167 916
12.6333 916
12.65 916
12.6667 916
12.6833 916
12.7 916
12.7167 916
12.7333 916
12.75 916
12.7667 916
12.7833 916
12.8 916
12.8167 916
12.8333 916
12.85 916
12.8667 916
12.8833 916
12.9 916
12.9167 916
12.9333 916
12.95 916
12.9667 915
12.9833 915
13.0 915
13.0167 915
13.0333 914
13.05 914
13.0667 914
13.0833 914
13.1 913
13.1167 913
13.1333 912
13.15 912
13.1667 912
13.1833 911
13.2 911
13.2167 910
13.2333 910
13.25 909
13.2667 909
13.2833 908
13.3 908
13.3167 907
13.3333 906
13.35 906
13.3667 905
13.3833 905
13.4 904
13.4167 903
13.4333 903
13.45 902
13.4667 901
13.4833 900
13.5 900
13.5167 899
13.5333 898
13.55 897
13.5667 896
13.5833 895
13.6 895
13.6167 894
13.6333 893
13.65 892
13.6667 891
13.6833 890
13.7 889
13.7167 888
13.7333 887
13.75 886
13.7667 885
13.7833 884
13.8 883
13.8167 882
13.8333 880
13.85 879
13.8667 878
13.8833 877
13.9 876
13.9167 875
13.9333 873
13.95 872
13.9667 871
13.9833 870
14.0 868
14.0167 867
14.0333 866
14.05 864
14.0667 863
14.0833 862
14.1 860
14.1167 859
14.1333 857
14.15 856
14.1667 854
14.1833 853
14.2 851
14.2167 850
14.2333 848
14.25 847
14.2667 845
14.2833 844
14.3 842
14.3167 840
14.3333 839
14.35 837
14.3667 836
14.3833 834
14.4 832
14.4167 830
14.4333 829
14.45 827
14.4667 825
14.4833 823
14.5 822
14.5167 820
14.5333 818
14.55 816
14.5667 814
14.5833 812
14.6 811
14.6167 809
14.6333 807
14.65 805
14.6667 803
14.6833 801
14.7 799
14.7167 797
14.7333 795
14.75 793
14.7667 791
14.7833 789
14.8 787
14.8167 785
14.8333 783
14.85 780
14.8667 778
14.8833 776
14.9 774
14.9167 772
14.9333 770
14.95 767
14.9667 765
14.9833 763
15.0 761
15.0167 758
15.0333 756
15.05 754
15.0667 752
15.0833 749
15.1 747
15.1167 745
15.1333 742
15.15 740
15.1667 737
15.1833 735
15.2 733
15.2167 730
15.2333 728
15.25 725
15.2667 723
15.2833 720
15.3 718
15.3167 715
15.3333 713
15.35 710
15.3667 708
15.3833 705
15.4 703
15.4167 700
15.4333 697
15.45 695
15.4667 692
15.4833 690
15.5 687
15.5167 684
15.5333 682
15.55 679
15.5667 676
15.5833 674
15.6 671
15.6167 668
15.6333 665
15.65 663
15.6667 660
15.6833 657
15.7 654
15.7167 651
15.7333 649
15.75 646
15.7667 643
15.7833 640
15.8 637
15.8167 634
15.8333 631
15.85 629
15.8667 626
15.8833 623
15.9 620
15.9167 617
15.9333 614
15.95 611
15.9667 608
15.9833 605
