0.5 1.000000047497
1.5 1.000000047497
2.5 1.000000047497
3.5 1.000000047497
4.5 1.000000047497
5.5 1.000000047497
6.5 2.0000000949950003
7.5 24.000000208616
8.5 108.000002801418
9.5 268.00000667572
10.5 349.99999403953603
11.5 324.999988079071
12.5 404.000014066696
13.5 430.999994277954
14.5 426.999986171722
15.5 218.99999678134898
16.5 272.000014781952
17.5 289.99999165535
18.5 224.999994039536
19.5 57.99999833107
20.5 18.999999389052
21.5 1.000000047497
22.5 1.000000047497
23.5 1.000000047497
