0.5 1.00000004749745
1.5 1.00000004749745
2.5 1.00000004749745
3.5 1.00000004749745
4.5 1.00000004749745
5.5 1.00000004749745
6.5 4.0000001899898106
7.5 41.9999994337559
8.5 234.999999403954
9.5 261.999994516373
10.5 495.00000476837204
11.5 732.999980449677
12.5 769.999980926514
13.5 657.999992370606
14.5 718.999981880188
15.5 575.999975204468
16.5 384.00000333786
17.5 210.999995470047
18.5 48.0000004172325
19.5 1.00000004749745
20.5 1.00000004749745
21.5 1.00000004749745
22.5 1.00000004749745
23.5 1.00000004749745
