0.5 1.00000004749745
1.5 1.00000004749745
2.5 1.00000004749745
3.5 1.00000004749745
4.5 1.00000004749745
5.5 1.00000004749745
6.5 1.00000004749745
7.5 17.000000923872
8.5 151.999995112419
9.5 338.99998664856
10.5 518.00000667572
11.5 635.999977588654
12.5 732.999980449677
13.5 794.000029563904
14.5 773.000001907349
15.5 711.000025272369
16.5 572.000026702881
17.5 418.99999976158097
18.5 221.000000834465
19.5 52.9999993741512
20.5 1.00000004749745
21.5 1.00000004749745
22.5 1.00000004749745
23.5 1.00000004749745
