0.5 1.00000004749745
1.5 1.00000004749745
2.5 1.00000004749745
3.5 1.00000004749745
4.5 1.00000004749745
5.5 1.00000004749745
6.5 3.00000002607703
7.5 46.9999983906746
8.5 105.999998748302
9.5 379.99999523162796
10.5 503.00002098083496
11.5 607.999980449677
12.5 685.999989509583
13.5 746.999979019165
14.5 513.999998569489
15.5 486.000001430512
16.5 215.000003576279
17.5 82.9999968409538
18.5 12.0000001043081
19.5 1.00000004749745
20.5 1.00000004749745
21.5 1.00000004749745
22.5 1.00000004749745
23.5 1.00000004749745
