0.5 1.00000004749745
1.5 1.00000004749745
2.5 1.00000004749745
3.5 1.00000004749745
4.5 1.00000004749745
5.5 0.0
6.5 2.0000000949949
7.5 39.9999991059303
8.5 233.999997377396
9.5 286.00001335144
10.5 509.99999046325695
11.5 497.000008821487
12.5 569.999992847443
13.5 514.999985694885
14.5 270.000010728836
15.5 462.000012397766
16.5 202.999994158745
17.5 54.0000014007092
18.5 3.00000002607703
19.5 1.00000004749745
20.5 1.00000004749745
21.5 1.00000004749745
22.5 1.00000004749745
23.5 1.00000004749745
