0.5 1.00000004749745
1.5 1.00000004749745
2.5 1.00000004749745
3.5 1.00000004749745
4.5 1.00000004749745
5.5 1.00000004749745
6.5 1.00000004749745
7.5 9.99999977648258
8.5 41.0000011324883
9.5 92.0000001788139
10.5 151.999995112419
11.5 193.000003695488
12.5 158.000007271767
13.5 208.000004291534
14.5 287.000000476837
15.5 238.999992609024
16.5 134.00000333786
17.5 41.9999994337559
18.5 2.0000000949949
19.5 1.00000004749745
20.5 1.00000004749745
21.5 1.00000004749745
22.5 1.00000004749745
23.5 1.00000004749745
