0.5 0.0
1.5 1.0000000474974513
2.5 1.0000000474974513
3.5 0.0
4.5 0.0
5.5 1.0000000474974513
6.5 1.0000000474974513
7.5 4.999999888241291
8.5 97.99999743700027
9.5 248.99999797344208
10.5 398.00000190734863
11.5 510.99997758865356
12.5 587.0000123977661
13.5 558.0000281333923
14.5 551.9999861717224
15.5 437.00000643730164
16.5 284.9999964237213
17.5 118.00000071525574
18.5 8.00000037997961
19.5 1.0000000474974513
20.5 1.0000000474974513
21.5 1.0000000474974513
22.5 1.0000000474974513
23.5 1.0000000474974513
