0.5 1.00000004749745
1.5 1.00000004749745
2.5 1.00000004749745
3.5 1.00000004749745
4.5 1.00000004749745
5.5 1.00000004749745
6.5 1.00000004749745
7.5 7.00000021606684
8.5 21.9999998807907
9.5 28.0000008642673
10.5 56.0000017285347
11.5 68.9999982714653
12.5 101.99999809265101
13.5 90.0000035762787
14.5 101.99999809265101
15.5 101.99999809265101
16.5 65.9999996423721
17.5 28.999999165535
18.5 12.0000001043081
19.5 1.00000004749745
20.5 1.00000004749745
21.5 1.00000004749745
22.5 1.00000004749745
23.5 1.00000004749745
