0.5 1.0000000474974513
1.5 1.0000000474974513
2.5 1.0000000474974513
3.5 1.0000000474974513
4.5 1.0000000474974513
5.5 1.0000000474974513
6.5 1.0000000474974513
7.5 18.99999938905239
8.5 63.00000101327896
9.5 181.99999630451202
10.5 463.99998664855957
11.5 751.9999742507935
12.5 708.9999914169312
13.5 628.000020980835
14.5 632.0000290870667
15.5 377.9999911785126
16.5 224.99999403953552
17.5 114.00000005960464
18.5 39.99999910593033
19.5 2.0000000949949026
20.5 1.0000000474974513
21.5 1.0000000474974513
22.5 1.0000000474974513
23.5 1.0000000474974513
