0.5 1.00000004749745
1.5 1.00000004749745
2.5 1.00000004749745
3.5 1.00000004749745
4.5 1.00000004749745
5.5 1.00000004749745
6.5 1.00000004749745
7.5 21.9999998807907
8.5 81.00000023841861
9.5 165.999993681908
10.5 207.000002264976
11.5 411.00001335144
12.5 671.999990940094
13.5 546.999990940094
14.5 606.99999332428
15.5 545.000016689301
16.5 397.000014781952
17.5 163.000002503395
18.5 35.0000001490116
19.5 1.00000004749745
20.5 1.00000004749745
21.5 1.00000004749745
22.5 1.00000004749745
23.5 1.00000004749745
