0.5 1.0000000474974513
1.5 1.0000000474974513
2.5 1.0000000474974513
3.5 1.0000000474974513
4.5 1.0000000474974513
5.5 1.0000000474974513
6.5 1.0000000474974513
7.5 27.000000700354576
8.5 172.99999296665192
9.5 356.9999933242798
10.5 518.0000066757202
11.5 638.9999985694885
12.5 722.9999899864197
13.5 667.9999828338623
14.5 686.9999766349792
15.5 565.9999847412109
16.5 402.0000100135803
17.5 214.00000154972076
18.5 48.00000041723251
19.5 1.0000000474974513
20.5 1.0000000474974513
21.5 1.0000000474974513
22.5 1.0000000474974513
23.5 1.0000000474974513
