0.5 1.0000000474974513
1.5 1.0000000474974513
2.5 1.0000000474974513
3.5 1.0000000474974513
4.5 1.0000000474974513
5.5 1.0000000474974513
6.5 23.000000044703484
7.5 78.00000160932541
8.5 123.00000339746475
9.5 172.99999296665192
10.5 386.00000739097595
11.5 586.0000252723694
12.5 795.0000166893005
13.5 446.00000977516174
14.5 486.0000014305115
15.5 214.00000154972076
16.5 217.99999475479126
17.5 272.0000147819519
18.5 92.00000017881393
19.5 4.999999888241291
20.5 1.0000000474974513
21.5 1.0000000474974513
22.5 1.0000000474974513
23.5 1.0000000474974513
