0.5 1.0000000474974513
1.5 1.0000000474974513
2.5 1.0000000474974513
3.5 1.0000000474974513
4.5 1.0000000474974513
5.5 1.0000000474974513
6.5 24.000000208616257
7.5 108.0000028014183
8.5 209.00000631809235
9.5 224.0000069141388
10.5 321.9999969005585
11.5 685.9999895095825
12.5 800.000011920929
13.5 787.0000004768372
14.5 727.9999852180481
15.5 626.9999742507935
16.5 469.0000116825104
17.5 314.0000104904175
18.5 135.00000536441803
19.5 14.999999664723873
20.5 1.0000000474974513
21.5 1.0000000474974513
22.5 1.0000000474974513
23.5 1.0000000474974513
