0.5 1.00000004749745
1.5 1.00000004749745
2.5 1.00000004749745
3.5 1.00000004749745
4.5 1.00000004749745
5.5 1.00000004749745
6.5 2.0000000949949
7.5 18.9999993890524
8.5 71.9999969005585
9.5 193.000003695488
10.5 536.00001335144
11.5 601.000010967255
12.5 657.000005245209
13.5 493.999987840652
14.5 614.000022411346
15.5 462.999999523163
16.5 187.999993562698
17.5 52.9999993741512
18.5 8.00000037997961
19.5 1.00000004749745
20.5 1.00000004749745
21.5 1.00000004749745
22.5 1.00000004749745
23.5 1.00000004749745
