0.5 1.00000004749745
1.5 1.00000004749745
2.5 1.00000004749745
3.5 1.00000004749745
4.5 1.00000004749745
5.5 1.00000004749745
6.5 6.00000005215406
7.5 97.9999974370003
8.5 282.000005245209
9.5 368.000000715256
10.5 541.000008583069
11.5 712.999999523163
12.5 768.9999938011171
13.5 708.999991416931
14.5 714.999973773956
15.5 563.000023365021
16.5 505.99998235702503
17.5 86.9999974966049
18.5 32.0000015199184
19.5 1.00000004749745
20.5 1.00000004749745
21.5 1.00000004749745
22.5 1.00000004749745
23.5 1.00000004749745
