0.5 1.0000000474974513
1.5 1.0000000474974513
2.5 1.0000000474974513
3.5 1.0000000474974513
4.5 1.0000000474974513
5.5 1.0000000474974513
6.5 1.0000000474974513
7.5 54.00000140070915
8.5 216.0000056028366
9.5 388.9999985694885
10.5 527.999997138977
11.5 626.9999742507935
12.5 656.000018119812
13.5 601.0000109672546
14.5 572.0000267028809
15.5 437.99999356269836
16.5 259.0000033378601
17.5 76.99999958276749
18.5 2.0000000949949026
19.5 1.0000000474974513
20.5 1.0000000474974513
21.5 1.0000000474974513
22.5 1.0000000474974513
23.5 1.0000000474974513
