0.5 1.0000000474974513
1.5 1.0000000474974513
2.5 1.0000000474974513
3.5 1.0000000474974513
4.5 1.0000000474974513
5.5 1.0000000474974513
6.5 1.0000000474974513
7.5 29.999999329447746
8.5 85.00000089406967
9.5 145.9999978542328
10.5 90.99999815225601
11.5 197.9999989271164
12.5 328.000009059906
13.5 207.0000022649765
14.5 337.0000123977661
15.5 179.00000512599945
16.5 101.99999809265137
17.5 32.00000151991844
18.5 1.0000000474974513
19.5 1.0000000474974513
20.5 1.0000000474974513
21.5 1.0000000474974513
22.5 1.0000000474974513
23.5 1.0000000474974513
