0.5 1.0000000474974513
1.5 1.0000000474974513
2.5 1.0000000474974513
3.5 1.0000000474974513
4.5 1.0000000474974513
5.5 1.0000000474974513
6.5 2.0000000949949026
7.5 37.00000047683716
8.5 143.99999380111694
9.5 330.00001311302185
10.5 536.0000133514404
11.5 600.0000238418579
12.5 439.9999976158142
13.5 421.999990940094
14.5 202.00000703334808
15.5 246.0000067949295
16.5 101.00000351667404
17.5 28.00000086426735
18.5 1.0000000474974513
19.5 1.0000000474974513
20.5 1.0000000474974513
21.5 1.0000000474974513
22.5 1.0000000474974513
23.5 1.0000000474974513
