0.5 1.0000000474974513
1.5 1.0000000474974513
2.5 1.0000000474974513
3.5 1.0000000474974513
4.5 1.0000000474974513
5.5 1.0000000474974513
6.5 1.0000000474974513
7.5 28.999999165534973
8.5 167.9999977350235
9.5 337.99999952316284
10.5 472.9999899864197
11.5 564.9999976158142
12.5 606.9999933242798
13.5 537.0000004768372
14.5 444.0000057220459
15.5 358.99999737739563
16.5 188.9999955892563
17.5 26.000000536441803
18.5 1.0000000474974513
19.5 1.0000000474974513
20.5 1.0000000474974513
21.5 1.0000000474974513
22.5 1.0000000474974513
23.5 1.0000000474974513
