0.5 1.0000000474974513
1.5 1.0000000474974513
2.5 1.0000000474974513
3.5 1.0000000474974513
4.5 1.0000000474974513
5.5 1.0000000474974513
6.5 1.0000000474974513
7.5 6.000000052154064
8.5 32.00000151991844
9.5 68.00000369548798
10.5 61.99999898672104
11.5 76.99999958276749
12.5 76.99999958276749
13.5 61.99999898672104
14.5 54.999999701976776
15.5 63.00000101327896
16.5 34.00000184774399
17.5 8.999999612569809
18.5 1.0000000474974513
19.5 1.0000000474974513
20.5 1.0000000474974513
21.5 1.0000000474974513
22.5 1.0000000474974513
23.5 1.0000000474974513
