0.5 1.00000004749745
1.5 1.00000004749745
2.5 1.00000004749745
3.5 1.00000004749745
4.5 1.00000004749745
5.5 1.00000004749745
6.5 1.00000004749745
7.5 9.99999977648258
8.5 125.0
9.5 243.000000715256
10.5 209.000006318092
11.5 150.999993085861
12.5 236.000001430511
13.5 250.999987125397
14.5 248.999997973442
15.5 294.999986886978
16.5 194.000005722046
17.5 28.999999165535
18.5 2.0000000949949
19.5 1.00000004749745
20.5 1.00000004749745
21.5 1.00000004749745
22.5 1.00000004749745
23.5 1.00000004749745
