0.5 1.00000004749745
1.5 1.00000004749745
2.5 1.00000004749745
3.5 1.00000004749745
4.5 1.00000004749745
5.5 1.00000004749745
6.5 1.00000004749745
7.5 2.0000000949949
8.5 26.0000005364418
9.5 101.000003516674
10.5 173.99999499321
11.5 388.000011444092
12.5 600.000023841858
13.5 550.000011920929
14.5 541.000008583069
15.5 421.000003814697
16.5 261.999994516373
17.5 92.0000001788139
18.5 4.99999988824129
19.5 1.00000004749745
20.5 1.00000004749745
21.5 1.00000004749745
22.5 1.00000004749745
23.5 1.00000004749745
