0.5 1.00000004749745
1.5 1.00000004749745
2.5 1.00000004749745
3.5 1.00000004749745
4.5 1.00000004749745
5.5 1.00000004749745
6.5 1.00000004749745
7.5 41.9999994337559
8.5 222.000002861023
9.5 160.999998450279
10.5 377.999991178513
11.5 513.999998569489
12.5 615.000009536743
13.5 356.000006198883
14.5 78.0000016093254
15.5 135.000005364418
16.5 156.00000321865102
17.5 157.000005245209
18.5 23.0000000447035
19.5 1.00000004749745
20.5 1.00000004749745
21.5 1.00000004749745
22.5 1.00000004749745
23.5 1.00000004749745
