0.5 1.0000000474974513
1.5 1.0000000474974513
2.5 1.0000000474974513
3.5 1.0000000474974513
4.5 1.0000000474974513
5.5 1.0000000474974513
6.5 2.0000000949949026
7.5 19.999999552965164
8.5 34.00000184774399
9.5 97.99999743700027
10.5 328.99999618530273
11.5 493.00000071525574
12.5 758.0000162124634
13.5 726.9999980926514
14.5 657.9999923706055
15.5 505.99998235702515
16.5 284.0000092983246
17.5 101.99999809265137
18.5 23.000000044703484
19.5 1.0000000474974513
20.5 1.0000000474974513
21.5 1.0000000474974513
22.5 1.0000000474974513
23.5 1.0000000474974513
