0.5 1.0000000474974513
1.5 1.0000000474974513
2.5 1.0000000474974513
3.5 1.0000000474974513
4.5 1.0000000474974513
5.5 1.0000000474974513
6.5 0.0
7.5 4.000000189989805
8.5 18.99999938905239
9.5 25.00000037252903
10.5 59.00000035762787
11.5 97.00000286102295
12.5 103.00000011920929
13.5 90.00000357627869
14.5 79.00000363588333
15.5 82.0000022649765
16.5 133.00000131130219
17.5 61.000000685453415
18.5 10.999999940395355
19.5 1.0000000474974513
20.5 1.0000000474974513
21.5 1.0000000474974513
22.5 1.0000000474974513
23.5 1.0000000474974513
