0.5 1.0000000474974513
1.5 1.0000000474974513
2.5 1.0000000474974513
3.5 1.0000000474974513
4.5 1.0000000474974513
5.5 1.0000000474974513
6.5 1.0000000474974513
7.5 18.99999938905239
8.5 48.00000041723251
9.5 123.99999797344208
10.5 277.99999713897705
11.5 695.9999799728394
12.5 773.9999890327454
13.5 601.9999980926514
14.5 699.0000009536743
15.5 564.9999976158142
16.5 421.00000381469727
17.5 123.99999797344208
18.5 20.999999716877937
19.5 1.0000000474974513
20.5 0.0
21.5 1.0000000474974513
22.5 1.0000000474974513
23.5 1.0000000474974513
