0.5 1.00000004749745
1.5 1.00000004749745
2.5 1.00000004749745
3.5 1.00000004749745
4.5 1.00000004749745
5.5 1.00000004749745
6.5 1.00000004749745
7.5 10.9999999403954
8.5 67.0000016689301
9.5 218.99999678134898
10.5 349.99999403953603
11.5 606.99999332428
12.5 760.999977588653
13.5 829.999983310699
14.5 814.000010490418
15.5 746.999979019165
16.5 625.999987125397
17.5 470.999985933304
18.5 289.99999165535
19.5 108.999997377396
20.5 7.00000021606684
21.5 1.00000004749745
22.5 1.00000004749745
23.5 1.00000004749745
