0.5 1.0000000474974513
1.5 1.0000000474974513
2.5 1.0000000474974513
3.5 1.0000000474974513
4.5 1.0000000474974513
5.5 1.0000000474974513
6.5 2.0000000949949026
7.5 30.99999949336052
8.5 149.00000393390656
9.5 421.00000381469727
10.5 586.0000252723694
11.5 716.0000205039978
12.5 797.9999780654907
13.5 833.9999914169312
14.5 813.0000233650208
15.5 742.9999709129333
16.5 638.0000114440918
17.5 477.9999852180481
18.5 291.00000858306885
19.5 111.00000143051147
20.5 4.999999888241291
21.5 1.0000000474974513
22.5 1.0000000474974513
23.5 1.0000000474974513
