0.5 1.00000004749745
1.5 1.00000004749745
2.5 1.00000004749745
3.5 1.00000004749745
4.5 1.00000004749745
5.5 1.00000004749745
6.5 1.00000004749745
7.5 27.0000007003546
8.5 64.0000030398369
9.5 187.000006437302
10.5 481.000006198883
11.5 663.999974727631
12.5 759.999990463257
13.5 800.000011920929
14.5 768.00000667572
15.5 695.999979972839
16.5 569.999992847443
17.5 407.99999237060604
18.5 219.999998807907
19.5 59.9999986588955
20.5 2.0000000949949
21.5 1.00000004749745
22.5 1.00000004749745
23.5 1.00000004749745
