0.5 1.00000004749745
1.5 1.00000004749745
2.5 1.00000004749745
3.5 1.00000004749745
4.5 1.00000004749745
5.5 1.00000004749745
6.5 2.0000000949949
7.5 70.0000002980232
8.5 229.00000214576698
9.5 423.99999499321
10.5 575.999975204468
11.5 699.999988079071
12.5 788.999974727631
13.5 820.999979972839
14.5 811.999976634979
15.5 685.999989509583
16.5 540.000021457672
17.5 488.000005483627
18.5 266.999989748001
19.5 126.00000202655801
20.5 12.0000001043081
21.5 0.0
22.5 1.00000004749745
23.5 1.00000004749745
