0.5 1.00000004749745
1.5 1.00000004749745
2.5 1.00000004749745
3.5 1.00000004749745
4.5 1.00000004749745
5.5 1.00000004749745
6.5 1.00000004749745
7.5 23.0000000447035
8.5 187.000006437302
9.5 240.99999666214
10.5 266.000002622604
11.5 587.999999523163
12.5 718.999981880188
13.5 746.999979019165
14.5 836.000025272369
15.5 615.99999666214
16.5 629.000008106232
17.5 384.00000333786
18.5 246.000006794929
19.5 127.00000405311602
20.5 10.9999999403954
21.5 1.00000004749745
22.5 1.00000004749745
23.5 1.00000004749745
