0.5 1.0000000474974513
1.5 1.0000000474974513
2.5 1.0000000474974513
3.5 1.0000000474974513
4.5 1.0000000474974513
5.5 1.0000000474974513
6.5 1.0000000474974513
7.5 26.000000536441803
8.5 164.000004529953
9.5 361.9999885559082
10.5 535.0000262260437
11.5 679.0000200271606
12.5 774.9999761581421
13.5 819.0000057220459
14.5 754.9999952316284
15.5 606.9999933242798
16.5 623.0000257492065
17.5 441.0000145435333
18.5 150.9999930858612
19.5 16.00000075995922
20.5 2.0000000949949026
21.5 1.0000000474974513
22.5 1.0000000474974513
23.5 1.0000000474974513
