0.5 1.0000000474974513
1.5 1.0000000474974513
2.5 1.0000000474974513
3.5 1.0000000474974513
4.5 1.0000000474974513
5.5 1.0000000474974513
6.5 1.0000000474974513
7.5 1.0000000474974513
8.5 10.999999940395355
9.5 50.999999046325684
10.5 98.9999994635582
11.5 122.00000137090683
12.5 118.00000071525574
13.5 123.00000339746475
14.5 120.99999934434891
15.5 81.00000023841858
16.5 48.99999871850014
17.5 27.000000700354576
18.5 4.999999888241291
19.5 1.0000000474974513
20.5 1.0000000474974513
21.5 1.0000000474974513
22.5 1.0000000474974513
23.5 1.0000000474974513
