0.5 1.00000004749745
1.5 1.00000004749745
2.5 1.00000004749745
3.5 1.00000004749745
4.5 1.00000004749745
5.5 1.00000004749745
6.5 1.00000004749745
7.5 1.00000004749745
8.5 43.0000014603138
9.5 192.00000166893
10.5 351.99999809265097
11.5 486.999988555908
12.5 575.999975204468
13.5 412.000000476837
14.5 550.999999046326
15.5 500.0
16.5 360.00001430511503
17.5 185.00000238418602
18.5 35.0000001490116
19.5 1.00000004749745
20.5 1.00000004749745
21.5 1.00000004749745
22.5 1.00000004749745
23.5 1.00000004749745
