0.5 1.00000004749745
1.5 1.00000004749745
2.5 1.00000004749745
3.5 1.00000004749745
4.5 1.00000004749745
5.5 1.00000004749745
6.5 1.00000004749745
7.5 1.00000004749745
8.5 28.0000008642673
9.5 172.000005841255
10.5 342.000007629395
11.5 483.999997377396
12.5 577.000021934509
13.5 456.00000023841903
14.5 481.99999332428
15.5 512.000024318695
16.5 372.000008821487
17.5 204.999998211861
18.5 39.9999991059303
19.5 1.00000004749745
20.5 1.00000004749745
21.5 1.00000004749745
22.5 1.00000004749745
23.5 1.00000004749745
