0.5 1.0000000474974513
1.5 1.0000000474974513
2.5 1.0000000474974513
3.5 1.0000000474974513
4.5 1.0000000474974513
5.5 1.0000000474974513
6.5 1.0000000474974513
7.5 1.0000000474974513
8.5 8.999999612569809
9.5 57.00000002980232
10.5 120.99999934434891
11.5 241.99999868869781
12.5 301.9999861717224
13.5 580.9999704360962
14.5 360.00001430511475
15.5 495.0000047683716
16.5 372.99999594688416
17.5 209.99999344348907
18.5 56.0000017285347
19.5 2.0000000949949026
20.5 1.0000000474974513
21.5 1.0000000474974513
22.5 1.0000000474974513
23.5 1.0000000474974513
