0.5 1.00000004749745
1.5 1.00000004749745
2.5 1.00000004749745
3.5 1.00000004749745
4.5 1.00000004749745
5.5 1.00000004749745
6.5 1.00000004749745
7.5 1.00000004749745
8.5 4.0000001899898106
9.5 14.9999996647239
10.5 64.0000030398369
11.5 81.00000023841861
12.5 90.999998152256
13.5 112.999998033047
14.5 111.000001430511
15.5 79.0000036358833
16.5 76.9999995827675
17.5 48.0000004172325
18.5 14.000000432133701
19.5 2.0000000949949
20.5 1.00000004749745
21.5 1.00000004749745
22.5 1.00000004749745
23.5 1.00000004749745
