0.5 1.0000000474974513
1.5 1.0000000474974513
2.5 1.0000000474974513
3.5 1.0000000474974513
4.5 1.0000000474974513
5.5 1.0000000474974513
6.5 1.0000000474974513
7.5 1.0000000474974513
8.5 13.000000268220901
9.5 134.0000033378601
10.5 310.9999895095825
11.5 460.999995470047
12.5 575.9999752044678
13.5 615.9999966621399
14.5 374.00001287460327
15.5 547.9999780654907
16.5 416.00000858306885
17.5 257.999986410141
18.5 71.00000232458115
19.5 2.0000000949949026
20.5 1.0000000474974513
21.5 1.0000000474974513
22.5 1.0000000474974513
23.5 1.0000000474974513
