0.5 2.0000000949949026
1.5 1.0000000474974513
2.5 1.0000000474974513
3.5 1.0000000474974513
4.5 1.0000000474974513
5.5 1.0000000474974513
6.5 1.0000000474974513
7.5 3.000000026077032
8.5 57.999998331069946
9.5 195.99999487400055
10.5 389.99998569488525
11.5 361.0000014305115
12.5 0.0
13.5 490.00000953674316
14.5 335.999995470047
15.5 275.0000059604645
16.5 340.9999907016754
17.5 115.00000208616257
18.5 52.000001072883606
19.5 14.000000432133675
20.5 1.0000000474974513
21.5 1.0000000474974513
22.5 1.0000000474974513
23.5 1.0000000474974513
