0.5 1.0000000474974513
1.5 1.0000000474974513
2.5 1.0000000474974513
3.5 1.0000000474974513
4.5 1.0000000474974513
5.5 1.0000000474974513
6.5 1.0000000474974513
7.5 4.000000189989805
8.5 94.9999988079071
9.5 293.0000126361847
10.5 474.0000069141388
11.5 626.9999742507935
12.5 732.9999804496765
13.5 791.0000085830688
14.5 759.0000033378601
15.5 709.9999785423279
16.5 586.0000252723694
17.5 398.00000190734863
18.5 156.00000321865082
19.5 37.00000047683716
20.5 2.0000000949949026
21.5 2.0000000949949026
22.5 1.0000000474974513
23.5 1.0000000474974513
