0.5 1.00000004749745
1.5 1.00000004749745
2.5 1.00000004749745
3.5 1.00000004749745
4.5 1.00000004749745
5.5 1.00000004749745
6.5 1.00000004749745
7.5 3.00000002607703
8.5 25.000000372528998
9.5 103.00000011920899
10.5 217.999994754791
11.5 337.000012397766
12.5 500.0
13.5 642.000019550324
14.5 764.999985694885
15.5 703.000009059906
16.5 580.999970436096
17.5 409.999996423721
18.5 216.000005602837
19.5 50.0000007450581
20.5 2.0000000949949
21.5 1.00000004749745
22.5 1.00000004749745
23.5 1.00000004749745
