0.5 1.00000004749745
1.5 1.00000004749745
2.5 1.00000004749745
3.5 1.00000004749745
4.5 1.00000004749745
5.5 1.00000004749745
6.5 1.00000004749745
7.5 28.0000008642673
8.5 158.999994397163
9.5 365.99999666214
10.5 542.999982833862
11.5 683.000028133392
12.5 777.00001001358
13.5 819.999992847443
14.5 801.999986171722
15.5 731.0000061988829
16.5 335.00000834465
17.5 435.99998950958303
18.5 240.99999666214
19.5 63.000001013279004
20.5 2.0000000949949
21.5 1.00000004749745
22.5 1.00000004749745
23.5 1.00000004749745
