0.5 1.0000000474974513
1.5 1.0000000474974513
2.5 1.0000000474974513
3.5 1.0000000474974513
4.5 1.0000000474974513
5.5 1.0000000474974513
6.5 1.0000000474974513
7.5 17.999999225139618
8.5 56.0000017285347
9.5 153.99999916553497
10.5 493.00000071525574
11.5 556.9999814033508
12.5 632.0000290870667
13.5 777.999997138977
14.5 809.0000152587891
15.5 735.0000143051147
16.5 596.0000157356262
17.5 386.9999945163727
18.5 256.99999928474426
19.5 100.00000149011612
20.5 8.999999612569809
21.5 2.0000000949949026
22.5 2.0000000949949026
23.5 1.0000000474974513
