0.5 1.00000004749745
1.5 1.00000004749745
2.5 1.00000004749745
3.5 1.00000004749745
4.5 1.00000004749745
5.5 1.00000004749745
6.5 1.00000004749745
7.5 19.9999995529652
8.5 119.999997317791
9.5 308.999985456467
10.5 379.00000810623203
11.5 560.000002384186
12.5 643.9999938011171
13.5 758.000016212463
14.5 505.99998235702503
15.5 153.999999165535
16.5 142.00000464916198
17.5 114.000000059605
18.5 50.9999990463257
19.5 13.0000002682209
20.5 2.0000000949949
21.5 1.00000004749745
22.5 1.00000004749745
23.5 1.00000004749745
