0.5 1.00000004749745
1.5 1.00000004749745
2.5 1.00000004749745
3.5 1.00000004749745
4.5 1.00000004749745
5.5 1.00000004749745
6.5 2.0000000949949
7.5 50.0000007450581
8.5 57.0000000298023
9.5 81.00000023841861
10.5 219.999998807907
11.5 245.000004768372
12.5 523.000001907349
13.5 749.000012874603
14.5 699.000000953674
15.5 736.999988555908
16.5 601.000010967255
17.5 437.99999356269797
18.5 275.00000596046397
19.5 89.0000015497208
20.5 6.00000005215406
21.5 2.0000000949949
22.5 1.00000004749745
23.5 1.00000004749745
