0.5 1.0000000474974513
1.5 1.0000000474974513
2.5 1.0000000474974513
3.5 1.0000000474974513
4.5 1.0000000474974513
5.5 1.0000000474974513
6.5 1.0000000474974513
7.5 29.999999329447746
8.5 178.00000309944153
9.5 368.99998784065247
10.5 537.0000004768372
11.5 671.999990940094
12.5 769.9999809265137
13.5 814.0000104904175
14.5 787.0000004768372
15.5 737.9999756813049
16.5 609.000027179718
17.5 444.9999928474426
18.5 247.99999594688416
19.5 90.99999815225601
20.5 3.000000026077032
21.5 0.0
22.5 1.0000000474974513
23.5 1.0000000474974513
