0.5 1.00000004749745
1.5 1.00000004749745
2.5 1.00000004749745
3.5 1.00000004749745
4.5 1.00000004749745
5.5 1.00000004749745
6.5 1.00000004749745
7.5 17.9999992251396
8.5 157.000005245209
9.5 347.000002861023
10.5 521.000027656555
11.5 660.000026226044
12.5 763.999998569489
13.5 739.000022411346
14.5 606.0000061988829
15.5 657.000005245209
16.5 561.999976634979
17.5 221.000000834465
18.5 50.9999990463257
19.5 8.99999961256981
20.5 1.00000004749745
21.5 1.00000004749745
22.5 1.00000004749745
23.5 0.0
