0.5 1.00000004749745
1.5 1.00000004749745
2.5 1.00000004749745
3.5 1.00000004749745
4.5 1.00000004749745
5.5 1.00000004749745
6.5 1.00000004749745
7.5 9.99999977648258
8.5 41.9999994337559
9.5 177.000001072884
10.5 569.999992847443
11.5 446.99999690055904
12.5 574.999988079071
13.5 589.999973773956
14.5 509.00000333786
15.5 629.000008106232
16.5 386.000007390976
17.5 175.999999046326
18.5 148.000001907349
19.5 21.9999998807907
20.5 1.00000004749745
21.5 1.00000004749745
22.5 1.00000004749745
23.5 1.00000004749745
