0.5 1.00000004749745
1.5 1.00000004749745
2.5 1.00000004749745
3.5 1.00000004749745
4.5 1.00000004749745
5.5 1.00000004749745
6.5 1.00000004749745
7.5 2.0000000949949
8.5 10.9999999403954
9.5 48.9999987185001
10.5 152.999997138977
11.5 254.00000810623203
12.5 293.99999976158097
13.5 458.00000429153397
14.5 522.000014781952
15.5 521.000027656555
16.5 456.00000023841903
17.5 261.999994516373
18.5 63.000001013279004
19.5 2.0000000949949
20.5 1.00000004749745
21.5 1.00000004749745
22.5 1.00000004749745
23.5 1.00000004749745
