0.5 1.0000000474974513
1.5 1.0000000474974513
2.5 1.0000000474974513
3.5 1.0000000474974513
4.5 1.0000000474974513
5.5 1.0000000474974513
6.5 1.0000000474974513
7.5 1.0000000474974513
8.5 17.000000923871994
9.5 93.99999678134918
10.5 238.00000548362732
11.5 319.9999928474426
12.5 307.0000112056732
13.5 409.9999964237213
14.5 323.0000138282776
15.5 388.0000114440918
16.5 333.99999141693115
17.5 112.99999803304672
18.5 26.000000536441803
19.5 1.0000000474974513
20.5 1.0000000474974513
21.5 1.0000000474974513
22.5 1.0000000474974513
23.5 1.0000000474974513
