0.5 0.0
1.5 1.0000000474974513
2.5 1.0000000474974513
3.5 1.0000000474974513
4.5 1.0000000474974513
5.5 1.0000000474974513
6.5 1.0000000474974513
7.5 1.0000000474974513
8.5 27.000000700354576
9.5 129.99999523162842
10.5 402.99999713897705
11.5 317.9999887943268
12.5 611.9999885559082
13.5 565.9999847412109
14.5 395.00001072883606
15.5 209.99999344348907
16.5 363.0000054836273
17.5 224.0000069141388
18.5 50.00000074505806
19.5 2.0000000949949026
20.5 1.0000000474974513
21.5 1.0000000474974513
22.5 1.0000000474974513
23.5 1.0000000474974513
