0.5 1.0000000474974513
1.5 1.0000000474974513
2.5 1.0000000474974513
3.5 1.0000000474974513
4.5 1.0000000474974513
5.5 1.0000000474974513
6.5 1.0000000474974513
7.5 19.999999552965164
8.5 163.00000250339508
9.5 377.9999911785126
10.5 569.9999928474426
11.5 720.0000286102295
12.5 794.0000295639038
13.5 857.9999804496765
14.5 842.0000076293945
15.5 772.0000147819519
16.5 646.0000276565552
17.5 458.99999141693115
18.5 246.0000067949295
19.5 63.00000101327896
20.5 2.0000000949949026
21.5 1.0000000474974513
22.5 1.0000000474974513
23.5 1.0000000474974513
