0.5 1.0000000474974513
1.5 1.0000000474974513
2.5 1.0000000474974513
3.5 1.0000000474974513
4.5 1.0000000474974513
5.5 1.0000000474974513
6.5 1.0000000474974513
7.5 39.000000804662704
8.5 193.00000369548798
9.5 416.9999957084656
10.5 595.0000286102295
11.5 736.9999885559082
12.5 829.9999833106995
13.5 866.9999837875366
14.5 860.0000143051147
15.5 772.0000147819519
16.5 638.0000114440918
17.5 465.9999907016754
18.5 257.999986410141
19.5 71.00000232458115
20.5 2.0000000949949026
21.5 1.0000000474974513
22.5 1.0000000474974513
23.5 1.0000000474974513
