0.5 1.0000000474974513
1.5 1.0000000474974513
2.5 1.0000000474974513
3.5 1.0000000474974513
4.5 1.0000000474974513
5.5 1.0000000474974513
6.5 1.0000000474974513
7.5 14.000000432133675
8.5 105.99999874830246
9.5 238.99999260902405
10.5 192.00000166893005
11.5 342.00000762939453
12.5 393.99999380111694
13.5 277.0000100135803
14.5 397.0000147819519
15.5 593.999981880188
16.5 474.9999940395355
17.5 483.0000102519989
18.5 326.9999921321869
19.5 148.00000190734863
20.5 17.999999225139618
21.5 0.0
22.5 0.0
23.5 0.0
