9.0 193
9.0167 196
9.0333 198
9.05 201
9.0667 204
9.0833 206
9.1 209
9.1167 211
9.1333 214
9.15 216
9.1667 219
9.1833 222
9.2 224
9.2167 227
9.2333 230
9.25 232
9.2667 235
9.2833 237
9.3 240
9.3167 243
9.3333 245
9.35 248
9.3667 251
9.3833 253
9.4 256
9.4167 258
9.4333 261
9.45 264
9.4667 266
9.4833 269
9.5 272
9.5167 274
9.5333 277
9.55 279
9.5667 282
9.5833 285
9.6 287
9.6167 290
9.6333 293
9.65 295
9.6667 298
9.6833 300
9.7 303
9.7167 306
9.7333 308
9.75 311
9.7667 313
9.7833 316
9.8 318
9.8167 321
9.8333 324
9.85 326
9.8667 329
9.8833 331
9.9 334
9.9167 336
9.9333 339
9.95 341
9.9667 344
9.9833 346
10.0 349
10.0167 351
10.0333 354
10.05 356
10.0667 359
10.0833 361
10.1 364
10.1167 366
10.1333 369
10.15 371
10.1667 374
10.1833 376
10.2 378
10.2167 381
10.2333 383
10.25 386
10.2667 388
10.2833 390
10.3 393
10.3167 395
10.3333 397
10.35 400
10.3667 402
10.3833 404
10.4 407
10.4167 409
10.4333 411
10.45 414
10.4667 416
10.4833 418
10.5 420
10.5167 423
10.5333 425
10.55 427
10.5667 429
10.5833 431
10.6 434
10.6167 436
10.6333 438
10.65 440
10.6667 442
10.6833 444
10.7 447
10.7167 449
10.7333 451
10.75 453
10.7667 455
10.7833 457
10.8 459
10.8167 461
10.8333 463
10.85 465
10.8667 467
10.8833 469
10.9 471
10.9167 473
10.9333 475
10.95 477
10.9667 479
10.9833 481
11.0 483
11.0167 484
11.0333 486
11.05 488
11.0667 490
11.0833 492
11.1 494
11.1167 495
11.1333 497
11.15 499
11.1667 501
11.1833 502
11.2 504
11.2167 506
11.2333 507
11.25 509
11.2667 511
11.2833 512
11.3 514
11.3167 516
11.3333 517
11.35 519
11.3667 520
11.3833 522
11.4 524
11.4167 525
11.4333 527
11.45 528
11.4667 530
11.4833 531
11.5 533
11.5167 534
11.5333 535
11.55 537
11.5667 538
11.5833 540
11.6 541
11.6167 542
11.6333 544
11.65 545
11.6667 546
11.6833 547
11.7 549
11.7167 550
11.7333 551
11.75 552
11.7667 554
11.7833 555
11.8 556
11.8167 557
11.8333 558
11.85 559
11.8667 560
11.8833 561
11.9 563
11.9167 564
11.9333 565
11.95 566
11.9667 567
11.9833 568
12.0 569
12.0167 570
12.0333 570
12.05 571
12.0667 572
12.0833 573
12.1 574
12.1167 575
12.1333 576
12.15 576
12.1667 577
12.1833 578
12.2 579
12.2167 580
12.2333 580
12.25 581
12.2667 582
12.2833 582
12.3 583
12.3167 584
12.3333 584
12.35 585
12.3667 585
12.3833 586
12.4 587
12.4167 587
12.4333 588
12.45 588
12.4667 589
12.4833 589
12.5 589
12.5167 590
12.5333 590
12.55 591
12.5667 591
12.5833 591
12.6 592
12.6167 592
12.6333 592
12.65 593
12.6667 593
12.6833 593
12.7 593
12.7167 594
12.7333 594
12.75 594
12.7667 594
12.7833 594
12.8 594
12.8167 594
12.8333 595
12.85 595
12.8667 595
12.8833 595
12.9 595
12.9167 595
12.9333 595
12.95 595
12.9667 595
12.9833 594
13.0 594
13.0167 594
13.0333 594
13.05 594
13.0667 594
13.0833 594
13.1 593
13.1167 593
13.1333 593
13.15 593
13.1667 592
13.1833 592
13.2 592
13.2167 592
13.2333 591
13.25 591
13.2667 590
13.2833 590
13.3 590
13.3167 589
13.3333 589
13.35 588
13.3667 588
13.3833 587
13.4 587
13.4167 586
13.4333 586
13.45 585
13.4667 584
13.4833 584
13.5 583
13.5167 583
13.5333 582
13.55 581
13.5667 581
13.5833 580
13.6 579
13.6167 578
13.6333 578
13.65 577
13.6667 576
13.6833 575
13.7 574
13.7167 573
13.7333 573
13.75 572
13.7667 571
13.7833 570
13.8 569
13.8167 568
13.8333 567
13.85 566
13.8667 565
13.8833 564
13.9 563
13.9167 562
13.9333 561
13.95 560
13.9667 559
13.9833 558
14.0 556
14.0167 555
14.0333 554
14.05 553
14.0667 552
14.0833 550
14.1 549
14.1167 548
14.1333 547
14.15 545
14.1667 544
14.1833 543
14.2 541
14.2167 540
14.2333 539
14.25 537
14.2667 536
14.2833 535
14.3 533
14.3167 532
14.3333 530
14.35 529
14.3667 527
14.3833 526
14.4 524
14.4167 523
14.4333 521
14.45 520
14.4667 518
14.4833 516
14.5 515
14.5167 513
14.5333 511
14.55 510
14.5667 508
14.5833 506
14.6 505
14.6167 503
14.6333 501
14.65 500
14.6667 498
14.6833 496
14.7 494
14.7167 492
14.7333 491
14.75 489
14.7667 487
14.7833 485
14.8 483
14.8167 481
14.8333 479
14.85 478
14.8667 476
14.8833 474
14.9 472
14.9167 470
14.9333 468
14.95 466
14.9667 464
14.9833 462
15.0 461
15.0167 459
15.0333 456
15.05 454
15.0667 452
15.0833 450
15.1 448
15.1167 446
15.1333 444
15.15 442
15.1667 440
15.1833 437
15.2 435
15.2167 433
15.2333 431
15.25 429
15.2667 427
15.2833 424
15.3 422
15.3167 420
15.3333 418
15.35 415
15.3667 413
15.3833 411
15.4 408
15.4167 406
15.4333 404
15.45 401
15.4667 399
15.4833 397
15.5 394
15.5167 392
15.5333 390
15.55 387
15.5667 385
15.5833 383
15.6 380
15.6167 378
15.6333 375
15.65 373
15.6667 370
15.6833 368
15.7 365
15.7167 363
15.7333 361
15.75 358
15.7667 356
15.7833 353
15.8 351
15.8167 348
15.8333 346
15.85 343
15.8667 341
15.8833 338
15.9 335
15.9167 333
15.9333 330
15.95 328
15.9667 325
15.9833 323
