9.0 372
9.0167 375
9.0333 377
9.05 380
9.0667 383
9.0833 386
9.1 388
9.1167 391
9.1333 394
9.15 397
9.1667 399
9.1833 402
9.2 405
9.2167 408
9.2333 410
9.25 413
9.2667 416
9.2833 418
9.3 421
9.3167 424
9.3333 426
9.35 429
9.3667 432
9.3833 434
9.4 437
9.4167 440
9.4333 442
9.45 445
9.4667 448
9.4833 450
9.5 453
9.5167 455
9.5333 458
9.55 461
9.5667 463
9.5833 466
9.6 468
9.6167 471
9.6333 473
9.65 476
9.6667 479
9.6833 481
9.7 484
9.7167 486
9.7333 489
9.75 491
9.7667 494
9.7833 496
9.8 499
9.8167 501
9.8333 503
9.85 506
9.8667 508
9.8833 511
9.9 513
9.9167 516
9.9333 518
9.95 520
9.9667 523
9.9833 525
10.0 527
10.0167 530
10.0333 532
10.05 534
10.0667 537
10.0833 539
10.1 541
10.1167 544
10.1333 546
10.15 548
10.1667 550
10.1833 553
10.2 555
10.2167 557
10.2333 559
10.25 561
10.2667 564
10.2833 566
10.3 568
10.3167 570
10.3333 572
10.35 574
10.3667 576
10.3833 579
10.4 581
10.4167 583
10.4333 585
10.45 587
10.4667 589
10.4833 591
10.5 593
10.5167 595
10.5333 597
10.55 599
10.5667 601
10.5833 603
10.6 605
10.6167 607
10.6333 608
10.65 610
10.6667 612
10.6833 614
10.7 616
10.7167 618
10.7333 620
10.75 621
10.7667 623
10.7833 625
10.8 627
10.8167 628
10.8333 630
10.85 632
10.8667 634
10.8833 635
10.9 637
10.9167 639
10.9333 640
10.95 642
10.9667 644
10.9833 645
11.0 647
11.0167 648
11.0333 650
11.05 652
11.0667 653
11.0833 655
11.1 656
11.1167 658
11.1333 659
11.15 661
11.1667 662
11.1833 663
11.2 665
11.2167 666
11.2333 668
11.25 669
11.2667 670
11.2833 672
11.3 673
11.3167 674
11.3333 676
11.35 677
11.3667 678
11.3833 679
11.4 681
11.4167 682
11.4333 683
11.45 684
11.4667 685
11.4833 687
11.5 688
11.5167 689
11.5333 690
11.55 691
11.5667 692
11.5833 693
11.6 694
11.6167 695
11.6333 696
11.65 697
11.6667 698
11.6833 699
11.7 700
11.7167 701
11.7333 702
11.75 703
11.7667 704
11.7833 704
11.8 705
11.8167 706
11.8333 707
11.85 708
11.8667 709
11.8833 709
11.9 710
11.9167 711
11.9333 711
11.95 712
11.9667 713
11.9833 713
12.0 714
12.0167 715
12.0333 715
12.05 716
12.0667 717
12.0833 717
12.1 718
12.1167 718
12.1333 719
12.15 719
12.1667 720
12.1833 720
12.2 721
12.2167 721
12.2333 721
12.25 722
12.2667 722
12.2833 722
12.3 723
12.3167 723
12.3333 723
12.35 724
12.3667 724
12.3833 724
12.4 724
12.4167 725
12.4333 725
12.45 725
12.4667 725
12.4833 725
12.5 725
12.5167 726
12.5333 726
12.55 726
12.5667 726
12.5833 726
12.6 726
12.6167 726
12.6333 726
12.65 726
12.6667 726
12.6833 726
12.7 726
12.7167 726
12.7333 726
12.75 725
12.7667 725
12.7833 725
12.8 725
12.8167 725
12.8333 724
12.85 724
12.8667 724
12.8833 724
12.9 723
12.9167 723
12.9333 723
12.95 723
12.9667 722
12.9833 722
13.0 721
13.0167 721
13.0333 721
13.05 720
13.0667 720
13.0833 719
13.1 719
13.1167 718
13.1333 718
13.15 717
13.1667 717
13.1833 716
13.2 715
13.2167 715
13.2333 714
13.25 714
13.2667 713
13.2833 712
13.3 712
13.3167 711
13.3333 710
13.35 709
13.3667 709
13.3833 708
13.4 707
13.4167 706
13.4333 705
13.45 705
13.4667 704
13.4833 703
13.5 702
13.5167 701
13.5333 700
13.55 699
13.5667 698
13.5833 697
13.6 696
13.6167 695
13.6333 694
13.65 693
13.6667 692
13.6833 691
13.7 690
13.7167 689
13.7333 688
13.75 687
13.7667 686
13.7833 684
13.8 683
13.8167 682
13.8333 681
13.85 680
13.8667 678
13.8833 677
13.9 676
13.9167 675
13.9333 673
13.95 672
13.9667 671
13.9833 669
14.0 668
14.0167 666
14.0333 665
14.05 664
14.0667 662
14.0833 661
14.1 659
14.1167 658
14.1333 656
14.15 655
14.1667 653
14.1833 652
14.2 650
14.2167 649
14.2333 647
14.25 646
14.2667 644
14.2833 642
14.3 641
14.3167 639
14.3333 637
14.35 636
14.3667 634
14.3833 632
14.4 631
14.4167 629
14.4333 627
14.45 625
14.4667 624
14.4833 622
14.5 620
14.5167 618
14.5333 616
14.55 614
14.5667 613
14.5833 611
14.6 609
14.6167 607
14.6333 605
14.65 603
14.6667 601
14.6833 599
14.7 597
14.7167 595
14.7333 593
14.75 591
14.7667 589
14.7833 587
14.8 585
14.8167 583
14.8333 581
14.85 579
14.8667 577
14.8833 575
14.9 573
14.9167 571
14.9333 568
14.95 566
14.9667 564
14.9833 562
15.0 560
15.0167 558
15.0333 555
15.05 553
15.0667 551
15.0833 549
15.1 546
15.1167 544
15.1333 542
15.15 540
15.1667 537
15.1833 535
15.2 533
15.2167 530
15.2333 528
15.25 526
15.2667 523
15.2833 521
15.3 519
15.3167 516
15.3333 514
15.35 511
15.3667 509
15.3833 507
15.4 504
15.4167 502
15.4333 499
15.45 497
15.4667 494
15.4833 492
15.5 489
15.5167 487
15.5333 484
15.55 482
15.5667 479
15.5833 477
15.6 474
15.6167 472
15.6333 469
15.65 466
15.6667 464
15.6833 461
15.7 459
15.7167 456
15.7333 454
15.75 451
15.7667 448
15.7833 446
15.8 443
15.8167 440
15.8333 438
15.85 435
15.8667 432
15.8833 430
15.9 427
15.9167 424
15.9333 422
15.95 419
15.9667 416
15.9833 414
