9.0 373
9.0167 376
9.0333 379
9.05 382
9.0667 385
9.0833 387
9.1 390
9.1167 393
9.1333 396
9.15 398
9.1667 401
9.1833 404
9.2 406
9.2167 409
9.2333 412
9.25 415
9.2667 417
9.2833 420
9.3 423
9.3167 425
9.3333 428
9.35 431
9.3667 433
9.3833 436
9.4 439
9.4167 441
9.4333 444
9.45 447
9.4667 449
9.4833 452
9.5 454
9.5167 457
9.5333 460
9.55 462
9.5667 465
9.5833 467
9.6 470
9.6167 472
9.6333 475
9.65 477
9.6667 480
9.6833 483
9.7 485
9.7167 488
9.7333 490
9.75 493
9.7667 495
9.7833 497
9.8 500
9.8167 502
9.8333 505
9.85 507
9.8667 510
9.8833 512
9.9 515
9.9167 517
9.9333 519
9.95 522
9.9667 524
9.9833 526
10.0 529
10.0167 531
10.0333 533
10.05 536
10.0667 538
10.0833 540
10.1 543
10.1167 545
10.1333 547
10.15 549
10.1667 552
10.1833 554
10.2 556
10.2167 558
10.2333 560
10.25 563
10.2667 565
10.2833 567
10.3 569
10.3167 571
10.3333 573
10.35 575
10.3667 578
10.3833 580
10.4 582
10.4167 584
10.4333 586
10.45 588
10.4667 590
10.4833 592
10.5 594
10.5167 596
10.5333 598
10.55 600
10.5667 602
10.5833 604
10.6 606
10.6167 608
10.6333 609
10.65 611
10.6667 613
10.6833 615
10.7 617
10.7167 619
10.7333 621
10.75 622
10.7667 624
10.7833 626
10.8 628
10.8167 629
10.8333 631
10.85 633
10.8667 635
10.8833 636
10.9 638
10.9167 640
10.9333 641
10.95 643
10.9667 644
10.9833 646
11.0 648
11.0167 649
11.0333 651
11.05 652
11.0667 654
11.0833 655
11.1 657
11.1167 658
11.1333 660
11.15 661
11.1667 663
11.1833 664
11.2 666
11.2167 667
11.2333 668
11.25 670
11.2667 671
11.2833 672
11.3 674
11.3167 675
11.3333 676
11.35 678
11.3667 679
11.3833 680
11.4 681
11.4167 682
11.4333 684
11.45 685
11.4667 686
11.4833 687
11.5 688
11.5167 689
11.5333 691
11.55 692
11.5667 693
11.5833 694
11.6 695
11.6167 696
11.6333 697
11.65 698
11.6667 699
11.6833 700
11.7 701
11.7167 702
11.7333 702
11.75 703
11.7667 704
11.7833 705
11.8 706
11.8167 707
11.8333 707
11.85 708
11.8667 709
11.8833 710
11.9 711
11.9167 711
11.9333 712
11.95 713
11.9667 713
11.9833 714
12.0 715
12.0167 715
12.0333 716
12.05 716
12.0667 717
12.0833 718
12.1 718
12.1167 719
12.1333 719
12.15 720
12.1667 720
12.1833 721
12.2 721
12.2167 721
12.2333 722
12.25 722
12.2667 723
12.2833 723
12.3 723
12.3167 724
12.3333 724
12.35 724
12.3667 724
12.3833 725
12.4 725
12.4167 725
12.4333 725
12.45 725
12.4667 726
12.4833 726
12.5 726
12.5167 726
12.5333 726
12.55 726
12.5667 726
12.5833 726
12.6 726
12.6167 726
12.6333 726
12.65 726
12.6667 726
12.6833 726
12.7 726
12.7167 726
12.7333 726
12.75 726
12.7667 726
12.7833 725
12.8 725
12.8167 725
12.8333 725
12.85 725
12.8667 724
12.8833 724
12.9 724
12.9167 724
12.9333 723
12.95 723
12.9667 723
12.9833 722
13.0 722
13.0167 721
13.0333 721
13.05 720
13.0667 720
13.0833 720
13.1 719
13.1167 719
13.1333 718
13.15 718
13.1667 717
13.1833 716
13.2 716
13.2167 715
13.2333 715
13.25 714
13.2667 713
13.2833 713
13.3 712
13.3167 711
13.3333 710
13.35 710
13.3667 709
13.3833 708
13.4 707
13.4167 707
13.4333 706
13.45 705
13.4667 704
13.4833 703
13.5 702
13.5167 701
13.5333 701
13.55 700
13.5667 699
13.5833 698
13.6 697
13.6167 696
13.6333 695
13.65 694
13.6667 693
13.6833 692
13.7 690
13.7167 689
13.7333 688
13.75 687
13.7667 686
13.7833 685
13.8 684
13.8167 682
13.8333 681
13.85 680
13.8667 679
13.8833 677
13.9 676
13.9167 675
13.9333 674
13.95 672
13.9667 671
13.9833 670
14.0 668
14.0167 667
14.0333 665
14.05 664
14.0667 663
14.0833 661
14.1 660
14.1167 658
14.1333 657
14.15 655
14.1667 654
14.1833 652
14.2 651
14.2167 649
14.2333 648
14.25 646
14.2667 644
14.2833 643
14.3 641
14.3167 639
14.3333 638
14.35 636
14.3667 634
14.3833 633
14.4 631
14.4167 629
14.4333 628
14.45 626
14.4667 624
14.4833 622
14.5 620
14.5167 619
14.5333 617
14.55 615
14.5667 613
14.5833 611
14.6 609
14.6167 607
14.6333 605
14.65 604
14.6667 602
14.6833 600
14.7 598
14.7167 596
14.7333 594
14.75 592
14.7667 590
14.7833 588
14.8 586
14.8167 584
14.8333 582
14.85 579
14.8667 577
14.8833 575
14.9 573
14.9167 571
14.9333 569
14.95 567
14.9667 565
14.9833 562
15.0 560
15.0167 558
15.0333 556
15.05 554
15.0667 552
15.0833 549
15.1 547
15.1167 545
15.1333 543
15.15 540
15.1667 538
15.1833 536
15.2 533
15.2167 531
15.2333 529
15.25 526
15.2667 524
15.2833 522
15.3 519
15.3167 517
15.3333 514
15.35 512
15.3667 510
15.3833 507
15.4 505
15.4167 502
15.4333 500
15.45 497
15.4667 495
15.4833 493
15.5 490
15.5167 488
15.5333 485
15.55 482
15.5667 480
15.5833 477
15.6 475
15.6167 472
15.6333 470
15.65 467
15.6667 465
15.6833 462
15.7 460
15.7167 457
15.7333 454
15.75 452
15.7667 449
15.7833 446
15.8 444
15.8167 441
15.8333 439
15.85 436
15.8667 433
15.8833 431
15.9 428
15.9167 425
15.9333 423
15.95 420
15.9667 417
15.9833 415
