9.0 207
9.0167 210
9.0333 213
9.05 216
9.0667 218
9.0833 221
9.1 223
9.1167 226
9.1333 228
9.15 231
9.1667 233
9.1833 236
9.2 239
9.2167 241
9.2333 244
9.25 246
9.2667 249
9.2833 252
9.3 254
9.3167 257
9.3333 259
9.35 262
9.3667 264
9.3833 267
9.4 270
9.4167 272
9.4333 275
9.45 277
9.4667 280
9.4833 283
9.5 285
9.5167 288
9.5333 290
9.55 293
9.5667 295
9.5833 298
9.6 301
9.6167 303
9.6333 306
9.65 308
9.6667 311
9.6833 313
9.7 316
9.7167 318
9.7333 321
9.75 323
9.7667 326
9.7833 329
9.8 331
9.8167 334
9.8333 336
9.85 339
9.8667 341
9.8833 344
9.9 346
9.9167 349
9.9333 351
9.95 353
9.9667 356
9.9833 358
10.0 361
10.0167 363
10.0333 366
10.05 368
10.0667 371
10.0833 373
10.1 375
10.1167 378
10.1333 380
10.15 383
10.1667 385
10.1833 387
10.2 390
10.2167 392
10.2333 394
10.25 397
10.2667 399
10.2833 401
10.3 404
10.3167 406
10.3333 408
10.35 411
10.3667 413
10.3833 415
10.4 417
10.4167 420
10.4333 422
10.45 424
10.4667 426
10.4833 428
10.5 431
10.5167 433
10.5333 435
10.55 437
10.5667 439
10.5833 441
10.6 444
10.6167 446
10.6333 448
10.65 450
10.6667 452
10.6833 454
10.7 456
10.7167 458
10.7333 460
10.75 462
10.7667 464
10.7833 466
10.8 468
10.8167 470
10.8333 472
10.85 474
10.8667 476
10.8833 478
10.9 480
10.9167 482
10.9333 484
10.95 485
10.9667 487
10.9833 489
11.0 491
11.0167 493
11.0333 495
11.05 496
11.0667 498
11.0833 500
11.1 502
11.1167 503
11.1333 505
11.15 507
11.1667 509
11.1833 510
11.2 512
11.2167 514
11.2333 515
11.25 517
11.2667 518
11.2833 520
11.3 522
11.3167 523
11.3333 525
11.35 526
11.3667 528
11.3833 529
11.4 531
11.4167 532
11.4333 534
11.45 535
11.4667 537
11.4833 538
11.5 539
11.5167 541
11.5333 542
11.55 544
11.5667 545
11.5833 546
11.6 548
11.6167 549
11.6333 550
11.65 551
11.6667 553
11.6833 554
11.7 555
11.7167 556
11.7333 557
11.75 559
11.7667 560
11.7833 561
11.8 562
11.8167 563
11.8333 564
11.85 565
11.8667 566
11.8833 567
11.9 568
11.9167 569
11.9333 570
11.95 571
11.9667 572
11.9833 573
12.0 574
12.0167 575
12.0333 576
12.05 577
12.0667 578
12.0833 578
12.1 579
12.1167 580
12.1333 581
12.15 582
12.1667 582
12.1833 583
12.2 584
12.2167 585
12.2333 585
12.25 586
12.2667 587
12.2833 587
12.3 588
12.3167 588
12.3333 589
12.35 589
12.3667 590
12.3833 591
12.4 591
12.4167 592
12.4333 592
12.45 592
12.4667 593
12.4833 593
12.5 594
12.5167 594
12.5333 595
12.55 595
12.5667 595
12.5833 596
12.6 596
12.6167 596
12.6333 596
12.65 597
12.6667 597
12.6833 597
12.7 597
12.7167 597
12.7333 598
12.75 598
12.7667 598
12.7833 598
12.8 598
12.8167 598
12.8333 598
12.85 598
12.8667 598
12.8833 598
12.9 598
12.9167 598
12.9333 598
12.95 598
12.9667 598
12.9833 598
13.0 598
13.0167 598
13.0333 597
13.05 597
13.0667 597
13.0833 597
13.1 597
13.1167 596
13.1333 596
13.15 596
13.1667 595
13.1833 595
13.2 595
13.2167 594
13.2333 594
13.25 594
13.2667 593
13.2833 593
13.3 592
13.3167 592
13.3333 592
13.35 591
13.3667 591
13.3833 590
13.4 589
13.4167 589
13.4333 588
13.45 588
13.4667 587
13.4833 586
13.5 586
13.5167 585
13.5333 584
13.55 584
13.5667 583
13.5833 582
13.6 582
13.6167 581
13.6333 580
13.65 579
13.6667 578
13.6833 578
13.7 577
13.7167 576
13.7333 575
13.75 574
13.7667 573
13.7833 572
13.8 571
13.8167 570
13.8333 569
13.85 568
13.8667 567
13.8833 566
13.9 565
13.9167 564
13.9333 563
13.95 562
13.9667 561
13.9833 560
14.0 558
14.0167 557
14.0333 556
14.05 555
14.0667 554
14.0833 553
14.1 551
14.1167 550
14.1333 549
14.15 547
14.1667 546
14.1833 545
14.2 543
14.2167 542
14.2333 541
14.25 539
14.2667 538
14.2833 537
14.3 535
14.3167 534
14.3333 532
14.35 531
14.3667 529
14.3833 528
14.4 526
14.4167 525
14.4333 523
14.45 521
14.4667 520
14.4833 518
14.5 517
14.5167 515
14.5333 513
14.55 512
14.5667 510
14.5833 508
14.6 507
14.6167 505
14.6333 503
14.65 502
14.6667 500
14.6833 498
14.7 496
14.7167 494
14.7333 493
14.75 491
14.7667 489
14.7833 487
14.8 485
14.8167 483
14.8333 482
14.85 480
14.8667 478
14.8833 476
14.9 474
14.9167 472
14.9333 470
14.95 468
14.9667 466
14.9833 464
15.0 463
15.0167 461
15.0333 459
15.05 457
15.0667 454
15.0833 452
15.1 450
15.1167 448
15.1333 446
15.15 444
15.1667 442
15.1833 440
15.2 438
15.2167 435
15.2333 433
15.25 431
15.2667 429
15.2833 427
15.3 424
15.3167 422
15.3333 420
15.35 418
15.3667 415
15.3833 413
15.4 411
15.4167 409
15.4333 406
15.45 404
15.4667 402
15.4833 399
15.5 397
15.5167 395
15.5333 392
15.55 390
15.5667 388
15.5833 385
15.6 383
15.6167 381
15.6333 378
15.65 376
15.6667 373
15.6833 371
15.7 369
15.7167 366
15.7333 364
15.75 361
15.7667 359
15.7833 356
15.8 354
15.8167 351
15.8333 349
15.85 346
15.8667 344
15.8833 341
15.9 339
15.9167 336
15.9333 334
15.95 331
15.9667 329
15.9833 326
