9.0 331
9.0167 334
9.0333 337
9.05 340
9.0667 343
9.0833 346
9.1 348
9.1167 351
9.1333 354
9.15 357
9.1667 360
9.1833 362
9.2 365
9.2167 368
9.2333 371
9.25 373
9.2667 376
9.2833 379
9.3 382
9.3167 384
9.3333 387
9.35 390
9.3667 393
9.3833 395
9.4 398
9.4167 401
9.4333 404
9.45 406
9.4667 409
9.4833 412
9.5 414
9.5167 417
9.5333 420
9.55 422
9.5667 425
9.5833 428
9.6 430
9.6167 433
9.6333 436
9.65 438
9.6667 441
9.6833 443
9.7 446
9.7167 449
9.7333 451
9.75 454
9.7667 456
9.7833 459
9.8 462
9.8167 464
9.8333 467
9.85 469
9.8667 472
9.8833 474
9.9 477
9.9167 479
9.9333 482
9.95 484
9.9667 487
9.9833 489
10.0 492
10.0167 494
10.0333 496
10.05 499
10.0667 501
10.0833 504
10.1 506
10.1167 508
10.1333 511
10.15 513
10.1667 516
10.1833 518
10.2 520
10.2167 523
10.2333 525
10.25 527
10.2667 529
10.2833 532
10.3 534
10.3167 536
10.3333 538
10.35 541
10.3667 543
10.3833 545
10.4 547
10.4167 549
10.4333 552
10.45 554
10.4667 556
10.4833 558
10.5 560
10.5167 562
10.5333 564
10.55 566
10.5667 568
10.5833 570
10.6 572
10.6167 574
10.6333 576
10.65 578
10.6667 580
10.6833 582
10.7 584
10.7167 586
10.7333 588
10.75 590
10.7667 592
10.7833 594
10.8 596
10.8167 598
10.8333 600
10.85 601
10.8667 603
10.8833 605
10.9 607
10.9167 609
10.9333 610
10.95 612
10.9667 614
10.9833 615
11.0 617
11.0167 619
11.0333 621
11.05 622
11.0667 624
11.0833 625
11.1 627
11.1167 629
11.1333 630
11.15 632
11.1667 633
11.1833 635
11.2 636
11.2167 638
11.2333 639
11.25 641
11.2667 642
11.2833 644
11.3 645
11.3167 647
11.3333 648
11.35 649
11.3667 651
11.3833 652
11.4 653
11.4167 655
11.4333 656
11.45 657
11.4667 659
11.4833 660
11.5 661
11.5167 662
11.5333 663
11.55 665
11.5667 666
11.5833 667
11.6 668
11.6167 669
11.6333 670
11.65 671
11.6667 672
11.6833 674
11.7 675
11.7167 676
11.7333 677
11.75 678
11.7667 679
11.7833 680
11.8 680
11.8167 681
11.8333 682
11.85 683
11.8667 684
11.8833 685
11.9 686
11.9167 686
11.9333 687
11.95 688
11.9667 689
11.9833 690
12.0 690
12.0167 691
12.0333 692
12.05 692
12.0667 693
12.0833 694
12.1 694
12.1167 695
12.1333 695
12.15 696
12.1667 697
12.1833 697
12.2 698
12.2167 698
12.2333 699
12.25 699
12.2667 700
12.2833 700
12.3 700
12.3167 701
12.3333 701
12.35 702
12.3667 702
12.3833 702
12.4 703
12.4167 703
12.4333 703
12.45 703
12.4667 704
12.4833 704
12.5 704
12.5167 704
12.5333 704
12.55 705
12.5667 705
12.5833 705
12.6 705
12.6167 705
12.6333 705
12.65 705
12.6667 705
12.6833 705
12.7 705
12.7167 705
12.7333 705
12.75 705
12.7667 705
12.7833 705
12.8 705
12.8167 704
12.8333 704
12.85 704
12.8667 704
12.8833 704
12.9 704
12.9167 703
12.9333 703
12.95 703
12.9667 702
12.9833 702
13.0 702
13.0167 701
13.0333 701
13.05 701
13.0667 700
13.0833 700
13.1 699
13.1167 699
13.1333 699
13.15 698
13.1667 698
13.1833 697
13.2 696
13.2167 696
13.2333 695
13.25 695
13.2667 694
13.2833 693
13.3 693
13.3167 692
13.3333 692
13.35 691
13.3667 690
13.3833 689
13.4 689
13.4167 688
13.4333 687
13.45 686
13.4667 685
13.4833 685
13.5 684
13.5167 683
13.5333 682
13.55 681
13.5667 680
13.5833 679
13.6 678
13.6167 677
13.6333 676
13.65 675
13.6667 674
13.6833 673
13.7 672
13.7167 671
13.7333 670
13.75 669
13.7667 668
13.7833 667
13.8 666
13.8167 664
13.8333 663
13.85 662
13.8667 661
13.8833 659
13.9 658
13.9167 657
13.9333 656
13.95 654
13.9667 653
13.9833 652
14.0 650
14.0167 649
14.0333 648
14.05 646
14.0667 645
14.0833 643
14.1 642
14.1167 640
14.1333 639
14.15 637
14.1667 636
14.1833 634
14.2 633
14.2167 631
14.2333 630
14.25 628
14.2667 627
14.2833 625
14.3 623
14.3167 622
14.3333 620
14.35 618
14.3667 617
14.3833 615
14.4 613
14.4167 612
14.4333 610
14.45 608
14.4667 606
14.4833 604
14.5 603
14.5167 601
14.5333 599
14.55 597
14.5667 595
14.5833 593
14.6 592
14.6167 590
14.6333 588
14.65 586
14.6667 584
14.6833 582
14.7 580
14.7167 578
14.7333 576
14.75 574
14.7667 572
14.7833 570
14.8 568
14.8167 566
14.8333 564
14.85 562
14.8667 559
14.8833 557
14.9 555
14.9167 553
14.9333 551
14.95 549
14.9667 547
14.9833 544
15.0 542
15.0167 540
15.0333 538
15.05 536
15.0667 533
15.0833 531
15.1 529
15.1167 527
15.1333 524
15.15 522
15.1667 520
15.1833 517
15.2 515
15.2167 513
15.2333 510
15.25 508
15.2667 506
15.2833 503
15.3 501
15.3167 498
15.3333 496
15.35 494
15.3667 491
15.3833 489
15.4 486
15.4167 484
15.4333 481
15.45 479
15.4667 476
15.4833 474
15.5 471
15.5167 469
15.5333 466
15.55 464
15.5667 461
15.5833 459
15.6 456
15.6167 453
15.6333 451
15.65 448
15.6667 446
15.6833 443
15.7 440
15.7167 438
15.7333 435
15.75 432
15.7667 430
15.7833 427
15.8 424
15.8167 422
15.8333 419
15.85 416
15.8667 414
15.8833 411
15.9 408
15.9167 406
15.9333 403
15.95 400
15.9667 398
15.9833 395
