9.0 140
9.0167 143
9.0333 145
9.05 147
9.0667 149
9.0833 151
9.1 154
9.1167 156
9.1333 158
9.15 160
9.1667 162
9.1833 165
9.2 167
9.2167 169
9.2333 171
9.25 174
9.2667 176
9.2833 178
9.3 180
9.3167 183
9.3333 185
9.35 187
9.3667 189
9.3833 192
9.4 194
9.4167 196
9.4333 199
9.45 201
9.4667 203
9.4833 205
9.5 208
9.5167 210
9.5333 212
9.55 215
9.5667 217
9.5833 219
9.6 221
9.6167 224
9.6333 226
9.65 228
9.6667 231
9.6833 233
9.7 235
9.7167 237
9.7333 240
9.75 242
9.7667 244
9.7833 247
9.8 249
9.8167 251
9.8333 253
9.85 256
9.8667 258
9.8833 260
9.9 262
9.9167 265
9.9333 267
9.95 269
9.9667 271
9.9833 274
10.0 276
10.0167 278
10.0333 280
10.05 282
10.0667 285
10.0833 287
10.1 289
10.1167 291
10.1333 293
10.15 296
10.1667 298
10.1833 300
10.2 302
10.2167 304
10.2333 306
10.25 308
10.2667 311
10.2833 313
10.3 315
10.3167 317
10.3333 319
10.35 321
10.3667 323
10.3833 325
10.4 327
10.4167 329
10.4333 331
10.45 333
10.4667 336
10.4833 338
10.5 340
10.5167 342
10.5333 344
10.55 346
10.5667 348
10.5833 350
10.6 351
10.6167 353
10.6333 355
10.65 357
10.6667 359
10.6833 361
10.7 363
10.7167 365
10.7333 367
10.75 369
10.7667 371
10.7833 372
10.8 374
10.8167 376
10.8333 378
10.85 380
10.8667 381
10.8833 383
10.9 385
10.9167 387
10.9333 388
10.95 390
10.9667 392
10.9833 394
11.0 395
11.0167 397
11.0333 399
11.05 400
11.0667 402
11.0833 404
11.1 405
11.1167 407
11.1333 408
11.15 410
11.1667 412
11.1833 413
11.2 415
11.2167 416
11.2333 418
11.25 419
11.2667 421
11.2833 422
11.3 424
11.3167 425
11.3333 427
11.35 428
11.3667 429
11.3833 431
11.4 432
11.4167 434
11.4333 435
11.45 436
11.4667 438
11.4833 439
11.5 440
11.5167 442
11.5333 443
11.55 444
11.5667 445
11.5833 447
11.6 448
11.6167 449
11.6333 450
11.65 451
11.6667 452
11.6833 454
11.7 455
11.7167 456
11.7333 457
11.75 458
11.7667 459
11.7833 460
11.8 461
11.8167 462
11.8333 463
11.85 464
11.8667 465
11.8833 466
11.9 467
11.9167 468
11.9333 469
11.95 470
11.9667 471
11.9833 471
12.0 472
12.0167 473
12.0333 474
12.05 475
12.0667 476
12.0833 476
12.1 477
12.1167 478
12.1333 479
12.15 479
12.1667 480
12.1833 481
12.2 481
12.2167 482
12.2333 483
12.25 483
12.2667 484
12.2833 484
12.3 485
12.3167 485
12.3333 486
12.35 486
12.3667 487
12.3833 487
12.4 488
12.4167 488
12.4333 489
12.45 489
12.4667 490
12.4833 490
12.5 490
12.5167 491
12.5333 491
12.55 491
12.5667 492
12.5833 492
12.6 492
12.6167 492
12.6333 493
12.65 493
12.6667 493
12.6833 493
12.7 493
12.7167 494
12.7333 494
12.75 494
12.7667 494
12.7833 494
12.8 494
12.8167 494
12.8333 494
12.85 494
12.8667 494
12.8833 494
12.9 494
12.9167 494
12.9333 494
12.95 494
12.9667 494
12.9833 494
13.0 493
13.0167 493
13.0333 493
13.05 493
13.0667 493
13.0833 493
13.1 492
13.1167 492
13.1333 492
13.15 492
13.1667 491
13.1833 491
13.2 491
13.2167 490
13.2333 490
13.25 489
13.2667 489
13.2833 489
13.3 488
13.3167 488
13.3333 487
13.35 487
13.3667 486
13.3833 486
13.4 485
13.4167 485
13.4333 484
13.45 484
13.4667 483
13.4833 482
13.5 482
13.5167 481
13.5333 480
13.55 480
13.5667 479
13.5833 478
13.6 478
13.6167 477
13.6333 476
13.65 475
13.6667 475
13.6833 474
13.7 473
13.7167 472
13.7333 471
13.75 470
13.7667 470
13.7833 469
13.8 468
13.8167 467
13.8333 466
13.85 465
13.8667 464
13.8833 463
13.9 462
13.9167 461
13.9333 460
13.95 459
13.9667 458
13.9833 457
14.0 456
14.0167 454
14.0333 453
14.05 452
14.0667 451
14.0833 450
14.1 449
14.1167 447
14.1333 446
14.15 445
14.1667 444
14.1833 443
14.2 441
14.2167 440
14.2333 439
14.25 437
14.2667 436
14.2833 435
14.3 433
14.3167 432
14.3333 431
14.35 429
14.3667 428
14.3833 426
14.4 425
14.4167 423
14.4333 422
14.45 420
14.4667 419
14.4833 417
14.5 416
14.5167 414
14.5333 413
14.55 411
14.5667 410
14.5833 408
14.6 406
14.6167 405
14.6333 403
14.65 402
14.6667 400
14.6833 398
14.7 397
14.7167 395
14.7333 393
14.75 392
14.7667 390
14.7833 388
14.8 386
14.8167 385
14.8333 383
14.85 381
14.8667 379
14.8833 377
14.9 376
14.9167 374
14.9333 372
14.95 370
14.9667 368
14.9833 366
15.0 365
15.0167 363
15.0333 361
15.05 359
15.0667 358
15.0833 356
15.1 354
15.1167 352
15.1333 350
15.15 348
15.1667 346
15.1833 344
15.2 342
15.2167 340
15.2333 338
15.25 336
15.2667 334
15.2833 332
15.3 330
15.3167 328
15.3333 326
15.35 323
15.3667 321
15.3833 319
15.4 317
15.4167 315
15.4333 313
15.45 311
15.4667 309
15.4833 307
15.5 304
15.5167 302
15.5333 300
15.55 298
15.5667 296
15.5833 294
15.6 291
15.6167 289
15.6333 287
15.65 285
15.6667 283
15.6833 280
15.7 278
15.7167 276
15.7333 274
15.75 271
15.7667 269
15.7833 267
15.8 265
15.8167 262
15.8333 260
15.85 258
15.8667 256
15.8833 253
15.9 251
15.9167 249
15.9333 247
15.95 244
15.9667 242
15.9833 240
