9.0 362
9.0167 365
9.0333 368
9.05 370
9.0667 373
9.0833 376
9.1 379
9.1167 382
9.1333 384
9.15 387
9.1667 390
9.1833 393
9.2 395
9.2167 398
9.2333 401
9.25 403
9.2667 406
9.2833 409
9.3 412
9.3167 414
9.3333 417
9.35 420
9.3667 422
9.3833 425
9.4 428
9.4167 430
9.4333 433
9.45 436
9.4667 438
9.4833 441
9.5 444
9.5167 446
9.5333 449
9.55 452
9.5667 454
9.5833 457
9.6 459
9.6167 462
9.6333 465
9.65 467
9.6667 470
9.6833 472
9.7 475
9.7167 477
9.7333 480
9.75 482
9.7667 485
9.7833 487
9.8 490
9.8167 492
9.8333 495
9.85 497
9.8667 500
9.8833 502
9.9 505
9.9167 507
9.9333 510
9.95 512
9.9667 514
9.9833 517
10.0 519
10.0167 522
10.0333 524
10.05 526
10.0667 529
10.0833 531
10.1 533
10.1167 536
10.1333 538
10.15 540
10.1667 542
10.1833 545
10.2 547
10.2167 549
10.2333 551
10.25 554
10.2667 556
10.2833 558
10.3 560
10.3167 562
10.3333 565
10.35 567
10.3667 569
10.3833 571
10.4 573
10.4167 575
10.4333 577
10.45 579
10.4667 581
10.4833 584
10.5 586
10.5167 588
10.5333 590
10.55 592
10.5667 594
10.5833 596
10.6 598
10.6167 599
10.6333 601
10.65 603
10.6667 605
10.6833 607
10.7 609
10.7167 611
10.7333 613
10.75 615
10.7667 616
10.7833 618
10.8 620
10.8167 622
10.8333 624
10.85 625
10.8667 627
10.8833 629
10.9 630
10.9167 632
10.9333 634
10.95 636
10.9667 637
10.9833 639
11.0 640
11.0167 642
11.0333 644
11.05 645
11.0667 647
11.0833 648
11.1 650
11.1167 651
11.1333 653
11.15 654
11.1667 656
11.1833 657
11.2 659
11.2167 660
11.2333 662
11.25 663
11.2667 664
11.2833 666
11.3 667
11.3167 668
11.3333 670
11.35 671
11.3667 672
11.3833 674
11.4 675
11.4167 676
11.4333 677
11.45 679
11.4667 680
11.4833 681
11.5 682
11.5167 683
11.5333 684
11.55 685
11.5667 687
11.5833 688
11.6 689
11.6167 690
11.6333 691
11.65 692
11.6667 693
11.6833 694
11.7 695
11.7167 696
11.7333 697
11.75 698
11.7667 698
11.7833 699
11.8 700
11.8167 701
11.8333 702
11.85 703
11.8667 703
11.8833 704
11.9 705
11.9167 706
11.9333 706
11.95 707
11.9667 708
11.9833 709
12.0 709
12.0167 710
12.0333 711
12.05 711
12.0667 712
12.0833 712
12.1 713
12.1167 713
12.1333 714
12.15 714
12.1667 715
12.1833 715
12.2 716
12.2167 716
12.2333 717
12.25 717
12.2667 718
12.2833 718
12.3 718
12.3167 719
12.3333 719
12.35 719
12.3667 719
12.3833 720
12.4 720
12.4167 720
12.4333 720
12.45 721
12.4667 721
12.4833 721
12.5 721
12.5167 721
12.5333 721
12.55 721
12.5667 722
12.5833 722
12.6 722
12.6167 722
12.6333 722
12.65 722
12.6667 722
12.6833 722
12.7 722
12.7167 721
12.7333 721
12.75 721
12.7667 721
12.7833 721
12.8 721
12.8167 721
12.8333 720
12.85 720
12.8667 720
12.8833 720
12.9 719
12.9167 719
12.9333 719
12.95 718
12.9667 718
12.9833 718
13.0 717
13.0167 717
13.0333 717
13.05 716
13.0667 716
13.0833 715
13.1 715
13.1167 714
13.1333 714
13.15 713
13.1667 713
13.1833 712
13.2 712
13.2167 711
13.2333 710
13.25 710
13.2667 709
13.2833 708
13.3 708
13.3167 707
13.3333 706
13.35 706
13.3667 705
13.3833 704
13.4 703
13.4167 702
13.4333 702
13.45 701
13.4667 700
13.4833 699
13.5 698
13.5167 697
13.5333 696
13.55 695
13.5667 694
13.5833 694
13.6 693
13.6167 692
13.6333 691
13.65 689
13.6667 688
13.6833 687
13.7 686
13.7167 685
13.7333 684
13.75 683
13.7667 682
13.7833 681
13.8 679
13.8167 678
13.8333 677
13.85 676
13.8667 675
13.8833 673
13.9 672
13.9167 671
13.9333 669
13.95 668
13.9667 667
13.9833 665
14.0 664
14.0167 663
14.0333 661
14.05 660
14.0667 658
14.0833 657
14.1 655
14.1167 654
14.1333 653
14.15 651
14.1667 649
14.1833 648
14.2 646
14.2167 645
14.2333 643
14.25 642
14.2667 640
14.2833 638
14.3 637
14.3167 635
14.3333 633
14.35 632
14.3667 630
14.3833 628
14.4 627
14.4167 625
14.4333 623
14.45 621
14.4667 620
14.4833 618
14.5 616
14.5167 614
14.5333 612
14.55 610
14.5667 609
14.5833 607
14.6 605
14.6167 603
14.6333 601
14.65 599
14.6667 597
14.6833 595
14.7 593
14.7167 591
14.7333 589
14.75 587
14.7667 585
14.7833 583
14.8 581
14.8167 579
14.8333 577
14.85 575
14.8667 573
14.8833 570
14.9 568
14.9167 566
14.9333 564
14.95 562
14.9667 560
14.9833 558
15.0 556
15.0167 553
15.0333 551
15.05 549
15.0667 547
15.0833 544
15.1 542
15.1167 540
15.1333 538
15.15 535
15.1667 533
15.1833 531
15.2 528
15.2167 526
15.2333 524
15.25 521
15.2667 519
15.2833 516
15.3 514
15.3167 512
15.3333 509
15.35 507
15.3667 504
15.3833 502
15.4 499
15.4167 497
15.4333 495
15.45 492
15.4667 490
15.4833 487
15.5 485
15.5167 482
15.5333 479
15.55 477
15.5667 474
15.5833 472
15.6 469
15.6167 467
15.6333 464
15.65 462
15.6667 459
15.6833 456
15.7 454
15.7167 451
15.7333 449
15.75 446
15.7667 443
15.7833 441
15.8 438
15.8167 435
15.8333 433
15.85 430
15.8667 427
15.8833 425
15.9 422
15.9167 419
15.9333 417
15.95 414
15.9667 411
15.9833 408
