9.0 371
9.0167 374
9.0333 376
9.05 379
9.0667 382
9.0833 384
9.1 387
9.1167 390
9.1333 392
9.15 395
9.1667 397
9.1833 400
9.2 403
9.2167 405
9.2333 408
9.25 411
9.2667 413
9.2833 416
9.3 418
9.3167 421
9.3333 424
9.35 426
9.3667 429
9.3833 431
9.4 434
9.4167 437
9.4333 439
9.45 442
9.4667 444
9.4833 447
9.5 449
9.5167 452
9.5333 454
9.55 457
9.5667 459
9.5833 462
9.6 464
9.6167 467
9.6333 469
9.65 472
9.6667 474
9.6833 477
9.7 479
9.7167 482
9.7333 484
9.75 487
9.7667 489
9.7833 491
9.8 494
9.8167 496
9.8333 499
9.85 501
9.8667 503
9.8833 506
9.9 508
9.9167 510
9.9333 513
9.95 515
9.9667 517
9.9833 520
10.0 522
10.0167 524
10.0333 527
10.05 529
10.0667 531
10.0833 533
10.1 536
10.1167 538
10.1333 540
10.15 542
10.1667 545
10.1833 547
10.2 549
10.2167 551
10.2333 553
10.25 555
10.2667 558
10.2833 560
10.3 562
10.3167 564
10.3333 566
10.35 568
10.3667 570
10.3833 572
10.4 574
10.4167 576
10.4333 578
10.45 580
10.4667 583
10.4833 585
10.5 586
10.5167 588
10.5333 590
10.55 592
10.5667 594
10.5833 596
10.6 598
10.6167 600
10.6333 602
10.65 604
10.6667 606
10.6833 608
10.7 609
10.7167 611
10.7333 613
10.75 615
10.7667 617
10.7833 618
10.8 620
10.8167 622
10.8333 624
10.85 625
10.8667 627
10.8833 629
10.9 631
10.9167 632
10.9333 634
10.95 636
10.9667 637
10.9833 639
11.0 640
11.0167 642
11.0333 644
11.05 645
11.0667 647
11.0833 648
11.1 650
11.1167 651
11.1333 653
11.15 654
11.1667 656
11.1833 657
11.2 659
11.2167 660
11.2333 661
11.25 663
11.2667 664
11.2833 666
11.3 667
11.3167 668
11.3333 670
11.35 671
11.3667 672
11.3833 674
11.4 675
11.4167 676
11.4333 677
11.45 679
11.4667 680
11.4833 681
11.5 682
11.5167 683
11.5333 684
11.55 686
11.5667 687
11.5833 688
11.6 689
11.6167 690
11.6333 691
11.65 692
11.6667 693
11.6833 694
11.7 695
11.7167 696
11.7333 697
11.75 698
11.7667 699
11.7833 700
11.8 701
11.8167 702
11.8333 703
11.85 703
11.8667 704
11.8833 705
11.9 706
11.9167 707
11.9333 708
11.95 708
11.9667 709
11.9833 710
12.0 711
12.0167 711
12.0333 712
12.05 713
12.0667 713
12.0833 714
12.1 714
12.1167 715
12.1333 716
12.15 716
12.1667 717
12.1833 717
12.2 718
12.2167 718
12.2333 719
12.25 719
12.2667 720
12.2833 720
12.3 721
12.3167 721
12.3333 722
12.35 722
12.3667 722
12.3833 723
12.4 723
12.4167 723
12.4333 724
12.45 724
12.4667 724
12.4833 724
12.5 725
12.5167 725
12.5333 725
12.55 725
12.5667 725
12.5833 726
12.6 726
12.6167 726
12.6333 726
12.65 726
12.6667 726
12.6833 726
12.7 726
12.7167 726
12.7333 726
12.75 726
12.7667 726
12.7833 726
12.8 726
12.8167 726
12.8333 726
12.85 726
12.8667 726
12.8833 726
12.9 726
12.9167 725
12.9333 725
12.95 725
12.9667 725
12.9833 725
13.0 724
13.0167 724
13.0333 724
13.05 723
13.0667 723
13.0833 723
13.1 723
13.1167 722
13.1333 722
13.15 721
13.1667 721
13.1833 721
13.2 720
13.2167 720
13.2333 719
13.25 719
13.2667 718
13.2833 718
13.3 717
13.3167 717
13.3333 716
13.35 715
13.3667 715
13.3833 714
13.4 714
13.4167 713
13.4333 712
13.45 712
13.4667 711
13.4833 710
13.5 709
13.5167 709
13.5333 708
13.55 707
13.5667 706
13.5833 706
13.6 705
13.6167 704
13.6333 703
13.65 702
13.6667 701
13.6833 700
13.7 699
13.7167 699
13.7333 698
13.75 697
13.7667 696
13.7833 695
13.8 694
13.8167 693
13.8333 692
13.85 691
13.8667 689
13.8833 688
13.9 687
13.9167 686
13.9333 685
13.95 684
13.9667 683
13.9833 682
14.0 680
14.0167 679
14.0333 678
14.05 677
14.0667 675
14.0833 674
14.1 673
14.1167 672
14.1333 670
14.15 669
14.1667 668
14.1833 666
14.2 665
14.2167 664
14.2333 662
14.25 661
14.2667 659
14.2833 658
14.3 656
14.3167 655
14.3333 654
14.35 652
14.3667 651
14.3833 649
14.4 647
14.4167 646
14.4333 644
14.45 643
14.4667 641
14.4833 640
14.5 638
14.5167 636
14.5333 635
14.55 633
14.5667 631
14.5833 630
14.6 628
14.6167 626
14.6333 625
14.65 623
14.6667 621
14.6833 619
14.7 618
14.7167 616
14.7333 614
14.75 612
14.7667 610
14.7833 609
14.8 607
14.8167 605
14.8333 603
14.85 601
14.8667 599
14.8833 597
14.9 595
14.9167 593
14.9333 591
14.95 589
14.9667 587
14.9833 586
15.0 584
15.0167 582
15.0333 580
15.05 578
15.0667 575
15.0833 573
15.1 571
15.1167 569
15.1333 567
15.15 565
15.1667 563
15.1833 561
15.2 559
15.2167 557
15.2333 554
15.25 552
15.2667 550
15.2833 548
15.3 546
15.3167 544
15.3333 541
15.35 539
15.3667 537
15.3833 535
15.4 532
15.4167 530
15.4333 528
15.45 526
15.4667 523
15.4833 521
15.5 519
15.5167 516
15.5333 514
15.55 512
15.5667 509
15.5833 507
15.6 505
15.6167 502
15.6333 500
15.65 498
15.6667 495
15.6833 493
15.7 490
15.7167 488
15.7333 485
15.75 483
15.7667 481
15.7833 478
15.8 476
15.8167 473
15.8333 471
15.85 468
15.8667 466
15.8833 463
15.9 461
15.9167 458
15.9333 456
15.95 453
15.9667 451
15.9833 448
