9.0 347
9.0167 349
9.0333 352
9.05 355
9.0667 358
9.0833 360
9.1 363
9.1167 366
9.1333 369
9.15 371
9.1667 374
9.1833 377
9.2 379
9.2167 382
9.2333 385
9.25 388
9.2667 390
9.2833 393
9.3 396
9.3167 398
9.3333 401
9.35 404
9.3667 406
9.3833 409
9.4 412
9.4167 414
9.4333 417
9.45 420
9.4667 422
9.4833 425
9.5 427
9.5167 430
9.5333 433
9.55 435
9.5667 438
9.5833 441
9.6 443
9.6167 446
9.6333 448
9.65 451
9.6667 453
9.6833 456
9.7 459
9.7167 461
9.7333 464
9.75 466
9.7667 469
9.7833 471
9.8 474
9.8167 476
9.8333 479
9.85 481
9.8667 484
9.8833 486
9.9 489
9.9167 491
9.9333 493
9.95 496
9.9667 498
9.9833 501
10.0 503
10.0167 506
10.0333 508
10.05 510
10.0667 513
10.0833 515
10.1 517
10.1167 520
10.1333 522
10.15 524
10.1667 527
10.1833 529
10.2 531
10.2167 533
10.2333 536
10.25 538
10.2667 540
10.2833 542
10.3 545
10.3167 547
10.3333 549
10.35 551
10.3667 553
10.3833 556
10.4 558
10.4167 560
10.4333 562
10.45 564
10.4667 566
10.4833 568
10.5 570
10.5167 573
10.5333 575
10.55 577
10.5667 579
10.5833 581
10.6 583
10.6167 585
10.6333 587
10.65 589
10.6667 591
10.6833 593
10.7 595
10.7167 596
10.7333 598
10.75 600
10.7667 602
10.7833 604
10.8 606
10.8167 608
10.8333 610
10.85 611
10.8667 613
10.8833 615
10.9 617
10.9167 619
10.9333 620
10.95 622
10.9667 624
10.9833 626
11.0 627
11.0167 629
11.0333 631
11.05 632
11.0667 634
11.0833 636
11.1 637
11.1167 639
11.1333 640
11.15 642
11.1667 643
11.1833 645
11.2 647
11.2167 648
11.2333 650
11.25 651
11.2667 653
11.2833 654
11.3 655
11.3167 657
11.3333 658
11.35 660
11.3667 661
11.3833 662
11.4 664
11.4167 665
11.4333 666
11.45 668
11.4667 669
11.4833 670
11.5 672
11.5167 673
11.5333 674
11.55 675
11.5667 676
11.5833 678
11.6 679
11.6167 680
11.6333 681
11.65 682
11.6667 683
11.6833 684
11.7 685
11.7167 687
11.7333 688
11.75 689
11.7667 690
11.7833 691
11.8 692
11.8167 693
11.8333 694
11.85 694
11.8667 695
11.8833 696
11.9 697
11.9167 698
11.9333 699
11.95 700
11.9667 701
11.9833 701
12.0 702
12.0167 703
12.0333 704
12.05 704
12.0667 705
12.0833 706
12.1 706
12.1167 707
12.1333 708
12.15 708
12.1667 709
12.1833 710
12.2 710
12.2167 711
12.2333 711
12.25 712
12.2667 712
12.2833 713
12.3 713
12.3167 714
12.3333 714
12.35 715
12.3667 715
12.3833 716
12.4 716
12.4167 716
12.4333 717
12.45 717
12.4667 717
12.4833 718
12.5 718
12.5167 718
12.5333 719
12.55 719
12.5667 719
12.5833 719
12.6 719
12.6167 720
12.6333 720
12.65 720
12.6667 720
12.6833 720
12.7 720
12.7167 720
12.7333 720
12.75 720
12.7667 720
12.7833 720
12.8 720
12.8167 720
12.8333 720
12.85 720
12.8667 720
12.8833 720
12.9 720
12.9167 720
12.9333 720
12.95 719
12.9667 719
12.9833 719
13.0 719
13.0167 719
13.0333 718
13.05 718
13.0667 718
13.0833 718
13.1 717
13.1167 717
13.1333 717
13.15 716
13.1667 716
13.1833 715
13.2 715
13.2167 715
13.2333 714
13.25 714
13.2667 713
13.2833 713
13.3 712
13.3167 712
13.3333 711
13.35 710
13.3667 710
13.3833 709
13.4 709
13.4167 708
13.4333 707
13.45 707
13.4667 706
13.4833 705
13.5 705
13.5167 704
13.5333 703
13.55 702
13.5667 702
13.5833 701
13.6 700
13.6167 699
13.6333 698
13.65 697
13.6667 697
13.6833 696
13.7 695
13.7167 694
13.7333 693
13.75 692
13.7667 691
13.7833 690
13.8 689
13.8167 688
13.8333 687
13.85 686
13.8667 685
13.8833 684
13.9 683
13.9167 681
13.9333 680
13.95 679
13.9667 678
13.9833 677
14.0 676
14.0167 674
14.0333 673
14.05 672
14.0667 671
14.0833 669
14.1 668
14.1167 667
14.1333 665
14.15 664
14.1667 663
14.1833 661
14.2 660
14.2167 659
14.2333 657
14.25 656
14.2667 654
14.2833 653
14.3 651
14.3167 650
14.3333 649
14.35 647
14.3667 645
14.3833 644
14.4 642
14.4167 641
14.4333 639
14.45 638
14.4667 636
14.4833 634
14.5 633
14.5167 631
14.5333 629
14.55 628
14.5667 626
14.5833 624
14.6 623
14.6167 621
14.6333 619
14.65 617
14.6667 616
14.6833 614
14.7 612
14.7167 610
14.7333 608
14.75 606
14.7667 605
14.7833 603
14.8 601
14.8167 599
14.8333 597
14.85 595
14.8667 593
14.8833 591
14.9 589
14.9167 587
14.9333 585
14.95 583
14.9667 581
14.9833 579
15.0 577
15.0167 575
15.0333 573
15.05 571
15.0667 569
15.0833 567
15.1 565
15.1167 562
15.1333 560
15.15 558
15.1667 556
15.1833 554
15.2 552
15.2167 550
15.2333 547
15.25 545
15.2667 543
15.2833 541
15.3 538
15.3167 536
15.3333 534
15.35 532
15.3667 529
15.3833 527
15.4 525
15.4167 522
15.4333 520
15.45 518
15.4667 515
15.4833 513
15.5 511
15.5167 508
15.5333 506
15.55 504
15.5667 501
15.5833 499
15.6 496
15.6167 494
15.6333 492
15.65 489
15.6667 487
15.6833 484
15.7 482
15.7167 479
15.7333 477
15.75 474
15.7667 472
15.7833 469
15.8 467
15.8167 464
15.8333 462
15.85 459
15.8667 457
15.8833 454
15.9 451
15.9167 449
15.9333 446
15.95 444
15.9667 441
15.9833 439
