9.0 383
9.0167 386
9.0333 388
9.05 391
9.0667 394
9.0833 396
9.1 399
9.1167 401
9.1333 404
9.15 407
9.1667 409
9.1833 412
9.2 415
9.2167 417
9.2333 420
9.25 422
9.2667 425
9.2833 428
9.3 430
9.3167 433
9.3333 435
9.35 438
9.3667 441
9.3833 443
9.4 446
9.4167 448
9.4333 451
9.45 453
9.4667 456
9.4833 458
9.5 461
9.5167 463
9.5333 466
9.55 468
9.5667 471
9.5833 473
9.6 476
9.6167 478
9.6333 481
9.65 483
9.6667 486
9.6833 488
9.7 491
9.7167 493
9.7333 495
9.75 498
9.7667 500
9.7833 503
9.8 505
9.8167 507
9.8333 510
9.85 512
9.8667 514
9.8833 517
9.9 519
9.9167 521
9.9333 524
9.95 526
9.9667 528
9.9833 531
10.0 533
10.0167 535
10.0333 537
10.05 540
10.0667 542
10.0833 544
10.1 546
10.1167 549
10.1333 551
10.15 553
10.1667 555
10.1833 557
10.2 559
10.2167 562
10.2333 564
10.25 566
10.2667 568
10.2833 570
10.3 572
10.3167 574
10.3333 576
10.35 578
10.3667 580
10.3833 582
10.4 584
10.4167 586
10.4333 588
10.45 590
10.4667 592
10.4833 594
10.5 596
10.5167 598
10.5333 600
10.55 602
10.5667 604
10.5833 606
10.6 608
10.6167 609
10.6333 611
10.65 613
10.6667 615
10.6833 617
10.7 619
10.7167 620
10.7333 622
10.75 624
10.7667 626
10.7833 627
10.8 629
10.8167 631
10.8333 632
10.85 634
10.8667 636
10.8833 637
10.9 639
10.9167 641
10.9333 642
10.95 644
10.9667 646
10.9833 647
11.0 649
11.0167 650
11.0333 652
11.05 653
11.0667 655
11.0833 656
11.1 658
11.1167 659
11.1333 661
11.15 662
11.1667 663
11.1833 665
11.2 666
11.2167 668
11.2333 669
11.25 670
11.2667 672
11.2833 673
11.3 674
11.3167 676
11.3333 677
11.35 678
11.3667 679
11.3833 681
11.4 682
11.4167 683
11.4333 684
11.45 685
11.4667 687
11.4833 688
11.5 689
11.5167 690
11.5333 691
11.55 692
11.5667 693
11.5833 694
11.6 695
11.6167 696
11.6333 697
11.65 698
11.6667 699
11.6833 700
11.7 701
11.7167 702
11.7333 703
11.75 704
11.7667 705
11.7833 706
11.8 706
11.8167 707
11.8333 708
11.85 709
11.8667 710
11.8833 710
11.9 711
11.9167 712
11.9333 713
11.95 713
11.9667 714
11.9833 715
12.0 715
12.0167 716
12.0333 717
12.05 717
12.0667 718
12.0833 718
12.1 719
12.1167 720
12.1333 720
12.15 721
12.1667 721
12.1833 722
12.2 722
12.2167 723
12.2333 723
12.25 723
12.2667 724
12.2833 724
12.3 725
12.3167 725
12.3333 725
12.35 726
12.3667 726
12.3833 726
12.4 726
12.4167 727
12.4333 727
12.45 727
12.4667 727
12.4833 728
12.5 728
12.5167 728
12.5333 728
12.55 728
12.5667 728
12.5833 728
12.6 728
12.6167 729
12.6333 729
12.65 729
12.6667 729
12.6833 729
12.7 729
12.7167 729
12.7333 729
12.75 728
12.7667 728
12.7833 728
12.8 728
12.8167 728
12.8333 728
12.85 728
12.8667 728
12.8833 727
12.9 727
12.9167 727
12.9333 727
12.95 726
12.9667 726
12.9833 726
13.0 726
13.0167 725
13.0333 725
13.05 724
13.0667 724
13.0833 724
13.1 723
13.1167 723
13.1333 722
13.15 722
13.1667 722
13.1833 721
13.2 721
13.2167 720
13.2333 719
13.25 719
13.2667 718
13.2833 718
13.3 717
13.3167 717
13.3333 716
13.35 715
13.3667 715
13.3833 714
13.4 713
13.4167 713
13.4333 712
13.45 711
13.4667 710
13.4833 710
13.5 709
13.5167 708
13.5333 707
13.55 706
13.5667 705
13.5833 705
13.6 704
13.6167 703
13.6333 702
13.65 701
13.6667 700
13.6833 699
13.7 698
13.7167 697
13.7333 696
13.75 695
13.7667 694
13.7833 693
13.8 692
13.8167 691
13.8333 690
13.85 689
13.8667 687
13.8833 686
13.9 685
13.9167 684
13.9333 683
13.95 682
13.9667 680
13.9833 679
14.0 678
14.0167 677
14.0333 675
14.05 674
14.0667 673
14.0833 671
14.1 670
14.1167 669
14.1333 667
14.15 666
14.1667 665
14.1833 663
14.2 662
14.2167 660
14.2333 659
14.25 657
14.2667 656
14.2833 654
14.3 653
14.3167 651
14.3333 650
14.35 648
14.3667 647
14.3833 645
14.4 644
14.4167 642
14.4333 640
14.45 639
14.4667 637
14.4833 635
14.5 634
14.5167 632
14.5333 630
14.55 629
14.5667 627
14.5833 625
14.6 623
14.6167 622
14.6333 620
14.65 618
14.6667 616
14.6833 615
14.7 613
14.7167 611
14.7333 609
14.75 607
14.7667 605
14.7833 603
14.8 602
14.8167 600
14.8333 598
14.85 596
14.8667 594
14.8833 592
14.9 590
14.9167 588
14.9333 586
14.95 584
14.9667 582
14.9833 580
15.0 578
15.0167 576
15.0333 574
15.05 572
15.0667 570
15.0833 568
15.1 565
15.1167 563
15.1333 561
15.15 559
15.1667 557
15.1833 555
15.2 553
15.2167 550
15.2333 548
15.25 546
15.2667 544
15.2833 542
15.3 539
15.3167 537
15.3333 535
15.35 533
15.3667 530
15.3833 528
15.4 526
15.4167 523
15.4333 521
15.45 519
15.4667 516
15.4833 514
15.5 512
15.5167 509
15.5333 507
15.55 505
15.5667 502
15.5833 500
15.6 497
15.6167 495
15.6333 493
15.65 490
15.6667 488
15.6833 485
15.7 483
15.7167 480
15.7333 478
15.75 476
15.7667 473
15.7833 471
15.8 468
15.8167 466
15.8333 463
15.85 461
15.8667 458
15.8833 455
15.9 453
15.9167 450
15.9333 448
15.95 445
15.9667 443
15.9833 440
