9.0 256
9.0167 258
9.0333 260
9.05 263
9.0667 265
9.0833 268
9.1 270
9.1167 273
9.1333 275
9.15 278
9.1667 280
9.1833 283
9.2 285
9.2167 287
9.2333 290
9.25 292
9.2667 295
9.2833 297
9.3 300
9.3167 302
9.3333 305
9.35 307
9.3667 309
9.3833 312
9.4 314
9.4167 317
9.4333 319
9.45 321
9.4667 324
9.4833 326
9.5 329
9.5167 331
9.5333 333
9.55 336
9.5667 338
9.5833 340
9.6 343
9.6167 345
9.6333 347
9.65 350
9.6667 352
9.6833 354
9.7 357
9.7167 359
9.7333 361
9.75 364
9.7667 366
9.7833 368
9.8 370
9.8167 373
9.8333 375
9.85 377
9.8667 379
9.8833 382
9.9 384
9.9167 386
9.9333 388
9.95 390
9.9667 393
9.9833 395
10.0 397
10.0167 399
10.0333 401
10.05 403
10.0667 405
10.0833 408
10.1 410
10.1167 412
10.1333 414
10.15 416
10.1667 418
10.1833 420
10.2 422
10.2167 424
10.2333 426
10.25 428
10.2667 430
10.2833 432
10.3 434
10.3167 436
10.3333 438
10.35 440
10.3667 442
10.3833 444
10.4 445
10.4167 447
10.4333 449
10.45 451
10.4667 453
10.4833 455
10.5 457
10.5167 458
10.5333 460
10.55 462
10.5667 464
10.5833 465
10.6 467
10.6167 469
10.6333 471
10.65 472
10.6667 474
10.6833 476
10.7 477
10.7167 479
10.7333 481
10.75 482
10.7667 484
10.7833 486
10.8 487
10.8167 489
10.8333 490
10.85 492
10.8667 493
10.8833 495
10.9 496
10.9167 498
10.9333 499
10.95 501
10.9667 502
10.9833 504
11.0 505
11.0167 506
11.0333 508
11.05 509
11.0667 510
11.0833 512
11.1 513
11.1167 514
11.1333 516
11.15 517
11.1667 518
11.1833 519
11.2 521
11.2167 522
11.2333 523
11.25 524
11.2667 525
11.2833 527
11.3 528
11.3167 529
11.3333 530
11.35 531
11.3667 532
11.3833 533
11.4 534
11.4167 535
11.4333 536
11.45 537
11.4667 538
11.4833 539
11.5 540
11.5167 541
11.5333 542
11.55 543
11.5667 544
11.5833 545
11.6 545
11.6167 546
11.6333 547
11.65 548
11.6667 549
11.6833 549
11.7 550
11.7167 551
11.7333 552
11.75 552
11.7667 553
11.7833 554
11.8 554
11.8167 555
11.8333 556
11.85 556
11.8667 557
11.8833 557
11.9 558
11.9167 558
11.9333 559
11.95 559
11.9667 560
11.9833 560
12.0 561
12.0167 561
12.0333 562
12.05 562
12.0667 562
12.0833 563
12.1 563
12.1167 563
12.1333 564
12.15 564
12.1667 564
12.1833 565
12.2 565
12.2167 565
12.2333 565
12.25 565
12.2667 566
12.2833 566
12.3 566
12.3167 566
12.3333 566
12.35 566
12.3667 566
12.3833 566
12.4 566
12.4167 566
12.4333 566
12.45 566
12.4667 566
12.4833 566
12.5 566
12.5167 566
12.5333 566
12.55 566
12.5667 566
12.5833 566
12.6 566
12.6167 565
12.6333 565
12.65 565
12.6667 565
12.6833 564
12.7 564
12.7167 564
12.7333 564
12.75 563
12.7667 563
12.7833 563
12.8 562
12.8167 562
12.8333 561
12.85 561
12.8667 560
12.8833 560
12.9 560
12.9167 559
12.9333 559
12.95 558
12.9667 557
12.9833 557
13.0 556
13.0167 556
13.0333 555
13.05 554
13.0667 554
13.0833 553
13.1 552
13.1167 552
13.1333 551
13.15 550
13.1667 550
13.1833 549
13.2 548
13.2167 547
13.2333 546
13.25 546
13.2667 545
13.2833 544
13.3 543
13.3167 542
13.3333 541
13.35 540
13.3667 539
13.3833 538
13.4 537
13.4167 536
13.4333 535
13.45 534
13.4667 533
13.4833 532
13.5 531
13.5167 530
13.5333 529
13.55 528
13.5667 527
13.5833 526
13.6 524
13.6167 523
13.6333 522
13.65 521
13.6667 520
13.6833 518
13.7 517
13.7167 516
13.7333 515
13.75 513
13.7667 512
13.7833 511
13.8 509
13.8167 508
13.8333 507
13.85 505
13.8667 504
13.8833 502
13.9 501
13.9167 499
13.9333 498
13.95 497
13.9667 495
13.9833 494
14.0 492
14.0167 490
14.0333 489
14.05 487
14.0667 486
14.0833 484
14.1 483
14.1167 481
14.1333 479
14.15 478
14.1667 476
14.1833 474
14.2 473
14.2167 471
14.2333 469
14.25 467
14.2667 466
14.2833 464
14.3 462
14.3167 460
14.3333 459
14.35 457
14.3667 455
14.3833 453
14.4 451
14.4167 449
14.4333 448
14.45 446
14.4667 444
14.4833 442
14.5 440
14.5167 438
14.5333 436
14.55 434
14.5667 432
14.5833 430
14.6 428
14.6167 426
14.6333 424
14.65 422
14.6667 420
14.6833 418
14.7 416
14.7167 414
14.7333 412
14.75 410
14.7667 408
14.7833 406
14.8 404
14.8167 401
14.8333 399
14.85 397
14.8667 395
14.8833 393
14.9 391
14.9167 389
14.9333 386
14.95 384
14.9667 382
14.9833 380
15.0 377
15.0167 374
15.0333 372
15.05 370
15.0667 368
15.0833 365
15.1 363
15.1167 361
15.1333 359
15.15 356
15.1667 354
15.1833 352
15.2 349
15.2167 347
15.2333 345
15.25 342
15.2667 340
15.2833 338
15.3 335
15.3167 333
15.3333 331
15.35 328
15.3667 326
15.3833 323
15.4 321
15.4167 319
15.4333 316
15.45 314
15.4667 311
15.4833 309
15.5 307
15.5167 304
15.5333 302
15.55 299
15.5667 297
15.5833 294
15.6 292
15.6167 289
15.6333 287
15.65 285
15.6667 282
15.6833 280
15.7 277
15.7167 275
15.7333 272
15.75 270
15.7667 267
15.7833 265
15.8 262
15.8167 260
15.8333 257
15.85 255
15.8667 252
15.8833 250
15.9 248
15.9167 245
15.9333 243
15.95 240
15.9667 238
15.9833 235
