9.0 234
9.0167 236
9.0333 239
9.05 241
9.0667 243
9.0833 246
9.1 248
9.1167 251
9.1333 253
9.15 255
9.1667 258
9.1833 260
9.2 262
9.2167 265
9.2333 267
9.25 270
9.2667 272
9.2833 274
9.3 277
9.3167 279
9.3333 281
9.35 284
9.3667 286
9.3833 288
9.4 291
9.4167 293
9.4333 295
9.45 298
9.4667 300
9.4833 302
9.5 305
9.5167 307
9.5333 309
9.55 312
9.5667 314
9.5833 316
9.6 318
9.6167 321
9.6333 323
9.65 325
9.6667 327
9.6833 330
9.7 332
9.7167 334
9.7333 336
9.75 339
9.7667 341
9.7833 343
9.8 345
9.8167 347
9.8333 350
9.85 352
9.8667 354
9.8833 356
9.9 358
9.9167 360
9.9333 362
9.95 365
9.9667 367
9.9833 369
10.0 371
10.0167 373
10.0333 375
10.05 377
10.0667 379
10.0833 381
10.1 383
10.1167 385
10.1333 387
10.15 389
10.1667 391
10.1833 393
10.2 395
10.2167 397
10.2333 399
10.25 401
10.2667 403
10.2833 405
10.3 407
10.3167 409
10.3333 411
10.35 412
10.3667 414
10.3833 416
10.4 418
10.4167 420
10.4333 422
10.45 423
10.4667 425
10.4833 427
10.5 429
10.5167 431
10.5333 432
10.55 434
10.5667 436
10.5833 437
10.6 439
10.6167 441
10.6333 442
10.65 444
10.6667 446
10.6833 447
10.7 449
10.7167 451
10.7333 452
10.75 454
10.7667 455
10.7833 457
10.8 458
10.8167 460
10.8333 461
10.85 463
10.8667 464
10.8833 466
10.9 467
10.9167 469
10.9333 470
10.95 471
10.9667 473
10.9833 474
11.0 476
11.0167 477
11.0333 478
11.05 480
11.0667 481
11.0833 482
11.1 483
11.1167 485
11.1333 486
11.15 487
11.1667 488
11.1833 490
11.2 491
11.2167 492
11.2333 493
11.25 494
11.2667 495
11.2833 497
11.3 498
11.3167 499
11.3333 500
11.35 501
11.3667 502
11.3833 503
11.4 504
11.4167 505
11.4333 506
11.45 507
11.4667 508
11.4833 509
11.5 509
11.5167 510
11.5333 511
11.55 512
11.5667 513
11.5833 514
11.6 515
11.6167 515
11.6333 516
11.65 517
11.6667 518
11.6833 518
11.7 519
11.7167 520
11.7333 520
11.75 521
11.7667 522
11.7833 522
11.8 523
11.8167 524
11.8333 524
11.85 525
11.8667 525
11.8833 526
11.9 526
11.9167 527
11.9333 527
11.95 528
11.9667 528
11.9833 529
12.0 529
12.0167 529
12.0333 530
12.05 530
12.0667 531
12.0833 531
12.1 531
12.1167 532
12.1333 532
12.15 532
12.1667 532
12.1833 533
12.2 533
12.2167 533
12.2333 533
12.25 533
12.2667 533
12.2833 534
12.3 534
12.3167 534
12.3333 534
12.35 534
12.3667 534
12.3833 534
12.4 534
12.4167 534
12.4333 534
12.45 534
12.4667 534
12.4833 534
12.5 534
12.5167 534
12.5333 533
12.55 533
12.5667 533
12.5833 533
12.6 533
12.6167 533
12.6333 532
12.65 532
12.6667 532
12.6833 532
12.7 531
12.7167 531
12.7333 531
12.75 530
12.7667 530
12.7833 530
12.8 529
12.8167 529
12.8333 528
12.85 528
12.8667 527
12.8833 527
12.9 526
12.9167 526
12.9333 525
12.95 525
12.9667 524
12.9833 524
13.0 523
13.0167 522
13.0333 522
13.05 521
13.0667 521
13.0833 520
13.1 519
13.1167 518
13.1333 518
13.15 517
13.1667 516
13.1833 515
13.2 515
13.2167 514
13.2333 513
13.25 512
13.2667 511
13.2833 510
13.3 510
13.3167 509
13.3333 508
13.35 507
13.3667 506
13.3833 505
13.4 504
13.4167 503
13.4333 502
13.45 501
13.4667 500
13.4833 499
13.5 498
13.5167 497
13.5333 495
13.55 494
13.5667 493
13.5833 492
13.6 491
13.6167 490
13.6333 489
13.65 487
13.6667 486
13.6833 485
13.7 484
13.7167 482
13.7333 481
13.75 480
13.7667 478
13.7833 477
13.8 476
13.8167 474
13.8333 473
13.85 472
13.8667 470
13.8833 469
13.9 467
13.9167 466
13.9333 464
13.95 463
13.9667 461
13.9833 460
14.0 458
14.0167 457
14.0333 455
14.05 454
14.0667 452
14.0833 451
14.1 449
14.1167 447
14.1333 446
14.15 444
14.1667 443
14.1833 441
14.2 439
14.2167 438
14.2333 436
14.25 434
14.2667 432
14.2833 431
14.3 429
14.3167 427
14.3333 425
14.35 424
14.3667 422
14.3833 420
14.4 418
14.4167 416
14.4333 414
14.45 413
14.4667 411
14.4833 409
14.5 407
14.5167 405
14.5333 403
14.55 401
14.5667 399
14.5833 397
14.6 395
14.6167 393
14.6333 391
14.65 389
14.6667 387
14.6833 385
14.7 383
14.7167 381
14.7333 379
14.75 377
14.7667 375
14.7833 373
14.8 371
14.8167 369
14.8333 367
14.85 365
14.8667 363
14.8833 361
14.9 358
14.9167 356
14.9333 354
14.95 352
14.9667 350
14.9833 348
15.0 345
15.0167 342
15.0333 340
15.05 338
15.0667 336
15.0833 334
15.1 331
15.1167 329
15.1333 327
15.15 325
15.1667 322
15.1833 320
15.2 318
15.2167 316
15.2333 313
15.25 311
15.2667 309
15.2833 306
15.3 304
15.3167 302
15.3333 300
15.35 297
15.3667 295
15.3833 293
15.4 290
15.4167 288
15.4333 286
15.45 283
15.4667 281
15.4833 279
15.5 276
15.5167 274
15.5333 271
15.55 269
15.5667 267
15.5833 264
15.6 262
15.6167 260
15.6333 257
15.65 255
15.6667 253
15.6833 250
15.7 248
15.7167 245
15.7333 243
15.75 241
15.7667 238
15.7833 236
15.8 233
15.8167 231
15.8333 229
15.85 226
15.8667 224
15.8833 222
15.9 219
15.9167 217
15.9333 214
15.95 212
15.9667 210
15.9833 207
