0.5 2.0000000949949026
1.5 1.0000000474974513
2.5 1.0000000474974513
3.5 1.0000000474974513
4.5 1.0000000474974513
5.5 1.0000000474974513
6.5 1.0000000474974513
7.5 23.000000044703484
8.5 144.99999582767487
9.5 192.00000166893005
10.5 495.0000047683716
11.5 620.0000047683716
12.5 674.0000247955322
13.5 773.0000019073486
14.5 739.0000224113464
15.5 684.0000152587891
16.5 389.99998569488525
17.5 54.999999701976776
18.5 41.999999433755875
19.5 48.00000041723251
20.5 7.000000216066837
21.5 1.0000000474974513
22.5 1.0000000474974513
23.5 1.0000000474974513
