0.5 1.0000000474974513
1.5 1.0000000474974513
2.5 1.0000000474974513
3.5 1.0000000474974513
4.5 0.0
5.5 1.0000000474974513
6.5 1.0000000474974513
7.5 14.000000432133675
8.5 130.99999725818634
9.5 254.99999523162842
10.5 451.9999921321869
11.5 579.9999833106995
12.5 446.00000977516174
13.5 549.0000247955322
14.5 698.0000138282776
15.5 671.999990940094
16.5 591.0000205039978
17.5 184.00000035762787
18.5 72.9999989271164
19.5 28.00000086426735
20.5 1.0000000474974513
21.5 2.0000000949949026
22.5 2.0000000949949026
23.5 1.0000000474974513
