0.5 35.999998450279236
1.5 35.999998450279236
2.5 35.999998450279236
3.5 35.999998450279236
4.5 35.999998450279236
5.5 35.999998450279236
6.5 35.999998450279236
7.5 43.0000014603138
8.5 89.00000154972076
9.5 259.0000033378601
10.5 349.9999940395355
11.5 554.0000200271606
12.5 714.9999737739563
13.5 750.9999871253967
14.5 740.0000095367432
15.5 652.999997138977
16.5 552.9999732971191
17.5 317.9999887943268
18.5 101.99999809265137
19.5 64.99999761581421
20.5 37.00000047683716
21.5 35.999998450279236
22.5 35.999998450279236
23.5 35.999998450279236
