0.5 35.999998450279236
1.5 35.999998450279236
2.5 35.999998450279236
3.5 35.999998450279236
4.5 35.999998450279236
5.5 35.999998450279236
6.5 35.999998450279236
7.5 37.00000047683716
8.5 67.00000166893005
9.5 79.99999821186066
10.5 116.99999868869781
11.5 219.9999988079071
12.5 150.9999930858612
13.5 187.99999356269836
14.5 177.0000010728836
15.5 217.99999475479126
16.5 146.9999998807907
17.5 115.99999666213989
18.5 71.00000232458115
19.5 39.000000804662704
20.5 35.999998450279236
21.5 35.999998450279236
22.5 35.999998450279236
23.5 35.999998450279236
