0.5 35.9999984502792
1.5 35.9999984502792
2.5 35.9999984502792
3.5 35.9999984502792
4.5 35.9999984502792
5.5 35.9999984502792
6.5 35.9999984502792
7.5 56.0000017285347
8.5 165.999993681908
9.5 291.99999570846603
10.5 442.999988794327
11.5 437.00000643730203
12.5 503.00002098083496
13.5 149.000003933907
14.5 264.99998569488497
15.5 275.00000596046397
16.5 82.0000022649765
17.5 46.9999983906746
18.5 35.9999984502792
19.5 35.9999984502792
20.5 35.9999984502792
21.5 35.9999984502792
22.5 35.9999984502792
23.5 35.9999984502792
