0.5 35.9999984502792
1.5 35.9999984502792
2.5 35.9999984502792
3.5 35.9999984502792
4.5 35.9999984502792
5.5 35.9999984502792
6.5 35.9999984502792
7.5 43.9999997615814
8.5 74.0000009536743
9.5 107.00000077486
10.5 175.999999046326
11.5 226.999998092651
12.5 398.00000190734903
13.5 293.99999976158097
14.5 275.00000596046397
15.5 194.000005722046
16.5 119.999997317791
17.5 56.0000017285347
18.5 35.9999984502792
19.5 35.9999984502792
20.5 35.9999984502792
21.5 35.9999984502792
22.5 35.9999984502792
23.5 35.9999984502792
