0.5 35.9999984502792
1.5 35.9999984502792
2.5 35.9999984502792
3.5 35.9999984502792
4.5 35.9999984502792
5.5 35.9999984502792
6.5 35.9999984502792
7.5 41.0000011324883
8.5 79.9999982118607
9.5 128.000006079674
10.5 182.99999833107
11.5 349.000006914139
12.5 400.000005960465
13.5 397.000014781952
14.5 395.999997854233
15.5 321.99999690055904
16.5 189.99999761581398
17.5 78.0000016093254
18.5 35.9999984502792
19.5 35.9999984502792
20.5 35.9999984502792
21.5 35.9999984502792
22.5 35.9999984502792
23.5 35.9999984502792
