0.5 35.9999984502792
1.5 35.9999984502792
2.5 35.9999984502792
3.5 35.9999984502792
4.5 35.9999984502792
5.5 35.9999984502792
6.5 35.9999984502792
7.5 39.9999991059303
8.5 85.0000008940697
9.5 141.000002622604
10.5 257.999986410141
11.5 303.000003099442
12.5 517.000019550324
13.5 540.000021457672
14.5 310.99998950958303
15.5 223.000004887581
16.5 148.000001907349
17.5 61.0000006854534
18.5 35.9999984502792
19.5 35.9999984502792
20.5 35.9999984502792
21.5 35.9999984502792
22.5 35.9999984502792
23.5 35.9999984502792
