0.5 35.999998450279236
1.5 35.999998450279236
2.5 35.999998450279236
3.5 35.999998450279236
4.5 35.999998450279236
5.5 35.999998450279236
6.5 35.999998450279236
7.5 35.999998450279236
8.5 39.000000804662704
9.5 71.00000232458115
10.5 156.00000321865082
11.5 365.9999966621399
12.5 442.9999887943268
13.5 569.0000057220459
14.5 551.9999861717224
15.5 501.99997425079346
16.5 314.0000104904175
17.5 174.99999701976776
18.5 71.00000232458115
19.5 35.999998450279236
20.5 35.999998450279236
21.5 35.999998450279236
22.5 35.999998450279236
23.5 35.999998450279236
