0.5 35.999998450279236
1.5 35.999998450279236
2.5 35.999998450279236
3.5 35.999998450279236
4.5 35.999998450279236
5.5 35.999998450279236
6.5 35.999998450279236
7.5 35.999998450279236
8.5 48.99999871850014
9.5 162.00000047683716
10.5 305.9999942779541
11.5 435.9999895095825
12.5 523.9999890327454
13.5 570.9999799728394
14.5 569.9999928474426
15.5 421.00000381469727
16.5 289.99999165534973
17.5 203.99999618530273
18.5 76.99999958276749
19.5 37.00000047683716
20.5 35.999998450279236
21.5 35.999998450279236
22.5 35.999998450279236
23.5 35.999998450279236
