0.5 35.9999984502792
1.5 35.9999984502792
2.5 35.9999984502792
3.5 35.9999984502792
4.5 35.9999984502792
5.5 35.9999984502792
6.5 35.9999984502792
7.5 35.9999984502792
8.5 43.0000014603138
9.5 107.00000077486
10.5 279.000014066696
11.5 286.00001335144
12.5 324.999988079071
13.5 252.99999117851303
14.5 312.99999356269797
15.5 250.0
16.5 150.000005960464
17.5 103.00000011920899
18.5 57.9999983310699
19.5 37.0000004768372
20.5 35.9999984502792
21.5 35.9999984502792
22.5 35.9999984502792
23.5 35.9999984502792
