0.5 35.999998450279236
1.5 35.999998450279236
2.5 35.999998450279236
3.5 35.999998450279236
4.5 35.999998450279236
5.5 35.999998450279236
6.5 35.999998450279236
7.5 41.00000113248825
8.5 108.99999737739563
9.5 174.99999701976776
10.5 275.0000059604645
11.5 589.9999737739563
12.5 700.9999752044678
13.5 677.9999732971191
14.5 674.0000247955322
15.5 611.0000014305115
16.5 455.00001311302185
17.5 172.0000058412552
18.5 150.9999930858612
19.5 46.00000008940697
20.5 37.00000047683716
21.5 37.00000047683716
22.5 37.00000047683716
23.5 37.00000047683716
