0.5 35.999998450279236
1.5 35.999998450279236
2.5 35.999998450279236
3.5 35.999998450279236
4.5 35.999998450279236
5.5 35.999998450279236
6.5 35.999998450279236
7.5 35.999998450279236
8.5 61.99999898672104
9.5 254.99999523162842
10.5 409.0000092983246
11.5 546.999990940094
12.5 644.9999809265137
13.5 685.0000023841858
14.5 671.999990940094
15.5 606.000006198883
16.5 497.0000088214874
17.5 370.0000047683716
18.5 142.0000046491623
19.5 45.00000178813934
20.5 37.00000047683716
21.5 35.999998450279236
22.5 35.999998450279236
23.5 35.999998450279236
