0.5 35.9999984502792
1.5 35.9999984502792
2.5 35.9999984502792
3.5 35.9999984502792
4.5 35.9999984502792
5.5 35.9999984502792
6.5 35.9999984502792
7.5 48.0000004172325
8.5 100.00000149011599
9.5 326.999992132187
10.5 254.99999523162796
11.5 340.999990701675
12.5 310.99998950958303
13.5 305.000007152557
14.5 742.999970912933
15.5 564.999997615814
16.5 547.999978065491
17.5 246.999993920326
18.5 200.00000298023198
19.5 71.9999969005585
20.5 37.0000004768372
21.5 35.9999984502792
22.5 35.9999984502792
23.5 35.9999984502792
