0.5 35.9999984502792
1.5 35.9999984502792
2.5 35.9999984502792
3.5 35.9999984502792
4.5 35.9999984502792
5.5 35.9999984502792
6.5 35.9999984502792
7.5 43.0000014603138
8.5 79.0000036358833
9.5 143.999993801117
10.5 282.000005245209
11.5 575.999975204468
12.5 679.000020027161
13.5 717.999994754791
14.5 703.000009059906
15.5 638.000011444092
16.5 521.000027656555
17.5 375.0
18.5 187.999993562698
19.5 65.9999996423721
20.5 37.0000004768372
21.5 37.0000004768372
22.5 37.0000004768372
23.5 35.9999984502792
