0.5 35.9999984502792
1.5 35.9999984502792
2.5 35.9999984502792
3.5 35.9999984502792
4.5 35.9999984502792
5.5 35.9999984502792
6.5 35.9999984502792
7.5 46.9999983906746
8.5 97.9999974370003
9.5 180.999994277954
10.5 365.000009536743
11.5 490.000009536743
12.5 565.999984741211
13.5 699.999988079071
14.5 555.999994277954
15.5 564.999997615814
16.5 370.99999189376797
17.5 165.999993681908
18.5 75.0000029802322
19.5 41.9999994337559
20.5 35.9999984502792
21.5 35.9999984502792
22.5 35.9999984502792
23.5 35.9999984502792
