0.5 35.9999984502792
1.5 35.9999984502792
2.5 35.9999984502792
3.5 35.9999984502792
4.5 35.9999984502792
5.5 35.9999984502792
6.5 37.0000004768372
7.5 56.0000017285347
8.5 135.000005364418
9.5 174.99999701976802
10.5 178.000003099442
11.5 275.999993085861
12.5 596.000015735626
13.5 736.999988555908
14.5 716.000020503998
15.5 665.000021457672
16.5 558.000028133392
17.5 416.000008583069
18.5 259.999990463257
19.5 97.000002861023
20.5 41.0000011324883
21.5 37.0000004768372
22.5 37.0000004768372
23.5 37.0000004768372
