0.5 35.999998450279236
1.5 35.999998450279236
2.5 35.999998450279236
3.5 35.999998450279236
4.5 35.999998450279236
5.5 35.999998450279236
6.5 37.99999877810478
7.5 97.99999743700027
8.5 238.99999260902405
9.5 397.0000147819519
10.5 538.9999747276306
11.5 648.9999890327454
12.5 578.9999961853027
13.5 298.99999499320984
14.5 418.9999997615814
15.5 163.00000250339508
16.5 116.99999868869781
17.5 71.99999690055847
18.5 64.99999761581421
19.5 61.99999898672104
20.5 39.99999910593033
21.5 35.999998450279236
22.5 35.999998450279236
23.5 35.999998450279236
