0.5 37.00000047683716
1.5 37.00000047683716
2.5 35.999998450279236
3.5 35.999998450279236
4.5 35.999998450279236
5.5 35.999998450279236
6.5 37.99999877810478
7.5 101.00000351667404
8.5 252.00000405311584
9.5 412.00000047683716
10.5 558.0000281333923
11.5 675.9999990463257
12.5 749.0000128746033
13.5 768.999993801117
14.5 754.0000081062317
15.5 698.0000138282776
16.5 596.0000157356262
17.5 458.0000042915344
18.5 305.0000071525574
19.5 134.0000033378601
20.5 39.99999910593033
21.5 37.00000047683716
22.5 37.00000047683716
23.5 37.00000047683716
