0.5 35.999998450279236
1.5 35.999998450279236
2.5 35.999998450279236
3.5 35.999998450279236
4.5 35.999998450279236
5.5 35.999998450279236
6.5 37.00000047683716
7.5 65.99999964237213
8.5 207.0000022649765
9.5 386.00000739097595
10.5 523.9999890327454
11.5 646.0000276565552
12.5 717.9999947547913
13.5 750.0
14.5 740.9999966621399
15.5 690.9999847412109
16.5 587.0000123977661
17.5 446.9999969005585
18.5 280.9999883174896
19.5 114.00000005960464
20.5 39.000000804662704
21.5 35.999998450279236
22.5 35.999998450279236
23.5 35.999998450279236
