0.5 35.999998450279236
1.5 35.999998450279236
2.5 35.999998450279236
3.5 35.999998450279236
4.5 35.999998450279236
5.5 35.999998450279236
6.5 37.00000047683716
7.5 63.00000101327896
8.5 98.9999994635582
9.5 202.00000703334808
10.5 323.0000138282776
11.5 465.0000035762787
12.5 460.00000834465027
13.5 444.0000057220459
14.5 421.00000381469727
15.5 248.99999797344208
16.5 310.0000023841858
17.5 264.99998569488525
18.5 201.00000500679016
19.5 89.00000154972076
20.5 37.00000047683716
21.5 37.00000047683716
22.5 37.00000047683716
23.5 35.999998450279236
