0.5 37.00000047683716
1.5 35.999998450279236
2.5 35.999998450279236
3.5 35.999998450279236
4.5 35.999998450279236
5.5 35.999998450279236
6.5 35.999998450279236
7.5 67.00000166893005
8.5 195.99999487400055
9.5 360.00001430511475
10.5 518.0000066757202
11.5 639.9999856948853
12.5 717.9999947547913
13.5 748.0000257492065
14.5 736.0000014305115
15.5 671.999990940094
16.5 556.9999814033508
17.5 419.99998688697815
18.5 256.99999928474426
19.5 83.99999886751175
20.5 37.00000047683716
21.5 37.00000047683716
22.5 37.00000047683716
23.5 37.00000047683716
