0.5 37.0000004768372
1.5 35.9999984502792
2.5 35.9999984502792
3.5 35.9999984502792
4.5 35.9999984502792
5.5 35.9999984502792
6.5 35.9999984502792
7.5 54.0000014007092
8.5 140.000000596046
9.5 296.999990940094
10.5 515.999972820282
11.5 638.000011444092
12.5 716.000020503998
13.5 714.999973773956
14.5 787.000000476837
15.5 688.000023365021
16.5 574.999988079071
17.5 423.99999499321
18.5 270.000010728836
19.5 52.9999993741512
20.5 37.0000004768372
21.5 37.0000004768372
22.5 37.0000004768372
23.5 37.0000004768372
