0.5 37.0000004768372
1.5 37.0000004768372
2.5 37.0000004768372
3.5 35.9999984502792
4.5 35.9999984502792
5.5 35.9999984502792
6.5 35.9999984502792
7.5 52.9999993741512
8.5 165.000006556511
9.5 337.000012397766
10.5 490.99999666214
11.5 0.0
12.5 708.999991416931
13.5 742.999970912933
14.5 737.999975681305
15.5 689.000010490418
16.5 572.000026702881
17.5 442.00000166893
18.5 270.000010728836
19.5 105.999998748302
20.5 37.9999987781048
21.5 37.0000004768372
22.5 37.0000004768372
23.5 37.0000004768372
