0.5 35.9999984502792
1.5 35.9999984502792
2.5 35.9999984502792
3.5 35.9999984502792
4.5 35.9999984502792
5.5 35.9999984502792
6.5 35.9999984502792
7.5 76.9999995827675
8.5 215.000003576279
9.5 379.99999523162796
10.5 536.00001335144
11.5 657.999992370606
12.5 735.000014305115
13.5 703.999996185303
14.5 769.999980926514
15.5 712.000012397766
16.5 513.000011444092
17.5 428.999990224838
18.5 277.999997138977
19.5 114.000000059605
20.5 39.0000008046627
21.5 37.0000004768372
22.5 37.0000004768372
23.5 35.9999984502792
