0.5 35.999998450279236
1.5 35.999998450279236
2.5 35.999998450279236
3.5 35.999998450279236
4.5 35.999998450279236
5.5 35.999998450279236
6.5 35.999998450279236
7.5 48.99999871850014
8.5 108.0000028014183
9.5 245.00000476837158
10.5 398.00000190734863
11.5 418.9999997615814
12.5 460.00000834465027
13.5 638.0000114440918
14.5 672.9999780654907
15.5 675.9999990463257
16.5 345.99998593330383
17.5 402.0000100135803
18.5 209.99999344348907
19.5 48.99999871850014
20.5 37.00000047683716
21.5 37.00000047683716
22.5 37.00000047683716
23.5 35.999998450279236
