0.5 35.999998450279236
1.5 35.999998450279236
2.5 35.999998450279236
3.5 35.999998450279236
4.5 35.999998450279236
5.5 35.999998450279236
6.5 35.999998450279236
7.5 43.0000014603138
8.5 93.00000220537186
9.5 118.00000071525574
10.5 153.99999916553497
11.5 246.99999392032623
12.5 284.0000092983246
13.5 186.0000044107437
14.5 264.99998569488525
15.5 216.0000056028366
16.5 136.99999451637268
17.5 105.99999874830246
18.5 78.00000160932541
19.5 46.00000008940697
20.5 35.999998450279236
21.5 35.999998450279236
22.5 35.999998450279236
23.5 35.999998450279236
