0.5 35.9999984502792
1.5 35.9999984502792
2.5 35.9999984502792
3.5 35.9999984502792
4.5 35.9999984502792
5.5 35.9999984502792
6.5 35.9999984502792
7.5 39.0000008046627
8.5 120.999999344349
9.5 263.000011444092
10.5 326.999992132187
11.5 335.00000834465
12.5 587.000012397766
13.5 587.999999523163
14.5 507.000029087067
15.5 546.000003814697
16.5 256.000012159348
17.5 98.9999994635582
18.5 61.0000006854534
19.5 39.0000008046627
20.5 35.9999984502792
21.5 35.9999984502792
22.5 35.9999984502792
23.5 35.9999984502792
