0.5 35.999998450279236
1.5 35.999998450279236
2.5 35.999998450279236
3.5 35.999998450279236
4.5 35.999998450279236
5.5 35.999998450279236
6.5 35.999998450279236
7.5 35.999998450279236
8.5 39.99999910593033
9.5 46.99999839067459
10.5 63.00000101327896
11.5 100.00000149011612
12.5 122.00000137090683
13.5 248.99999797344208
14.5 165.00000655651093
15.5 128.9999932050705
16.5 134.0000033378601
17.5 96.00000083446503
18.5 46.00000008940697
19.5 35.999998450279236
20.5 35.999998450279236
21.5 35.999998450279236
22.5 35.999998450279236
23.5 35.999998450279236
