0.5 35.9999984502792
1.5 35.9999984502792
2.5 35.9999984502792
3.5 35.9999984502792
4.5 35.9999984502792
5.5 35.9999984502792
6.5 35.9999984502792
7.5 35.9999984502792
8.5 50.0000007450581
9.5 71.0000023245811
10.5 75.0000029802322
11.5 61.999998986720996
12.5 86.0000029206276
13.5 126.00000202655801
14.5 92.0000001788139
15.5 90.999998152256
16.5 70.0000002980232
17.5 54.9999997019768
18.5 39.0000008046627
19.5 35.9999984502792
20.5 35.9999984502792
21.5 35.9999984502792
22.5 35.9999984502792
23.5 35.9999984502792
