0.5 35.999998450279236
1.5 35.999998450279236
2.5 35.999998450279236
3.5 35.999998450279236
4.5 35.999998450279236
5.5 35.999998450279236
6.5 35.999998450279236
7.5 35.999998450279236
8.5 46.99999839067459
9.5 90.00000357627869
10.5 112.99999803304672
11.5 140.00000059604645
12.5 212.99999952316284
13.5 261.00000739097595
14.5 180.00000715255737
15.5 115.99999666213989
16.5 93.00000220537186
17.5 61.99999898672104
18.5 41.00000113248825
19.5 35.999998450279236
20.5 35.999998450279236
21.5 35.999998450279236
22.5 35.999998450279236
23.5 35.999998450279236
