0.5 35.999998450279236
1.5 35.999998450279236
2.5 35.999998450279236
3.5 35.999998450279236
4.5 35.999998450279236
5.5 35.999998450279236
6.5 35.999998450279236
7.5 35.999998450279236
8.5 45.00000178813934
9.5 164.000004529953
10.5 312.00000643730164
11.5 432.0000112056732
12.5 513.0000114440918
13.5 537.9999876022339
14.5 518.999993801117
15.5 458.0000042915344
16.5 354.0000021457672
17.5 211.99999749660492
18.5 71.00000232458115
19.5 35.999998450279236
20.5 35.999998450279236
21.5 35.999998450279236
22.5 35.999998450279236
23.5 35.999998450279236
