0.5 35.999998450279236
1.5 35.999998450279236
2.5 35.999998450279236
3.5 35.999998450279236
4.5 35.999998450279236
5.5 35.999998450279236
6.5 35.999998450279236
7.5 35.999998450279236
8.5 48.99999871850014
9.5 165.99999368190765
10.5 337.0000123977661
11.5 444.0000057220459
12.5 545.0000166893005
13.5 453.99999618530273
14.5 458.0000042915344
15.5 439.9999976158142
16.5 384.99999046325684
17.5 273.00000190734863
18.5 108.99999737739563
19.5 37.99999877810478
20.5 35.999998450279236
21.5 35.999998450279236
22.5 35.999998450279236
23.5 35.999998450279236
