0.5 35.999998450279236
1.5 35.999998450279236
2.5 35.999998450279236
3.5 35.999998450279236
4.5 35.999998450279236
5.5 35.999998450279236
6.5 35.999998450279236
7.5 35.999998450279236
8.5 41.999999433755875
9.5 64.99999761581421
10.5 82.0000022649765
11.5 92.00000017881393
12.5 115.00000208616257
13.5 128.00000607967377
14.5 158.9999943971634
15.5 187.99999356269836
16.5 142.0000046491623
17.5 244.00000274181366
18.5 133.00000131130219
19.5 39.000000804662704
20.5 35.999998450279236
21.5 35.999998450279236
22.5 35.999998450279236
23.5 35.999998450279236
