0.5 35.999998450279236
1.5 35.999998450279236
2.5 35.999998450279236
3.5 35.999998450279236
4.5 35.999998450279236
5.5 35.999998450279236
6.5 35.999998450279236
7.5 37.00000047683716
8.5 75.99999755620956
9.5 280.9999883174896
10.5 418.9999997615814
11.5 430.9999942779541
12.5 512.0000243186951
13.5 589.9999737739563
14.5 611.0000014305115
15.5 361.0000014305115
16.5 192.00000166893005
17.5 116.99999868869781
18.5 78.00000160932541
19.5 41.00000113248825
20.5 35.999998450279236
21.5 35.999998450279236
22.5 35.999998450279236
23.5 35.999998450279236
