0.5 35.999998450279236
1.5 35.999998450279236
2.5 35.999998450279236
3.5 35.999998450279236
4.5 35.999998450279236
5.5 35.999998450279236
6.5 35.999998450279236
7.5 35.999998450279236
8.5 48.00000041723251
9.5 76.99999958276749
10.5 93.00000220537186
11.5 157.00000524520874
12.5 193.00000369548798
13.5 330.00001311302185
14.5 657.9999923706055
15.5 614.0000224113464
16.5 501.99997425079346
17.5 354.0000021457672
18.5 181.99999630451202
19.5 52.99999937415123
20.5 37.00000047683716
21.5 37.00000047683716
22.5 37.00000047683716
23.5 37.00000047683716
