0.5 37.00000047683716
1.5 37.00000047683716
2.5 37.00000047683716
3.5 37.00000047683716
4.5 35.999998450279236
5.5 35.999998450279236
6.5 35.999998450279236
7.5 37.99999877810478
8.5 43.99999976158142
9.5 54.999999701976776
10.5 125.0
11.5 140.00000059604645
12.5 194.0000057220459
13.5 163.00000250339508
14.5 140.00000059604645
15.5 173.99999499320984
16.5 261.9999945163727
17.5 216.0000056028366
18.5 105.99999874830246
19.5 48.00000041723251
20.5 35.999998450279236
21.5 35.999998450279236
22.5 35.999998450279236
23.5 35.999998450279236
