0.5 35.999998450279236
1.5 35.999998450279236
2.5 35.999998450279236
3.5 35.999998450279236
4.5 35.999998450279236
5.5 37.00000047683716
6.5 37.99999877810478
7.5 50.00000074505806
8.5 159.9999964237213
9.5 328.000009059906
10.5 492.000013589859
11.5 621.999979019165
12.5 699.0000009536743
13.5 720.0000286102295
14.5 689.9999976158142
15.5 638.9999985694885
16.5 523.0000019073486
17.5 319.9999928474426
18.5 131.99999928474426
19.5 74.00000095367432
20.5 37.00000047683716
21.5 37.00000047683716
22.5 37.00000047683716
23.5 35.999998450279236
