0.5 35.999998450279236
1.5 35.999998450279236
2.5 35.999998450279236
3.5 35.999998450279236
4.5 35.999998450279236
5.5 35.999998450279236
6.5 35.999998450279236
7.5 46.99999839067459
8.5 97.99999743700027
9.5 136.99999451637268
10.5 229.0000021457672
11.5 187.99999356269836
12.5 218.99999678134918
13.5 307.0000112056732
14.5 652.0000100135803
15.5 665.0000214576721
16.5 363.0000054836273
17.5 192.00000166893005
18.5 125.0
19.5 59.99999865889549
20.5 37.99999877810478
21.5 37.00000047683716
22.5 37.00000047683716
23.5 37.00000047683716
