0.5 35.999998450279236
1.5 35.999998450279236
2.5 35.999998450279236
3.5 35.999998450279236
4.5 35.999998450279236
5.5 35.999998450279236
6.5 35.999998450279236
7.5 71.00000232458115
8.5 212.99999952316284
9.5 375.99998712539673
10.5 517.0000195503235
11.5 648.9999890327454
12.5 740.0000095367432
13.5 762.0000243186951
14.5 700.9999752044678
15.5 580.9999704360962
16.5 444.0000057220459
17.5 384.0000033378601
18.5 257.999986410141
19.5 59.99999865889549
20.5 37.99999877810478
21.5 37.00000047683716
22.5 37.00000047683716
23.5 35.999998450279236
