0.5 35.999998450279236
1.5 35.999998450279236
2.5 35.999998450279236
3.5 35.999998450279236
4.5 35.999998450279236
5.5 35.999998450279236
6.5 35.999998450279236
7.5 45.00000178813934
8.5 68.9999982714653
9.5 156.00000321865082
10.5 151.99999511241913
11.5 226.99999809265137
12.5 305.0000071525574
13.5 563.0000233650208
14.5 702.0000219345093
15.5 661.0000133514404
16.5 532.9999923706055
17.5 363.0000054836273
18.5 222.00000286102295
19.5 92.00000017881393
20.5 37.99999877810478
21.5 37.00000047683716
22.5 37.00000047683716
23.5 37.00000047683716
