0.5 37.00000047683716
1.5 37.00000047683716
2.5 37.00000047683716
3.5 35.999998450279236
4.5 35.999998450279236
5.5 35.999998450279236
6.5 37.00000047683716
7.5 61.000000685453415
8.5 75.99999755620956
9.5 85.00000089406967
10.5 137.9999965429306
11.5 201.00000500679016
12.5 593.999981880188
13.5 384.99999046325684
14.5 119.00000274181366
15.5 71.99999690055847
16.5 61.99999898672104
17.5 96.00000083446503
18.5 105.99999874830246
19.5 57.999998331069946
20.5 41.999999433755875
21.5 37.00000047683716
22.5 37.00000047683716
23.5 37.00000047683716
