0.5 35.999998450279236
1.5 35.999998450279236
2.5 35.999998450279236
3.5 35.999998450279236
4.5 35.999998450279236
5.5 35.999998450279236
6.5 37.99999877810478
7.5 90.00000357627869
8.5 237.0000034570694
9.5 405.0000011920929
10.5 541.0000085830688
11.5 667.9999828338623
12.5 741.9999837875366
13.5 769.9999809265137
14.5 762.0000243186951
15.5 721.0000157356262
16.5 607.9999804496765
17.5 476.00001096725464
18.5 319.9999928474426
19.5 114.00000005960464
20.5 45.00000178813934
21.5 37.00000047683716
22.5 37.00000047683716
23.5 37.00000047683716
