0.5 37.00000047683716
1.5 37.00000047683716
2.5 35.999998450279236
3.5 35.999998450279236
4.5 35.999998450279236
5.5 35.999998450279236
6.5 37.00000047683716
7.5 70.00000029802322
8.5 194.99999284744263
9.5 363.0000054836273
10.5 515.999972820282
11.5 643.999993801117
12.5 722.000002861023
13.5 759.0000033378601
14.5 750.0
15.5 693.0000185966492
16.5 578.9999961853027
17.5 414.000004529953
18.5 270.9999978542328
19.5 104.99999672174454
20.5 41.00000113248825
21.5 37.00000047683716
22.5 37.00000047683716
23.5 37.00000047683716
