9.0 164
9.0167 167
9.0333 169
9.05 171
9.0667 174
9.0833 176
9.1 179
9.1167 181
9.1333 183
9.15 186
9.1667 188
9.1833 191
9.2 193
9.2167 196
9.2333 198
9.25 201
9.2667 203
9.2833 205
9.3 208
9.3167 210
9.3333 213
9.35 215
9.3667 218
9.3833 220
9.4 223
9.4167 225
9.4333 228
9.45 230
9.4667 233
9.4833 235
9.5 238
9.5167 240
9.5333 243
9.55 245
9.5667 248
9.5833 250
9.6 252
9.6167 255
9.6333 257
9.65 260
9.6667 262
9.6833 265
9.7 267
9.7167 270
9.7333 272
9.75 275
9.7667 277
9.7833 280
9.8 282
9.8167 285
9.8333 287
9.85 289
9.8667 292
9.8833 294
9.9 297
9.9167 299
9.9333 302
9.95 304
9.9667 306
9.9833 309
10.0 311
10.0167 314
10.0333 316
10.05 318
10.0667 321
10.0833 323
10.1 325
10.1167 328
10.1333 330
10.15 333
10.1667 335
10.1833 337
10.2 340
10.2167 342
10.2333 344
10.25 346
10.2667 349
10.2833 351
10.3 353
10.3167 356
10.3333 358
10.35 360
10.3667 362
10.3833 365
10.4 367
10.4167 369
10.4333 371
10.45 373
10.4667 376
10.4833 378
10.5 380
10.5167 382
10.5333 384
10.55 387
10.5667 389
10.5833 391
10.6 393
10.6167 395
10.6333 397
10.65 399
10.6667 401
10.6833 403
10.7 405
10.7167 407
10.7333 409
10.75 411
10.7667 413
10.7833 415
10.8 417
10.8167 419
10.8333 421
10.85 423
10.8667 425
10.8833 427
10.9 429
10.9167 431
10.9333 433
10.95 435
10.9667 437
10.9833 438
11.0 440
11.0167 442
11.0333 444
11.05 446
11.0667 448
11.0833 449
11.1 451
11.1167 453
11.1333 455
11.15 456
11.1667 458
11.1833 460
11.2 461
11.2167 463
11.2333 465
11.25 466
11.2667 468
11.2833 470
11.3 471
11.3167 473
11.3333 474
11.35 476
11.3667 477
11.3833 479
11.4 481
11.4167 482
11.4333 484
11.45 485
11.4667 486
11.4833 488
11.5 489
11.5167 491
11.5333 492
11.55 493
11.5667 495
11.5833 496
11.6 498
11.6167 499
11.6333 500
11.65 501
11.6667 503
11.6833 504
11.7 505
11.7167 506
11.7333 508
11.75 509
11.7667 510
11.7833 511
11.8 512
11.8167 513
11.8333 515
11.85 516
11.8667 517
11.8833 518
11.9 519
11.9167 520
11.9333 521
11.95 522
11.9667 523
11.9833 524
12.0 525
12.0167 526
12.0333 527
12.05 528
12.0667 529
12.0833 529
12.1 530
12.1167 531
12.1333 532
12.15 533
12.1667 534
12.1833 534
12.2 535
12.2167 536
12.2333 537
12.25 537
12.2667 538
12.2833 539
12.3 539
12.3167 540
12.3333 541
12.35 541
12.3667 542
12.3833 542
12.4 543
12.4167 543
12.4333 544
12.45 544
12.4667 545
12.4833 545
12.5 546
12.5167 546
12.5333 547
12.55 547
12.5667 547
12.5833 548
12.6 548
12.6167 548
12.6333 549
12.65 549
12.6667 549
12.6833 550
12.7 550
12.7167 550
12.7333 550
12.75 551
12.7667 551
12.7833 551
12.8 551
12.8167 551
12.8333 551
12.85 551
12.8667 551
12.8833 551
12.9 551
12.9167 551
12.9333 551
12.95 551
12.9667 551
12.9833 551
13.0 551
13.0167 551
13.0333 551
13.05 551
13.0667 551
13.0833 551
13.1 551
13.1167 550
13.1333 550
13.15 550
13.1667 550
13.1833 549
13.2 549
13.2167 549
13.2333 549
13.25 548
13.2667 548
13.2833 547
13.3 547
13.3167 547
13.3333 546
13.35 546
13.3667 545
13.3833 545
13.4 544
13.4167 544
13.4333 543
13.45 543
13.4667 542
13.4833 542
13.5 541
13.5167 541
13.5333 540
13.55 539
13.5667 539
13.5833 538
13.6 537
13.6167 537
13.6333 536
13.65 535
13.6667 534
13.6833 534
13.7 533
13.7167 532
13.7333 531
13.75 530
13.7667 529
13.7833 529
13.8 528
13.8167 527
13.8333 526
13.85 525
13.8667 524
13.8833 523
13.9 522
13.9167 521
13.9333 520
13.95 519
13.9667 518
13.9833 517
14.0 516
14.0167 515
14.0333 514
14.05 512
14.0667 511
14.0833 510
14.1 509
14.1167 508
14.1333 507
14.15 505
14.1667 504
14.1833 503
14.2 502
14.2167 500
14.2333 499
14.25 498
14.2667 496
14.2833 495
14.3 494
14.3167 492
14.3333 491
14.35 489
14.3667 488
14.3833 487
14.4 485
14.4167 484
14.4333 482
14.45 481
14.4667 479
14.4833 478
14.5 476
14.5167 474
14.5333 473
14.55 471
14.5667 470
14.5833 468
14.6 466
14.6167 465
14.6333 463
14.65 462
14.6667 460
14.6833 458
14.7 456
14.7167 455
14.7333 453
14.75 451
14.7667 449
14.7833 448
14.8 446
14.8167 444
14.8333 442
14.85 440
14.8667 439
14.8833 437
14.9 435
14.9167 433
14.9333 431
14.95 429
14.9667 427
14.9833 425
15.0 424
15.0167 422
15.0333 420
15.05 418
15.0667 416
15.0833 414
15.1 412
15.1167 410
15.1333 408
15.15 406
15.1667 404
15.1833 402
15.2 400
15.2167 398
15.2333 396
15.25 394
15.2667 392
15.2833 390
15.3 387
15.3167 385
15.3333 383
15.35 381
15.3667 379
15.3833 377
15.4 374
15.4167 372
15.4333 370
15.45 368
15.4667 366
15.4833 363
15.5 361
15.5167 359
15.5333 357
15.55 354
15.5667 352
15.5833 350
15.6 347
15.6167 345
15.6333 343
15.65 340
15.6667 338
15.6833 336
15.7 333
15.7167 331
15.7333 329
15.75 326
15.7667 324
15.7833 322
15.8 319
15.8167 317
15.8333 314
15.85 312
15.8667 310
15.8833 307
15.9 305
15.9167 302
15.9333 300
15.95 298
15.9667 295
15.9833 293
