9.0 545
9.0167 548
9.0333 552
9.05 555
9.0667 559
9.0833 562
9.1 566
9.1167 569
9.1333 573
9.15 576
9.1667 580
9.1833 583
9.2 587
9.2167 590
9.2333 594
9.25 597
9.2667 601
9.2833 604
9.3 607
9.3167 611
9.3333 614
9.35 618
9.3667 621
9.3833 624
9.4 628
9.4167 631
9.4333 634
9.45 638
9.4667 641
9.4833 644
9.5 648
9.5167 651
9.5333 654
9.55 657
9.5667 661
9.5833 664
9.6 667
9.6167 670
9.6333 673
9.65 677
9.6667 680
9.6833 683
9.7 686
9.7167 689
9.7333 692
9.75 695
9.7667 698
9.7833 701
9.8 705
9.8167 708
9.8333 711
9.85 714
9.8667 717
9.8833 720
9.9 723
9.9167 726
9.9333 729
9.95 732
9.9667 735
9.9833 737
10.0 740
10.0167 743
10.0333 746
10.05 749
10.0667 752
10.0833 755
10.1 758
10.1167 760
10.1333 763
10.15 766
10.1667 769
10.1833 771
10.2 774
10.2167 777
10.2333 780
10.25 782
10.2667 785
10.2833 788
10.3 790
10.3167 793
10.3333 796
10.35 798
10.3667 801
10.3833 803
10.4 806
10.4167 809
10.4333 811
10.45 814
10.4667 816
10.4833 819
10.5 821
10.5167 824
10.5333 826
10.55 828
10.5667 831
10.5833 833
10.6 836
10.6167 838
10.6333 840
10.65 843
10.6667 845
10.6833 847
10.7 850
10.7167 852
10.7333 854
10.75 856
10.7667 859
10.7833 861
10.8 863
10.8167 865
10.8333 867
10.85 869
10.8667 872
10.8833 874
10.9 876
10.9167 878
10.9333 880
10.95 882
10.9667 884
10.9833 886
11.0 888
11.0167 890
11.0333 892
11.05 894
11.0667 896
11.0833 898
11.1 900
11.1167 901
11.1333 903
11.15 905
11.1667 907
11.1833 909
11.2 910
11.2167 912
11.2333 914
11.25 916
11.2667 917
11.2833 919
11.3 921
11.3167 923
11.3333 924
11.35 926
11.3667 927
11.3833 929
11.4 931
11.4167 932
11.4333 934
11.45 935
11.4667 937
11.4833 938
11.5 940
11.5167 941
11.5333 942
11.55 944
11.5667 945
11.5833 947
11.6 948
11.6167 949
11.6333 951
11.65 952
11.6667 953
11.6833 955
11.7 956
11.7167 957
11.7333 958
11.75 959
11.7667 961
11.7833 962
11.8 963
11.8167 964
11.8333 965
11.85 966
11.8667 967
11.8833 968
11.9 969
11.9167 970
11.9333 971
11.95 972
11.9667 973
11.9833 974
12.0 975
12.0167 976
12.0333 977
12.05 978
12.0667 978
12.0833 979
12.1 980
12.1167 981
12.1333 982
12.15 982
12.1667 983
12.1833 984
12.2 984
12.2167 985
12.2333 986
12.25 986
12.2667 987
12.2833 988
12.3 988
12.3167 989
12.3333 989
12.35 990
12.3667 990
12.3833 991
12.4 991
12.4167 992
12.4333 992
12.45 992
12.4667 993
12.4833 993
12.5 993
12.5167 994
12.5333 994
12.55 994
12.5667 995
12.5833 995
12.6 995
12.6167 995
12.6333 995
12.65 996
12.6667 996
12.6833 996
12.7 996
12.7167 996
12.7333 996
12.75 996
12.7667 996
12.7833 996
12.8 996
12.8167 996
12.8333 996
12.85 996
12.8667 996
12.8833 996
12.9 996
12.9167 995
12.9333 995
12.95 995
12.9667 995
12.9833 995
13.0 994
13.0167 994
13.0333 994
13.05 994
13.0667 993
13.0833 993
13.1 993
13.1167 992
13.1333 992
13.15 991
13.1667 991
13.1833 990
13.2 990
13.2167 989
13.2333 989
13.25 988
13.2667 988
13.2833 987
13.3 987
13.3167 986
13.3333 985
13.35 985
13.3667 984
13.3833 983
13.4 983
13.4167 982
13.4333 981
13.45 980
13.4667 980
13.4833 979
13.5 978
13.5167 977
13.5333 976
13.55 975
13.5667 975
13.5833 974
13.6 973
13.6167 972
13.6333 971
13.65 970
13.6667 969
13.6833 968
13.7 967
13.7167 966
13.7333 965
13.75 963
13.7667 962
13.7833 961
13.8 960
13.8167 959
13.8333 958
13.85 956
13.8667 955
13.8833 954
13.9 953
13.9167 951
13.9333 950
13.95 949
13.9667 947
13.9833 946
14.0 945
14.0167 943
14.0333 942
14.05 940
14.0667 939
14.0833 937
14.1 936
14.1167 934
14.1333 933
14.15 931
14.1667 930
14.1833 928
14.2 927
14.2167 925
14.2333 923
14.25 922
14.2667 920
14.2833 918
14.3 917
14.3167 915
14.3333 913
14.35 911
14.3667 910
14.3833 908
14.4 906
14.4167 904
14.4333 902
14.45 901
14.4667 899
14.4833 897
14.5 895
14.5167 893
14.5333 891
14.55 889
14.5667 887
14.5833 885
14.6 883
14.6167 881
14.6333 879
14.65 877
14.6667 875
14.6833 873
14.7 871
14.7167 868
14.7333 866
14.75 864
14.7667 862
14.7833 860
14.8 858
14.8167 855
14.8333 853
14.85 851
14.8667 849
14.8833 846
14.9 844
14.9167 842
14.9333 839
14.95 837
14.9667 835
14.9833 832
15.0 829
15.0167 827
15.0333 825
15.05 822
15.0667 820
15.0833 817
15.1 815
15.1167 812
15.1333 810
15.15 807
15.1667 804
15.1833 802
15.2 799
15.2167 797
15.2333 794
15.25 791
15.2667 789
15.2833 786
15.3 783
15.3167 781
15.3333 778
15.35 775
15.3667 773
15.3833 770
15.4 767
15.4167 764
15.4333 762
15.45 759
15.4667 756
15.4833 753
15.5 750
15.5167 747
15.5333 744
15.55 742
15.5667 739
15.5833 736
15.6 733
15.6167 730
15.6333 727
15.65 724
15.6667 721
15.6833 718
15.7 715
15.7167 712
15.7333 709
15.75 706
15.7667 703
15.7833 700
15.8 697
15.8167 694
15.8333 690
15.85 687
15.8667 684
15.8833 681
15.9 678
15.9167 675
15.9333 672
15.95 668
15.9667 665
15.9833 662
