9.0 169
9.0167 171
9.0333 174
9.05 177
9.0667 179
9.0833 182
9.1 184
9.1167 187
9.1333 190
9.15 192
9.1667 195
9.1833 197
9.2 200
9.2167 203
9.2333 205
9.25 208
9.2667 210
9.2833 213
9.3 216
9.3167 218
9.3333 221
9.35 224
9.3667 226
9.3833 229
9.4 232
9.4167 234
9.4333 237
9.45 240
9.4667 242
9.4833 245
9.5 247
9.5167 250
9.5333 253
9.55 255
9.5667 258
9.5833 261
9.6 263
9.6167 266
9.6333 269
9.65 271
9.6667 274
9.6833 276
9.7 279
9.7167 282
9.7333 284
9.75 287
9.7667 289
9.7833 292
9.8 295
9.8167 297
9.8333 300
9.85 302
9.8667 305
9.8833 308
9.9 310
9.9167 313
9.9333 315
9.95 318
9.9667 320
9.9833 323
10.0 325
10.0167 328
10.0333 330
10.05 333
10.0667 335
10.0833 338
10.1 340
10.1167 343
10.1333 345
10.15 348
10.1667 350
10.1833 353
10.2 355
10.2167 358
10.2333 360
10.25 362
10.2667 365
10.2833 367
10.3 370
10.3167 372
10.3333 374
10.35 377
10.3667 379
10.3833 381
10.4 384
10.4167 386
10.4333 388
10.45 391
10.4667 393
10.4833 395
10.5 398
10.5167 400
10.5333 402
10.55 404
10.5667 407
10.5833 409
10.6 411
10.6167 413
10.6333 415
10.65 418
10.6667 420
10.6833 422
10.7 424
10.7167 426
10.7333 428
10.75 430
10.7667 432
10.7833 434
10.8 437
10.8167 439
10.8333 441
10.85 443
10.8667 445
10.8833 447
10.9 449
10.9167 451
10.9333 453
10.95 455
10.9667 456
10.9833 458
11.0 460
11.0167 462
11.0333 464
11.05 466
11.0667 468
11.0833 470
11.1 471
11.1167 473
11.1333 475
11.15 477
11.1667 479
11.1833 480
11.2 482
11.2167 484
11.2333 485
11.25 487
11.2667 489
11.2833 491
11.3 492
11.3167 494
11.3333 495
11.35 497
11.3667 499
11.3833 500
11.4 502
11.4167 503
11.4333 505
11.45 506
11.4667 508
11.4833 509
11.5 511
11.5167 512
11.5333 514
11.55 515
11.5667 516
11.5833 518
11.6 519
11.6167 521
11.6333 522
11.65 523
11.6667 525
11.6833 526
11.7 527
11.7167 528
11.7333 530
11.75 531
11.7667 532
11.7833 533
11.8 534
11.8167 536
11.8333 537
11.85 538
11.8667 539
11.8833 540
11.9 541
11.9167 542
11.9333 543
11.95 544
11.9667 545
11.9833 546
12.0 547
12.0167 548
12.0333 549
12.05 550
12.0667 551
12.0833 552
12.1 553
12.1167 553
12.1333 554
12.15 555
12.1667 556
12.1833 557
12.2 557
12.2167 558
12.2333 559
12.25 560
12.2667 560
12.2833 561
12.3 562
12.3167 562
12.3333 563
12.35 563
12.3667 564
12.3833 565
12.4 565
12.4167 566
12.4333 566
12.45 567
12.4667 567
12.4833 568
12.5 568
12.5167 569
12.5333 569
12.55 569
12.5667 570
12.5833 570
12.6 570
12.6167 571
12.6333 571
12.65 571
12.6667 572
12.6833 572
12.7 572
12.7167 572
12.7333 572
12.75 573
12.7667 573
12.7833 573
12.8 573
12.8167 573
12.8333 573
12.85 573
12.8667 573
12.8833 573
12.9 573
12.9167 573
12.9333 573
12.95 573
12.9667 573
12.9833 573
13.0 573
13.0167 573
13.0333 573
13.05 573
13.0667 573
13.0833 572
13.1 572
13.1167 572
13.1333 572
13.15 571
13.1667 571
13.1833 571
13.2 571
13.2167 570
13.2333 570
13.25 570
13.2667 569
13.2833 569
13.3 568
13.3167 568
13.3333 567
13.35 567
13.3667 566
13.3833 566
13.4 565
13.4167 565
13.4333 564
13.45 564
13.4667 563
13.4833 563
13.5 562
13.5167 561
13.5333 561
13.55 560
13.5667 559
13.5833 558
13.6 558
13.6167 557
13.6333 556
13.65 555
13.6667 555
13.6833 554
13.7 553
13.7167 552
13.7333 551
13.75 550
13.7667 549
13.7833 548
13.8 548
13.8167 547
13.8333 546
13.85 545
13.8667 544
13.8833 543
13.9 542
13.9167 540
13.9333 539
13.95 538
13.9667 537
13.9833 536
14.0 535
14.0167 534
14.0333 533
14.05 531
14.0667 530
14.0833 529
14.1 528
14.1167 526
14.1333 525
14.15 524
14.1667 522
14.1833 521
14.2 520
14.2167 518
14.2333 517
14.25 516
14.2667 514
14.2833 513
14.3 511
14.3167 510
14.3333 508
14.35 507
14.3667 505
14.3833 504
14.4 502
14.4167 501
14.4333 499
14.45 498
14.4667 496
14.4833 495
14.5 493
14.5167 491
14.5333 490
14.55 488
14.5667 486
14.5833 485
14.6 483
14.6167 481
14.6333 479
14.65 478
14.6667 476
14.6833 474
14.7 472
14.7167 470
14.7333 469
14.75 467
14.7667 465
14.7833 463
14.8 461
14.8167 459
14.8333 457
14.85 455
14.8667 453
14.8833 452
14.9 450
14.9167 448
14.9333 446
14.95 444
14.9667 442
14.9833 440
15.0 438
15.0167 436
15.0333 434
15.05 432
15.0667 430
15.0833 428
15.1 426
15.1167 424
15.1333 422
15.15 419
15.1667 417
15.1833 415
15.2 413
15.2167 411
15.2333 408
15.25 406
15.2667 404
15.2833 402
15.3 399
15.3167 397
15.3333 395
15.35 393
15.3667 390
15.3833 388
15.4 386
15.4167 383
15.4333 381
15.45 379
15.4667 376
15.4833 374
15.5 372
15.5167 369
15.5333 367
15.55 364
15.5667 362
15.5833 360
15.6 357
15.6167 355
15.6333 352
15.65 350
15.6667 347
15.6833 345
15.7 342
15.7167 340
15.7333 337
15.75 335
15.7667 332
15.7833 330
15.8 327
15.8167 325
15.8333 322
15.85 320
15.8667 317
15.8833 315
15.9 312
15.9167 309
15.9333 307
15.95 304
15.9667 302
15.9833 299
