9.0 376
9.0167 379
9.0333 382
9.05 385
9.0667 387
9.0833 390
9.1 393
9.1167 396
9.1333 399
9.15 402
9.1667 405
9.1833 407
9.2 410
9.2167 413
9.2333 416
9.25 419
9.2667 421
9.2833 424
9.3 427
9.3167 430
9.3333 433
9.35 435
9.3667 438
9.3833 441
9.4 444
9.4167 446
9.4333 449
9.45 452
9.4667 455
9.4833 457
9.5 460
9.5167 463
9.5333 465
9.55 468
9.5667 471
9.5833 473
9.6 476
9.6167 479
9.6333 481
9.65 484
9.6667 487
9.6833 489
9.7 492
9.7167 495
9.7333 497
9.75 500
9.7667 502
9.7833 505
9.8 507
9.8167 510
9.8333 513
9.85 515
9.8667 518
9.8833 520
9.9 523
9.9167 525
9.9333 528
9.95 530
9.9667 533
9.9833 535
10.0 537
10.0167 540
10.0333 542
10.05 545
10.0667 547
10.0833 550
10.1 552
10.1167 554
10.1333 557
10.15 559
10.1667 561
10.1833 564
10.2 566
10.2167 568
10.2333 571
10.25 573
10.2667 575
10.2833 577
10.3 580
10.3167 582
10.3333 584
10.35 586
10.3667 588
10.3833 591
10.4 593
10.4167 595
10.4333 597
10.45 599
10.4667 601
10.4833 603
10.5 605
10.5167 608
10.5333 610
10.55 612
10.5667 614
10.5833 616
10.6 618
10.6167 620
10.6333 622
10.65 624
10.6667 626
10.6833 628
10.7 630
10.7167 631
10.7333 633
10.75 635
10.7667 637
10.7833 639
10.8 641
10.8167 643
10.8333 644
10.85 646
10.8667 648
10.8833 650
10.9 652
10.9167 653
10.9333 655
10.95 657
10.9667 658
10.9833 660
11.0 662
11.0167 663
11.0333 665
11.05 667
11.0667 668
11.0833 670
11.1 671
11.1167 673
11.1333 675
11.15 676
11.1667 678
11.1833 679
11.2 681
11.2167 682
11.2333 684
11.25 685
11.2667 686
11.2833 688
11.3 689
11.3167 691
11.3333 692
11.35 693
11.3667 695
11.3833 696
11.4 697
11.4167 698
11.4333 700
11.45 701
11.4667 702
11.4833 703
11.5 705
11.5167 706
11.5333 707
11.55 708
11.5667 709
11.5833 710
11.6 711
11.6167 712
11.6333 714
11.65 715
11.6667 716
11.6833 717
11.7 718
11.7167 719
11.7333 720
11.75 721
11.7667 721
11.7833 722
11.8 723
11.8167 724
11.8333 725
11.85 726
11.8667 727
11.8833 727
11.9 728
11.9167 729
11.9333 730
11.95 731
11.9667 731
11.9833 732
12.0 733
12.0167 733
12.0333 734
12.05 735
12.0667 735
12.0833 736
12.1 736
12.1167 737
12.1333 738
12.15 738
12.1667 739
12.1833 739
12.2 740
12.2167 740
12.2333 740
12.25 741
12.2667 741
12.2833 742
12.3 742
12.3167 742
12.3333 743
12.35 743
12.3667 743
12.3833 744
12.4 744
12.4167 744
12.4333 744
12.45 745
12.4667 745
12.4833 745
12.5 745
12.5167 745
12.5333 745
12.55 746
12.5667 746
12.5833 746
12.6 746
12.6167 746
12.6333 746
12.65 746
12.6667 746
12.6833 746
12.7 746
12.7167 746
12.7333 746
12.75 746
12.7667 745
12.7833 745
12.8 745
12.8167 745
12.8333 745
12.85 745
12.8667 744
12.8833 744
12.9 744
12.9167 744
12.9333 743
12.95 743
12.9667 743
12.9833 742
13.0 742
13.0167 741
13.0333 741
13.05 741
13.0667 740
13.0833 740
13.1 739
13.1167 739
13.1333 738
13.15 738
13.1667 737
13.1833 737
13.2 736
13.2167 736
13.2333 735
13.25 734
13.2667 734
13.2833 733
13.3 732
13.3167 732
13.3333 731
13.35 730
13.3667 729
13.3833 729
13.4 728
13.4167 727
13.4333 726
13.45 725
13.4667 725
13.4833 724
13.5 723
13.5167 722
13.5333 721
13.55 720
13.5667 719
13.5833 718
13.6 717
13.6167 716
13.6333 715
13.65 714
13.6667 713
13.6833 712
13.7 711
13.7167 710
13.7333 709
13.75 707
13.7667 706
13.7833 705
13.8 704
13.8167 703
13.8333 702
13.85 700
13.8667 699
13.8833 698
13.9 696
13.9167 695
13.9333 694
13.95 693
13.9667 691
13.9833 690
14.0 688
14.0167 687
14.0333 686
14.05 684
14.0667 683
14.0833 681
14.1 680
14.1167 678
14.1333 677
14.15 675
14.1667 674
14.1833 672
14.2 671
14.2167 669
14.2333 667
14.25 666
14.2667 664
14.2833 663
14.3 661
14.3167 659
14.3333 658
14.35 656
14.3667 654
14.3833 652
14.4 651
14.4167 649
14.4333 647
14.45 645
14.4667 643
14.4833 642
14.5 640
14.5167 638
14.5333 636
14.55 634
14.5667 632
14.5833 630
14.6 629
14.6167 627
14.6333 625
14.65 623
14.6667 621
14.6833 619
14.7 617
14.7167 615
14.7333 613
14.75 611
14.7667 609
14.7833 606
14.8 604
14.8167 602
14.8333 600
14.85 598
14.8667 596
14.8833 594
14.9 592
14.9167 589
14.9333 587
14.95 585
14.9667 583
14.9833 581
15.0 579
15.0167 576
15.0333 574
15.05 572
15.0667 570
15.0833 567
15.1 565
15.1167 563
15.1333 560
15.15 558
15.1667 556
15.1833 553
15.2 551
15.2167 548
15.2333 546
15.25 544
15.2667 541
15.2833 539
15.3 536
15.3167 534
15.3333 531
15.35 529
15.3667 526
15.3833 524
15.4 522
15.4167 519
15.4333 516
15.45 514
15.4667 511
15.4833 509
15.5 506
15.5167 504
15.5333 501
15.55 499
15.5667 496
15.5833 493
15.6 491
15.6167 488
15.6333 486
15.65 483
15.6667 480
15.6833 478
15.7 475
15.7167 472
15.7333 470
15.75 467
15.7667 464
15.7833 461
15.8 459
15.8167 456
15.8333 453
15.85 451
15.8667 448
15.8833 445
15.9 442
15.9167 440
15.9333 437
15.95 434
15.9667 431
15.9833 429
