9.0 625
9.0167 628
9.0333 632
9.05 635
9.0667 639
9.0833 642
9.1 646
9.1167 650
9.1333 653
9.15 657
9.1667 660
9.1833 664
9.2 667
9.2167 671
9.2333 674
9.25 678
9.2667 681
9.2833 684
9.3 688
9.3167 691
9.3333 695
9.35 698
9.3667 701
9.3833 705
9.4 708
9.4167 712
9.4333 715
9.45 718
9.4667 722
9.4833 725
9.5 728
9.5167 731
9.5333 735
9.55 738
9.5667 741
9.5833 744
9.6 748
9.6167 751
9.6333 754
9.65 757
9.6667 760
9.6833 764
9.7 767
9.7167 770
9.7333 773
9.75 776
9.7667 779
9.7833 782
9.8 785
9.8167 788
9.8333 792
9.85 795
9.8667 798
9.8833 801
9.9 804
9.9167 807
9.9333 810
9.95 813
9.9667 815
9.9833 818
10.0 821
10.0167 824
10.0333 827
10.05 830
10.0667 833
10.0833 836
10.1 838
10.1167 841
10.1333 844
10.15 847
10.1667 850
10.1833 852
10.2 855
10.2167 858
10.2333 861
10.25 863
10.2667 866
10.2833 869
10.3 871
10.3167 874
10.3333 877
10.35 879
10.3667 882
10.3833 884
10.4 887
10.4167 890
10.4333 892
10.45 895
10.4667 897
10.4833 900
10.5 902
10.5167 905
10.5333 907
10.55 909
10.5667 912
10.5833 914
10.6 917
10.6167 919
10.6333 921
10.65 924
10.6667 926
10.6833 928
10.7 931
10.7167 933
10.7333 935
10.75 937
10.7667 940
10.7833 942
10.8 944
10.8167 946
10.8333 948
10.85 950
10.8667 953
10.8833 955
10.9 957
10.9167 959
10.9333 961
10.95 963
10.9667 965
10.9833 967
11.0 969
11.0167 971
11.0333 973
11.05 975
11.0667 977
11.0833 979
11.1 981
11.1167 983
11.1333 984
11.15 986
11.1667 988
11.1833 990
11.2 992
11.2167 993
11.2333 995
11.25 997
11.2667 999
11.2833 1000
11.3 1002
11.3167 1004
11.3333 1005
11.35 1007
11.3667 1009
11.3833 1010
11.4 1012
11.4167 1013
11.4333 1015
11.45 1016
11.4667 1018
11.4833 1019
11.5 1021
11.5167 1022
11.5333 1024
11.55 1025
11.5667 1027
11.5833 1028
11.6 1029
11.6167 1031
11.6333 1032
11.65 1033
11.6667 1035
11.6833 1036
11.7 1037
11.7167 1038
11.7333 1039
11.75 1041
11.7667 1042
11.7833 1043
11.8 1044
11.8167 1045
11.8333 1046
11.85 1048
11.8667 1049
11.8833 1050
11.9 1051
11.9167 1052
11.9333 1053
11.95 1054
11.9667 1055
11.9833 1056
12.0 1056
12.0167 1057
12.0333 1058
12.05 1059
12.0667 1060
12.0833 1061
12.1 1062
12.1167 1062
12.1333 1063
12.15 1064
12.1667 1065
12.1833 1065
12.2 1066
12.2167 1067
12.2333 1067
12.25 1068
12.2667 1069
12.2833 1069
12.3 1070
12.3167 1070
12.3333 1071
12.35 1071
12.3667 1072
12.3833 1072
12.4 1073
12.4167 1073
12.4333 1074
12.45 1074
12.4667 1075
12.4833 1075
12.5 1075
12.5167 1076
12.5333 1076
12.55 1076
12.5667 1076
12.5833 1077
12.6 1077
12.6167 1077
12.6333 1077
12.65 1078
12.6667 1078
12.6833 1078
12.7 1078
12.7167 1078
12.7333 1078
12.75 1078
12.7667 1078
12.7833 1078
12.8 1078
12.8167 1078
12.8333 1078
12.85 1078
12.8667 1078
12.8833 1078
12.9 1078
12.9167 1078
12.9333 1078
12.95 1078
12.9667 1077
12.9833 1077
13.0 1077
13.0167 1077
13.0333 1076
13.05 1076
13.0667 1076
13.0833 1076
13.1 1075
13.1167 1075
13.1333 1074
13.15 1074
13.1667 1074
13.1833 1073
13.2 1073
13.2167 1072
13.2333 1072
13.25 1071
13.2667 1071
13.2833 1070
13.3 1070
13.3167 1069
13.3333 1068
13.35 1068
13.3667 1067
13.3833 1067
13.4 1066
13.4167 1065
13.4333 1064
13.45 1064
13.4667 1063
13.4833 1062
13.5 1061
13.5167 1061
13.5333 1060
13.55 1059
13.5667 1058
13.5833 1057
13.6 1056
13.6167 1055
13.6333 1054
13.65 1053
13.6667 1052
13.6833 1051
13.7 1050
13.7167 1049
13.7333 1048
13.75 1047
13.7667 1046
13.7833 1045
13.8 1044
13.8167 1043
13.8333 1042
13.85 1040
13.8667 1039
13.8833 1038
13.9 1037
13.9167 1035
13.9333 1034
13.95 1033
13.9667 1032
13.9833 1030
14.0 1029
14.0167 1028
14.0333 1026
14.05 1025
14.0667 1023
14.0833 1022
14.1 1020
14.1167 1019
14.1333 1017
14.15 1016
14.1667 1014
14.1833 1013
14.2 1011
14.2167 1010
14.2333 1008
14.25 1007
14.2667 1005
14.2833 1003
14.3 1002
14.3167 1000
14.3333 998
14.35 996
14.3667 995
14.3833 993
14.4 991
14.4167 989
14.4333 988
14.45 986
14.4667 984
14.4833 982
14.5 980
14.5167 978
14.5333 976
14.55 974
14.5667 972
14.5833 971
14.6 969
14.6167 967
14.6333 965
14.65 963
14.6667 960
14.6833 958
14.7 956
14.7167 954
14.7333 952
14.75 950
14.7667 948
14.7833 946
14.8 943
14.8167 941
14.8333 939
14.85 937
14.8667 935
14.8833 932
14.9 930
14.9167 928
14.9333 925
14.95 923
14.9667 921
14.9833 918
15.0 916
15.0167 914
15.0333 911
15.05 909
15.0667 906
15.0833 904
15.1 901
15.1167 899
15.1333 896
15.15 894
15.1667 891
15.1833 889
15.2 886
15.2167 884
15.2333 881
15.25 878
15.2667 876
15.2833 873
15.3 871
15.3167 868
15.3333 865
15.35 863
15.3667 860
15.3833 857
15.4 854
15.4167 852
15.4333 849
15.45 846
15.4667 843
15.4833 840
15.5 838
15.5167 835
15.5333 832
15.55 829
15.5667 826
15.5833 823
15.6 820
15.6167 817
15.6333 815
15.65 812
15.6667 809
15.6833 806
15.7 803
15.7167 800
15.7333 797
15.75 794
15.7667 791
15.7833 788
15.8 784
15.8167 781
15.8333 778
15.85 775
15.8667 772
15.8833 769
15.9 766
15.9167 763
15.9333 760
15.95 756
15.9667 753
15.9833 750
