9.0 618
9.0167 621
9.0333 625
9.05 628
9.0667 632
9.0833 636
9.1 639
9.1167 643
9.1333 646
9.15 650
9.1667 653
9.1833 657
9.2 661
9.2167 664
9.2333 668
9.25 671
9.2667 675
9.2833 678
9.3 682
9.3167 685
9.3333 688
9.35 692
9.3667 695
9.3833 699
9.4 702
9.4167 706
9.4333 709
9.45 712
9.4667 716
9.4833 719
9.5 722
9.5167 726
9.5333 729
9.55 732
9.5667 736
9.5833 739
9.6 742
9.6167 745
9.6333 749
9.65 752
9.6667 755
9.6833 758
9.7 761
9.7167 765
9.7333 768
9.75 771
9.7667 774
9.7833 777
9.8 780
9.8167 783
9.8333 786
9.85 789
9.8667 793
9.8833 796
9.9 799
9.9167 802
9.9333 805
9.95 808
9.9667 811
9.9833 814
10.0 817
10.0167 819
10.0333 822
10.05 825
10.0667 828
10.0833 831
10.1 834
10.1167 837
10.1333 840
10.15 842
10.1667 845
10.1833 848
10.2 851
10.2167 854
10.2333 856
10.25 859
10.2667 862
10.2833 864
10.3 867
10.3167 870
10.3333 872
10.35 875
10.3667 878
10.3833 880
10.4 883
10.4167 886
10.4333 888
10.45 891
10.4667 893
10.4833 896
10.5 898
10.5167 901
10.5333 903
10.55 906
10.5667 908
10.5833 911
10.6 913
10.6167 915
10.6333 918
10.65 920
10.6667 922
10.6833 925
10.7 927
10.7167 929
10.7333 932
10.75 934
10.7667 936
10.7833 938
10.8 941
10.8167 943
10.8333 945
10.85 947
10.8667 949
10.8833 951
10.9 954
10.9167 956
10.9333 958
10.95 960
10.9667 962
10.9833 964
11.0 966
11.0167 968
11.0333 970
11.05 972
11.0667 974
11.0833 976
11.1 978
11.1167 980
11.1333 981
11.15 983
11.1667 985
11.1833 987
11.2 989
11.2167 991
11.2333 992
11.25 994
11.2667 996
11.2833 997
11.3 999
11.3167 1001
11.3333 1003
11.35 1004
11.3667 1006
11.3833 1007
11.4 1009
11.4167 1011
11.4333 1012
11.45 1014
11.4667 1015
11.4833 1017
11.5 1018
11.5167 1020
11.5333 1021
11.55 1023
11.5667 1024
11.5833 1025
11.6 1027
11.6167 1028
11.6333 1029
11.65 1031
11.6667 1032
11.6833 1033
11.7 1035
11.7167 1036
11.7333 1037
11.75 1038
11.7667 1039
11.7833 1041
11.8 1042
11.8167 1043
11.8333 1044
11.85 1045
11.8667 1046
11.8833 1047
11.9 1048
11.9167 1049
11.9333 1050
11.95 1051
11.9667 1052
11.9833 1053
12.0 1054
12.0167 1055
12.0333 1056
12.05 1057
12.0667 1058
12.0833 1058
12.1 1059
12.1167 1060
12.1333 1061
12.15 1062
12.1667 1062
12.1833 1063
12.2 1064
12.2167 1064
12.2333 1065
12.25 1066
12.2667 1066
12.2833 1067
12.3 1068
12.3167 1068
12.3333 1069
12.35 1069
12.3667 1070
12.3833 1070
12.4 1071
12.4167 1071
12.4333 1071
12.45 1072
12.4667 1072
12.4833 1073
12.5 1073
12.5167 1073
12.5333 1074
12.55 1074
12.5667 1074
12.5833 1074
12.6 1075
12.6167 1075
12.6333 1075
12.65 1075
12.6667 1075
12.6833 1076
12.7 1076
12.7167 1076
12.7333 1076
12.75 1076
12.7667 1076
12.7833 1076
12.8 1076
12.8167 1076
12.8333 1076
12.85 1076
12.8667 1076
12.8833 1076
12.9 1076
12.9167 1075
12.9333 1075
12.95 1075
12.9667 1075
12.9833 1075
13.0 1074
13.0167 1074
13.0333 1074
13.05 1074
13.0667 1073
13.0833 1073
13.1 1073
13.1167 1072
13.1333 1072
13.15 1072
13.1667 1071
13.1833 1071
13.2 1070
13.2167 1070
13.2333 1069
13.25 1069
13.2667 1068
13.2833 1068
13.3 1067
13.3167 1066
13.3333 1066
13.35 1065
13.3667 1064
13.3833 1064
13.4 1063
13.4167 1062
13.4333 1062
13.45 1061
13.4667 1060
13.4833 1059
13.5 1059
13.5167 1058
13.5333 1057
13.55 1056
13.5667 1055
13.5833 1054
13.6 1053
13.6167 1052
13.6333 1051
13.65 1050
13.6667 1049
13.6833 1048
13.7 1047
13.7167 1046
13.7333 1045
13.75 1044
13.7667 1043
13.7833 1042
13.8 1041
13.8167 1040
13.8333 1038
13.85 1037
13.8667 1036
13.8833 1035
13.9 1033
13.9167 1032
13.9333 1031
13.95 1030
13.9667 1028
13.9833 1027
14.0 1025
14.0167 1024
14.0333 1023
14.05 1021
14.0667 1020
14.0833 1018
14.1 1017
14.1167 1015
14.1333 1014
14.15 1012
14.1667 1011
14.1833 1009
14.2 1008
14.2167 1006
14.2333 1004
14.25 1003
14.2667 1001
14.2833 999
14.3 998
14.3167 996
14.3333 994
14.35 992
14.3667 991
14.3833 989
14.4 987
14.4167 985
14.4333 983
14.45 982
14.4667 980
14.4833 978
14.5 976
14.5167 974
14.5333 972
14.55 970
14.5667 968
14.5833 966
14.6 964
14.6167 962
14.6333 960
14.65 958
14.6667 956
14.6833 954
14.7 952
14.7167 950
14.7333 947
14.75 945
14.7667 943
14.7833 941
14.8 939
14.8167 936
14.8333 934
14.85 932
14.8667 930
14.8833 927
14.9 925
14.9167 923
14.9333 920
14.95 918
14.9667 916
14.9833 913
15.0 911
15.0167 908
15.0333 906
15.05 903
15.0667 901
15.0833 898
15.1 896
15.1167 893
15.1333 891
15.15 888
15.1667 886
15.1833 883
15.2 880
15.2167 878
15.2333 875
15.25 873
15.2667 870
15.2833 867
15.3 865
15.3167 862
15.3333 859
15.35 856
15.3667 854
15.3833 851
15.4 848
15.4167 845
15.4333 842
15.45 840
15.4667 837
15.4833 834
15.5 831
15.5167 828
15.5333 825
15.55 822
15.5667 819
15.5833 817
15.6 814
15.6167 811
15.6333 808
15.65 805
15.6667 802
15.6833 799
15.7 796
15.7167 793
15.7333 790
15.75 786
15.7667 783
15.7833 780
15.8 777
15.8167 774
15.8333 771
15.85 768
15.8667 765
15.8833 761
15.9 758
15.9167 755
15.9333 752
15.95 749
15.9667 745
15.9833 742
