9.0 275
9.0167 278
9.0333 281
9.05 285
9.0667 288
9.0833 291
9.1 294
9.1167 298
9.1333 301
9.15 304
9.1667 308
9.1833 311
9.2 314
9.2167 318
9.2333 321
9.25 324
9.2667 327
9.2833 331
9.3 334
9.3167 337
9.3333 340
9.35 343
9.3667 347
9.3833 350
9.4 353
9.4167 356
9.4333 359
9.45 362
9.4667 366
9.4833 369
9.5 372
9.5167 375
9.5333 378
9.55 381
9.5667 384
9.5833 387
9.6 390
9.6167 394
9.6333 397
9.65 400
9.6667 403
9.6833 406
9.7 409
9.7167 412
9.7333 415
9.75 418
9.7667 420
9.7833 423
9.8 426
9.8167 429
9.8333 432
9.85 435
9.8667 438
9.8833 441
9.9 444
9.9167 447
9.9333 449
9.95 452
9.9667 455
9.9833 458
10.0 461
10.0167 463
10.0333 466
10.05 469
10.0667 472
10.0833 474
10.1 477
10.1167 480
10.1333 482
10.15 485
10.1667 488
10.1833 490
10.2 493
10.2167 495
10.2333 498
10.25 501
10.2667 503
10.2833 506
10.3 508
10.3167 511
10.3333 513
10.35 516
10.3667 518
10.3833 521
10.4 523
10.4167 526
10.4333 528
10.45 530
10.4667 533
10.4833 535
10.5 537
10.5167 540
10.5333 542
10.55 544
10.5667 547
10.5833 549
10.6 551
10.6167 553
10.6333 556
10.65 558
10.6667 560
10.6833 562
10.7 564
10.7167 567
10.7333 569
10.75 571
10.7667 573
10.7833 575
10.8 577
10.8167 579
10.8333 581
10.85 583
10.8667 585
10.8833 587
10.9 589
10.9167 591
10.9333 593
10.95 595
10.9667 597
10.9833 599
11.0 601
11.0167 602
11.0333 604
11.05 606
11.0667 608
11.0833 610
11.1 611
11.1167 613
11.1333 615
11.15 616
11.1667 618
11.1833 620
11.2 621
11.2167 623
11.2333 625
11.25 626
11.2667 628
11.2833 629
11.3 631
11.3167 633
11.3333 634
11.35 636
11.3667 637
11.3833 638
11.4 640
11.4167 641
11.4333 643
11.45 644
11.4667 645
11.4833 647
11.5 648
11.5167 649
11.5333 651
11.55 652
11.5667 653
11.5833 655
11.6 656
11.6167 657
11.6333 658
11.65 659
11.6667 660
11.6833 662
11.7 663
11.7167 664
11.7333 665
11.75 666
11.7667 667
11.7833 668
11.8 669
11.8167 670
11.8333 671
11.85 672
11.8667 673
11.8833 674
11.9 675
11.9167 675
11.9333 676
11.95 677
11.9667 678
11.9833 679
12.0 679
12.0167 680
12.0333 681
12.05 682
12.0667 682
12.0833 683
12.1 684
12.1167 684
12.1333 685
12.15 685
12.1667 686
12.1833 687
12.2 687
12.2167 688
12.2333 688
12.25 689
12.2667 689
12.2833 690
12.3 690
12.3167 690
12.3333 691
12.35 691
12.3667 691
12.3833 692
12.4 692
12.4167 692
12.4333 693
12.45 693
12.4667 693
12.4833 693
12.5 693
12.5167 694
12.5333 694
12.55 694
12.5667 694
12.5833 694
12.6 694
12.6167 694
12.6333 694
12.65 694
12.6667 694
12.6833 694
12.7 694
12.7167 694
12.7333 694
12.75 694
12.7667 694
12.7833 694
12.8 694
12.8167 693
12.8333 693
12.85 693
12.8667 693
12.8833 692
12.9 692
12.9167 692
12.9333 692
12.95 691
12.9667 691
12.9833 691
13.0 690
13.0167 690
13.0333 689
13.05 689
13.0667 688
13.0833 688
13.1 687
13.1167 687
13.1333 686
13.15 686
13.1667 685
13.1833 685
13.2 684
13.2167 683
13.2333 683
13.25 682
13.2667 681
13.2833 681
13.3 680
13.3167 679
13.3333 678
13.35 677
13.3667 677
13.3833 676
13.4 675
13.4167 674
13.4333 673
13.45 672
13.4667 671
13.4833 670
13.5 669
13.5167 668
13.5333 667
13.55 666
13.5667 665
13.5833 664
13.6 663
13.6167 662
13.6333 661
13.65 660
13.6667 659
13.6833 658
13.7 656
13.7167 655
13.7333 654
13.75 653
13.7667 651
13.7833 650
13.8 649
13.8167 648
13.8333 646
13.85 645
13.8667 643
13.8833 642
13.9 641
13.9167 639
13.9333 638
13.95 636
13.9667 635
13.9833 633
14.0 632
14.0167 630
14.0333 629
14.05 627
14.0667 626
14.0833 624
14.1 622
14.1167 621
14.1333 619
14.15 617
14.1667 616
14.1833 614
14.2 612
14.2167 610
14.2333 609
14.25 607
14.2667 605
14.2833 603
14.3 601
14.3167 600
14.3333 598
14.35 596
14.3667 594
14.3833 592
14.4 590
14.4167 588
14.4333 586
14.45 584
14.4667 582
14.4833 580
14.5 578
14.5167 576
14.5333 574
14.55 572
14.5667 570
14.5833 568
14.6 566
14.6167 563
14.6333 561
14.65 559
14.6667 557
14.6833 555
14.7 552
14.7167 550
14.7333 548
14.75 546
14.7667 543
14.7833 541
14.8 539
14.8167 536
14.8333 534
14.85 532
14.8667 529
14.8833 527
14.9 524
14.9167 522
14.9333 520
14.95 517
14.9667 515
14.9833 512
15.0 510
15.0167 507
15.0333 505
15.05 502
15.0667 500
15.0833 497
15.1 495
15.1167 492
15.1333 489
15.15 487
15.1667 484
15.1833 481
15.2 479
15.2167 476
15.2333 473
15.25 471
15.2667 468
15.2833 465
15.3 462
15.3167 460
15.3333 457
15.35 454
15.3667 451
15.3833 448
15.4 446
15.4167 443
15.4333 440
15.45 437
15.4667 434
15.4833 431
15.5 428
15.5167 425
15.5333 422
15.55 419
15.5667 416
15.5833 414
15.6 411
15.6167 408
15.6333 405
15.65 402
15.6667 399
15.6833 395
15.7 392
15.7167 389
15.7333 386
15.75 383
15.7667 380
15.7833 377
15.8 374
15.8167 371
15.8333 368
15.85 365
15.8667 361
15.8833 358
15.9 355
15.9167 352
15.9333 349
15.95 346
15.9667 342
15.9833 339
