9.0 646
9.0167 650
9.0333 653
9.05 657
9.0667 661
9.0833 664
9.1 668
9.1167 671
9.1333 675
9.15 679
9.1667 682
9.1833 686
9.2 689
9.2167 693
9.2333 696
9.25 700
9.2667 703
9.2833 707
9.3 710
9.3167 714
9.3333 717
9.35 720
9.3667 724
9.3833 727
9.4 731
9.4167 734
9.4333 737
9.45 741
9.4667 744
9.4833 747
9.5 751
9.5167 754
9.5333 757
9.55 760
9.5667 764
9.5833 767
9.6 770
9.6167 773
9.6333 777
9.65 780
9.6667 783
9.6833 786
9.7 789
9.7167 792
9.7333 796
9.75 799
9.7667 802
9.7833 805
9.8 808
9.8167 811
9.8333 814
9.85 817
9.8667 820
9.8833 823
9.9 826
9.9167 829
9.9333 832
9.95 835
9.9667 838
9.9833 841
10.0 844
10.0167 847
10.0333 849
10.05 852
10.0667 855
10.0833 858
10.1 861
10.1167 864
10.1333 866
10.15 869
10.1667 872
10.1833 875
10.2 877
10.2167 880
10.2333 883
10.25 885
10.2667 888
10.2833 891
10.3 893
10.3167 896
10.3333 898
10.35 901
10.3667 904
10.3833 906
10.4 909
10.4167 911
10.4333 914
10.45 916
10.4667 919
10.4833 921
10.5 923
10.5167 926
10.5333 928
10.55 931
10.5667 933
10.5833 935
10.6 938
10.6167 940
10.6333 942
10.65 945
10.6667 947
10.6833 949
10.7 951
10.7167 953
10.7333 956
10.75 958
10.7667 960
10.7833 962
10.8 964
10.8167 966
10.8333 968
10.85 971
10.8667 973
10.8833 975
10.9 977
10.9167 979
10.9333 981
10.95 983
10.9667 984
10.9833 986
11.0 988
11.0167 990
11.0333 992
11.05 994
11.0667 996
11.0833 998
11.1 999
11.1167 1001
11.1333 1003
11.15 1005
11.1667 1006
11.1833 1008
11.2 1010
11.2167 1011
11.2333 1013
11.25 1015
11.2667 1016
11.2833 1018
11.3 1020
11.3167 1021
11.3333 1023
11.35 1024
11.3667 1026
11.3833 1027
11.4 1029
11.4167 1030
11.4333 1032
11.45 1033
11.4667 1034
11.4833 1036
11.5 1037
11.5167 1038
11.5333 1040
11.55 1041
11.5667 1042
11.5833 1044
11.6 1045
11.6167 1046
11.6333 1047
11.65 1048
11.6667 1050
11.6833 1051
11.7 1052
11.7167 1053
11.7333 1054
11.75 1055
11.7667 1056
11.7833 1057
11.8 1058
11.8167 1059
11.8333 1060
11.85 1061
11.8667 1062
11.8833 1063
11.9 1064
11.9167 1065
11.9333 1066
11.95 1066
11.9667 1067
11.9833 1068
12.0 1069
12.0167 1069
12.0333 1070
12.05 1071
12.0667 1072
12.0833 1072
12.1 1073
12.1167 1074
12.1333 1074
12.15 1075
12.1667 1075
12.1833 1076
12.2 1076
12.2167 1077
12.2333 1078
12.25 1078
12.2667 1078
12.2833 1079
12.3 1079
12.3167 1080
12.3333 1080
12.35 1080
12.3667 1081
12.3833 1081
12.4 1081
12.4167 1082
12.4333 1082
12.45 1082
12.4667 1082
12.4833 1083
12.5 1083
12.5167 1083
12.5333 1083
12.55 1083
12.5667 1083
12.5833 1083
12.6 1083
12.6167 1083
12.6333 1083
12.65 1083
12.6667 1083
12.6833 1083
12.7 1083
12.7167 1083
12.7333 1083
12.75 1083
12.7667 1083
12.7833 1083
12.8 1083
12.8167 1082
12.8333 1082
12.85 1082
12.8667 1082
12.8833 1081
12.9 1081
12.9167 1081
12.9333 1080
12.95 1080
12.9667 1080
12.9833 1079
13.0 1079
13.0167 1078
13.0333 1078
13.05 1078
13.0667 1077
13.0833 1077
13.1 1076
13.1167 1075
13.1333 1075
13.15 1074
13.1667 1074
13.1833 1073
13.2 1072
13.2167 1072
13.2333 1071
13.25 1070
13.2667 1069
13.2833 1069
13.3 1068
13.3167 1067
13.3333 1066
13.35 1066
13.3667 1065
13.3833 1064
13.4 1063
13.4167 1062
13.4333 1061
13.45 1060
13.4667 1059
13.4833 1058
13.5 1057
13.5167 1056
13.5333 1055
13.55 1054
13.5667 1053
13.5833 1052
13.6 1051
13.6167 1050
13.6333 1048
13.65 1047
13.6667 1046
13.6833 1045
13.7 1044
13.7167 1042
13.7333 1041
13.75 1040
13.7667 1038
13.7833 1037
13.8 1036
13.8167 1034
13.8333 1033
13.85 1032
13.8667 1030
13.8833 1029
13.9 1027
13.9167 1026
13.9333 1024
13.95 1023
13.9667 1021
13.9833 1020
14.0 1018
14.0167 1016
14.0333 1015
14.05 1013
14.0667 1011
14.0833 1010
14.1 1008
14.1167 1006
14.1333 1005
14.15 1003
14.1667 1001
14.1833 999
14.2 998
14.2167 996
14.2333 994
14.25 992
14.2667 990
14.2833 988
14.3 986
14.3167 985
14.3333 983
14.35 981
14.3667 979
14.3833 977
14.4 975
14.4167 973
14.4333 971
14.45 968
14.4667 966
14.4833 964
14.5 962
14.5167 960
14.5333 958
14.55 956
14.5667 953
14.5833 951
14.6 949
14.6167 947
14.6333 945
14.65 942
14.6667 940
14.6833 938
14.7 935
14.7167 933
14.7333 931
14.75 928
14.7667 926
14.7833 924
14.8 921
14.8167 919
14.8333 916
14.85 914
14.8667 911
14.8833 909
14.9 906
14.9167 904
14.9333 901
14.95 898
14.9667 896
14.9833 893
15.0 891
15.0167 888
15.0333 886
15.05 883
15.0667 880
15.0833 878
15.1 875
15.1167 872
15.1333 869
15.15 867
15.1667 864
15.1833 861
15.2 858
15.2167 855
15.2333 853
15.25 850
15.2667 847
15.2833 844
15.3 841
15.3167 838
15.3333 835
15.35 832
15.3667 829
15.3833 826
15.4 823
15.4167 820
15.4333 817
15.45 814
15.4667 811
15.4833 808
15.5 805
15.5167 802
15.5333 799
15.55 796
15.5667 793
15.5833 790
15.6 786
15.6167 783
15.6333 780
15.65 777
15.6667 774
15.6833 770
15.7 767
15.7167 764
15.7333 761
15.75 757
15.7667 754
15.7833 751
15.8 748
15.8167 744
15.8333 741
15.85 738
15.8667 734
15.8833 731
15.9 727
15.9167 724
15.9333 721
15.95 717
15.9667 714
15.9833 710
