9.0 649
9.0167 653
9.0333 657
9.05 660
9.0667 664
9.0833 667
9.1 671
9.1167 675
9.1333 678
9.15 682
9.1667 685
9.1833 689
9.2 692
9.2167 696
9.2333 699
9.25 703
9.2667 706
9.2833 710
9.3 713
9.3167 716
9.3333 720
9.35 723
9.3667 727
9.3833 730
9.4 733
9.4167 737
9.4333 740
9.45 743
9.4667 747
9.4833 750
9.5 753
9.5167 757
9.5333 760
9.55 763
9.5667 766
9.5833 769
9.6 773
9.6167 776
9.6333 779
9.65 782
9.6667 785
9.6833 789
9.7 792
9.7167 795
9.7333 798
9.75 801
9.7667 804
9.7833 807
9.8 810
9.8167 813
9.8333 816
9.85 819
9.8667 822
9.8833 825
9.9 828
9.9167 831
9.9333 834
9.95 837
9.9667 840
9.9833 843
10.0 846
10.0167 848
10.0333 851
10.05 854
10.0667 857
10.0833 860
10.1 863
10.1167 865
10.1333 868
10.15 871
10.1667 874
10.1833 876
10.2 879
10.2167 882
10.2333 884
10.25 887
10.2667 890
10.2833 892
10.3 895
10.3167 897
10.3333 900
10.35 902
10.3667 905
10.3833 907
10.4 910
10.4167 912
10.4333 915
10.45 917
10.4667 920
10.4833 922
10.5 925
10.5167 927
10.5333 929
10.55 932
10.5667 934
10.5833 936
10.6 939
10.6167 941
10.6333 943
10.65 946
10.6667 948
10.6833 950
10.7 952
10.7167 954
10.7333 957
10.75 959
10.7667 961
10.7833 963
10.8 965
10.8167 967
10.8333 969
10.85 971
10.8667 973
10.8833 975
10.9 977
10.9167 979
10.9333 981
10.95 983
10.9667 985
10.9833 987
11.0 989
11.0167 991
11.0333 993
11.05 994
11.0667 996
11.0833 998
11.1 1000
11.1167 1002
11.1333 1003
11.15 1005
11.1667 1007
11.1833 1008
11.2 1010
11.2167 1012
11.2333 1013
11.25 1015
11.2667 1017
11.2833 1018
11.3 1020
11.3167 1021
11.3333 1023
11.35 1024
11.3667 1026
11.3833 1027
11.4 1029
11.4167 1030
11.4333 1032
11.45 1033
11.4667 1034
11.4833 1036
11.5 1037
11.5167 1038
11.5333 1040
11.55 1041
11.5667 1042
11.5833 1043
11.6 1045
11.6167 1046
11.6333 1047
11.65 1048
11.6667 1049
11.6833 1050
11.7 1052
11.7167 1053
11.7333 1054
11.75 1055
11.7667 1056
11.7833 1057
11.8 1058
11.8167 1059
11.8333 1060
11.85 1061
11.8667 1062
11.8833 1062
11.9 1063
11.9167 1064
11.9333 1065
11.95 1066
11.9667 1067
11.9833 1067
12.0 1068
12.0167 1069
12.0333 1070
12.05 1070
12.0667 1071
12.0833 1072
12.1 1072
12.1167 1073
12.1333 1074
12.15 1074
12.1667 1075
12.1833 1075
12.2 1076
12.2167 1076
12.2333 1077
12.25 1077
12.2667 1078
12.2833 1078
12.3 1079
12.3167 1079
12.3333 1079
12.35 1080
12.3667 1080
12.3833 1080
12.4 1081
12.4167 1081
12.4333 1081
12.45 1081
12.4667 1081
12.4833 1082
12.5 1082
12.5167 1082
12.5333 1082
12.55 1082
12.5667 1082
12.5833 1082
12.6 1082
12.6167 1082
12.6333 1082
12.65 1082
12.6667 1082
12.6833 1082
12.7 1082
12.7167 1082
12.7333 1082
12.75 1082
12.7667 1082
12.7833 1082
12.8 1081
12.8167 1081
12.8333 1081
12.85 1081
12.8667 1080
12.8833 1080
12.9 1080
12.9167 1080
12.9333 1079
12.95 1079
12.9667 1078
12.9833 1078
13.0 1078
13.0167 1077
13.0333 1077
13.05 1076
13.0667 1076
13.0833 1075
13.1 1075
13.1167 1074
13.1333 1073
13.15 1073
13.1667 1072
13.1833 1072
13.2 1071
13.2167 1070
13.2333 1070
13.25 1069
13.2667 1068
13.2833 1067
13.3 1067
13.3167 1066
13.3333 1065
13.35 1064
13.3667 1063
13.3833 1062
13.4 1061
13.4167 1061
13.4333 1060
13.45 1059
13.4667 1058
13.4833 1057
13.5 1056
13.5167 1055
13.5333 1054
13.55 1053
13.5667 1051
13.5833 1050
13.6 1049
13.6167 1048
13.6333 1047
13.65 1046
13.6667 1044
13.6833 1043
13.7 1042
13.7167 1041
13.7333 1039
13.75 1038
13.7667 1037
13.7833 1035
13.8 1034
13.8167 1033
13.8333 1031
13.85 1030
13.8667 1029
13.8833 1027
13.9 1026
13.9167 1024
13.9333 1023
13.95 1021
13.9667 1020
13.9833 1018
14.0 1016
14.0167 1015
14.0333 1013
14.05 1012
14.0667 1010
14.0833 1008
14.1 1007
14.1167 1005
14.1333 1003
14.15 1001
14.1667 1000
14.1833 998
14.2 996
14.2167 994
14.2333 992
14.25 990
14.2667 989
14.2833 987
14.3 985
14.3167 983
14.3333 981
14.35 979
14.3667 977
14.3833 975
14.4 973
14.4167 971
14.4333 969
14.45 967
14.4667 965
14.4833 963
14.5 961
14.5167 958
14.5333 956
14.55 954
14.5667 952
14.5833 950
14.6 947
14.6167 945
14.6333 943
14.65 941
14.6667 938
14.6833 936
14.7 934
14.7167 931
14.7333 929
14.75 927
14.7667 924
14.7833 922
14.8 919
14.8167 917
14.8333 915
14.85 912
14.8667 910
14.8833 907
14.9 905
14.9167 902
14.9333 900
14.95 897
14.9667 894
14.9833 892
15.0 889
15.0167 887
15.0333 884
15.05 881
15.0667 879
15.0833 876
15.1 873
15.1167 871
15.1333 868
15.15 865
15.1667 862
15.1833 859
15.2 857
15.2167 854
15.2333 851
15.25 848
15.2667 845
15.2833 842
15.3 840
15.3167 837
15.3333 834
15.35 831
15.3667 828
15.3833 825
15.4 822
15.4167 819
15.4333 816
15.45 813
15.4667 810
15.4833 807
15.5 804
15.5167 801
15.5333 798
15.55 795
15.5667 791
15.5833 788
15.6 785
15.6167 782
15.6333 779
15.65 776
15.6667 772
15.6833 769
15.7 766
15.7167 763
15.7333 759
15.75 756
15.7667 753
15.7833 750
15.8 746
15.8167 743
15.8333 740
15.85 736
15.8667 733
15.8833 730
15.9 726
15.9167 723
15.9333 720
15.95 716
15.9667 713
15.9833 709
