9.0 667
9.0167 670
9.0333 674
9.05 677
9.0667 681
9.0833 684
9.1 688
9.1167 691
9.1333 695
9.15 698
9.1667 701
9.1833 705
9.2 708
9.2167 712
9.2333 715
9.25 718
9.2667 722
9.2833 725
9.3 729
9.3167 732
9.3333 735
9.35 738
9.3667 742
9.3833 745
9.4 748
9.4167 752
9.4333 755
9.45 758
9.4667 761
9.4833 765
9.5 768
9.5167 771
9.5333 774
9.55 777
9.5667 780
9.5833 783
9.6 787
9.6167 790
9.6333 793
9.65 796
9.6667 799
9.6833 802
9.7 805
9.7167 808
9.7333 811
9.75 814
9.7667 817
9.7833 820
9.8 823
9.8167 826
9.8333 829
9.85 832
9.8667 835
9.8833 838
9.9 841
9.9167 843
9.9333 846
9.95 849
9.9667 852
9.9833 855
10.0 857
10.0167 860
10.0333 863
10.05 866
10.0667 869
10.0833 871
10.1 874
10.1167 877
10.1333 879
10.15 882
10.1667 885
10.1833 887
10.2 890
10.2167 892
10.2333 895
10.25 898
10.2667 900
10.2833 903
10.3 905
10.3167 908
10.3333 910
10.35 913
10.3667 915
10.3833 918
10.4 920
10.4167 922
10.4333 925
10.45 927
10.4667 930
10.4833 932
10.5 934
10.5167 937
10.5333 939
10.55 941
10.5667 943
10.5833 946
10.6 948
10.6167 950
10.6333 952
10.65 955
10.6667 957
10.6833 959
10.7 961
10.7167 963
10.7333 965
10.75 967
10.7667 969
10.7833 971
10.8 973
10.8167 975
10.8333 977
10.85 979
10.8667 981
10.8833 983
10.9 985
10.9167 987
10.9333 989
10.95 991
10.9667 993
10.9833 995
11.0 997
11.0167 998
11.0333 1000
11.05 1002
11.0667 1004
11.0833 1005
11.1 1007
11.1167 1009
11.1333 1011
11.15 1012
11.1667 1014
11.1833 1016
11.2 1017
11.2167 1019
11.2333 1020
11.25 1022
11.2667 1023
11.2833 1025
11.3 1026
11.3167 1028
11.3333 1029
11.35 1031
11.3667 1032
11.3833 1034
11.4 1035
11.4167 1037
11.4333 1038
11.45 1039
11.4667 1041
11.4833 1042
11.5 1043
11.5167 1044
11.5333 1046
11.55 1047
11.5667 1048
11.5833 1049
11.6 1051
11.6167 1052
11.6333 1053
11.65 1054
11.6667 1055
11.6833 1056
11.7 1057
11.7167 1058
11.7333 1059
11.75 1060
11.7667 1061
11.7833 1062
11.8 1063
11.8167 1064
11.8333 1065
11.85 1066
11.8667 1067
11.8833 1068
11.9 1069
11.9167 1069
11.9333 1070
11.95 1071
11.9667 1072
11.9833 1073
12.0 1073
12.0167 1074
12.0333 1075
12.05 1075
12.0667 1076
12.0833 1077
12.1 1077
12.1167 1078
12.1333 1078
12.15 1079
12.1667 1079
12.1833 1080
12.2 1081
12.2167 1081
12.2333 1081
12.25 1082
12.2667 1082
12.2833 1083
12.3 1083
12.3167 1083
12.3333 1084
12.35 1084
12.3667 1084
12.3833 1085
12.4 1085
12.4167 1085
12.4333 1085
12.45 1086
12.4667 1086
12.4833 1086
12.5 1086
12.5167 1086
12.5333 1086
12.55 1087
12.5667 1087
12.5833 1087
12.6 1087
12.6167 1087
12.6333 1087
12.65 1087
12.6667 1087
12.6833 1087
12.7 1087
12.7167 1086
12.7333 1086
12.75 1086
12.7667 1086
12.7833 1086
12.8 1086
12.8167 1085
12.8333 1085
12.85 1085
12.8667 1085
12.8833 1084
12.9 1084
12.9167 1084
12.9333 1083
12.95 1083
12.9667 1083
12.9833 1082
13.0 1082
13.0167 1081
13.0333 1081
13.05 1080
13.0667 1080
13.0833 1079
13.1 1079
13.1167 1078
13.1333 1078
13.15 1077
13.1667 1076
13.1833 1076
13.2 1075
13.2167 1074
13.2333 1074
13.25 1073
13.2667 1072
13.2833 1072
13.3 1071
13.3167 1070
13.3333 1069
13.35 1068
13.3667 1068
13.3833 1067
13.4 1066
13.4167 1065
13.4333 1064
13.45 1063
13.4667 1062
13.4833 1061
13.5 1060
13.5167 1059
13.5333 1058
13.55 1057
13.5667 1056
13.5833 1055
13.6 1054
13.6167 1053
13.6333 1051
13.65 1050
13.6667 1049
13.6833 1048
13.7 1047
13.7167 1045
13.7333 1044
13.75 1043
13.7667 1042
13.7833 1040
13.8 1039
13.8167 1038
13.8333 1036
13.85 1035
13.8667 1033
13.8833 1032
13.9 1031
13.9167 1029
13.9333 1028
13.95 1026
13.9667 1025
13.9833 1023
14.0 1021
14.0167 1020
14.0333 1018
14.05 1017
14.0667 1015
14.0833 1013
14.1 1012
14.1167 1010
14.1333 1008
14.15 1007
14.1667 1005
14.1833 1003
14.2 1001
14.2167 1000
14.2333 998
14.25 996
14.2667 994
14.2833 992
14.3 991
14.3167 989
14.3333 987
14.35 985
14.3667 983
14.3833 981
14.4 979
14.4167 977
14.4333 975
14.45 973
14.4667 971
14.4833 969
14.5 967
14.5167 965
14.5333 963
14.55 960
14.5667 958
14.5833 956
14.6 954
14.6167 952
14.6333 950
14.65 947
14.6667 945
14.6833 943
14.7 941
14.7167 938
14.7333 936
14.75 934
14.7667 931
14.7833 929
14.8 927
14.8167 924
14.8333 922
14.85 919
14.8667 917
14.8833 915
14.9 912
14.9167 910
14.9333 907
14.95 905
14.9667 902
14.9833 899
15.0 897
15.0167 894
15.0333 892
15.05 889
15.0667 887
15.0833 884
15.1 881
15.1167 879
15.1333 876
15.15 873
15.1667 871
15.1833 868
15.2 865
15.2167 862
15.2333 860
15.25 857
15.2667 854
15.2833 851
15.3 848
15.3167 846
15.3333 843
15.35 840
15.3667 837
15.3833 834
15.4 831
15.4167 828
15.4333 825
15.45 822
15.4667 819
15.4833 816
15.5 814
15.5167 810
15.5333 807
15.55 804
15.5667 801
15.5833 798
15.6 795
15.6167 792
15.6333 789
15.65 786
15.6667 783
15.6833 780
15.7 777
15.7167 773
15.7333 770
15.75 767
15.7667 764
15.7833 761
15.8 757
15.8167 754
15.8333 751
15.85 748
15.8667 744
15.8833 741
15.9 738
15.9167 735
15.9333 731
15.95 728
15.9667 725
15.9833 721
