9.0 666
9.0167 670
9.0333 673
9.05 676
9.0667 680
9.0833 683
9.1 687
9.1167 690
9.1333 693
9.15 697
9.1667 700
9.1833 704
9.2 707
9.2167 710
9.2333 714
9.25 717
9.2667 720
9.2833 723
9.3 727
9.3167 730
9.3333 733
9.35 736
9.3667 740
9.3833 743
9.4 746
9.4167 749
9.4333 753
9.45 756
9.4667 759
9.4833 762
9.5 765
9.5167 768
9.5333 771
9.55 775
9.5667 778
9.5833 781
9.6 784
9.6167 787
9.6333 790
9.65 793
9.6667 796
9.6833 799
9.7 802
9.7167 805
9.7333 808
9.75 811
9.7667 814
9.7833 817
9.8 820
9.8167 822
9.8333 825
9.85 828
9.8667 831
9.8833 834
9.9 837
9.9167 840
9.9333 842
9.95 845
9.9667 848
9.9833 851
10.0 854
10.0167 856
10.0333 859
10.05 862
10.0667 864
10.0833 867
10.1 870
10.1167 872
10.1333 875
10.15 878
10.1667 880
10.1833 883
10.2 886
10.2167 888
10.2333 891
10.25 893
10.2667 896
10.2833 898
10.3 901
10.3167 903
10.3333 906
10.35 908
10.3667 911
10.3833 913
10.4 915
10.4167 918
10.4333 920
10.45 923
10.4667 925
10.4833 927
10.5 930
10.5167 932
10.5333 934
10.55 936
10.5667 939
10.5833 941
10.6 943
10.6167 945
10.6333 947
10.65 950
10.6667 952
10.6833 954
10.7 956
10.7167 958
10.7333 960
10.75 962
10.7667 964
10.7833 966
10.8 969
10.8167 971
10.8333 973
10.85 975
10.8667 976
10.8833 978
10.9 980
10.9167 982
10.9333 984
10.95 986
10.9667 988
10.9833 990
11.0 992
11.0167 993
11.0333 995
11.05 997
11.0667 999
11.0833 1001
11.1 1002
11.1167 1004
11.1333 1006
11.15 1007
11.1667 1009
11.1833 1011
11.2 1012
11.2167 1014
11.2333 1015
11.25 1017
11.2667 1019
11.2833 1020
11.3 1022
11.3167 1023
11.3333 1025
11.35 1026
11.3667 1028
11.3833 1029
11.4 1030
11.4167 1032
11.4333 1033
11.45 1035
11.4667 1036
11.4833 1037
11.5 1039
11.5167 1040
11.5333 1041
11.55 1042
11.5667 1044
11.5833 1045
11.6 1046
11.6167 1047
11.6333 1049
11.65 1050
11.6667 1051
11.6833 1052
11.7 1053
11.7167 1054
11.7333 1055
11.75 1056
11.7667 1057
11.7833 1058
11.8 1059
11.8167 1060
11.8333 1061
11.85 1062
11.8667 1063
11.8833 1064
11.9 1065
11.9167 1066
11.9333 1067
11.95 1067
11.9667 1068
11.9833 1069
12.0 1070
12.0167 1071
12.0333 1071
12.05 1072
12.0667 1073
12.0833 1073
12.1 1074
12.1167 1075
12.1333 1075
12.15 1076
12.1667 1076
12.1833 1077
12.2 1078
12.2167 1078
12.2333 1079
12.25 1079
12.2667 1080
12.2833 1080
12.3 1081
12.3167 1081
12.3333 1081
12.35 1082
12.3667 1082
12.3833 1082
12.4 1083
12.4167 1083
12.4333 1083
12.45 1084
12.4667 1084
12.4833 1084
12.5 1084
12.5167 1085
12.5333 1085
12.55 1085
12.5667 1085
12.5833 1085
12.6 1085
12.6167 1085
12.6333 1085
12.65 1085
12.6667 1086
12.6833 1086
12.7 1086
12.7167 1085
12.7333 1085
12.75 1085
12.7667 1085
12.7833 1085
12.8 1085
12.8167 1085
12.8333 1085
12.85 1085
12.8667 1084
12.8833 1084
12.9 1084
12.9167 1084
12.9333 1083
12.95 1083
12.9667 1083
12.9833 1083
13.0 1082
13.0167 1082
13.0333 1081
13.05 1081
13.0667 1081
13.0833 1080
13.1 1080
13.1167 1079
13.1333 1079
13.15 1078
13.1667 1078
13.1833 1077
13.2 1077
13.2167 1076
13.2333 1075
13.25 1075
13.2667 1074
13.2833 1073
13.3 1073
13.3167 1072
13.3333 1071
13.35 1071
13.3667 1070
13.3833 1069
13.4 1068
13.4167 1068
13.4333 1067
13.45 1066
13.4667 1065
13.4833 1064
13.5 1063
13.5167 1062
13.5333 1061
13.55 1060
13.5667 1059
13.5833 1058
13.6 1057
13.6167 1056
13.6333 1055
13.65 1054
13.6667 1053
13.6833 1052
13.7 1051
13.7167 1050
13.7333 1049
13.75 1048
13.7667 1046
13.7833 1045
13.8 1044
13.8167 1043
13.8333 1041
13.85 1040
13.8667 1039
13.8833 1038
13.9 1036
13.9167 1035
13.9333 1034
13.95 1032
13.9667 1031
13.9833 1029
14.0 1028
14.0167 1026
14.0333 1025
14.05 1023
14.0667 1022
14.0833 1020
14.1 1019
14.1167 1017
14.1333 1016
14.15 1014
14.1667 1013
14.1833 1011
14.2 1009
14.2167 1008
14.2333 1006
14.25 1004
14.2667 1003
14.2833 1001
14.3 999
14.3167 997
14.3333 996
14.35 994
14.3667 992
14.3833 990
14.4 988
14.4167 986
14.4333 985
14.45 983
14.4667 981
14.4833 979
14.5 977
14.5167 975
14.5333 973
14.55 971
14.5667 969
14.5833 967
14.6 965
14.6167 963
14.6333 961
14.65 959
14.6667 956
14.6833 954
14.7 952
14.7167 950
14.7333 948
14.75 946
14.7667 943
14.7833 941
14.8 939
14.8167 937
14.8333 935
14.85 932
14.8667 930
14.8833 928
14.9 925
14.9167 923
14.9333 921
14.95 918
14.9667 916
14.9833 913
15.0 911
15.0167 909
15.0333 906
15.05 904
15.0667 901
15.0833 899
15.1 896
15.1167 894
15.1333 891
15.15 889
15.1667 886
15.1833 884
15.2 881
15.2167 878
15.2333 876
15.25 873
15.2667 870
15.2833 868
15.3 865
15.3167 862
15.3333 860
15.35 857
15.3667 854
15.3833 851
15.4 849
15.4167 846
15.4333 843
15.45 840
15.4667 837
15.4833 835
15.5 832
15.5167 829
15.5333 826
15.55 823
15.5667 820
15.5833 817
15.6 814
15.6167 811
15.6333 809
15.65 806
15.6667 803
15.6833 800
15.7 797
15.7167 794
15.7333 791
15.75 788
15.7667 784
15.7833 781
15.8 778
15.8167 775
15.8333 772
15.85 769
15.8667 766
15.8833 763
15.9 760
15.9167 756
15.9333 753
15.95 750
15.9667 747
15.9833 744
