9.0 430
9.0167 433
9.0333 436
9.05 440
9.0667 443
9.0833 447
9.1 450
9.1167 454
9.1333 457
9.15 460
9.1667 464
9.1833 467
9.2 471
9.2167 474
9.2333 477
9.25 481
9.2667 484
9.2833 487
9.3 491
9.3167 494
9.3333 497
9.35 500
9.3667 504
9.3833 507
9.4 510
9.4167 513
9.4333 517
9.45 520
9.4667 523
9.4833 526
9.5 529
9.5167 532
9.5333 535
9.55 539
9.5667 542
9.5833 545
9.6 548
9.6167 551
9.6333 554
9.65 557
9.6667 560
9.6833 563
9.7 566
9.7167 569
9.7333 572
9.75 575
9.7667 578
9.7833 581
9.8 584
9.8167 586
9.8333 589
9.85 592
9.8667 595
9.8833 598
9.9 601
9.9167 603
9.9333 606
9.95 609
9.9667 612
9.9833 614
10.0 617
10.0167 620
10.0333 623
10.05 625
10.0667 628
10.0833 631
10.1 633
10.1167 636
10.1333 638
10.15 641
10.1667 643
10.1833 646
10.2 649
10.2167 651
10.2333 654
10.25 656
10.2667 658
10.2833 661
10.3 663
10.3167 666
10.3333 668
10.35 671
10.3667 673
10.3833 675
10.4 678
10.4167 680
10.4333 682
10.45 684
10.4667 687
10.4833 689
10.5 691
10.5167 693
10.5333 696
10.55 698
10.5667 700
10.5833 702
10.6 704
10.6167 706
10.6333 708
10.65 710
10.6667 712
10.6833 714
10.7 717
10.7167 719
10.7333 720
10.75 722
10.7667 724
10.7833 726
10.8 728
10.8167 730
10.8333 732
10.85 734
10.8667 736
10.8833 737
10.9 739
10.9167 741
10.9333 743
10.95 745
10.9667 746
10.9833 748
11.0 750
11.0167 751
11.0333 753
11.05 755
11.0667 756
11.0833 758
11.1 759
11.1167 761
11.1333 762
11.15 764
11.1667 765
11.1833 767
11.2 768
11.2167 770
11.2333 771
11.25 773
11.2667 774
11.2833 775
11.3 777
11.3167 778
11.3333 779
11.35 781
11.3667 782
11.3833 783
11.4 784
11.4167 786
11.4333 787
11.45 788
11.4667 789
11.4833 790
11.5 791
11.5167 793
11.5333 794
11.55 795
11.5667 796
11.5833 797
11.6 798
11.6167 799
11.6333 800
11.65 801
11.6667 801
11.6833 802
11.7 803
11.7167 804
11.7333 805
11.75 806
11.7667 807
11.7833 807
11.8 808
11.8167 809
11.8333 810
11.85 810
11.8667 811
11.8833 812
11.9 812
11.9167 813
11.9333 813
11.95 814
11.9667 815
11.9833 815
12.0 816
12.0167 816
12.0333 817
12.05 817
12.0667 817
12.0833 818
12.1 818
12.1167 819
12.1333 819
12.15 819
12.1667 820
12.1833 820
12.2 820
12.2167 820
12.2333 821
12.25 821
12.2667 821
12.2833 821
12.3 821
12.3167 822
12.3333 822
12.35 822
12.3667 822
12.3833 822
12.4 822
12.4167 822
12.4333 822
12.45 822
12.4667 822
12.4833 822
12.5 822
12.5167 822
12.5333 821
12.55 821
12.5667 821
12.5833 821
12.6 821
12.6167 820
12.6333 820
12.65 820
12.6667 820
12.6833 819
12.7 819
12.7167 819
12.7333 818
12.75 818
12.7667 817
12.7833 817
12.8 817
12.8167 816
12.8333 816
12.85 815
12.8667 815
12.8833 814
12.9 813
12.9167 813
12.9333 812
12.95 812
12.9667 811
12.9833 810
13.0 810
13.0167 809
13.0333 808
13.05 807
13.0667 807
13.0833 806
13.1 805
13.1167 804
13.1333 803
13.15 802
13.1667 802
13.1833 801
13.2 800
13.2167 799
13.2333 798
13.25 797
13.2667 796
13.2833 795
13.3 794
13.3167 793
13.3333 792
13.35 790
13.3667 789
13.3833 788
13.4 787
13.4167 786
13.4333 785
13.45 783
13.4667 782
13.4833 781
13.5 780
13.5167 778
13.5333 777
13.55 776
13.5667 774
13.5833 773
13.6 771
13.6167 770
13.6333 769
13.65 767
13.6667 766
13.6833 764
13.7 763
13.7167 761
13.7333 760
13.75 758
13.7667 756
13.7833 755
13.8 753
13.8167 751
13.8333 750
13.85 748
13.8667 746
13.8833 745
13.9 743
13.9167 741
13.9333 739
13.95 738
13.9667 736
13.9833 734
14.0 732
14.0167 730
14.0333 728
14.05 726
14.0667 725
14.0833 723
14.1 721
14.1167 719
14.1333 717
14.15 715
14.1667 713
14.1833 711
14.2 709
14.2167 706
14.2333 704
14.25 702
14.2667 700
14.2833 698
14.3 696
14.3167 694
14.3333 691
14.35 689
14.3667 687
14.3833 685
14.4 682
14.4167 680
14.4333 678
14.45 675
14.4667 673
14.4833 671
14.5 668
14.5167 666
14.5333 664
14.55 661
14.5667 659
14.5833 656
14.6 654
14.6167 651
14.6333 649
14.65 646
14.6667 644
14.6833 641
14.7 639
14.7167 636
14.7333 633
14.75 631
14.7667 628
14.7833 625
14.8 623
14.8167 620
14.8333 617
14.85 615
14.8667 612
14.8833 609
14.9 606
14.9167 604
14.9333 601
14.95 598
14.9667 595
14.9833 592
15.0 589
15.0167 586
15.0333 583
15.05 580
15.0667 577
15.0833 574
15.1 571
15.1167 568
15.1333 565
15.15 562
15.1667 559
15.1833 556
15.2 553
15.2167 550
15.2333 547
15.25 544
15.2667 541
15.2833 538
15.3 535
15.3167 532
15.3333 529
15.35 526
15.3667 522
15.3833 519
15.4 516
15.4167 513
15.4333 510
15.45 506
15.4667 503
15.4833 500
15.5 497
15.5167 493
15.5333 490
15.55 487
15.5667 483
15.5833 480
15.6 477
15.6167 473
15.6333 470
15.65 467
15.6667 463
15.6833 460
15.7 457
15.7167 453
15.7333 450
15.75 446
15.7667 443
15.7833 439
15.8 436
15.8167 432
15.8333 429
15.85 425
15.8667 422
15.8833 418
15.9 415
15.9167 411
15.9333 408
15.95 404
15.9667 401
15.9833 397
