9.0 269
9.0167 272
9.0333 276
9.05 279
9.0667 283
9.0833 286
9.1 290
9.1167 293
9.1333 297
9.15 300
9.1667 304
9.1833 307
9.2 310
9.2167 314
9.2333 317
9.25 321
9.2667 324
9.2833 328
9.3 331
9.3167 334
9.3333 338
9.35 341
9.3667 345
9.3833 348
9.4 351
9.4167 355
9.4333 358
9.45 361
9.4667 365
9.4833 368
9.5 371
9.5167 374
9.5333 378
9.55 381
9.5667 384
9.5833 388
9.6 391
9.6167 394
9.6333 397
9.65 400
9.6667 404
9.6833 407
9.7 410
9.7167 413
9.7333 416
9.75 419
9.7667 423
9.7833 426
9.8 429
9.8167 432
9.8333 435
9.85 438
9.8667 441
9.8833 444
9.9 447
9.9167 450
9.9333 453
9.95 456
9.9667 459
9.9833 462
10.0 465
10.0167 468
10.0333 471
10.05 474
10.0667 477
10.0833 480
10.1 483
10.1167 486
10.1333 488
10.15 491
10.1667 494
10.1833 497
10.2 500
10.2167 503
10.2333 505
10.25 508
10.2667 511
10.2833 514
10.3 516
10.3167 519
10.3333 522
10.35 524
10.3667 527
10.3833 530
10.4 532
10.4167 535
10.4333 538
10.45 540
10.4667 543
10.4833 545
10.5 548
10.5167 550
10.5333 553
10.55 555
10.5667 558
10.5833 560
10.6 563
10.6167 565
10.6333 568
10.65 570
10.6667 572
10.6833 575
10.7 577
10.7167 579
10.7333 582
10.75 584
10.7667 586
10.7833 589
10.8 591
10.8167 593
10.8333 595
10.85 598
10.8667 600
10.8833 602
10.9 604
10.9167 606
10.9333 608
10.95 611
10.9667 613
10.9833 615
11.0 617
11.0167 619
11.0333 621
11.05 623
11.0667 625
11.0833 627
11.1 629
11.1167 631
11.1333 633
11.15 635
11.1667 636
11.1833 638
11.2 640
11.2167 642
11.2333 644
11.25 646
11.2667 647
11.2833 649
11.3 651
11.3167 653
11.3333 654
11.35 656
11.3667 658
11.3833 659
11.4 661
11.4167 663
11.4333 664
11.45 666
11.4667 667
11.4833 669
11.5 670
11.5167 672
11.5333 673
11.55 675
11.5667 676
11.5833 678
11.6 679
11.6167 681
11.6333 682
11.65 683
11.6667 685
11.6833 686
11.7 687
11.7167 689
11.7333 690
11.75 691
11.7667 692
11.7833 694
11.8 695
11.8167 696
11.8333 697
11.85 698
11.8667 699
11.8833 701
11.9 702
11.9167 703
11.9333 704
11.95 705
11.9667 706
11.9833 707
12.0 708
12.0167 709
12.0333 710
12.05 710
12.0667 711
12.0833 712
12.1 713
12.1167 714
12.1333 715
12.15 716
12.1667 716
12.1833 717
12.2 718
12.2167 718
12.2333 719
12.25 720
12.2667 721
12.2833 721
12.3 722
12.3167 722
12.3333 723
12.35 724
12.3667 724
12.3833 725
12.4 725
12.4167 726
12.4333 726
12.45 726
12.4667 727
12.4833 727
12.5 728
12.5167 728
12.5333 728
12.55 729
12.5667 729
12.5833 729
12.6 730
12.6167 730
12.6333 730
12.65 730
12.6667 730
12.6833 731
12.7 731
12.7167 731
12.7333 731
12.75 731
12.7667 731
12.7833 731
12.8 731
12.8167 731
12.8333 731
12.85 731
12.8667 731
12.8833 731
12.9 731
12.9167 731
12.9333 731
12.95 731
12.9667 730
12.9833 730
13.0 730
13.0167 730
13.0333 730
13.05 729
13.0667 729
13.0833 729
13.1 728
13.1167 728
13.1333 728
13.15 727
13.1667 727
13.1833 726
13.2 726
13.2167 726
13.2333 725
13.25 725
13.2667 724
13.2833 723
13.3 723
13.3167 722
13.3333 722
13.35 721
13.3667 720
13.3833 720
13.4 719
13.4167 718
13.4333 718
13.45 717
13.4667 716
13.4833 715
13.5 715
13.5167 714
13.5333 713
13.55 712
13.5667 711
13.5833 710
13.6 709
13.6167 709
13.6333 708
13.65 707
13.6667 706
13.6833 705
13.7 704
13.7167 703
13.7333 702
13.75 700
13.7667 699
13.7833 698
13.8 697
13.8167 696
13.8333 695
13.85 694
13.8667 692
13.8833 691
13.9 690
13.9167 689
13.9333 687
13.95 686
13.9667 685
13.9833 683
14.0 682
14.0167 681
14.0333 679
14.05 678
14.0667 676
14.0833 675
14.1 673
14.1167 672
14.1333 670
14.15 669
14.1667 667
14.1833 666
14.2 664
14.2167 662
14.2333 661
14.25 659
14.2667 658
14.2833 656
14.3 654
14.3167 652
14.3333 651
14.35 649
14.3667 647
14.3833 645
14.4 644
14.4167 642
14.4333 640
14.45 638
14.4667 636
14.4833 634
14.5 632
14.5167 631
14.5333 629
14.55 627
14.5667 625
14.5833 623
14.6 621
14.6167 619
14.6333 617
14.65 615
14.6667 612
14.6833 610
14.7 608
14.7167 606
14.7333 604
14.75 602
14.7667 600
14.7833 597
14.8 595
14.8167 593
14.8333 591
14.85 588
14.8667 586
14.8833 584
14.9 582
14.9167 579
14.9333 577
14.95 575
14.9667 572
14.9833 570
15.0 568
15.0167 566
15.0333 563
15.05 561
15.0667 558
15.0833 556
15.1 553
15.1167 551
15.1333 548
15.15 546
15.1667 543
15.1833 541
15.2 538
15.2167 535
15.2333 533
15.25 530
15.2667 528
15.2833 525
15.3 522
15.3167 520
15.3333 517
15.35 514
15.3667 511
15.3833 509
15.4 506
15.4167 503
15.4333 500
15.45 497
15.4667 495
15.4833 492
15.5 489
15.5167 486
15.5333 483
15.55 480
15.5667 477
15.5833 475
15.6 472
15.6167 469
15.6333 466
15.65 463
15.6667 460
15.6833 457
15.7 454
15.7167 451
15.7333 448
15.75 445
15.7667 442
15.7833 439
15.8 436
15.8167 432
15.8333 429
15.85 426
15.8667 423
15.8833 420
15.9 417
15.9167 414
15.9333 411
15.95 407
15.9667 404
15.9833 401
