9.0 606
9.0167 611
9.0333 615
9.05 618
9.0667 622
9.0833 626
9.1 630
9.1167 633
9.1333 637
9.15 641
9.1667 644
9.1833 648
9.2 652
9.2167 655
9.2333 659
9.25 663
9.2667 666
9.2833 670
9.3 673
9.3167 677
9.3333 681
9.35 684
9.3667 688
9.3833 691
9.4 695
9.4167 698
9.4333 702
9.45 705
9.4667 709
9.4833 712
9.5 715
9.5167 719
9.5333 722
9.55 726
9.5667 729
9.5833 732
9.6 736
9.6167 739
9.6333 742
9.65 746
9.6667 749
9.6833 752
9.7 756
9.7167 759
9.7333 762
9.75 765
9.7667 769
9.7833 772
9.8 775
9.8167 778
9.8333 781
9.85 784
9.8667 788
9.8833 791
9.9 794
9.9167 797
9.9333 800
9.95 803
9.9667 806
9.9833 809
10.0 812
10.0167 815
10.0333 818
10.05 821
10.0667 824
10.0833 827
10.1 830
10.1167 833
10.1333 836
10.15 839
10.1667 841
10.1833 844
10.2 847
10.2167 850
10.2333 853
10.25 856
10.2667 858
10.2833 861
10.3 864
10.3167 867
10.3333 869
10.35 872
10.3667 875
10.3833 877
10.4 880
10.4167 883
10.4333 885
10.45 888
10.4667 890
10.4833 893
10.5 895
10.5167 898
10.5333 900
10.55 903
10.5667 905
10.5833 908
10.6 910
10.6167 913
10.6333 915
10.65 917
10.6667 920
10.6833 922
10.7 924
10.7167 927
10.7333 929
10.75 931
10.7667 934
10.7833 936
10.8 938
10.8167 940
10.8333 943
10.85 945
10.8667 947
10.8833 949
10.9 951
10.9167 953
10.9333 955
10.95 957
10.9667 959
10.9833 961
11.0 963
11.0167 965
11.0333 967
11.05 969
11.0667 971
11.0833 973
11.1 975
11.1167 977
11.1333 979
11.15 981
11.1667 983
11.1833 984
11.2 986
11.2167 988
11.2333 990
11.25 991
11.2667 993
11.2833 995
11.3 996
11.3167 998
11.3333 1000
11.35 1001
11.3667 1003
11.3833 1005
11.4 1006
11.4167 1008
11.4333 1009
11.45 1011
11.4667 1012
11.4833 1014
11.5 1015
11.5167 1017
11.5333 1018
11.55 1019
11.5667 1021
11.5833 1022
11.6 1023
11.6167 1025
11.6333 1026
11.65 1027
11.6667 1028
11.6833 1030
11.7 1031
11.7167 1032
11.7333 1033
11.75 1034
11.7667 1036
11.7833 1037
11.8 1038
11.8167 1039
11.8333 1040
11.85 1041
11.8667 1042
11.8833 1043
11.9 1044
11.9167 1045
11.9333 1046
11.95 1047
11.9667 1048
11.9833 1048
12.0 1049
12.0167 1050
12.0333 1051
12.05 1052
12.0667 1053
12.0833 1053
12.1 1054
12.1167 1055
12.1333 1055
12.15 1056
12.1667 1057
12.1833 1057
12.2 1058
12.2167 1059
12.2333 1059
12.25 1060
12.2667 1060
12.2833 1061
12.3 1061
12.3167 1062
12.3333 1062
12.35 1063
12.3667 1063
12.3833 1063
12.4 1064
12.4167 1064
12.4333 1064
12.45 1065
12.4667 1065
12.4833 1065
12.5 1065
12.5167 1066
12.5333 1066
12.55 1066
12.5667 1066
12.5833 1066
12.6 1066
12.6167 1067
12.6333 1067
12.65 1067
12.6667 1067
12.6833 1067
12.7 1067
12.7167 1067
12.7333 1067
12.75 1067
12.7667 1067
12.7833 1066
12.8 1066
12.8167 1066
12.8333 1066
12.85 1066
12.8667 1066
12.8833 1065
12.9 1065
12.9167 1065
12.9333 1065
12.95 1064
12.9667 1064
12.9833 1064
13.0 1063
13.0167 1063
13.0333 1062
13.05 1062
13.0667 1062
13.0833 1061
13.1 1061
13.1167 1060
13.1333 1060
13.15 1059
13.1667 1058
13.1833 1058
13.2 1057
13.2167 1057
13.2333 1056
13.25 1055
13.2667 1054
13.2833 1054
13.3 1053
13.3167 1052
13.3333 1051
13.35 1051
13.3667 1050
13.3833 1049
13.4 1048
13.4167 1047
13.4333 1046
13.45 1045
13.4667 1045
13.4833 1044
13.5 1043
13.5167 1042
13.5333 1041
13.55 1040
13.5667 1038
13.5833 1037
13.6 1036
13.6167 1035
13.6333 1034
13.65 1033
13.6667 1032
13.6833 1031
13.7 1029
13.7167 1028
13.7333 1027
13.75 1026
13.7667 1024
13.7833 1023
13.8 1022
13.8167 1020
13.8333 1019
13.85 1017
13.8667 1016
13.8833 1015
13.9 1013
13.9167 1012
13.9333 1010
13.95 1009
13.9667 1007
13.9833 1006
14.0 1004
14.0167 1002
14.0333 1001
14.05 999
14.0667 998
14.0833 996
14.1 994
14.1167 993
14.1333 991
14.15 989
14.1667 987
14.1833 986
14.2 984
14.2167 982
14.2333 980
14.25 978
14.2667 976
14.2833 974
14.3 973
14.3167 971
14.3333 969
14.35 967
14.3667 965
14.3833 963
14.4 961
14.4167 959
14.4333 957
14.45 955
14.4667 953
14.4833 950
14.5 948
14.5167 946
14.5333 944
14.55 942
14.5667 940
14.5833 937
14.6 935
14.6167 933
14.6333 931
14.65 928
14.6667 926
14.6833 924
14.7 921
14.7167 919
14.7333 917
14.75 914
14.7667 912
14.7833 909
14.8 907
14.8167 905
14.8333 902
14.85 900
14.8667 897
14.8833 895
14.9 892
14.9167 889
14.9333 887
14.95 884
14.9667 882
14.9833 879
15.0 877
15.0167 874
15.0333 871
15.05 869
15.0667 866
15.0833 863
15.1 860
15.1167 858
15.1333 855
15.15 852
15.1667 849
15.1833 846
15.2 844
15.2167 841
15.2333 838
15.25 835
15.2667 832
15.2833 829
15.3 826
15.3167 823
15.3333 820
15.35 817
15.3667 814
15.3833 811
15.4 808
15.4167 805
15.4333 802
15.45 799
15.4667 796
15.4833 793
15.5 790
15.5167 787
15.5333 784
15.55 781
15.5667 777
15.5833 774
15.6 771
15.6167 768
15.6333 765
15.65 761
15.6667 758
15.6833 755
15.7 752
15.7167 748
15.7333 745
15.75 742
15.7667 738
15.7833 735
15.8 732
15.8167 728
15.8333 725
15.85 721
15.8667 718
15.8833 715
15.9 711
15.9167 708
15.9333 704
15.95 701
15.9667 697
15.9833 694
