9.0 584
9.0167 589
9.0333 592
9.05 596
9.0667 600
9.0833 603
9.1 607
9.1167 611
9.1333 614
9.15 618
9.1667 622
9.1833 625
9.2 629
9.2167 632
9.2333 636
9.25 640
9.2667 643
9.2833 647
9.3 650
9.3167 654
9.3333 657
9.35 661
9.3667 664
9.3833 668
9.4 671
9.4167 675
9.4333 678
9.45 682
9.4667 685
9.4833 688
9.5 692
9.5167 695
9.5333 698
9.55 702
9.5667 705
9.5833 708
9.6 712
9.6167 715
9.6333 718
9.65 722
9.6667 725
9.6833 728
9.7 731
9.7167 735
9.7333 738
9.75 741
9.7667 744
9.7833 747
9.8 751
9.8167 754
9.8333 757
9.85 760
9.8667 763
9.8833 766
9.9 769
9.9167 772
9.9333 775
9.95 778
9.9667 781
9.9833 784
10.0 787
10.0167 790
10.0333 793
10.05 796
10.0667 799
10.0833 802
10.1 805
10.1167 808
10.1333 810
10.15 813
10.1667 816
10.1833 819
10.2 822
10.2167 825
10.2333 827
10.25 830
10.2667 833
10.2833 836
10.3 838
10.3167 841
10.3333 844
10.35 846
10.3667 849
10.3833 851
10.4 854
10.4167 857
10.4333 859
10.45 862
10.4667 864
10.4833 867
10.5 869
10.5167 872
10.5333 874
10.55 877
10.5667 879
10.5833 882
10.6 884
10.6167 886
10.6333 889
10.65 891
10.6667 893
10.6833 896
10.7 898
10.7167 900
10.7333 903
10.75 905
10.7667 907
10.7833 909
10.8 912
10.8167 914
10.8333 916
10.85 918
10.8667 920
10.8833 922
10.9 924
10.9167 926
10.9333 928
10.95 931
10.9667 933
10.9833 935
11.0 937
11.0167 938
11.0333 940
11.05 942
11.0667 944
11.0833 946
11.1 948
11.1167 950
11.1333 952
11.15 954
11.1667 955
11.1833 957
11.2 959
11.2167 961
11.2333 962
11.25 964
11.2667 966
11.2833 967
11.3 969
11.3167 971
11.3333 972
11.35 974
11.3667 975
11.3833 977
11.4 979
11.4167 980
11.4333 982
11.45 983
11.4667 984
11.4833 986
11.5 987
11.5167 989
11.5333 990
11.55 991
11.5667 993
11.5833 994
11.6 995
11.6167 997
11.6333 998
11.65 999
11.6667 1000
11.6833 1002
11.7 1003
11.7167 1004
11.7333 1005
11.75 1006
11.7667 1007
11.7833 1008
11.8 1010
11.8167 1011
11.8333 1012
11.85 1013
11.8667 1014
11.8833 1015
11.9 1016
11.9167 1016
11.9333 1017
11.95 1018
11.9667 1019
11.9833 1020
12.0 1021
12.0167 1022
12.0333 1022
12.05 1023
12.0667 1024
12.0833 1025
12.1 1025
12.1167 1026
12.1333 1027
12.15 1027
12.1667 1028
12.1833 1029
12.2 1029
12.2167 1030
12.2333 1030
12.25 1031
12.2667 1031
12.2833 1032
12.3 1032
12.3167 1033
12.3333 1033
12.35 1034
12.3667 1034
12.3833 1034
12.4 1035
12.4167 1035
12.4333 1035
12.45 1036
12.4667 1036
12.4833 1036
12.5 1036
12.5167 1037
12.5333 1037
12.55 1037
12.5667 1037
12.5833 1037
12.6 1037
12.6167 1037
12.6333 1037
12.65 1037
12.6667 1037
12.6833 1037
12.7 1037
12.7167 1037
12.7333 1037
12.75 1037
12.7667 1037
12.7833 1037
12.8 1037
12.8167 1037
12.8333 1037
12.85 1036
12.8667 1036
12.8833 1036
12.9 1036
12.9167 1035
12.9333 1035
12.95 1035
12.9667 1034
12.9833 1034
13.0 1034
13.0167 1033
13.0333 1033
13.05 1032
13.0667 1032
13.0833 1031
13.1 1031
13.1167 1030
13.1333 1030
13.15 1029
13.1667 1029
13.1833 1028
13.2 1027
13.2167 1027
13.2333 1026
13.25 1025
13.2667 1025
13.2833 1024
13.3 1023
13.3167 1022
13.3333 1022
13.35 1021
13.3667 1020
13.3833 1019
13.4 1018
13.4167 1017
13.4333 1017
13.45 1016
13.4667 1015
13.4833 1014
13.5 1013
13.5167 1012
13.5333 1011
13.55 1010
13.5667 1009
13.5833 1007
13.6 1006
13.6167 1005
13.6333 1004
13.65 1003
13.6667 1002
13.6833 1000
13.7 999
13.7167 998
13.7333 997
13.75 995
13.7667 994
13.7833 993
13.8 992
13.8167 990
13.8333 989
13.85 987
13.8667 986
13.8833 985
13.9 983
13.9167 982
13.9333 980
13.95 979
13.9667 977
13.9833 975
14.0 974
14.0167 972
14.0333 971
14.05 969
14.0667 967
14.0833 966
14.1 964
14.1167 962
14.1333 961
14.15 959
14.1667 957
14.1833 955
14.2 954
14.2167 952
14.2333 950
14.25 948
14.2667 946
14.2833 944
14.3 942
14.3167 940
14.3333 939
14.35 937
14.3667 935
14.3833 933
14.4 931
14.4167 929
14.4333 926
14.45 924
14.4667 922
14.4833 920
14.5 918
14.5167 916
14.5333 914
14.55 912
14.5667 909
14.5833 907
14.6 905
14.6167 903
14.6333 900
14.65 898
14.6667 896
14.6833 894
14.7 891
14.7167 889
14.7333 886
14.75 884
14.7667 882
14.7833 879
14.8 877
14.8167 874
14.8333 872
14.85 869
14.8667 867
14.8833 864
14.9 862
14.9167 859
14.9333 857
14.95 854
14.9667 852
14.9833 849
15.0 847
15.0167 844
15.0333 841
15.05 839
15.0667 836
15.0833 833
15.1 830
15.1167 828
15.1333 825
15.15 822
15.1667 819
15.1833 817
15.2 814
15.2167 811
15.2333 808
15.25 805
15.2667 802
15.2833 799
15.3 796
15.3167 793
15.3333 791
15.35 788
15.3667 785
15.3833 782
15.4 779
15.4167 776
15.4333 773
15.45 769
15.4667 766
15.4833 763
15.5 760
15.5167 757
15.5333 754
15.55 751
15.5667 748
15.5833 745
15.6 741
15.6167 738
15.6333 735
15.65 732
15.6667 729
15.6833 725
15.7 722
15.7167 719
15.7333 715
15.75 712
15.7667 709
15.7833 706
15.8 702
15.8167 699
15.8333 695
15.85 692
15.8667 689
15.8833 685
15.9 682
15.9167 678
15.9333 675
15.95 672
15.9667 668
15.9833 665
