9.0 666
9.0167 670
9.0333 673
9.05 677
9.0667 680
9.0833 684
9.1 687
9.1167 690
9.1333 694
9.15 697
9.1667 701
9.1833 704
9.2 707
9.2167 711
9.2333 714
9.25 717
9.2667 721
9.2833 724
9.3 727
9.3167 731
9.3333 734
9.35 737
9.3667 740
9.3833 744
9.4 747
9.4167 750
9.4333 753
9.45 757
9.4667 760
9.4833 763
9.5 766
9.5167 769
9.5333 772
9.55 775
9.5667 779
9.5833 782
9.6 785
9.6167 788
9.6333 791
9.65 794
9.6667 797
9.6833 800
9.7 803
9.7167 806
9.7333 809
9.75 812
9.7667 815
9.7833 818
9.8 821
9.8167 824
9.8333 826
9.85 829
9.8667 832
9.8833 835
9.9 838
9.9167 841
9.9333 844
9.95 846
9.9667 849
9.9833 852
10.0 855
10.0167 857
10.0333 860
10.05 863
10.0667 866
10.0833 868
10.1 871
10.1167 874
10.1333 876
10.15 879
10.1667 882
10.1833 884
10.2 887
10.2167 889
10.2333 892
10.25 894
10.2667 897
10.2833 899
10.3 902
10.3167 904
10.3333 907
10.35 909
10.3667 912
10.3833 914
10.4 917
10.4167 919
10.4333 921
10.45 924
10.4667 926
10.4833 928
10.5 931
10.5167 933
10.5333 935
10.55 937
10.5667 940
10.5833 942
10.6 944
10.6167 946
10.6333 948
10.65 951
10.6667 953
10.6833 955
10.7 957
10.7167 959
10.7333 961
10.75 963
10.7667 965
10.7833 967
10.8 969
10.8167 971
10.8333 973
10.85 975
10.8667 977
10.8833 979
10.9 981
10.9167 983
10.9333 985
10.95 987
10.9667 989
10.9833 990
11.0 992
11.0167 994
11.0333 996
11.05 998
11.0667 999
11.0833 1001
11.1 1003
11.1167 1004
11.1333 1006
11.15 1008
11.1667 1009
11.1833 1011
11.2 1013
11.2167 1014
11.2333 1016
11.25 1017
11.2667 1019
11.2833 1020
11.3 1022
11.3167 1023
11.3333 1025
11.35 1026
11.3667 1028
11.3833 1029
11.4 1031
11.4167 1032
11.4333 1033
11.45 1035
11.4667 1036
11.4833 1037
11.5 1038
11.5167 1040
11.5333 1041
11.55 1042
11.5667 1043
11.5833 1045
11.6 1046
11.6167 1047
11.6333 1048
11.65 1049
11.6667 1050
11.6833 1051
11.7 1052
11.7167 1054
11.7333 1055
11.75 1056
11.7667 1057
11.7833 1058
11.8 1058
11.8167 1059
11.8333 1060
11.85 1061
11.8667 1062
11.8833 1063
11.9 1064
11.9167 1065
11.9333 1065
11.95 1066
11.9667 1067
11.9833 1068
12.0 1068
12.0167 1069
12.0333 1070
12.05 1071
12.0667 1071
12.0833 1072
12.1 1072
12.1167 1073
12.1333 1074
12.15 1074
12.1667 1075
12.1833 1075
12.2 1076
12.2167 1076
12.2333 1077
12.25 1077
12.2667 1078
12.2833 1078
12.3 1078
12.3167 1079
12.3333 1079
12.35 1079
12.3667 1080
12.3833 1080
12.4 1080
12.4167 1081
12.4333 1081
12.45 1081
12.4667 1081
12.4833 1081
12.5 1082
12.5167 1082
12.5333 1082
12.55 1082
12.5667 1082
12.5833 1082
12.6 1082
12.6167 1082
12.6333 1082
12.65 1082
12.6667 1082
12.6833 1082
12.7 1082
12.7167 1082
12.7333 1082
12.75 1082
12.7667 1081
12.7833 1081
12.8 1081
12.8167 1081
12.8333 1081
12.85 1080
12.8667 1080
12.8833 1080
12.9 1080
12.9167 1079
12.9333 1079
12.95 1079
12.9667 1078
12.9833 1078
13.0 1077
13.0167 1077
13.0333 1077
13.05 1076
13.0667 1076
13.0833 1075
13.1 1075
13.1167 1074
13.1333 1074
13.15 1073
13.1667 1072
13.1833 1072
13.2 1071
13.2167 1070
13.2333 1070
13.25 1069
13.2667 1068
13.2833 1068
13.3 1067
13.3167 1066
13.3333 1065
13.35 1065
13.3667 1064
13.3833 1063
13.4 1062
13.4167 1061
13.4333 1060
13.45 1059
13.4667 1058
13.4833 1057
13.5 1056
13.5167 1055
13.5333 1054
13.55 1053
13.5667 1052
13.5833 1051
13.6 1050
13.6167 1049
13.6333 1048
13.65 1047
13.6667 1046
13.6833 1045
13.7 1043
13.7167 1042
13.7333 1041
13.75 1040
13.7667 1038
13.7833 1037
13.8 1036
13.8167 1034
13.8333 1033
13.85 1032
13.8667 1030
13.8833 1029
13.9 1028
13.9167 1026
13.9333 1025
13.95 1023
13.9667 1022
13.9833 1020
14.0 1019
14.0167 1017
14.0333 1016
14.05 1014
14.0667 1012
14.0833 1011
14.1 1009
14.1167 1008
14.1333 1006
14.15 1004
14.1667 1003
14.1833 1001
14.2 999
14.2167 997
14.2333 996
14.25 994
14.2667 992
14.2833 990
14.3 988
14.3167 987
14.3333 985
14.35 983
14.3667 981
14.3833 979
14.4 977
14.4167 975
14.4333 973
14.45 971
14.4667 969
14.4833 967
14.5 965
14.5167 963
14.5333 961
14.55 959
14.5667 957
14.5833 955
14.6 953
14.6167 950
14.6333 948
14.65 946
14.6667 944
14.6833 942
14.7 939
14.7167 937
14.7333 935
14.75 933
14.7667 930
14.7833 928
14.8 926
14.8167 923
14.8333 921
14.85 919
14.8667 916
14.8833 914
14.9 911
14.9167 909
14.9333 907
14.95 904
14.9667 902
14.9833 899
15.0 897
15.0167 894
15.0333 892
15.05 889
15.0667 887
15.0833 884
15.1 881
15.1167 879
15.1333 876
15.15 873
15.1667 871
15.1833 868
15.2 865
15.2167 863
15.2333 860
15.25 857
15.2667 855
15.2833 852
15.3 849
15.3167 846
15.3333 843
15.35 841
15.3667 838
15.3833 835
15.4 832
15.4167 829
15.4333 826
15.45 823
15.4667 821
15.4833 818
15.5 815
15.5167 812
15.5333 809
15.55 806
15.5667 803
15.5833 800
15.6 797
15.6167 794
15.6333 791
15.65 788
15.6667 785
15.6833 782
15.7 778
15.7167 775
15.7333 772
15.75 769
15.7667 766
15.7833 763
15.8 760
15.8167 756
15.8333 753
15.85 750
15.8667 747
15.8833 744
15.9 740
15.9167 737
15.9333 734
15.95 731
15.9667 727
15.9833 724
