9.0 617
9.0167 620
9.0333 624
9.05 628
9.0667 631
9.0833 635
9.1 638
9.1167 642
9.1333 646
9.15 649
9.1667 653
9.1833 656
9.2 660
9.2167 663
9.2333 667
9.25 670
9.2667 674
9.2833 677
9.3 681
9.3167 684
9.3333 688
9.35 691
9.3667 695
9.3833 698
9.4 701
9.4167 705
9.4333 708
9.45 712
9.4667 715
9.4833 718
9.5 722
9.5167 725
9.5333 728
9.55 732
9.5667 735
9.5833 738
9.6 741
9.6167 745
9.6333 748
9.65 751
9.6667 754
9.6833 757
9.7 761
9.7167 764
9.7333 767
9.75 770
9.7667 773
9.7833 776
9.8 780
9.8167 783
9.8333 786
9.85 789
9.8667 792
9.8833 795
9.9 798
9.9167 801
9.9333 804
9.95 807
9.9667 810
9.9833 813
10.0 816
10.0167 819
10.0333 822
10.05 825
10.0667 828
10.0833 830
10.1 833
10.1167 836
10.1333 839
10.15 842
10.1667 845
10.1833 847
10.2 850
10.2167 853
10.2333 856
10.25 858
10.2667 861
10.2833 864
10.3 867
10.3167 869
10.3333 872
10.35 874
10.3667 877
10.3833 880
10.4 882
10.4167 885
10.4333 887
10.45 890
10.4667 893
10.4833 895
10.5 898
10.5167 900
10.5333 903
10.55 905
10.5667 907
10.5833 910
10.6 912
10.6167 915
10.6333 917
10.65 919
10.6667 922
10.6833 924
10.7 926
10.7167 929
10.7333 931
10.75 933
10.7667 936
10.7833 938
10.8 940
10.8167 942
10.8333 944
10.85 947
10.8667 949
10.8833 951
10.9 953
10.9167 955
10.9333 957
10.95 959
10.9667 961
10.9833 963
11.0 965
11.0167 967
11.0333 969
11.05 971
11.0667 973
11.0833 975
11.1 977
11.1167 979
11.1333 981
11.15 983
11.1667 985
11.1833 986
11.2 988
11.2167 990
11.2333 992
11.25 993
11.2667 995
11.2833 997
11.3 999
11.3167 1000
11.3333 1002
11.35 1004
11.3667 1005
11.3833 1007
11.4 1008
11.4167 1010
11.4333 1012
11.45 1013
11.4667 1015
11.4833 1016
11.5 1018
11.5167 1019
11.5333 1021
11.55 1022
11.5667 1023
11.5833 1025
11.6 1026
11.6167 1027
11.6333 1029
11.65 1030
11.6667 1031
11.6833 1033
11.7 1034
11.7167 1035
11.7333 1036
11.75 1038
11.7667 1039
11.7833 1040
11.8 1041
11.8167 1042
11.8333 1043
11.85 1045
11.8667 1046
11.8833 1047
11.9 1048
11.9167 1049
11.9333 1050
11.95 1051
11.9667 1052
11.9833 1053
12.0 1054
12.0167 1054
12.0333 1055
12.05 1056
12.0667 1057
12.0833 1058
12.1 1059
12.1167 1059
12.1333 1060
12.15 1061
12.1667 1062
12.1833 1062
12.2 1063
12.2167 1064
12.2333 1064
12.25 1065
12.2667 1066
12.2833 1066
12.3 1067
12.3167 1067
12.3333 1068
12.35 1069
12.3667 1069
12.3833 1070
12.4 1070
12.4167 1070
12.4333 1071
12.45 1071
12.4667 1072
12.4833 1072
12.5 1072
12.5167 1073
12.5333 1073
12.55 1073
12.5667 1074
12.5833 1074
12.6 1074
12.6167 1074
12.6333 1075
12.65 1075
12.6667 1075
12.6833 1075
12.7 1075
12.7167 1075
12.7333 1075
12.75 1075
12.7667 1075
12.7833 1075
12.8 1075
12.8167 1075
12.8333 1075
12.85 1075
12.8667 1075
12.8833 1075
12.9 1075
12.9167 1075
12.9333 1075
12.95 1075
12.9667 1074
12.9833 1074
13.0 1074
13.0167 1074
13.0333 1073
13.05 1073
13.0667 1073
13.0833 1072
13.1 1072
13.1167 1072
13.1333 1071
13.15 1071
13.1667 1070
13.1833 1070
13.2 1070
13.2167 1069
13.2333 1069
13.25 1068
13.2667 1068
13.2833 1067
13.3 1066
13.3167 1066
13.3333 1065
13.35 1065
13.3667 1064
13.3833 1063
13.4 1062
13.4167 1062
13.4333 1061
13.45 1060
13.4667 1060
13.4833 1059
13.5 1058
13.5167 1057
13.5333 1056
13.55 1055
13.5667 1054
13.5833 1054
13.6 1053
13.6167 1052
13.6333 1051
13.65 1050
13.6667 1049
13.6833 1048
13.7 1047
13.7167 1046
13.7333 1045
13.75 1043
13.7667 1042
13.7833 1041
13.8 1040
13.8167 1039
13.8333 1038
13.85 1037
13.8667 1035
13.8833 1034
13.9 1033
13.9167 1031
13.9333 1030
13.95 1029
13.9667 1028
13.9833 1026
14.0 1025
14.0167 1023
14.0333 1022
14.05 1021
14.0667 1019
14.0833 1018
14.1 1016
14.1167 1015
14.1333 1013
14.15 1012
14.1667 1010
14.1833 1008
14.2 1007
14.2167 1005
14.2333 1004
14.25 1002
14.2667 1000
14.2833 999
14.3 997
14.3167 995
14.3333 994
14.35 992
14.3667 990
14.3833 988
14.4 986
14.4167 985
14.4333 983
14.45 981
14.4667 979
14.4833 977
14.5 975
14.5167 973
14.5333 971
14.55 969
14.5667 967
14.5833 965
14.6 963
14.6167 961
14.6333 959
14.65 957
14.6667 955
14.6833 953
14.7 951
14.7167 949
14.7333 947
14.75 944
14.7667 942
14.7833 940
14.8 938
14.8167 936
14.8333 933
14.85 931
14.8667 929
14.8833 927
14.9 924
14.9167 922
14.9333 920
14.95 917
14.9667 915
14.9833 912
15.0 910
15.0167 907
15.0333 905
15.05 902
15.0667 900
15.0833 897
15.1 895
15.1167 892
15.1333 890
15.15 887
15.1667 885
15.1833 882
15.2 880
15.2167 877
15.2333 874
15.25 872
15.2667 869
15.2833 866
15.3 864
15.3167 861
15.3333 858
15.35 855
15.3667 853
15.3833 850
15.4 847
15.4167 844
15.4333 842
15.45 839
15.4667 836
15.4833 833
15.5 830
15.5167 827
15.5333 824
15.55 822
15.5667 819
15.5833 816
15.6 813
15.6167 810
15.6333 807
15.65 804
15.6667 801
15.6833 798
15.7 795
15.7167 792
15.7333 789
15.75 786
15.7667 782
15.7833 779
15.8 776
15.8167 773
15.8333 770
15.85 767
15.8667 764
15.8833 760
15.9 757
15.9167 754
15.9333 751
15.95 748
15.9667 744
15.9833 741
