9.0 283
9.0167 287
9.0333 291
9.05 294
9.0667 298
9.0833 302
9.1 305
9.1167 309
9.1333 312
9.15 316
9.1667 319
9.1833 323
9.2 327
9.2167 330
9.2333 334
9.25 337
9.2667 341
9.2833 344
9.3 348
9.3167 351
9.3333 355
9.35 358
9.3667 362
9.3833 365
9.4 369
9.4167 372
9.4333 376
9.45 379
9.4667 383
9.4833 386
9.5 389
9.5167 393
9.5333 396
9.55 400
9.5667 403
9.5833 406
9.6 410
9.6167 413
9.6333 417
9.65 420
9.6667 423
9.6833 426
9.7 430
9.7167 433
9.7333 436
9.75 440
9.7667 443
9.7833 446
9.8 449
9.8167 453
9.8333 456
9.85 459
9.8667 462
9.8833 465
9.9 468
9.9167 472
9.9333 475
9.95 478
9.9667 481
9.9833 484
10.0 487
10.0167 490
10.0333 493
10.05 496
10.0667 499
10.0833 502
10.1 505
10.1167 508
10.1333 511
10.15 514
10.1667 517
10.1833 520
10.2 523
10.2167 526
10.2333 529
10.25 532
10.2667 535
10.2833 538
10.3 540
10.3167 543
10.3333 546
10.35 549
10.3667 552
10.3833 554
10.4 557
10.4167 560
10.4333 563
10.45 565
10.4667 568
10.4833 571
10.5 573
10.5167 576
10.5333 579
10.55 581
10.5667 584
10.5833 587
10.6 589
10.6167 592
10.6333 594
10.65 597
10.6667 599
10.6833 602
10.7 604
10.7167 607
10.7333 609
10.75 612
10.7667 614
10.7833 616
10.8 619
10.8167 621
10.8333 623
10.85 626
10.8667 628
10.8833 630
10.9 633
10.9167 635
10.9333 637
10.95 639
10.9667 642
10.9833 644
11.0 646
11.0167 648
11.0333 650
11.05 652
11.0667 654
11.0833 657
11.1 659
11.1167 661
11.1333 663
11.15 665
11.1667 667
11.1833 669
11.2 671
11.2167 673
11.2333 675
11.25 677
11.2667 678
11.2833 680
11.3 682
11.3167 684
11.3333 686
11.35 688
11.3667 689
11.3833 691
11.4 693
11.4167 695
11.4333 696
11.45 698
11.4667 700
11.4833 701
11.5 703
11.5167 705
11.5333 706
11.55 708
11.5667 709
11.5833 711
11.6 713
11.6167 714
11.6333 716
11.65 717
11.6667 718
11.6833 720
11.7 721
11.7167 723
11.7333 724
11.75 725
11.7667 727
11.7833 728
11.8 729
11.8167 731
11.8333 732
11.85 733
11.8667 734
11.8833 736
11.9 737
11.9167 738
11.9333 739
11.95 740
11.9667 741
11.9833 742
12.0 744
12.0167 745
12.0333 746
12.05 747
12.0667 748
12.0833 749
12.1 750
12.1167 751
12.1333 751
12.15 752
12.1667 753
12.1833 754
12.2 755
12.2167 756
12.2333 757
12.25 757
12.2667 758
12.2833 759
12.3 760
12.3167 760
12.3333 761
12.35 762
12.3667 762
12.3833 763
12.4 763
12.4167 764
12.4333 765
12.45 765
12.4667 766
12.4833 766
12.5 767
12.5167 767
12.5333 767
12.55 768
12.5667 768
12.5833 769
12.6 769
12.6167 769
12.6333 770
12.65 770
12.6667 770
12.6833 771
12.7 771
12.7167 771
12.7333 771
12.75 771
12.7667 772
12.7833 772
12.8 772
12.8167 772
12.8333 772
12.85 772
12.8667 772
12.8833 772
12.9 772
12.9167 772
12.9333 772
12.95 772
12.9667 772
12.9833 772
13.0 772
13.0167 772
13.0333 771
13.05 771
13.0667 771
13.0833 771
13.1 771
13.1167 770
13.1333 770
13.15 770
13.1667 769
13.1833 769
13.2 769
13.2167 768
13.2333 768
13.25 767
13.2667 767
13.2833 767
13.3 766
13.3167 766
13.3333 765
13.35 764
13.3667 764
13.3833 763
13.4 763
13.4167 762
13.4333 761
13.45 761
13.4667 760
13.4833 759
13.5 759
13.5167 758
13.5333 757
13.55 756
13.5667 756
13.5833 755
13.6 754
13.6167 753
13.6333 752
13.65 751
13.6667 750
13.6833 749
13.7 748
13.7167 747
13.7333 747
13.75 745
13.7667 744
13.7833 743
13.8 742
13.8167 741
13.8333 740
13.85 739
13.8667 738
13.8833 737
13.9 735
13.9167 734
13.9333 733
13.95 732
13.9667 730
13.9833 729
14.0 728
14.0167 727
14.0333 725
14.05 724
14.0667 722
14.0833 721
14.1 720
14.1167 718
14.1333 717
14.15 715
14.1667 714
14.1833 712
14.2 711
14.2167 709
14.2333 708
14.25 706
14.2667 704
14.2833 703
14.3 701
14.3167 699
14.3333 698
14.35 696
14.3667 694
14.3833 693
14.4 691
14.4167 689
14.4333 687
14.45 686
14.4667 684
14.4833 682
14.5 680
14.5167 678
14.5333 676
14.55 674
14.5667 672
14.5833 670
14.6 668
14.6167 666
14.6333 664
14.65 662
14.6667 660
14.6833 658
14.7 656
14.7167 654
14.7333 652
14.75 650
14.7667 648
14.7833 646
14.8 643
14.8167 641
14.8333 639
14.85 637
14.8667 634
14.8833 632
14.9 630
14.9167 628
14.9333 625
14.95 623
14.9667 621
14.9833 618
15.0 617
15.0167 614
15.0333 612
15.05 610
15.0667 607
15.0833 605
15.1 602
15.1167 600
15.1333 597
15.15 595
15.1667 592
15.1833 590
15.2 587
15.2167 584
15.2333 582
15.25 579
15.2667 577
15.2833 574
15.3 571
15.3167 569
15.3333 566
15.35 563
15.3667 560
15.3833 558
15.4 555
15.4167 552
15.4333 549
15.45 547
15.4667 544
15.4833 541
15.5 538
15.5167 535
15.5333 532
15.55 529
15.5667 527
15.5833 524
15.6 521
15.6167 518
15.6333 515
15.65 512
15.6667 509
15.6833 506
15.7 503
15.7167 500
15.7333 497
15.75 494
15.7667 491
15.7833 488
15.8 485
15.8167 481
15.8333 478
15.85 475
15.8667 472
15.8833 469
15.9 466
15.9167 463
15.9333 459
15.95 456
15.9667 453
15.9833 450
