9.0 539
9.0167 543
9.0333 546
9.05 550
9.0667 553
9.0833 557
9.1 560
9.1167 564
9.1333 567
9.15 571
9.1667 574
9.1833 577
9.2 581
9.2167 584
9.2333 588
9.25 591
9.2667 595
9.2833 598
9.3 601
9.3167 605
9.3333 608
9.35 611
9.3667 615
9.3833 618
9.4 621
9.4167 624
9.4333 628
9.45 631
9.4667 634
9.4833 637
9.5 641
9.5167 644
9.5333 647
9.55 650
9.5667 654
9.5833 657
9.6 660
9.6167 663
9.6333 666
9.65 669
9.6667 672
9.6833 675
9.7 679
9.7167 682
9.7333 685
9.75 688
9.7667 691
9.7833 694
9.8 697
9.8167 700
9.8333 703
9.85 706
9.8667 709
9.8833 712
9.9 715
9.9167 718
9.9333 720
9.95 723
9.9667 726
9.9833 729
10.0 732
10.0167 735
10.0333 738
10.05 740
10.0667 743
10.0833 746
10.1 749
10.1167 751
10.1333 754
10.15 757
10.1667 760
10.1833 762
10.2 765
10.2167 768
10.2333 770
10.25 773
10.2667 775
10.2833 778
10.3 781
10.3167 783
10.3333 786
10.35 788
10.3667 791
10.3833 793
10.4 796
10.4167 798
10.4333 801
10.45 803
10.4667 806
10.4833 808
10.5 810
10.5167 813
10.5333 815
10.55 818
10.5667 820
10.5833 822
10.6 824
10.6167 827
10.6333 829
10.65 831
10.6667 833
10.6833 836
10.7 838
10.7167 840
10.7333 842
10.75 844
10.7667 847
10.7833 849
10.8 851
10.8167 853
10.8333 855
10.85 857
10.8667 859
10.8833 861
10.9 863
10.9167 865
10.9333 867
10.95 869
10.9667 871
10.9833 873
11.0 875
11.0167 876
11.0333 878
11.05 880
11.0667 882
11.0833 884
11.1 886
11.1167 887
11.1333 889
11.15 891
11.1667 893
11.1833 894
11.2 896
11.2167 898
11.2333 899
11.25 901
11.2667 902
11.2833 904
11.3 906
11.3167 907
11.3333 909
11.35 910
11.3667 912
11.3833 913
11.4 915
11.4167 916
11.4333 917
11.45 919
11.4667 920
11.4833 922
11.5 923
11.5167 924
11.5333 926
11.55 927
11.5667 928
11.5833 929
11.6 931
11.6167 932
11.6333 933
11.65 934
11.6667 935
11.6833 937
11.7 938
11.7167 939
11.7333 940
11.75 941
11.7667 942
11.7833 943
11.8 944
11.8167 945
11.8333 946
11.85 947
11.8667 948
11.8833 949
11.9 950
11.9167 951
11.9333 951
11.95 952
11.9667 953
11.9833 954
12.0 955
12.0167 955
12.0333 956
12.05 957
12.0667 958
12.0833 958
12.1 959
12.1167 960
12.1333 960
12.15 961
12.1667 961
12.1833 962
12.2 962
12.2167 963
12.2333 963
12.25 964
12.2667 964
12.2833 965
12.3 965
12.3167 966
12.3333 966
12.35 966
12.3667 967
12.3833 967
12.4 967
12.4167 968
12.4333 968
12.45 968
12.4667 968
12.4833 969
12.5 969
12.5167 969
12.5333 969
12.55 969
12.5667 969
12.5833 970
12.6 970
12.6167 970
12.6333 970
12.65 970
12.6667 970
12.6833 970
12.7 970
12.7167 970
12.7333 969
12.75 969
12.7667 969
12.7833 969
12.8 969
12.8167 969
12.8333 968
12.85 968
12.8667 968
12.8833 968
12.9 967
12.9167 967
12.9333 967
12.95 966
12.9667 966
12.9833 966
13.0 965
13.0167 965
13.0333 964
13.05 964
13.0667 963
13.0833 963
13.1 962
13.1167 962
13.1333 961
13.15 961
13.1667 960
13.1833 960
13.2 959
13.2167 958
13.2333 958
13.25 957
13.2667 956
13.2833 955
13.3 955
13.3167 954
13.3333 953
13.35 952
13.3667 951
13.3833 951
13.4 950
13.4167 949
13.4333 948
13.45 947
13.4667 946
13.4833 945
13.5 944
13.5167 943
13.5333 942
13.55 941
13.5667 940
13.5833 939
13.6 938
13.6167 937
13.6333 935
13.65 934
13.6667 933
13.6833 932
13.7 931
13.7167 929
13.7333 928
13.75 927
13.7667 926
13.7833 924
13.8 923
13.8167 922
13.8333 920
13.85 919
13.8667 917
13.8833 916
13.9 915
13.9167 913
13.9333 912
13.95 910
13.9667 909
13.9833 907
14.0 906
14.0167 904
14.0333 902
14.05 901
14.0667 899
14.0833 898
14.1 896
14.1167 894
14.1333 893
14.15 891
14.1667 889
14.1833 887
14.2 886
14.2167 884
14.2333 882
14.25 880
14.2667 878
14.2833 876
14.3 875
14.3167 873
14.3333 871
14.35 869
14.3667 867
14.3833 865
14.4 863
14.4167 861
14.4333 859
14.45 857
14.4667 855
14.4833 853
14.5 851
14.5167 849
14.5333 846
14.55 844
14.5667 842
14.5833 840
14.6 838
14.6167 836
14.6333 833
14.65 831
14.6667 829
14.6833 827
14.7 824
14.7167 822
14.7333 820
14.75 817
14.7667 815
14.7833 813
14.8 810
14.8167 808
14.8333 806
14.85 803
14.8667 801
14.8833 798
14.9 796
14.9167 793
14.9333 791
14.95 788
14.9667 786
14.9833 783
15.0 781
15.0167 778
15.0333 776
15.05 773
15.0667 770
15.0833 768
15.1 765
15.1167 762
15.1333 760
15.15 757
15.1667 754
15.1833 752
15.2 749
15.2167 746
15.2333 743
15.25 740
15.2667 738
15.2833 735
15.3 732
15.3167 729
15.3333 726
15.35 723
15.3667 721
15.3833 718
15.4 715
15.4167 712
15.4333 709
15.45 706
15.4667 703
15.4833 700
15.5 697
15.5167 694
15.5333 691
15.55 688
15.5667 685
15.5833 682
15.6 679
15.6167 676
15.6333 673
15.65 669
15.6667 666
15.6833 663
15.7 660
15.7167 657
15.7333 654
15.75 651
15.7667 647
15.7833 644
15.8 641
15.8167 638
15.8333 634
15.85 631
15.8667 628
15.8833 625
15.9 621
15.9167 618
15.9333 615
15.95 611
15.9667 608
15.9833 605
