9.0 581
9.0167 586
9.0333 589
9.05 593
9.0667 597
9.0833 600
9.1 604
9.1167 608
9.1333 611
9.15 615
9.1667 618
9.1833 622
9.2 626
9.2167 629
9.2333 633
9.25 636
9.2667 640
9.2833 643
9.3 647
9.3167 650
9.3333 654
9.35 657
9.3667 661
9.3833 664
9.4 668
9.4167 671
9.4333 674
9.45 678
9.4667 681
9.4833 685
9.5 688
9.5167 691
9.5333 695
9.55 698
9.5667 701
9.5833 704
9.6 708
9.6167 711
9.6333 714
9.65 718
9.6667 721
9.6833 724
9.7 727
9.7167 730
9.7333 734
9.75 737
9.7667 740
9.7833 743
9.8 746
9.8167 749
9.8333 752
9.85 755
9.8667 758
9.8833 762
9.9 765
9.9167 768
9.9333 771
9.95 774
9.9667 777
9.9833 780
10.0 782
10.0167 785
10.0333 788
10.05 791
10.0667 794
10.0833 797
10.1 800
10.1167 803
10.1333 806
10.15 808
10.1667 811
10.1833 814
10.2 817
10.2167 819
10.2333 822
10.25 825
10.2667 828
10.2833 830
10.3 833
10.3167 836
10.3333 838
10.35 841
10.3667 844
10.3833 846
10.4 849
10.4167 851
10.4333 854
10.45 856
10.4667 859
10.4833 861
10.5 864
10.5167 866
10.5333 869
10.55 871
10.5667 874
10.5833 876
10.6 878
10.6167 881
10.6333 883
10.65 885
10.6667 888
10.6833 890
10.7 892
10.7167 895
10.7333 897
10.75 899
10.7667 901
10.7833 903
10.8 906
10.8167 908
10.8333 910
10.85 912
10.8667 914
10.8833 916
10.9 918
10.9167 920
10.9333 922
10.95 924
10.9667 926
10.9833 928
11.0 930
11.0167 932
11.0333 934
11.05 936
11.0667 938
11.0833 940
11.1 942
11.1167 943
11.1333 945
11.15 947
11.1667 949
11.1833 951
11.2 952
11.2167 954
11.2333 956
11.25 957
11.2667 959
11.2833 961
11.3 962
11.3167 964
11.3333 966
11.35 967
11.3667 969
11.3833 970
11.4 972
11.4167 973
11.4333 975
11.45 976
11.4667 978
11.4833 979
11.5 980
11.5167 982
11.5333 983
11.55 985
11.5667 986
11.5833 987
11.6 988
11.6167 990
11.6333 991
11.65 992
11.6667 993
11.6833 995
11.7 996
11.7167 997
11.7333 998
11.75 999
11.7667 1000
11.7833 1001
11.8 1002
11.8167 1003
11.8333 1004
11.85 1005
11.8667 1006
11.8833 1007
11.9 1008
11.9167 1009
11.9333 1010
11.95 1011
11.9667 1012
11.9833 1013
12.0 1013
12.0167 1014
12.0333 1015
12.05 1016
12.0667 1016
12.0833 1017
12.1 1018
12.1167 1019
12.1333 1019
12.15 1020
12.1667 1020
12.1833 1021
12.2 1022
12.2167 1022
12.2333 1023
12.25 1023
12.2667 1024
12.2833 1024
12.3 1025
12.3167 1025
12.3333 1025
12.35 1026
12.3667 1026
12.3833 1027
12.4 1027
12.4167 1027
12.4333 1028
12.45 1028
12.4667 1028
12.4833 1028
12.5 1029
12.5167 1029
12.5333 1029
12.55 1029
12.5667 1029
12.5833 1029
12.6 1029
12.6167 1029
12.6333 1029
12.65 1029
12.6667 1029
12.6833 1029
12.7 1029
12.7167 1029
12.7333 1029
12.75 1029
12.7667 1029
12.7833 1029
12.8 1029
12.8167 1029
12.8333 1028
12.85 1028
12.8667 1028
12.8833 1028
12.9 1027
12.9167 1027
12.9333 1027
12.95 1027
12.9667 1026
12.9833 1026
13.0 1025
13.0167 1025
13.0333 1025
13.05 1024
13.0667 1024
13.0833 1023
13.1 1023
13.1167 1022
13.1333 1022
13.15 1021
13.1667 1020
13.1833 1020
13.2 1019
13.2167 1018
13.2333 1018
13.25 1017
13.2667 1016
13.2833 1016
13.3 1015
13.3167 1014
13.3333 1013
13.35 1012
13.3667 1012
13.3833 1011
13.4 1010
13.4167 1009
13.4333 1008
13.45 1007
13.4667 1006
13.4833 1005
13.5 1004
13.5167 1003
13.5333 1002
13.55 1001
13.5667 1000
13.5833 999
13.6 998
13.6167 997
13.6333 996
13.65 994
13.6667 993
13.6833 992
13.7 991
13.7167 989
13.7333 988
13.75 987
13.7667 986
13.7833 984
13.8 983
13.8167 982
13.8333 980
13.85 979
13.8667 977
13.8833 976
13.9 974
13.9167 973
13.9333 972
13.95 970
13.9667 968
13.9833 967
14.0 965
14.0167 964
14.0333 962
14.05 960
14.0667 959
14.0833 957
14.1 955
14.1167 954
14.1333 952
14.15 950
14.1667 949
14.1833 947
14.2 945
14.2167 943
14.2333 941
14.25 939
14.2667 938
14.2833 936
14.3 934
14.3167 932
14.3333 930
14.35 928
14.3667 926
14.3833 924
14.4 922
14.4167 920
14.4333 918
14.45 916
14.4667 914
14.4833 912
14.5 909
14.5167 907
14.5333 905
14.55 903
14.5667 901
14.5833 899
14.6 896
14.6167 894
14.6333 892
14.65 890
14.6667 887
14.6833 885
14.7 883
14.7167 880
14.7333 878
14.75 876
14.7667 873
14.7833 871
14.8 868
14.8167 866
14.8333 863
14.85 861
14.8667 858
14.8833 856
14.9 853
14.9167 851
14.9333 848
14.95 846
14.9667 843
14.9833 840
15.0 838
15.0167 835
15.0333 833
15.05 830
15.0667 827
15.0833 825
15.1 822
15.1167 819
15.1333 816
15.15 814
15.1667 811
15.1833 808
15.2 805
15.2167 802
15.2333 800
15.25 797
15.2667 794
15.2833 791
15.3 788
15.3167 785
15.3333 782
15.35 779
15.3667 776
15.3833 773
15.4 770
15.4167 767
15.4333 764
15.45 761
15.4667 758
15.4833 755
15.5 752
15.5167 749
15.5333 746
15.55 743
15.5667 740
15.5833 736
15.6 733
15.6167 730
15.6333 727
15.65 724
15.6667 720
15.6833 717
15.7 714
15.7167 711
15.7333 707
15.75 704
15.7667 701
15.7833 698
15.8 694
15.8167 691
15.8333 688
15.85 684
15.8667 681
15.8833 677
15.9 674
15.9167 671
15.9333 667
15.95 664
15.9667 660
15.9833 657
