9.0 604
9.0167 607
9.0333 611
9.05 615
9.0667 618
9.0833 622
9.1 625
9.1167 629
9.1333 632
9.15 636
9.1667 639
9.1833 643
9.2 646
9.2167 650
9.2333 653
9.25 657
9.2667 660
9.2833 664
9.3 667
9.3167 671
9.3333 674
9.35 677
9.3667 681
9.3833 684
9.4 688
9.4167 691
9.4333 694
9.45 698
9.4667 701
9.4833 704
9.5 707
9.5167 711
9.5333 714
9.55 717
9.5667 721
9.5833 724
9.6 727
9.6167 730
9.6333 733
9.65 737
9.6667 740
9.6833 743
9.7 746
9.7167 749
9.7333 752
9.75 755
9.7667 759
9.7833 762
9.8 765
9.8167 768
9.8333 771
9.85 774
9.8667 777
9.8833 780
9.9 783
9.9167 786
9.9333 789
9.95 792
9.9667 795
9.9833 798
10.0 801
10.0167 804
10.0333 806
10.05 809
10.0667 812
10.0833 815
10.1 818
10.1167 821
10.1333 823
10.15 826
10.1667 829
10.1833 832
10.2 835
10.2167 837
10.2333 840
10.25 843
10.2667 845
10.2833 848
10.3 851
10.3167 853
10.3333 856
10.35 859
10.3667 861
10.3833 864
10.4 866
10.4167 869
10.4333 872
10.45 874
10.4667 877
10.4833 879
10.5 882
10.5167 884
10.5333 886
10.55 889
10.5667 891
10.5833 894
10.6 896
10.6167 898
10.6333 901
10.65 903
10.6667 905
10.6833 908
10.7 910
10.7167 912
10.7333 915
10.75 917
10.7667 919
10.7833 921
10.8 924
10.8167 926
10.8333 928
10.85 930
10.8667 932
10.8833 934
10.9 936
10.9167 938
10.9333 940
10.95 943
10.9667 945
10.9833 947
11.0 949
11.0167 951
11.0333 953
11.05 954
11.0667 956
11.0833 958
11.1 960
11.1167 962
11.1333 964
11.15 966
11.1667 968
11.1833 969
11.2 971
11.2167 973
11.2333 975
11.25 976
11.2667 978
11.2833 980
11.3 982
11.3167 983
11.3333 985
11.35 987
11.3667 988
11.3833 990
11.4 991
11.4167 993
11.4333 994
11.45 996
11.4667 997
11.4833 999
11.5 1000
11.5167 1002
11.5333 1003
11.55 1005
11.5667 1006
11.5833 1008
11.6 1009
11.6167 1010
11.6333 1012
11.65 1013
11.6667 1014
11.6833 1015
11.7 1017
11.7167 1018
11.7333 1019
11.75 1020
11.7667 1022
11.7833 1023
11.8 1024
11.8167 1025
11.8333 1026
11.85 1027
11.8667 1028
11.8833 1029
11.9 1030
11.9167 1031
11.9333 1032
11.95 1033
11.9667 1034
11.9833 1035
12.0 1036
12.0167 1037
12.0333 1038
12.05 1039
12.0667 1040
12.0833 1040
12.1 1041
12.1167 1042
12.1333 1043
12.15 1044
12.1667 1044
12.1833 1045
12.2 1046
12.2167 1046
12.2333 1047
12.25 1048
12.2667 1048
12.2833 1049
12.3 1049
12.3167 1050
12.3333 1051
12.35 1051
12.3667 1052
12.3833 1052
12.4 1053
12.4167 1053
12.4333 1053
12.45 1054
12.4667 1054
12.4833 1055
12.5 1055
12.5167 1055
12.5333 1056
12.55 1056
12.5667 1056
12.5833 1056
12.6 1057
12.6167 1057
12.6333 1057
12.65 1057
12.6667 1057
12.6833 1058
12.7 1058
12.7167 1058
12.7333 1058
12.75 1058
12.7667 1058
12.7833 1058
12.8 1058
12.8167 1058
12.8333 1058
12.85 1058
12.8667 1058
12.8833 1058
12.9 1058
12.9167 1058
12.9333 1057
12.95 1057
12.9667 1057
12.9833 1057
13.0 1057
13.0167 1056
13.0333 1056
13.05 1056
13.0667 1055
13.0833 1055
13.1 1055
13.1167 1054
13.1333 1054
13.15 1054
13.1667 1053
13.1833 1053
13.2 1052
13.2167 1052
13.2333 1051
13.25 1051
13.2667 1050
13.2833 1050
13.3 1049
13.3167 1049
13.3333 1048
13.35 1047
13.3667 1047
13.3833 1046
13.4 1045
13.4167 1045
13.4333 1044
13.45 1043
13.4667 1043
13.4833 1042
13.5 1041
13.5167 1040
13.5333 1039
13.55 1038
13.5667 1038
13.5833 1037
13.6 1036
13.6167 1035
13.6333 1034
13.65 1033
13.6667 1032
13.6833 1031
13.7 1030
13.7167 1029
13.7333 1028
13.75 1027
13.7667 1026
13.7833 1025
13.8 1024
13.8167 1022
13.8333 1021
13.85 1020
13.8667 1019
13.8833 1018
13.9 1016
13.9167 1015
13.9333 1014
13.95 1012
13.9667 1011
13.9833 1010
14.0 1008
14.0167 1007
14.0333 1006
14.05 1004
14.0667 1003
14.0833 1001
14.1 1000
14.1167 999
14.1333 997
14.15 996
14.1667 994
14.1833 992
14.2 991
14.2167 989
14.2333 988
14.25 986
14.2667 984
14.2833 983
14.3 981
14.3167 979
14.3333 978
14.35 976
14.3667 974
14.3833 972
14.4 971
14.4167 969
14.4333 967
14.45 965
14.4667 963
14.4833 962
14.5 960
14.5167 958
14.5333 956
14.55 954
14.5667 952
14.5833 950
14.6 948
14.6167 946
14.6333 944
14.65 942
14.6667 940
14.6833 938
14.7 936
14.7167 934
14.7333 932
14.75 929
14.7667 927
14.7833 925
14.8 923
14.8167 921
14.8333 919
14.85 916
14.8667 914
14.8833 912
14.9 909
14.9167 907
14.9333 905
14.95 903
14.9667 900
14.9833 898
15.0 895
15.0167 893
15.0333 890
15.05 888
15.0667 886
15.0833 883
15.1 881
15.1167 878
15.1333 876
15.15 873
15.1667 871
15.1833 868
15.2 866
15.2167 863
15.2333 860
15.25 858
15.2667 855
15.2833 853
15.3 850
15.3167 847
15.3333 845
15.35 842
15.3667 839
15.3833 836
15.4 834
15.4167 831
15.4333 828
15.45 825
15.4667 823
15.4833 820
15.5 817
15.5167 814
15.5333 811
15.55 808
15.5667 805
15.5833 803
15.6 800
15.6167 797
15.6333 794
15.65 791
15.6667 788
15.6833 785
15.7 782
15.7167 779
15.7333 776
15.75 773
15.7667 770
15.7833 767
15.8 764
15.8167 761
15.8333 758
15.85 754
15.8667 751
15.8833 748
15.9 745
15.9167 742
15.9333 739
15.95 735
15.9667 732
15.9833 729
