9.0 601
9.0167 605
9.0333 608
9.05 612
9.0667 615
9.0833 619
9.1 622
9.1167 626
9.1333 630
9.15 633
9.1667 637
9.1833 640
9.2 644
9.2167 647
9.2333 651
9.25 654
9.2667 658
9.2833 661
9.3 664
9.3167 668
9.3333 671
9.35 675
9.3667 678
9.3833 682
9.4 685
9.4167 688
9.4333 692
9.45 695
9.4667 698
9.4833 702
9.5 705
9.5167 708
9.5333 712
9.55 715
9.5667 718
9.5833 721
9.6 725
9.6167 728
9.6333 731
9.65 734
9.6667 737
9.6833 741
9.7 744
9.7167 747
9.7333 750
9.75 753
9.7667 756
9.7833 759
9.8 762
9.8167 766
9.8333 769
9.85 772
9.8667 775
9.8833 778
9.9 781
9.9167 784
9.9333 787
9.95 790
9.9667 793
9.9833 796
10.0 799
10.0167 801
10.0333 804
10.05 807
10.0667 810
10.0833 813
10.1 816
10.1167 819
10.1333 821
10.15 824
10.1667 827
10.1833 830
10.2 833
10.2167 835
10.2333 838
10.25 841
10.2667 844
10.2833 846
10.3 849
10.3167 852
10.3333 854
10.35 857
10.3667 859
10.3833 862
10.4 865
10.4167 867
10.4333 870
10.45 872
10.4667 875
10.4833 877
10.5 880
10.5167 882
10.5333 885
10.55 887
10.5667 890
10.5833 892
10.6 894
10.6167 897
10.6333 899
10.65 901
10.6667 904
10.6833 906
10.7 908
10.7167 911
10.7333 913
10.75 915
10.7667 917
10.7833 920
10.8 922
10.8167 924
10.8333 926
10.85 928
10.8667 931
10.8833 933
10.9 935
10.9167 937
10.9333 939
10.95 941
10.9667 943
10.9833 945
11.0 947
11.0167 949
11.0333 951
11.05 953
11.0667 955
11.0833 957
11.1 959
11.1167 961
11.1333 962
11.15 964
11.1667 966
11.1833 968
11.2 970
11.2167 972
11.2333 973
11.25 975
11.2667 977
11.2833 978
11.3 980
11.3167 982
11.3333 984
11.35 985
11.3667 987
11.3833 988
11.4 990
11.4167 992
11.4333 993
11.45 995
11.4667 996
11.4833 998
11.5 999
11.5167 1001
11.5333 1002
11.55 1003
11.5667 1005
11.5833 1006
11.6 1008
11.6167 1009
11.6333 1010
11.65 1012
11.6667 1013
11.6833 1014
11.7 1015
11.7167 1017
11.7333 1018
11.75 1019
11.7667 1020
11.7833 1021
11.8 1023
11.8167 1024
11.8333 1025
11.85 1026
11.8667 1027
11.8833 1028
11.9 1029
11.9167 1030
11.9333 1031
11.95 1032
11.9667 1033
11.9833 1034
12.0 1035
12.0167 1036
12.0333 1037
12.05 1038
12.0667 1038
12.0833 1039
12.1 1040
12.1167 1041
12.1333 1042
12.15 1042
12.1667 1043
12.1833 1044
12.2 1044
12.2167 1045
12.2333 1046
12.25 1046
12.2667 1047
12.2833 1048
12.3 1048
12.3167 1049
12.3333 1049
12.35 1050
12.3667 1050
12.3833 1051
12.4 1051
12.4167 1052
12.4333 1052
12.45 1053
12.4667 1053
12.4833 1053
12.5 1054
12.5167 1054
12.5333 1054
12.55 1055
12.5667 1055
12.5833 1055
12.6 1055
12.6167 1056
12.6333 1056
12.65 1056
12.6667 1056
12.6833 1056
12.7 1056
12.7167 1057
12.7333 1057
12.75 1057
12.7667 1057
12.7833 1057
12.8 1057
12.8167 1057
12.8333 1057
12.85 1057
12.8667 1057
12.8833 1057
12.9 1056
12.9167 1056
12.9333 1056
12.95 1056
12.9667 1056
12.9833 1056
13.0 1055
13.0167 1055
13.0333 1055
13.05 1055
13.0667 1054
13.0833 1054
13.1 1054
13.1167 1053
13.1333 1053
13.15 1052
13.1667 1052
13.1833 1052
13.2 1051
13.2167 1051
13.2333 1050
13.25 1050
13.2667 1049
13.2833 1049
13.3 1048
13.3167 1047
13.3333 1047
13.35 1046
13.3667 1046
13.3833 1045
13.4 1044
13.4167 1043
13.4333 1043
13.45 1042
13.4667 1041
13.4833 1040
13.5 1040
13.5167 1039
13.5333 1038
13.55 1037
13.5667 1036
13.5833 1035
13.6 1034
13.6167 1033
13.6333 1033
13.65 1032
13.6667 1031
13.6833 1030
13.7 1029
13.7167 1028
13.7333 1026
13.75 1025
13.7667 1024
13.7833 1023
13.8 1022
13.8167 1021
13.8333 1020
13.85 1018
13.8667 1017
13.8833 1016
13.9 1015
13.9167 1014
13.9333 1012
13.95 1011
13.9667 1010
13.9833 1008
14.0 1007
14.0167 1006
14.0333 1004
14.05 1003
14.0667 1001
14.0833 1000
14.1 998
14.1167 997
14.1333 995
14.15 994
14.1667 992
14.1833 991
14.2 989
14.2167 988
14.2333 986
14.25 984
14.2667 983
14.2833 981
14.3 979
14.3167 978
14.3333 976
14.35 974
14.3667 972
14.3833 971
14.4 969
14.4167 967
14.4333 965
14.45 963
14.4667 962
14.4833 960
14.5 958
14.5167 956
14.5333 954
14.55 952
14.5667 950
14.5833 948
14.6 946
14.6167 944
14.6333 942
14.65 940
14.6667 938
14.6833 936
14.7 934
14.7167 932
14.7333 929
14.75 927
14.7667 925
14.7833 923
14.8 921
14.8167 919
14.8333 916
14.85 914
14.8667 912
14.8833 910
14.9 907
14.9167 905
14.9333 903
14.95 900
14.9667 898
14.9833 896
15.0 893
15.0167 891
15.0333 888
15.05 886
15.0667 883
15.0833 881
15.1 878
15.1167 876
15.1333 873
15.15 871
15.1667 868
15.1833 866
15.2 863
15.2167 860
15.2333 858
15.25 855
15.2667 853
15.2833 850
15.3 847
15.3167 845
15.3333 842
15.35 839
15.3667 836
15.3833 834
15.4 831
15.4167 828
15.4333 825
15.45 823
15.4667 820
15.4833 817
15.5 814
15.5167 811
15.5333 808
15.55 806
15.5667 803
15.5833 800
15.6 797
15.6167 794
15.6333 791
15.65 788
15.6667 785
15.6833 782
15.7 779
15.7167 776
15.7333 773
15.75 770
15.7667 767
15.7833 764
15.8 761
15.8167 758
15.8333 754
15.85 751
15.8667 748
15.8833 745
15.9 742
15.9167 739
15.9333 736
15.95 732
15.9667 729
15.9833 726
