9.0 544
9.0167 547
9.0333 551
9.05 555
9.0667 558
9.0833 562
9.1 565
9.1167 569
9.1333 573
9.15 576
9.1667 580
9.1833 583
9.2 587
9.2167 590
9.2333 594
9.25 597
9.2667 601
9.2833 604
9.3 608
9.3167 611
9.3333 614
9.35 618
9.3667 621
9.3833 625
9.4 628
9.4167 632
9.4333 635
9.45 638
9.4667 642
9.4833 645
9.5 648
9.5167 652
9.5333 655
9.55 658
9.5667 661
9.5833 665
9.6 668
9.6167 671
9.6333 674
9.65 678
9.6667 681
9.6833 684
9.7 687
9.7167 690
9.7333 694
9.75 697
9.7667 700
9.7833 703
9.8 706
9.8167 709
9.8333 712
9.85 715
9.8667 718
9.8833 721
9.9 725
9.9167 728
9.9333 731
9.95 734
9.9667 736
9.9833 739
10.0 742
10.0167 745
10.0333 748
10.05 751
10.0667 754
10.0833 757
10.1 760
10.1167 763
10.1333 765
10.15 768
10.1667 771
10.1833 774
10.2 777
10.2167 779
10.2333 782
10.25 785
10.2667 788
10.2833 790
10.3 793
10.3167 796
10.3333 798
10.35 801
10.3667 804
10.3833 806
10.4 809
10.4167 811
10.4333 814
10.45 816
10.4667 819
10.4833 821
10.5 824
10.5167 826
10.5333 829
10.55 831
10.5667 834
10.5833 836
10.6 839
10.6167 841
10.6333 843
10.65 846
10.6667 848
10.6833 850
10.7 853
10.7167 855
10.7333 857
10.75 859
10.7667 862
10.7833 864
10.8 866
10.8167 868
10.8333 871
10.85 873
10.8667 875
10.8833 877
10.9 879
10.9167 881
10.9333 883
10.95 885
10.9667 887
10.9833 889
11.0 891
11.0167 893
11.0333 895
11.05 897
11.0667 899
11.0833 901
11.1 903
11.1167 905
11.1333 907
11.15 908
11.1667 910
11.1833 912
11.2 914
11.2167 916
11.2333 917
11.25 919
11.2667 921
11.2833 923
11.3 924
11.3167 926
11.3333 928
11.35 929
11.3667 931
11.3833 932
11.4 934
11.4167 935
11.4333 937
11.45 939
11.4667 940
11.4833 941
11.5 943
11.5167 944
11.5333 946
11.55 947
11.5667 949
11.5833 950
11.6 951
11.6167 953
11.6333 954
11.65 955
11.6667 957
11.6833 958
11.7 959
11.7167 960
11.7333 961
11.75 963
11.7667 964
11.7833 965
11.8 966
11.8167 967
11.8333 968
11.85 969
11.8667 970
11.8833 971
11.9 972
11.9167 973
11.9333 974
11.95 975
11.9667 976
11.9833 977
12.0 978
12.0167 979
12.0333 980
12.05 981
12.0667 981
12.0833 982
12.1 983
12.1167 984
12.1333 984
12.15 985
12.1667 986
12.1833 986
12.2 987
12.2167 988
12.2333 988
12.25 989
12.2667 990
12.2833 990
12.3 991
12.3167 991
12.3333 992
12.35 992
12.3667 993
12.3833 993
12.4 994
12.4167 994
12.4333 994
12.45 995
12.4667 995
12.4833 995
12.5 996
12.5167 996
12.5333 996
12.55 996
12.5667 997
12.5833 997
12.6 997
12.6167 997
12.6333 997
12.65 997
12.6667 998
12.6833 998
12.7 998
12.7167 998
12.7333 998
12.75 998
12.7667 998
12.7833 998
12.8 998
12.8167 998
12.8333 998
12.85 997
12.8667 997
12.8833 997
12.9 997
12.9167 997
12.9333 997
12.95 996
12.9667 996
12.9833 996
13.0 996
13.0167 995
13.0333 995
13.05 995
13.0667 994
13.0833 994
13.1 993
13.1167 993
13.1333 993
13.15 992
13.1667 992
13.1833 991
13.2 991
13.2167 990
13.2333 989
13.25 989
13.2667 988
13.2833 988
13.3 987
13.3167 986
13.3333 986
13.35 985
13.3667 984
13.3833 983
13.4 983
13.4167 982
13.4333 981
13.45 980
13.4667 979
13.4833 979
13.5 978
13.5167 977
13.5333 976
13.55 975
13.5667 974
13.5833 973
13.6 972
13.6167 971
13.6333 970
13.65 969
13.6667 968
13.6833 967
13.7 966
13.7167 965
13.7333 963
13.75 962
13.7667 961
13.7833 960
13.8 959
13.8167 957
13.8333 956
13.85 955
13.8667 954
13.8833 952
13.9 951
13.9167 950
13.9333 948
13.95 947
13.9667 945
13.9833 944
14.0 943
14.0167 941
14.0333 940
14.05 938
14.0667 937
14.0833 935
14.1 933
14.1167 932
14.1333 930
14.15 929
14.1667 927
14.1833 925
14.2 924
14.2167 922
14.2333 920
14.25 919
14.2667 917
14.2833 915
14.3 913
14.3167 912
14.3333 910
14.35 908
14.3667 906
14.3833 904
14.4 902
14.4167 900
14.4333 899
14.45 897
14.4667 895
14.4833 893
14.5 891
14.5167 889
14.5333 887
14.55 885
14.5667 883
14.5833 880
14.6 878
14.6167 876
14.6333 874
14.65 872
14.6667 870
14.6833 868
14.7 865
14.7167 863
14.7333 861
14.75 859
14.7667 857
14.7833 854
14.8 852
14.8167 850
14.8333 847
14.85 845
14.8667 843
14.8833 840
14.9 838
14.9167 835
14.9333 833
14.95 831
14.9667 828
14.9833 826
15.0 823
15.0167 820
15.0333 818
15.05 815
15.0667 813
15.0833 810
15.1 807
15.1167 805
15.1333 802
15.15 800
15.1667 797
15.1833 794
15.2 792
15.2167 789
15.2333 786
15.25 784
15.2667 781
15.2833 778
15.3 775
15.3167 772
15.3333 770
15.35 767
15.3667 764
15.3833 761
15.4 758
15.4167 756
15.4333 753
15.45 750
15.4667 747
15.4833 744
15.5 741
15.5167 738
15.5333 735
15.55 732
15.5667 729
15.5833 726
15.6 723
15.6167 720
15.6333 717
15.65 714
15.6667 711
15.6833 708
15.7 705
15.7167 702
15.7333 698
15.75 695
15.7667 692
15.7833 689
15.8 686
15.8167 683
15.8333 679
15.85 676
15.8667 673
15.8833 670
15.9 666
15.9167 663
15.9333 660
15.95 657
15.9667 653
15.9833 650
