9.0 343
9.0167 347
9.0333 351
9.05 354
9.0667 358
9.0833 361
9.1 364
9.1167 368
9.1333 371
9.15 375
9.1667 378
9.1833 382
9.2 385
9.2167 389
9.2333 392
9.25 395
9.2667 399
9.2833 402
9.3 406
9.3167 409
9.3333 412
9.35 416
9.3667 419
9.3833 422
9.4 426
9.4167 429
9.4333 433
9.45 436
9.4667 439
9.4833 443
9.5 446
9.5167 449
9.5333 452
9.55 456
9.5667 459
9.5833 462
9.6 466
9.6167 469
9.6333 472
9.65 475
9.6667 479
9.6833 482
9.7 485
9.7167 488
9.7333 491
9.75 495
9.7667 498
9.7833 501
9.8 504
9.8167 507
9.8333 510
9.85 513
9.8667 517
9.8833 520
9.9 523
9.9167 526
9.9333 529
9.95 532
9.9667 535
9.9833 538
10.0 541
10.0167 544
10.0333 547
10.05 550
10.0667 553
10.0833 556
10.1 559
10.1167 562
10.1333 565
10.15 568
10.1667 571
10.1833 573
10.2 576
10.2167 579
10.2333 582
10.25 585
10.2667 588
10.2833 591
10.3 593
10.3167 596
10.3333 599
10.35 602
10.3667 604
10.3833 607
10.4 610
10.4167 612
10.4333 615
10.45 618
10.4667 620
10.4833 623
10.5 626
10.5167 628
10.5333 631
10.55 633
10.5667 636
10.5833 639
10.6 641
10.6167 644
10.6333 646
10.65 649
10.6667 651
10.6833 653
10.7 656
10.7167 658
10.7333 661
10.75 663
10.7667 665
10.7833 668
10.8 670
10.8167 673
10.8333 675
10.85 677
10.8667 679
10.8833 682
10.9 684
10.9167 686
10.9333 688
10.95 690
10.9667 693
10.9833 695
11.0 697
11.0167 699
11.0333 701
11.05 703
11.0667 705
11.0833 707
11.1 709
11.1167 711
11.1333 713
11.15 715
11.1667 717
11.1833 719
11.2 721
11.2167 723
11.2333 725
11.25 727
11.2667 729
11.2833 731
11.3 732
11.3167 734
11.3333 736
11.35 738
11.3667 740
11.3833 741
11.4 743
11.4167 745
11.4333 746
11.45 748
11.4667 750
11.4833 751
11.5 753
11.5167 755
11.5333 756
11.55 758
11.5667 759
11.5833 761
11.6 762
11.6167 764
11.6333 765
11.65 767
11.6667 768
11.6833 769
11.7 771
11.7167 772
11.7333 773
11.75 775
11.7667 776
11.7833 777
11.8 779
11.8167 780
11.8333 781
11.85 782
11.8667 783
11.8833 785
11.9 786
11.9167 787
11.9333 788
11.95 789
11.9667 790
11.9833 791
12.0 792
12.0167 793
12.0333 794
12.05 795
12.0667 796
12.0833 797
12.1 798
12.1167 799
12.1333 800
12.15 801
12.1667 801
12.1833 802
12.2 803
12.2167 804
12.2333 805
12.25 805
12.2667 806
12.2833 807
12.3 807
12.3167 808
12.3333 809
12.35 809
12.3667 810
12.3833 810
12.4 811
12.4167 812
12.4333 812
12.45 813
12.4667 813
12.4833 813
12.5 814
12.5167 814
12.5333 815
12.55 815
12.5667 815
12.5833 816
12.6 816
12.6167 816
12.6333 817
12.65 817
12.6667 817
12.6833 817
12.7 817
12.7167 818
12.7333 818
12.75 818
12.7667 818
12.7833 818
12.8 818
12.8167 818
12.8333 818
12.85 818
12.8667 818
12.8833 818
12.9 818
12.9167 818
12.9333 818
12.95 818
12.9667 818
12.9833 818
13.0 817
13.0167 817
13.0333 817
13.05 817
13.0667 816
13.0833 816
13.1 816
13.1167 816
13.1333 815
13.15 815
13.1667 815
13.1833 814
13.2 814
13.2167 813
13.2333 813
13.25 812
13.2667 812
13.2833 811
13.3 811
13.3167 810
13.3333 810
13.35 809
13.3667 808
13.3833 808
13.4 807
13.4167 806
13.4333 806
13.45 805
13.4667 804
13.4833 803
13.5 803
13.5167 802
13.5333 801
13.55 800
13.5667 799
13.5833 798
13.6 798
13.6167 797
13.6333 796
13.65 795
13.6667 794
13.6833 793
13.7 792
13.7167 791
13.7333 790
13.75 789
13.7667 787
13.7833 786
13.8 785
13.8167 784
13.8333 783
13.85 782
13.8667 780
13.8833 779
13.9 778
13.9167 777
13.9333 775
13.95 774
13.9667 773
13.9833 771
14.0 770
14.0167 769
14.0333 767
14.05 766
14.0667 764
14.0833 763
14.1 761
14.1167 760
14.1333 758
14.15 757
14.1667 755
14.1833 754
14.2 752
14.2167 751
14.2333 749
14.25 747
14.2667 746
14.2833 744
14.3 742
14.3167 741
14.3333 739
14.35 737
14.3667 735
14.3833 733
14.4 732
14.4167 730
14.4333 728
14.45 726
14.4667 724
14.4833 722
14.5 720
14.5167 718
14.5333 716
14.55 715
14.5667 713
14.5833 711
14.6 708
14.6167 706
14.6333 704
14.65 702
14.6667 700
14.6833 698
14.7 696
14.7167 694
14.7333 692
14.75 689
14.7667 687
14.7833 685
14.8 683
14.8167 681
14.8333 678
14.85 676
14.8667 674
14.8833 671
14.9 669
14.9167 667
14.9333 664
14.95 662
14.9667 660
14.9833 657
15.0 655
15.0167 653
15.0333 651
15.05 648
15.0667 646
15.0833 643
15.1 641
15.1167 638
15.1333 636
15.15 633
15.1667 630
15.1833 628
15.2 625
15.2167 623
15.2333 620
15.25 617
15.2667 615
15.2833 612
15.3 609
15.3167 606
15.3333 604
15.35 601
15.3667 598
15.3833 595
15.4 593
15.4167 590
15.4333 587
15.45 584
15.4667 581
15.4833 579
15.5 576
15.5167 573
15.5333 570
15.55 567
15.5667 564
15.5833 561
15.6 558
15.6167 555
15.6333 552
15.65 549
15.6667 546
15.6833 543
15.7 540
15.7167 537
15.7333 534
15.75 531
15.7667 528
15.7833 525
15.8 522
15.8167 519
15.8333 516
15.85 513
15.8667 510
15.8833 506
15.9 503
15.9167 500
15.9333 497
15.95 494
15.9667 491
15.9833 487
