9.0 370
9.0167 374
9.0333 377
9.05 381
9.0667 384
9.0833 388
9.1 391
9.1167 394
9.1333 398
9.15 401
9.1667 404
9.1833 408
9.2 411
9.2167 414
9.2333 418
9.25 421
9.2667 424
9.2833 428
9.3 431
9.3167 434
9.3333 438
9.35 441
9.3667 444
9.3833 448
9.4 451
9.4167 454
9.4333 457
9.45 461
9.4667 464
9.4833 467
9.5 470
9.5167 474
9.5333 477
9.55 480
9.5667 483
9.5833 486
9.6 490
9.6167 493
9.6333 496
9.65 499
9.6667 502
9.6833 505
9.7 508
9.7167 511
9.7333 515
9.75 518
9.7667 521
9.7833 524
9.8 527
9.8167 530
9.8333 533
9.85 536
9.8667 539
9.8833 542
9.9 545
9.9167 548
9.9333 551
9.95 554
9.9667 557
9.9833 560
10.0 563
10.0167 566
10.0333 569
10.05 571
10.0667 574
10.0833 577
10.1 580
10.1167 583
10.1333 586
10.15 588
10.1667 591
10.1833 594
10.2 597
10.2167 600
10.2333 602
10.25 605
10.2667 608
10.2833 611
10.3 613
10.3167 616
10.3333 619
10.35 621
10.3667 624
10.3833 626
10.4 629
10.4167 632
10.4333 634
10.45 637
10.4667 639
10.4833 642
10.5 644
10.5167 647
10.5333 649
10.55 652
10.5667 654
10.5833 657
10.6 659
10.6167 662
10.6333 664
10.65 666
10.6667 669
10.6833 671
10.7 673
10.7167 676
10.7333 678
10.75 680
10.7667 683
10.7833 685
10.8 687
10.8167 689
10.8333 692
10.85 694
10.8667 696
10.8833 698
10.9 700
10.9167 702
10.9333 705
10.95 707
10.9667 709
10.9833 711
11.0 713
11.0167 715
11.0333 717
11.05 719
11.0667 721
11.0833 723
11.1 725
11.1167 727
11.1333 729
11.15 730
11.1667 732
11.1833 734
11.2 736
11.2167 738
11.2333 740
11.25 741
11.2667 743
11.2833 745
11.3 747
11.3167 748
11.3333 750
11.35 752
11.3667 753
11.3833 755
11.4 757
11.4167 758
11.4333 760
11.45 761
11.4667 763
11.4833 765
11.5 766
11.5167 768
11.5333 769
11.55 771
11.5667 772
11.5833 773
11.6 775
11.6167 776
11.6333 778
11.65 779
11.6667 780
11.6833 782
11.7 783
11.7167 784
11.7333 785
11.75 787
11.7667 788
11.7833 789
11.8 790
11.8167 791
11.8333 792
11.85 794
11.8667 795
11.8833 796
11.9 797
11.9167 798
11.9333 799
11.95 800
11.9667 801
11.9833 802
12.0 803
12.0167 804
12.0333 805
12.05 806
12.0667 806
12.0833 807
12.1 808
12.1167 809
12.1333 810
12.15 810
12.1667 811
12.1833 812
12.2 813
12.2167 813
12.2333 814
12.25 815
12.2667 815
12.2833 816
12.3 817
12.3167 817
12.3333 818
12.35 818
12.3667 819
12.3833 819
12.4 820
12.4167 820
12.4333 821
12.45 821
12.4667 821
12.4833 822
12.5 822
12.5167 822
12.5333 823
12.55 823
12.5667 823
12.5833 824
12.6 824
12.6167 824
12.6333 824
12.65 824
12.6667 825
12.6833 825
12.7 825
12.7167 825
12.7333 825
12.75 825
12.7667 825
12.7833 825
12.8 825
12.8167 825
12.8333 825
12.85 825
12.8667 825
12.8833 825
12.9 825
12.9167 824
12.9333 824
12.95 824
12.9667 824
12.9833 824
13.0 823
13.0167 823
13.0333 823
13.05 823
13.0667 822
13.0833 822
13.1 822
13.1167 821
13.1333 821
13.15 820
13.1667 820
13.1833 819
13.2 819
13.2167 818
13.2333 818
13.25 817
13.2667 817
13.2833 816
13.3 816
13.3167 815
13.3333 814
13.35 814
13.3667 813
13.3833 812
13.4 812
13.4167 811
13.4333 810
13.45 809
13.4667 809
13.4833 808
13.5 807
13.5167 806
13.5333 805
13.55 804
13.5667 803
13.5833 802
13.6 801
13.6167 801
13.6333 800
13.65 798
13.6667 797
13.6833 796
13.7 795
13.7167 794
13.7333 793
13.75 792
13.7667 791
13.7833 790
13.8 789
13.8167 787
13.8333 786
13.85 785
13.8667 784
13.8833 782
13.9 781
13.9167 780
13.9333 778
13.95 777
13.9667 776
13.9833 774
14.0 773
14.0167 771
14.0333 770
14.05 769
14.0667 767
14.0833 766
14.1 764
14.1167 762
14.1333 761
14.15 759
14.1667 758
14.1833 756
14.2 754
14.2167 753
14.2333 751
14.25 749
14.2667 748
14.2833 746
14.3 744
14.3167 743
14.3333 741
14.35 739
14.3667 737
14.3833 735
14.4 734
14.4167 732
14.4333 730
14.45 728
14.4667 726
14.4833 724
14.5 722
14.5167 720
14.5333 718
14.55 716
14.5667 714
14.5833 712
14.6 710
14.6167 708
14.6333 706
14.65 704
14.6667 702
14.6833 700
14.7 697
14.7167 695
14.7333 693
14.75 691
14.7667 689
14.7833 686
14.8 684
14.8167 682
14.8333 680
14.85 677
14.8667 675
14.8833 673
14.9 670
14.9167 668
14.9333 666
14.95 663
14.9667 661
14.9833 658
15.0 656
15.0167 654
15.0333 651
15.05 649
15.0667 646
15.0833 644
15.1 641
15.1167 639
15.1333 636
15.15 634
15.1667 631
15.1833 629
15.2 626
15.2167 623
15.2333 621
15.25 618
15.2667 615
15.2833 613
15.3 610
15.3167 607
15.3333 605
15.35 602
15.3667 599
15.3833 596
15.4 594
15.4167 591
15.4333 588
15.45 585
15.4667 582
15.4833 579
15.5 577
15.5167 574
15.5333 571
15.55 568
15.5667 565
15.5833 562
15.6 559
15.6167 556
15.6333 553
15.65 550
15.6667 547
15.6833 544
15.7 541
15.7167 538
15.7333 535
15.75 532
15.7667 529
15.7833 526
15.8 523
15.8167 520
15.8333 517
15.85 514
15.8667 511
15.8833 508
15.9 505
15.9167 501
15.9333 498
15.95 495
15.9667 492
15.9833 489
