9.0 489
9.0167 493
9.0333 496
9.05 499
9.0667 503
9.0833 506
9.1 509
9.1167 513
9.1333 516
9.15 519
9.1667 522
9.1833 526
9.2 529
9.2167 532
9.2333 535
9.25 539
9.2667 542
9.2833 545
9.3 548
9.3167 552
9.3333 555
9.35 558
9.3667 561
9.3833 564
9.4 567
9.4167 570
9.4333 574
9.45 577
9.4667 580
9.4833 583
9.5 586
9.5167 589
9.5333 592
9.55 595
9.5667 598
9.5833 601
9.6 604
9.6167 607
9.6333 610
9.65 613
9.6667 616
9.6833 619
9.7 622
9.7167 625
9.7333 628
9.75 631
9.7667 634
9.7833 637
9.8 640
9.8167 643
9.8333 645
9.85 648
9.8667 651
9.8833 654
9.9 657
9.9167 660
9.9333 662
9.95 665
9.9667 668
9.9833 671
10.0 673
10.0167 676
10.0333 679
10.05 681
10.0667 684
10.0833 687
10.1 689
10.1167 692
10.1333 695
10.15 697
10.1667 700
10.1833 702
10.2 705
10.2167 708
10.2333 710
10.25 713
10.2667 715
10.2833 718
10.3 720
10.3167 723
10.3333 725
10.35 728
10.3667 730
10.3833 732
10.4 735
10.4167 737
10.4333 739
10.45 742
10.4667 744
10.4833 746
10.5 749
10.5167 751
10.5333 753
10.55 756
10.5667 758
10.5833 760
10.6 762
10.6167 765
10.6333 767
10.65 769
10.6667 771
10.6833 773
10.7 775
10.7167 777
10.7333 779
10.75 782
10.7667 784
10.7833 786
10.8 788
10.8167 790
10.8333 792
10.85 794
10.8667 796
10.8833 797
10.9 799
10.9167 801
10.9333 803
10.95 805
10.9667 807
10.9833 809
11.0 811
11.0167 812
11.0333 814
11.05 816
11.0667 818
11.0833 819
11.1 821
11.1167 823
11.1333 825
11.15 826
11.1667 828
11.1833 829
11.2 831
11.2167 833
11.2333 834
11.25 836
11.2667 837
11.2833 839
11.3 840
11.3167 842
11.3333 843
11.35 845
11.3667 846
11.3833 848
11.4 849
11.4167 851
11.4333 852
11.45 853
11.4667 855
11.4833 856
11.5 857
11.5167 858
11.5333 860
11.55 861
11.5667 862
11.5833 863
11.6 865
11.6167 866
11.6333 867
11.65 868
11.6667 869
11.6833 870
11.7 871
11.7167 872
11.7333 873
11.75 874
11.7667 875
11.7833 876
11.8 877
11.8167 878
11.8333 879
11.85 880
11.8667 881
11.8833 882
11.9 883
11.9167 884
11.9333 884
11.95 885
11.9667 886
11.9833 887
12.0 887
12.0167 888
12.0333 889
12.05 890
12.0667 890
12.0833 891
12.1 891
12.1167 892
12.1333 893
12.15 893
12.1667 894
12.1833 894
12.2 895
12.2167 895
12.2333 896
12.25 896
12.2667 897
12.2833 897
12.3 898
12.3167 898
12.3333 898
12.35 899
12.3667 899
12.3833 899
12.4 900
12.4167 900
12.4333 900
12.45 900
12.4667 900
12.4833 901
12.5 901
12.5167 901
12.5333 901
12.55 901
12.5667 901
12.5833 901
12.6 901
12.6167 901
12.6333 901
12.65 901
12.6667 901
12.6833 901
12.7 901
12.7167 901
12.7333 901
12.75 901
12.7667 901
12.7833 901
12.8 901
12.8167 900
12.8333 900
12.85 900
12.8667 900
12.8833 899
12.9 899
12.9167 899
12.9333 898
12.95 898
12.9667 898
12.9833 897
13.0 897
13.0167 896
13.0333 896
13.05 896
13.0667 895
13.0833 895
13.1 894
13.1167 893
13.1333 893
13.15 892
13.1667 892
13.1833 891
13.2 891
13.2167 890
13.2333 889
13.25 888
13.2667 888
13.2833 887
13.3 886
13.3167 886
13.3333 885
13.35 884
13.3667 883
13.3833 882
13.4 881
13.4167 881
13.4333 880
13.45 879
13.4667 878
13.4833 877
13.5 876
13.5167 875
13.5333 874
13.55 873
13.5667 872
13.5833 871
13.6 870
13.6167 868
13.6333 867
13.65 866
13.6667 865
13.6833 864
13.7 863
13.7167 861
13.7333 860
13.75 859
13.7667 858
13.7833 856
13.8 855
13.8167 854
13.8333 852
13.85 851
13.8667 850
13.8833 848
13.9 847
13.9167 845
13.9333 844
13.95 843
13.9667 841
13.9833 840
14.0 838
14.0167 837
14.0333 835
14.05 833
14.0667 832
14.0833 830
14.1 829
14.1167 827
14.1333 825
14.15 824
14.1667 822
14.1833 820
14.2 818
14.2167 817
14.2333 815
14.25 813
14.2667 811
14.2833 810
14.3 808
14.3167 806
14.3333 804
14.35 802
14.3667 800
14.3833 798
14.4 796
14.4167 794
14.4333 793
14.45 791
14.4667 789
14.4833 787
14.5 784
14.5167 782
14.5333 780
14.55 778
14.5667 776
14.5833 774
14.6 772
14.6167 770
14.6333 768
14.65 765
14.6667 763
14.6833 761
14.7 759
14.7167 757
14.7333 754
14.75 752
14.7667 750
14.7833 748
14.8 745
14.8167 743
14.8333 741
14.85 738
14.8667 736
14.8833 733
14.9 731
14.9167 729
14.9333 726
14.95 724
14.9667 721
14.9833 719
15.0 716
15.0167 714
15.0333 711
15.05 709
15.0667 706
15.0833 704
15.1 701
15.1167 699
15.1333 696
15.15 693
15.1667 691
15.1833 688
15.2 685
15.2167 683
15.2333 680
15.25 677
15.2667 675
15.2833 672
15.3 669
15.3167 666
15.3333 664
15.35 661
15.3667 658
15.3833 655
15.4 653
15.4167 650
15.4333 647
15.45 644
15.4667 641
15.4833 638
15.5 635
15.5167 632
15.5333 630
15.55 627
15.5667 624
15.5833 621
15.6 618
15.6167 615
15.6333 612
15.65 609
15.6667 606
15.6833 603
15.7 600
15.7167 597
15.7333 594
15.75 591
15.7667 588
15.7833 584
15.8 581
15.8167 578
15.8333 575
15.85 572
15.8667 569
15.8833 566
15.9 563
15.9167 559
15.9333 556
15.95 553
15.9667 550
15.9833 547
