9.0 506
9.0167 509
9.0333 512
9.05 515
9.0667 518
9.0833 521
9.1 524
9.1167 528
9.1333 531
9.15 534
9.1667 537
9.1833 540
9.2 543
9.2167 546
9.2333 549
9.25 552
9.2667 555
9.2833 558
9.3 561
9.3167 564
9.3333 567
9.35 570
9.3667 573
9.3833 576
9.4 579
9.4167 582
9.4333 585
9.45 588
9.4667 591
9.4833 594
9.5 597
9.5167 600
9.5333 603
9.55 606
9.5667 609
9.5833 611
9.6 614
9.6167 617
9.6333 620
9.65 623
9.6667 626
9.6833 628
9.7 631
9.7167 634
9.7333 637
9.75 640
9.7667 642
9.7833 645
9.8 648
9.8167 650
9.8333 653
9.85 656
9.8667 659
9.8833 661
9.9 664
9.9167 666
9.9333 669
9.95 672
9.9667 674
9.9833 677
10.0 680
10.0167 682
10.0333 685
10.05 687
10.0667 690
10.0833 692
10.1 695
10.1167 697
10.1333 700
10.15 702
10.1667 705
10.1833 707
10.2 710
10.2167 712
10.2333 714
10.25 717
10.2667 719
10.2833 722
10.3 724
10.3167 726
10.3333 729
10.35 731
10.3667 733
10.3833 735
10.4 738
10.4167 740
10.4333 742
10.45 744
10.4667 747
10.4833 749
10.5 751
10.5167 753
10.5333 755
10.55 757
10.5667 760
10.5833 762
10.6 764
10.6167 766
10.6333 768
10.65 770
10.6667 772
10.6833 774
10.7 776
10.7167 778
10.7333 780
10.75 782
10.7667 784
10.7833 786
10.8 788
10.8167 790
10.8333 792
10.85 793
10.8667 795
10.8833 797
10.9 799
10.9167 801
10.9333 803
10.95 804
10.9667 806
10.9833 808
11.0 810
11.0167 811
11.0333 813
11.05 815
11.0667 816
11.0833 818
11.1 820
11.1167 821
11.1333 823
11.15 824
11.1667 826
11.1833 827
11.2 829
11.2167 831
11.2333 832
11.25 834
11.2667 835
11.2833 836
11.3 838
11.3167 839
11.3333 841
11.35 842
11.3667 843
11.3833 845
11.4 846
11.4167 847
11.4333 849
11.45 850
11.4667 851
11.4833 853
11.5 854
11.5167 855
11.5333 856
11.55 857
11.5667 859
11.5833 860
11.6 861
11.6167 862
11.6333 863
11.65 864
11.6667 865
11.6833 866
11.7 867
11.7167 868
11.7333 869
11.75 870
11.7667 871
11.7833 872
11.8 873
11.8167 874
11.8333 875
11.85 876
11.8667 877
11.8833 877
11.9 878
11.9167 879
11.9333 880
11.95 881
11.9667 881
11.9833 882
12.0 883
12.0167 883
12.0333 884
12.05 885
12.0667 885
12.0833 886
12.1 887
12.1167 887
12.1333 888
12.15 888
12.1667 889
12.1833 889
12.2 890
12.2167 890
12.2333 891
12.25 891
12.2667 892
12.2833 892
12.3 892
12.3167 893
12.3333 893
12.35 894
12.3667 894
12.3833 894
12.4 894
12.4167 895
12.4333 895
12.45 895
12.4667 895
12.4833 896
12.5 896
12.5167 896
12.5333 896
12.55 896
12.5667 896
12.5833 896
12.6 896
12.6167 896
12.6333 896
12.65 896
12.6667 896
12.6833 896
12.7 896
12.7167 896
12.7333 896
12.75 896
12.7667 896
12.7833 896
12.8 896
12.8167 896
12.8333 895
12.85 895
12.8667 895
12.8833 895
12.9 894
12.9167 894
12.9333 894
12.95 893
12.9667 893
12.9833 893
13.0 892
13.0167 892
13.0333 892
13.05 891
13.0667 891
13.0833 890
13.1 890
13.1167 889
13.1333 889
13.15 888
13.1667 888
13.1833 887
13.2 887
13.2167 886
13.2333 885
13.25 885
13.2667 884
13.2833 883
13.3 883
13.3167 882
13.3333 881
13.35 880
13.3667 880
13.3833 879
13.4 878
13.4167 877
13.4333 877
13.45 876
13.4667 875
13.4833 874
13.5 873
13.5167 872
13.5333 871
13.55 870
13.5667 869
13.5833 868
13.6 867
13.6167 866
13.6333 865
13.65 864
13.6667 863
13.6833 862
13.7 861
13.7167 860
13.7333 858
13.75 857
13.7667 856
13.7833 855
13.8 854
13.8167 852
13.8333 851
13.85 850
13.8667 849
13.8833 847
13.9 846
13.9167 845
13.9333 843
13.95 842
13.9667 841
13.9833 839
14.0 838
14.0167 836
14.0333 835
14.05 833
14.0667 832
14.0833 830
14.1 829
14.1167 827
14.1333 826
14.15 824
14.1667 823
14.1833 821
14.2 819
14.2167 818
14.2333 816
14.25 815
14.2667 813
14.2833 811
14.3 809
14.3167 808
14.3333 806
14.35 804
14.3667 802
14.3833 801
14.4 799
14.4167 797
14.4333 795
14.45 793
14.4667 791
14.4833 790
14.5 788
14.5167 786
14.5333 784
14.55 782
14.5667 780
14.5833 778
14.6 776
14.6167 774
14.6333 772
14.65 770
14.6667 768
14.6833 766
14.7 764
14.7167 762
14.7333 759
14.75 757
14.7667 755
14.7833 753
14.8 751
14.8167 749
14.8333 747
14.85 744
14.8667 742
14.8833 740
14.9 738
14.9167 735
14.9333 733
14.95 731
14.9667 728
14.9833 726
15.0 724
15.0167 722
15.0333 719
15.05 717
15.0667 714
15.0833 712
15.1 710
15.1167 707
15.1333 705
15.15 702
15.1667 700
15.1833 697
15.2 695
15.2167 692
15.2333 690
15.25 687
15.2667 685
15.2833 682
15.3 680
15.3167 677
15.3333 674
15.35 672
15.3667 669
15.3833 667
15.4 664
15.4167 661
15.4333 659
15.45 656
15.4667 653
15.4833 650
15.5 648
15.5167 645
15.5333 642
15.55 640
15.5667 637
15.5833 634
15.6 631
15.6167 628
15.6333 626
15.65 623
15.6667 620
15.6833 617
15.7 614
15.7167 611
15.7333 609
15.75 606
15.7667 603
15.7833 600
15.8 597
15.8167 594
15.8333 591
15.85 588
15.8667 585
15.8833 582
15.9 579
15.9167 576
15.9333 573
15.95 570
15.9667 567
15.9833 564
