9.0 538
9.0167 541
9.0333 545
9.05 548
9.0667 552
9.0833 555
9.1 558
9.1167 562
9.1333 565
9.15 569
9.1667 572
9.1833 576
9.2 579
9.2167 582
9.2333 586
9.25 589
9.2667 592
9.2833 596
9.3 599
9.3167 602
9.3333 606
9.35 609
9.3667 612
9.3833 616
9.4 619
9.4167 622
9.4333 625
9.45 629
9.4667 632
9.4833 635
9.5 638
9.5167 641
9.5333 645
9.55 648
9.5667 651
9.5833 654
9.6 657
9.6167 660
9.6333 663
9.65 667
9.6667 670
9.6833 673
9.7 676
9.7167 679
9.7333 682
9.75 685
9.7667 688
9.7833 691
9.8 694
9.8167 697
9.8333 700
9.85 703
9.8667 706
9.8833 709
9.9 712
9.9167 715
9.9333 718
9.95 721
9.9667 723
9.9833 726
10.0 729
10.0167 732
10.0333 735
10.05 738
10.0667 740
10.0833 743
10.1 746
10.1167 749
10.1333 751
10.15 754
10.1667 757
10.1833 760
10.2 762
10.2167 765
10.2333 768
10.25 770
10.2667 773
10.2833 776
10.3 778
10.3167 781
10.3333 783
10.35 786
10.3667 788
10.3833 791
10.4 793
10.4167 796
10.4333 798
10.45 801
10.4667 803
10.4833 806
10.5 808
10.5167 811
10.5333 813
10.55 816
10.5667 818
10.5833 820
10.6 823
10.6167 825
10.6333 827
10.65 830
10.6667 832
10.6833 834
10.7 836
10.7167 839
10.7333 841
10.75 843
10.7667 845
10.7833 847
10.8 849
10.8167 852
10.8333 854
10.85 856
10.8667 858
10.8833 860
10.9 862
10.9167 864
10.9333 866
10.95 868
10.9667 870
10.9833 872
11.0 874
11.0167 876
11.0333 878
11.05 880
11.0667 882
11.0833 884
11.1 885
11.1167 887
11.1333 889
11.15 891
11.1667 893
11.1833 895
11.2 896
11.2167 898
11.2333 900
11.25 901
11.2667 903
11.2833 905
11.3 906
11.3167 908
11.3333 910
11.35 911
11.3667 913
11.3833 914
11.4 916
11.4167 918
11.4333 919
11.45 921
11.4667 922
11.4833 924
11.5 925
11.5167 926
11.5333 928
11.55 929
11.5667 931
11.5833 932
11.6 933
11.6167 935
11.6333 936
11.65 937
11.6667 938
11.6833 940
11.7 941
11.7167 942
11.7333 943
11.75 945
11.7667 946
11.7833 947
11.8 948
11.8167 949
11.8333 950
11.85 951
11.8667 952
11.8833 953
11.9 954
11.9167 955
11.9333 956
11.95 957
11.9667 958
11.9833 959
12.0 960
12.0167 961
12.0333 962
12.05 963
12.0667 963
12.0833 964
12.1 965
12.1167 966
12.1333 967
12.15 967
12.1667 968
12.1833 969
12.2 969
12.2167 970
12.2333 971
12.25 971
12.2667 972
12.2833 973
12.3 973
12.3167 974
12.3333 974
12.35 975
12.3667 975
12.3833 976
12.4 976
12.4167 977
12.4333 977
12.45 977
12.4667 978
12.4833 978
12.5 979
12.5167 979
12.5333 979
12.55 979
12.5667 980
12.5833 980
12.6 980
12.6167 980
12.6333 981
12.65 981
12.6667 981
12.6833 981
12.7 981
12.7167 981
12.7333 981
12.75 981
12.7667 981
12.7833 981
12.8 981
12.8167 981
12.8333 981
12.85 981
12.8667 981
12.8833 981
12.9 981
12.9167 981
12.9333 981
12.95 981
12.9667 980
12.9833 980
13.0 980
13.0167 980
13.0333 980
13.05 979
13.0667 979
13.0833 979
13.1 978
13.1167 978
13.1333 977
13.15 977
13.1667 977
13.1833 976
13.2 976
13.2167 975
13.2333 975
13.25 974
13.2667 974
13.2833 973
13.3 973
13.3167 972
13.3333 971
13.35 971
13.3667 970
13.3833 970
13.4 969
13.4167 968
13.4333 967
13.45 967
13.4667 966
13.4833 965
13.5 964
13.5167 964
13.5333 963
13.55 962
13.5667 961
13.5833 960
13.6 959
13.6167 958
13.6333 957
13.65 956
13.6667 955
13.6833 954
13.7 953
13.7167 952
13.7333 951
13.75 950
13.7667 949
13.7833 948
13.8 947
13.8167 946
13.8333 945
13.85 943
13.8667 942
13.8833 941
13.9 940
13.9167 939
13.9333 937
13.95 936
13.9667 935
13.9833 933
14.0 932
14.0167 931
14.0333 929
14.05 928
14.0667 927
14.0833 925
14.1 924
14.1167 922
14.1333 921
14.15 919
14.1667 918
14.1833 916
14.2 915
14.2167 913
14.2333 911
14.25 910
14.2667 908
14.2833 907
14.3 905
14.3167 903
14.3333 902
14.35 900
14.3667 898
14.3833 896
14.4 895
14.4167 893
14.4333 891
14.45 889
14.4667 887
14.4833 886
14.5 884
14.5167 882
14.5333 880
14.55 878
14.5667 876
14.5833 874
14.6 872
14.6167 870
14.6333 868
14.65 866
14.6667 864
14.6833 862
14.7 860
14.7167 858
14.7333 856
14.75 854
14.7667 852
14.7833 850
14.8 848
14.8167 845
14.8333 843
14.85 841
14.8667 839
14.8833 837
14.9 834
14.9167 832
14.9333 830
14.95 827
14.9667 825
14.9833 823
15.0 820
15.0167 818
15.0333 816
15.05 813
15.0667 811
15.0833 808
15.1 806
15.1167 803
15.1333 801
15.15 799
15.1667 796
15.1833 794
15.2 791
15.2167 789
15.2333 786
15.25 783
15.2667 781
15.2833 778
15.3 776
15.3167 773
15.3333 770
15.35 768
15.3667 765
15.3833 762
15.4 760
15.4167 757
15.4333 754
15.45 752
15.4667 749
15.4833 746
15.5 743
15.5167 740
15.5333 738
15.55 735
15.5667 732
15.5833 729
15.6 726
15.6167 723
15.6333 721
15.65 718
15.6667 715
15.6833 712
15.7 709
15.7167 706
15.7333 703
15.75 700
15.7667 697
15.7833 694
15.8 691
15.8167 688
15.8333 685
15.85 682
15.8667 679
15.8833 676
15.9 673
15.9167 670
15.9333 667
15.95 664
15.9667 660
15.9833 657
