9.0 527
9.0167 531
9.0333 534
9.05 537
9.0667 541
9.0833 544
9.1 548
9.1167 551
9.1333 554
9.15 558
9.1667 561
9.1833 564
9.2 568
9.2167 571
9.2333 574
9.25 578
9.2667 581
9.2833 584
9.3 588
9.3167 591
9.3333 594
9.35 597
9.3667 601
9.3833 604
9.4 607
9.4167 610
9.4333 614
9.45 617
9.4667 620
9.4833 623
9.5 626
9.5167 629
9.5333 633
9.55 636
9.5667 639
9.5833 642
9.6 645
9.6167 648
9.6333 651
9.65 654
9.6667 657
9.6833 660
9.7 664
9.7167 667
9.7333 670
9.75 673
9.7667 676
9.7833 679
9.8 682
9.8167 685
9.8333 687
9.85 690
9.8667 693
9.8833 696
9.9 699
9.9167 702
9.9333 705
9.95 708
9.9667 711
9.9833 713
10.0 716
10.0167 719
10.0333 722
10.05 725
10.0667 727
10.0833 730
10.1 733
10.1167 736
10.1333 738
10.15 741
10.1667 744
10.1833 746
10.2 749
10.2167 752
10.2333 754
10.25 757
10.2667 760
10.2833 762
10.3 765
10.3167 767
10.3333 770
10.35 772
10.3667 775
10.3833 777
10.4 780
10.4167 782
10.4333 785
10.45 787
10.4667 790
10.4833 792
10.5 795
10.5167 797
10.5333 799
10.55 802
10.5667 804
10.5833 806
10.6 809
10.6167 811
10.6333 813
10.65 816
10.6667 818
10.6833 820
10.7 822
10.7167 825
10.7333 827
10.75 829
10.7667 831
10.7833 833
10.8 835
10.8167 838
10.8333 840
10.85 842
10.8667 844
10.8833 846
10.9 848
10.9167 850
10.9333 852
10.95 854
10.9667 856
10.9833 858
11.0 860
11.0167 862
11.0333 864
11.05 866
11.0667 867
11.0833 869
11.1 871
11.1167 873
11.1333 875
11.15 877
11.1667 878
11.1833 880
11.2 882
11.2167 884
11.2333 885
11.25 887
11.2667 889
11.2833 890
11.3 892
11.3167 894
11.3333 895
11.35 897
11.3667 898
11.3833 900
11.4 901
11.4167 903
11.4333 904
11.45 906
11.4667 907
11.4833 909
11.5 910
11.5167 912
11.5333 913
11.55 914
11.5667 916
11.5833 917
11.6 919
11.6167 920
11.6333 921
11.65 922
11.6667 924
11.6833 925
11.7 926
11.7167 927
11.7333 929
11.75 930
11.7667 931
11.7833 932
11.8 933
11.8167 934
11.8333 935
11.85 936
11.8667 937
11.8833 938
11.9 939
11.9167 940
11.9333 941
11.95 942
11.9667 943
11.9833 944
12.0 945
12.0167 946
12.0333 947
12.05 948
12.0667 948
12.0833 949
12.1 950
12.1167 951
12.1333 952
12.15 952
12.1667 953
12.1833 954
12.2 954
12.2167 955
12.2333 956
12.25 956
12.2667 957
12.2833 957
12.3 958
12.3167 959
12.3333 959
12.35 960
12.3667 960
12.3833 961
12.4 961
12.4167 961
12.4333 962
12.45 962
12.4667 963
12.4833 963
12.5 963
12.5167 964
12.5333 964
12.55 964
12.5667 965
12.5833 965
12.6 965
12.6167 965
12.6333 965
12.65 966
12.6667 966
12.6833 966
12.7 966
12.7167 966
12.7333 966
12.75 966
12.7667 966
12.7833 966
12.8 966
12.8167 966
12.8333 966
12.85 966
12.8667 966
12.8833 966
12.9 966
12.9167 966
12.9333 966
12.95 965
12.9667 965
12.9833 965
13.0 965
13.0167 965
13.0333 964
13.05 964
13.0667 964
13.0833 963
13.1 963
13.1167 963
13.1333 962
13.15 962
13.1667 961
13.1833 961
13.2 961
13.2167 960
13.2333 960
13.25 959
13.2667 959
13.2833 958
13.3 957
13.3167 957
13.3333 956
13.35 956
13.3667 955
13.3833 954
13.4 954
13.4167 953
13.4333 952
13.45 952
13.4667 951
13.4833 950
13.5 949
13.5167 948
13.5333 948
13.55 947
13.5667 946
13.5833 945
13.6 944
13.6167 943
13.6333 942
13.65 941
13.6667 940
13.6833 939
13.7 938
13.7167 937
13.7333 936
13.75 935
13.7667 934
13.7833 933
13.8 932
13.8167 931
13.8333 930
13.85 929
13.8667 927
13.8833 926
13.9 925
13.9167 924
13.9333 922
13.95 921
13.9667 920
13.9833 919
14.0 917
14.0167 916
14.0333 915
14.05 913
14.0667 912
14.0833 910
14.1 909
14.1167 907
14.1333 906
14.15 904
14.1667 903
14.1833 901
14.2 900
14.2167 898
14.2333 897
14.25 895
14.2667 894
14.2833 892
14.3 890
14.3167 889
14.3333 887
14.35 885
14.3667 884
14.3833 882
14.4 880
14.4167 878
14.4333 877
14.45 875
14.4667 873
14.4833 871
14.5 869
14.5167 867
14.5333 866
14.55 864
14.5667 862
14.5833 860
14.6 858
14.6167 856
14.6333 854
14.65 852
14.6667 850
14.6833 848
14.7 846
14.7167 844
14.7333 842
14.75 840
14.7667 838
14.7833 835
14.8 833
14.8167 831
14.8333 829
14.85 827
14.8667 825
14.8833 822
14.9 820
14.9167 818
14.9333 816
14.95 813
14.9667 811
14.9833 809
15.0 806
15.0167 804
15.0333 802
15.05 799
15.0667 797
15.0833 795
15.1 792
15.1167 790
15.1333 787
15.15 785
15.1667 782
15.1833 780
15.2 777
15.2167 775
15.2333 772
15.25 770
15.2667 767
15.2833 765
15.3 762
15.3167 760
15.3333 757
15.35 754
15.3667 752
15.3833 749
15.4 746
15.4167 744
15.4333 741
15.45 738
15.4667 736
15.4833 733
15.5 730
15.5167 727
15.5333 725
15.55 722
15.5667 719
15.5833 716
15.6 713
15.6167 710
15.6333 708
15.65 705
15.6667 702
15.6833 699
15.7 696
15.7167 693
15.7333 690
15.75 687
15.7667 684
15.7833 681
15.8 678
15.8167 675
15.8333 672
15.85 669
15.8667 666
15.8833 663
15.9 660
15.9167 657
15.9333 654
15.95 651
15.9667 648
15.9833 645
