9.0 546
9.0167 549
9.0333 552
9.05 556
9.0667 559
9.0833 562
9.1 566
9.1167 569
9.1333 573
9.15 576
9.1667 579
9.1833 583
9.2 586
9.2167 589
9.2333 593
9.25 596
9.2667 599
9.2833 603
9.3 606
9.3167 609
9.3333 613
9.35 616
9.3667 619
9.3833 622
9.4 626
9.4167 629
9.4333 632
9.45 635
9.4667 638
9.4833 642
9.5 645
9.5167 648
9.5333 651
9.55 654
9.5667 657
9.5833 660
9.6 663
9.6167 667
9.6333 670
9.65 673
9.6667 676
9.6833 679
9.7 682
9.7167 685
9.7333 688
9.75 691
9.7667 694
9.7833 697
9.8 700
9.8167 703
9.8333 706
9.85 709
9.8667 712
9.8833 715
9.9 717
9.9167 720
9.9333 723
9.95 726
9.9667 729
9.9833 732
10.0 735
10.0167 737
10.0333 740
10.05 743
10.0667 746
10.0833 748
10.1 751
10.1167 754
10.1333 757
10.15 759
10.1667 762
10.1833 765
10.2 767
10.2167 770
10.2333 773
10.25 775
10.2667 778
10.2833 780
10.3 783
10.3167 785
10.3333 788
10.35 791
10.3667 793
10.3833 796
10.4 798
10.4167 801
10.4333 803
10.45 805
10.4667 808
10.4833 810
10.5 813
10.5167 815
10.5333 817
10.55 820
10.5667 822
10.5833 824
10.6 827
10.6167 829
10.6333 831
10.65 834
10.6667 836
10.6833 838
10.7 840
10.7167 843
10.7333 845
10.75 847
10.7667 849
10.7833 851
10.8 853
10.8167 855
10.8333 857
10.85 860
10.8667 862
10.8833 864
10.9 866
10.9167 868
10.9333 870
10.95 872
10.9667 874
10.9833 876
11.0 878
11.0167 879
11.0333 881
11.05 883
11.0667 885
11.0833 887
11.1 889
11.1167 891
11.1333 892
11.15 894
11.1667 896
11.1833 898
11.2 899
11.2167 901
11.2333 903
11.25 905
11.2667 906
11.2833 908
11.3 910
11.3167 911
11.3333 913
11.35 914
11.3667 916
11.3833 917
11.4 919
11.4167 920
11.4333 922
11.45 923
11.4667 925
11.4833 926
11.5 928
11.5167 929
11.5333 931
11.55 932
11.5667 933
11.5833 935
11.6 936
11.6167 937
11.6333 939
11.65 940
11.6667 941
11.6833 942
11.7 944
11.7167 945
11.7333 946
11.75 947
11.7667 948
11.7833 949
11.8 950
11.8167 952
11.8333 953
11.85 954
11.8667 955
11.8833 956
11.9 957
11.9167 958
11.9333 959
11.95 960
11.9667 961
11.9833 961
12.0 962
12.0167 963
12.0333 964
12.05 965
12.0667 966
12.0833 966
12.1 967
12.1167 968
12.1333 969
12.15 969
12.1667 970
12.1833 971
12.2 972
12.2167 972
12.2333 973
12.25 973
12.2667 974
12.2833 975
12.3 975
12.3167 976
12.3333 976
12.35 977
12.3667 977
12.3833 978
12.4 978
12.4167 979
12.4333 979
12.45 979
12.4667 980
12.4833 980
12.5 980
12.5167 981
12.5333 981
12.55 981
12.5667 982
12.5833 982
12.6 982
12.6167 982
12.6333 982
12.65 983
12.6667 983
12.6833 983
12.7 983
12.7167 983
12.7333 983
12.75 983
12.7667 983
12.7833 983
12.8 983
12.8167 983
12.8333 983
12.85 983
12.8667 983
12.8833 983
12.9 983
12.9167 983
12.9333 983
12.95 982
12.9667 982
12.9833 982
13.0 982
13.0167 981
13.0333 981
13.05 981
13.0667 981
13.0833 980
13.1 980
13.1167 980
13.1333 979
13.15 979
13.1667 978
13.1833 978
13.2 977
13.2167 977
13.2333 977
13.25 976
13.2667 975
13.2833 975
13.3 974
13.3167 974
13.3333 973
13.35 973
13.3667 972
13.3833 971
13.4 971
13.4167 970
13.4333 969
13.45 968
13.4667 968
13.4833 967
13.5 966
13.5167 965
13.5333 964
13.55 964
13.5667 963
13.5833 962
13.6 961
13.6167 960
13.6333 959
13.65 958
13.6667 957
13.6833 956
13.7 955
13.7167 954
13.7333 953
13.75 952
13.7667 951
13.7833 950
13.8 949
13.8167 948
13.8333 946
13.85 945
13.8667 944
13.8833 943
13.9 942
13.9167 940
13.9333 939
13.95 938
13.9667 937
13.9833 935
14.0 934
14.0167 933
14.0333 931
14.05 930
14.0667 928
14.0833 927
14.1 926
14.1167 924
14.1333 923
14.15 921
14.1667 920
14.1833 918
14.2 917
14.2167 915
14.2333 914
14.25 912
14.2667 910
14.2833 909
14.3 907
14.3167 905
14.3333 904
14.35 902
14.3667 900
14.3833 899
14.4 897
14.4167 895
14.4333 893
14.45 892
14.4667 890
14.4833 888
14.5 886
14.5167 884
14.5333 882
14.55 880
14.5667 879
14.5833 877
14.6 875
14.6167 873
14.6333 871
14.65 869
14.6667 867
14.6833 865
14.7 863
14.7167 861
14.7333 859
14.75 856
14.7667 854
14.7833 852
14.8 850
14.8167 848
14.8333 846
14.85 844
14.8667 841
14.8833 839
14.9 837
14.9167 835
14.9333 833
14.95 830
14.9667 828
14.9833 826
15.0 823
15.0167 821
15.0333 819
15.05 816
15.0667 814
15.0833 811
15.1 809
15.1167 807
15.1333 804
15.15 802
15.1667 799
15.1833 797
15.2 794
15.2167 792
15.2333 789
15.25 787
15.2667 784
15.2833 782
15.3 779
15.3167 776
15.3333 774
15.35 771
15.3667 769
15.3833 766
15.4 763
15.4167 761
15.4333 758
15.45 755
15.4667 752
15.4833 750
15.5 747
15.5167 744
15.5333 741
15.55 739
15.5667 736
15.5833 733
15.6 730
15.6167 727
15.6333 725
15.65 722
15.6667 719
15.6833 716
15.7 713
15.7167 710
15.7333 707
15.75 704
15.7667 701
15.7833 698
15.8 695
15.8167 692
15.8333 689
15.85 686
15.8667 683
15.8833 680
15.9 677
15.9167 674
15.9333 671
15.95 668
15.9667 665
15.9833 662
