9.0 429
9.0167 431
9.0333 435
9.05 438
9.0667 442
9.0833 445
9.1 449
9.1167 452
9.1333 455
9.15 459
9.1667 462
9.1833 466
9.2 469
9.2167 472
9.2333 476
9.25 479
9.2667 482
9.2833 486
9.3 489
9.3167 492
9.3333 495
9.35 499
9.3667 502
9.3833 505
9.4 508
9.4167 512
9.4333 515
9.45 518
9.4667 521
9.4833 524
9.5 527
9.5167 531
9.5333 534
9.55 537
9.5667 540
9.5833 543
9.6 546
9.6167 549
9.6333 552
9.65 555
9.6667 558
9.6833 561
9.7 564
9.7167 567
9.7333 570
9.75 573
9.7667 576
9.7833 579
9.8 582
9.8167 585
9.8333 587
9.85 590
9.8667 593
9.8833 596
9.9 599
9.9167 602
9.9333 604
9.95 607
9.9667 610
9.9833 613
10.0 615
10.0167 618
10.0333 621
10.05 623
10.0667 626
10.0833 629
10.1 631
10.1167 634
10.1333 636
10.15 639
10.1667 642
10.1833 644
10.2 647
10.2167 649
10.2333 652
10.25 654
10.2667 657
10.2833 659
10.3 661
10.3167 664
10.3333 666
10.35 669
10.3667 671
10.3833 673
10.4 676
10.4167 678
10.4333 680
10.45 683
10.4667 685
10.4833 687
10.5 689
10.5167 692
10.5333 694
10.55 696
10.5667 698
10.5833 700
10.6 702
10.6167 704
10.6333 707
10.65 709
10.6667 711
10.6833 713
10.7 715
10.7167 717
10.7333 719
10.75 721
10.7667 723
10.7833 725
10.8 726
10.8167 728
10.8333 730
10.85 732
10.8667 734
10.8833 736
10.9 737
10.9167 739
10.9333 741
10.95 743
10.9667 745
10.9833 746
11.0 748
11.0167 750
11.0333 751
11.05 753
11.0667 754
11.0833 756
11.1 758
11.1167 759
11.1333 761
11.15 762
11.1667 764
11.1833 765
11.2 767
11.2167 768
11.2333 770
11.25 771
11.2667 772
11.2833 774
11.3 775
11.3167 776
11.3333 778
11.35 779
11.3667 780
11.3833 781
11.4 783
11.4167 784
11.4333 785
11.45 786
11.4667 787
11.4833 789
11.5 790
11.5167 791
11.5333 792
11.55 793
11.5667 794
11.5833 795
11.6 796
11.6167 797
11.6333 798
11.65 799
11.6667 800
11.6833 801
11.7 801
11.7167 802
11.7333 803
11.75 804
11.7667 805
11.7833 806
11.8 806
11.8167 807
11.8333 808
11.85 808
11.8667 809
11.8833 810
11.9 810
11.9167 811
11.9333 812
11.95 812
11.9667 813
11.9833 813
12.0 814
12.0167 814
12.0333 815
12.05 815
12.0667 816
12.0833 816
12.1 816
12.1167 817
12.1333 817
12.15 817
12.1667 818
12.1833 818
12.2 818
12.2167 819
12.2333 819
12.25 819
12.2667 819
12.2833 819
12.3 820
12.3167 820
12.3333 820
12.35 820
12.3667 820
12.3833 820
12.4 820
12.4167 820
12.4333 820
12.45 820
12.4667 820
12.4833 820
12.5 820
12.5167 820
12.5333 819
12.55 819
12.5667 819
12.5833 819
12.6 819
12.6167 818
12.6333 818
12.65 818
12.6667 818
12.6833 817
12.7 817
12.7167 817
12.7333 816
12.75 816
12.7667 815
12.7833 815
12.8 815
12.8167 814
12.8333 814
12.85 813
12.8667 812
12.8833 812
12.9 811
12.9167 811
12.9333 810
12.95 809
12.9667 809
12.9833 808
13.0 807
13.0167 807
13.0333 806
13.05 805
13.0667 804
13.0833 804
13.1 803
13.1167 802
13.1333 801
13.15 800
13.1667 799
13.1833 798
13.2 797
13.2167 796
13.2333 795
13.25 794
13.2667 793
13.2833 792
13.3 791
13.3167 790
13.3333 789
13.35 788
13.3667 787
13.3833 786
13.4 785
13.4167 783
13.4333 782
13.45 781
13.4667 780
13.4833 778
13.5 777
13.5167 776
13.5333 774
13.55 773
13.5667 772
13.5833 770
13.6 769
13.6167 767
13.6333 766
13.65 765
13.6667 763
13.6833 762
13.7 760
13.7167 758
13.7333 757
13.75 755
13.7667 754
13.7833 752
13.8 751
13.8167 749
13.8333 747
13.85 745
13.8667 744
13.8833 742
13.9 740
13.9167 738
13.9333 737
13.95 735
13.9667 733
13.9833 731
14.0 729
14.0167 727
14.0333 726
14.05 724
14.0667 722
14.0833 720
14.1 718
14.1167 716
14.1333 714
14.15 712
14.1667 710
14.1833 708
14.2 706
14.2167 704
14.2333 701
14.25 699
14.2667 697
14.2833 695
14.3 693
14.3167 691
14.3333 688
14.35 686
14.3667 684
14.3833 682
14.4 679
14.4167 677
14.4333 675
14.45 672
14.4667 670
14.4833 668
14.5 665
14.5167 663
14.5333 660
14.55 658
14.5667 656
14.5833 653
14.6 651
14.6167 648
14.6333 646
14.65 643
14.6667 640
14.6833 638
14.7 635
14.7167 633
14.7333 630
14.75 627
14.7667 625
14.7833 622
14.8 620
14.8167 617
14.8333 614
14.85 611
14.8667 609
14.8833 606
14.9 603
14.9167 600
14.9333 598
14.95 595
14.9667 592
14.9833 589
15.0 585
15.0167 582
15.0333 579
15.05 577
15.0667 574
15.0833 571
15.1 568
15.1167 565
15.1333 562
15.15 559
15.1667 556
15.1833 553
15.2 550
15.2167 547
15.2333 544
15.25 541
15.2667 537
15.2833 534
15.3 531
15.3167 528
15.3333 525
15.35 522
15.3667 519
15.3833 516
15.4 512
15.4167 509
15.4333 506
15.45 503
15.4667 499
15.4833 496
15.5 493
15.5167 490
15.5333 486
15.55 483
15.5667 480
15.5833 477
15.6 473
15.6167 470
15.6333 467
15.65 463
15.6667 460
15.6833 456
15.7 453
15.7167 450
15.7333 446
15.75 443
15.7667 439
15.7833 436
15.8 432
15.8167 429
15.8333 425
15.85 422
15.8667 418
15.8833 415
15.9 411
15.9167 408
15.9333 404
15.95 401
15.9667 397
15.9833 394
