9.0 245
9.0167 249
9.0333 252
9.05 255
9.0667 259
9.0833 262
9.1 265
9.1167 269
9.1333 272
9.15 275
9.1667 279
9.1833 282
9.2 285
9.2167 289
9.2333 292
9.25 295
9.2667 299
9.2833 302
9.3 305
9.3167 308
9.3333 312
9.35 315
9.3667 318
9.3833 321
9.4 325
9.4167 328
9.4333 331
9.45 334
9.4667 338
9.4833 341
9.5 344
9.5167 347
9.5333 350
9.55 354
9.5667 357
9.5833 360
9.6 363
9.6167 366
9.6333 369
9.65 372
9.6667 376
9.6833 379
9.7 382
9.7167 385
9.7333 388
9.75 391
9.7667 394
9.7833 397
9.8 400
9.8167 403
9.8333 406
9.85 409
9.8667 412
9.8833 415
9.9 418
9.9167 421
9.9333 424
9.95 427
9.9667 430
9.9833 433
10.0 436
10.0167 439
10.0333 441
10.05 444
10.0667 447
10.0833 450
10.1 453
10.1167 456
10.1333 458
10.15 461
10.1667 464
10.1833 467
10.2 469
10.2167 472
10.2333 475
10.25 478
10.2667 480
10.2833 483
10.3 486
10.3167 488
10.3333 491
10.35 494
10.3667 496
10.3833 499
10.4 501
10.4167 504
10.4333 506
10.45 509
10.4667 511
10.4833 514
10.5 516
10.5167 519
10.5333 521
10.55 524
10.5667 526
10.5833 529
10.6 531
10.6167 533
10.6333 536
10.65 538
10.6667 541
10.6833 543
10.7 545
10.7167 547
10.7333 550
10.75 552
10.7667 554
10.7833 556
10.8 559
10.8167 561
10.8333 563
10.85 565
10.8667 567
10.8833 570
10.9 572
10.9167 574
10.9333 576
10.95 578
10.9667 580
10.9833 582
11.0 584
11.0167 586
11.0333 588
11.05 590
11.0667 592
11.0833 594
11.1 596
11.1167 598
11.1333 600
11.15 601
11.1667 603
11.1833 605
11.2 607
11.2167 609
11.2333 611
11.25 612
11.2667 614
11.2833 616
11.3 617
11.3167 619
11.3333 621
11.35 622
11.3667 624
11.3833 626
11.4 627
11.4167 629
11.4333 630
11.45 632
11.4667 634
11.4833 635
11.5 637
11.5167 638
11.5333 640
11.55 641
11.5667 642
11.5833 644
11.6 645
11.6167 647
11.6333 648
11.65 649
11.6667 651
11.6833 652
11.7 653
11.7167 654
11.7333 656
11.75 657
11.7667 658
11.7833 659
11.8 660
11.8167 662
11.8333 663
11.85 664
11.8667 665
11.8833 666
11.9 667
11.9167 668
11.9333 669
11.95 670
11.9667 671
11.9833 672
12.0 673
12.0167 674
12.0333 675
12.05 676
12.0667 676
12.0833 677
12.1 678
12.1167 679
12.1333 680
12.15 680
12.1667 681
12.1833 682
12.2 683
12.2167 683
12.2333 684
12.25 685
12.2667 685
12.2833 686
12.3 687
12.3167 687
12.3333 688
12.35 688
12.3667 689
12.3833 689
12.4 690
12.4167 690
12.4333 691
12.45 691
12.4667 691
12.4833 692
12.5 692
12.5167 692
12.5333 693
12.55 693
12.5667 693
12.5833 694
12.6 694
12.6167 694
12.6333 694
12.65 695
12.6667 695
12.6833 695
12.7 695
12.7167 695
12.7333 695
12.75 695
12.7667 695
12.7833 695
12.8 695
12.8167 695
12.8333 695
12.85 695
12.8667 695
12.8833 695
12.9 695
12.9167 695
12.9333 695
12.95 695
12.9667 694
12.9833 694
13.0 694
13.0167 694
13.0333 693
13.05 693
13.0667 693
13.0833 692
13.1 692
13.1167 692
13.1333 691
13.15 691
13.1667 691
13.1833 690
13.2 690
13.2167 689
13.2333 689
13.25 688
13.2667 688
13.2833 687
13.3 687
13.3167 686
13.3333 685
13.35 685
13.3667 684
13.3833 683
13.4 683
13.4167 682
13.4333 681
13.45 680
13.4667 680
13.4833 679
13.5 678
13.5167 677
13.5333 676
13.55 676
13.5667 675
13.5833 674
13.6 673
13.6167 672
13.6333 671
13.65 670
13.6667 669
13.6833 668
13.7 667
13.7167 666
13.7333 665
13.75 664
13.7667 663
13.7833 662
13.8 660
13.8167 659
13.8333 658
13.85 657
13.8667 656
13.8833 654
13.9 653
13.9167 652
13.9333 651
13.95 649
13.9667 648
13.9833 647
14.0 645
14.0167 644
14.0333 642
14.05 641
14.0667 640
14.0833 638
14.1 637
14.1167 635
14.1333 634
14.15 632
14.1667 630
14.1833 629
14.2 627
14.2167 626
14.2333 624
14.25 622
14.2667 621
14.2833 619
14.3 617
14.3167 616
14.3333 614
14.35 612
14.3667 610
14.3833 609
14.4 607
14.4167 605
14.4333 603
14.45 601
14.4667 600
14.4833 598
14.5 596
14.5167 594
14.5333 592
14.55 590
14.5667 588
14.5833 586
14.6 584
14.6167 582
14.6333 580
14.65 578
14.6667 576
14.6833 574
14.7 572
14.7167 570
14.7333 567
14.75 565
14.7667 563
14.7833 561
14.8 559
14.8167 556
14.8333 554
14.85 552
14.8667 550
14.8833 547
14.9 545
14.9167 543
14.9333 541
14.95 538
14.9667 536
14.9833 533
15.0 532
15.0167 529
15.0333 527
15.05 525
15.0667 522
15.0833 520
15.1 517
15.1167 515
15.1333 512
15.15 510
15.1667 507
15.1833 505
15.2 502
15.2167 499
15.2333 497
15.25 494
15.2667 492
15.2833 489
15.3 486
15.3167 484
15.3333 481
15.35 478
15.3667 476
15.3833 473
15.4 470
15.4167 467
15.4333 465
15.45 462
15.4667 459
15.4833 456
15.5 453
15.5167 451
15.5333 448
15.55 445
15.5667 442
15.5833 439
15.6 436
15.6167 433
15.6333 431
15.65 428
15.6667 425
15.6833 422
15.7 419
15.7167 416
15.7333 413
15.75 410
15.7667 407
15.7833 404
15.8 401
15.8167 398
15.8333 395
15.85 392
15.8667 389
15.8833 386
15.9 383
15.9167 379
15.9333 376
15.95 373
15.9667 370
15.9833 367
