9.0 236
9.0167 239
9.0333 243
9.05 246
9.0667 249
9.0833 252
9.1 256
9.1167 259
9.1333 262
9.15 266
9.1667 269
9.1833 272
9.2 276
9.2167 279
9.2333 282
9.25 285
9.2667 289
9.2833 292
9.3 295
9.3167 299
9.3333 302
9.35 305
9.3667 308
9.3833 312
9.4 315
9.4167 318
9.4333 321
9.45 325
9.4667 328
9.4833 331
9.5 334
9.5167 337
9.5333 341
9.55 344
9.5667 347
9.5833 350
9.6 353
9.6167 356
9.6333 360
9.65 363
9.6667 366
9.6833 369
9.7 372
9.7167 375
9.7333 378
9.75 381
9.7667 384
9.7833 387
9.8 391
9.8167 394
9.8333 397
9.85 400
9.8667 403
9.8833 406
9.9 409
9.9167 412
9.9333 415
9.95 418
9.9667 421
9.9833 423
10.0 426
10.0167 429
10.0333 432
10.05 435
10.0667 438
10.0833 441
10.1 444
10.1167 447
10.1333 449
10.15 452
10.1667 455
10.1833 458
10.2 461
10.2167 463
10.2333 466
10.25 469
10.2667 472
10.2833 474
10.3 477
10.3167 480
10.3333 483
10.35 485
10.3667 488
10.3833 490
10.4 493
10.4167 496
10.4333 498
10.45 501
10.4667 503
10.4833 506
10.5 509
10.5167 511
10.5333 514
10.55 516
10.5667 519
10.5833 521
10.6 524
10.6167 526
10.6333 528
10.65 531
10.6667 533
10.6833 536
10.7 538
10.7167 540
10.7333 543
10.75 545
10.7667 547
10.7833 550
10.8 552
10.8167 554
10.8333 556
10.85 559
10.8667 561
10.8833 563
10.9 565
10.9167 567
10.9333 569
10.95 572
10.9667 574
10.9833 576
11.0 578
11.0167 580
11.0333 582
11.05 584
11.0667 586
11.0833 588
11.1 590
11.1167 592
11.1333 594
11.15 596
11.1667 598
11.1833 600
11.2 602
11.2167 603
11.2333 605
11.25 607
11.2667 609
11.2833 611
11.3 612
11.3167 614
11.3333 616
11.35 618
11.3667 619
11.3833 621
11.4 623
11.4167 624
11.4333 626
11.45 628
11.4667 629
11.4833 631
11.5 632
11.5167 634
11.5333 635
11.55 637
11.5667 638
11.5833 640
11.6 641
11.6167 643
11.6333 644
11.65 646
11.6667 647
11.6833 648
11.7 650
11.7167 651
11.7333 652
11.75 654
11.7667 655
11.7833 656
11.8 657
11.8167 659
11.8333 660
11.85 661
11.8667 662
11.8833 663
11.9 664
11.9167 665
11.9333 667
11.95 668
11.9667 669
11.9833 670
12.0 671
12.0167 672
12.0333 673
12.05 674
12.0667 675
12.0833 675
12.1 676
12.1167 677
12.1333 678
12.15 679
12.1667 680
12.1833 680
12.2 681
12.2167 682
12.2333 683
12.25 683
12.2667 684
12.2833 685
12.3 686
12.3167 686
12.3333 687
12.35 687
12.3667 688
12.3833 689
12.4 689
12.4167 690
12.4333 690
12.45 691
12.4667 691
12.4833 692
12.5 692
12.5167 692
12.5333 693
12.55 693
12.5667 693
12.5833 694
12.6 694
12.6167 694
12.6333 695
12.65 695
12.6667 695
12.6833 695
12.7 696
12.7167 696
12.7333 696
12.75 696
12.7667 696
12.7833 696
12.8 696
12.8167 696
12.8333 696
12.85 696
12.8667 696
12.8833 696
12.9 696
12.9167 696
12.9333 696
12.95 696
12.9667 696
12.9833 696
13.0 696
13.0167 695
13.0333 695
13.05 695
13.0667 695
13.0833 695
13.1 694
13.1167 694
13.1333 694
13.15 693
13.1667 693
13.1833 693
13.2 692
13.2167 692
13.2333 691
13.25 691
13.2667 690
13.2833 690
13.3 689
13.3167 689
13.3333 688
13.35 688
13.3667 687
13.3833 687
13.4 686
13.4167 685
13.4333 685
13.45 684
13.4667 683
13.4833 682
13.5 682
13.5167 681
13.5333 680
13.55 679
13.5667 679
13.5833 678
13.6 677
13.6167 676
13.6333 675
13.65 674
13.6667 673
13.6833 672
13.7 671
13.7167 670
13.7333 669
13.75 668
13.7667 667
13.7833 666
13.8 665
13.8167 664
13.8333 663
13.85 662
13.8667 661
13.8833 659
13.9 658
13.9167 657
13.9333 656
13.95 654
13.9667 653
13.9833 652
14.0 651
14.0167 649
14.0333 648
14.05 646
14.0667 645
14.0833 644
14.1 642
14.1167 641
14.1333 639
14.15 638
14.1667 636
14.1833 635
14.2 633
14.2167 632
14.2333 630
14.25 629
14.2667 627
14.2833 625
14.3 624
14.3167 622
14.3333 620
14.35 619
14.3667 617
14.3833 615
14.4 614
14.4167 612
14.4333 610
14.45 608
14.4667 606
14.4833 605
14.5 603
14.5167 601
14.5333 599
14.55 597
14.5667 595
14.5833 593
14.6 591
14.6167 589
14.6333 587
14.65 585
14.6667 583
14.6833 581
14.7 579
14.7167 577
14.7333 575
14.75 573
14.7667 571
14.7833 569
14.8 566
14.8167 564
14.8333 562
14.85 560
14.8667 558
14.8833 555
14.9 553
14.9167 551
14.9333 549
14.95 546
14.9667 544
14.9833 542
15.0 540
15.0167 538
15.0333 536
15.05 533
15.0667 531
15.0833 528
15.1 526
15.1167 523
15.1333 521
15.15 519
15.1667 516
15.1833 514
15.2 511
15.2167 509
15.2333 506
15.25 503
15.2667 501
15.2833 498
15.3 496
15.3167 493
15.3333 490
15.35 488
15.3667 485
15.3833 482
15.4 480
15.4167 477
15.4333 474
15.45 472
15.4667 469
15.4833 466
15.5 463
15.5167 461
15.5333 458
15.55 455
15.5667 452
15.5833 449
15.6 446
15.6167 444
15.6333 441
15.65 438
15.6667 435
15.6833 432
15.7 429
15.7167 426
15.7333 423
15.75 420
15.7667 417
15.7833 414
15.8 411
15.8167 408
15.8333 405
15.85 402
15.8667 399
15.8833 396
15.9 393
15.9167 390
15.9333 387
15.95 384
15.9667 381
15.9833 378
