9.0 248
9.0167 252
9.0333 255
9.05 259
9.0667 262
9.0833 266
9.1 269
9.1167 272
9.1333 276
9.15 279
9.1667 283
9.1833 286
9.2 289
9.2167 293
9.2333 296
9.25 300
9.2667 303
9.2833 306
9.3 310
9.3167 313
9.3333 316
9.35 320
9.3667 323
9.3833 326
9.4 330
9.4167 333
9.4333 336
9.45 340
9.4667 343
9.4833 346
9.5 350
9.5167 353
9.5333 356
9.55 359
9.5667 363
9.5833 366
9.6 369
9.6167 372
9.6333 376
9.65 379
9.6667 382
9.6833 385
9.7 388
9.7167 392
9.7333 395
9.75 398
9.7667 401
9.7833 404
9.8 407
9.8167 410
9.8333 413
9.85 417
9.8667 420
9.8833 423
9.9 426
9.9167 429
9.9333 432
9.95 435
9.9667 438
9.9833 441
10.0 444
10.0167 447
10.0333 450
10.05 453
10.0667 456
10.0833 459
10.1 462
10.1167 465
10.1333 468
10.15 470
10.1667 473
10.1833 476
10.2 479
10.2167 482
10.2333 485
10.25 488
10.2667 490
10.2833 493
10.3 496
10.3167 499
10.3333 501
10.35 504
10.3667 507
10.3833 510
10.4 512
10.4167 515
10.4333 518
10.45 520
10.4667 523
10.4833 525
10.5 528
10.5167 531
10.5333 533
10.55 536
10.5667 538
10.5833 541
10.6 543
10.6167 546
10.6333 548
10.65 551
10.6667 553
10.6833 556
10.7 558
10.7167 561
10.7333 563
10.75 565
10.7667 568
10.7833 570
10.8 572
10.8167 575
10.8333 577
10.85 579
10.8667 582
10.8833 584
10.9 586
10.9167 588
10.9333 590
10.95 593
10.9667 595
10.9833 597
11.0 599
11.0167 601
11.0333 603
11.05 605
11.0667 607
11.0833 610
11.1 612
11.1167 614
11.1333 616
11.15 618
11.1667 620
11.1833 621
11.2 623
11.2167 625
11.2333 627
11.25 629
11.2667 631
11.2833 633
11.3 635
11.3167 636
11.3333 638
11.35 640
11.3667 642
11.3833 643
11.4 645
11.4167 647
11.4333 649
11.45 650
11.4667 652
11.4833 654
11.5 655
11.5167 657
11.5333 658
11.55 660
11.5667 661
11.5833 663
11.6 664
11.6167 666
11.6333 667
11.65 669
11.6667 670
11.6833 672
11.7 673
11.7167 674
11.7333 676
11.75 677
11.7667 678
11.7833 680
11.8 681
11.8167 682
11.8333 684
11.85 685
11.8667 686
11.8833 687
11.9 688
11.9167 689
11.9333 691
11.95 692
11.9667 693
11.9833 694
12.0 695
12.0167 696
12.0333 697
12.05 698
12.0667 699
12.0833 700
12.1 701
12.1167 702
12.1333 703
12.15 703
12.1667 704
12.1833 705
12.2 706
12.2167 707
12.2333 708
12.25 708
12.2667 709
12.2833 710
12.3 711
12.3167 711
12.3333 712
12.35 712
12.3667 713
12.3833 714
12.4 714
12.4167 715
12.4333 715
12.45 716
12.4667 716
12.4833 717
12.5 717
12.5167 718
12.5333 718
12.55 719
12.5667 719
12.5833 719
12.6 720
12.6167 720
12.6333 720
12.65 721
12.6667 721
12.6833 721
12.7 721
12.7167 722
12.7333 722
12.75 722
12.7667 722
12.7833 722
12.8 722
12.8167 723
12.8333 723
12.85 723
12.8667 723
12.8833 723
12.9 723
12.9167 723
12.9333 723
12.95 723
12.9667 722
12.9833 722
13.0 722
13.0167 722
13.0333 722
13.05 722
13.0667 721
13.0833 721
13.1 721
13.1167 721
13.1333 720
13.15 720
13.1667 720
13.1833 719
13.2 719
13.2167 719
13.2333 718
13.25 718
13.2667 717
13.2833 717
13.3 716
13.3167 716
13.3333 715
13.35 715
13.3667 714
13.3833 714
13.4 713
13.4167 713
13.4333 712
13.45 711
13.4667 711
13.4833 710
13.5 709
13.5167 708
13.5333 708
13.55 707
13.5667 706
13.5833 705
13.6 704
13.6167 704
13.6333 703
13.65 702
13.6667 701
13.6833 700
13.7 699
13.7167 698
13.7333 697
13.75 696
13.7667 695
13.7833 694
13.8 693
13.8167 692
13.8333 691
13.85 690
13.8667 688
13.8833 687
13.9 686
13.9167 685
13.9333 684
13.95 682
13.9667 681
13.9833 680
14.0 679
14.0167 677
14.0333 676
14.05 675
14.0667 673
14.0833 672
14.1 670
14.1167 669
14.1333 667
14.15 666
14.1667 665
14.1833 663
14.2 661
14.2167 660
14.2333 658
14.25 657
14.2667 655
14.2833 654
14.3 652
14.3167 650
14.3333 649
14.35 647
14.3667 645
14.3833 644
14.4 642
14.4167 640
14.4333 638
14.45 637
14.4667 635
14.4833 633
14.5 631
14.5167 629
14.5333 627
14.55 625
14.5667 623
14.5833 622
14.6 620
14.6167 618
14.6333 616
14.65 614
14.6667 612
14.6833 610
14.7 608
14.7167 606
14.7333 603
14.75 601
14.7667 599
14.7833 597
14.8 595
14.8167 593
14.8333 591
14.85 588
14.8667 586
14.8833 584
14.9 582
14.9167 579
14.9333 577
14.95 575
14.9667 573
14.9833 570
15.0 569
15.0167 566
15.0333 564
15.05 562
15.0667 559
15.0833 557
15.1 554
15.1167 552
15.1333 549
15.15 547
15.1667 544
15.1833 542
15.2 539
15.2167 537
15.2333 534
15.25 532
15.2667 529
15.2833 527
15.3 524
15.3167 521
15.3333 519
15.35 516
15.3667 513
15.3833 511
15.4 508
15.4167 505
15.4333 502
15.45 500
15.4667 497
15.4833 494
15.5 491
15.5167 489
15.5333 486
15.55 483
15.5667 480
15.5833 477
15.6 474
15.6167 472
15.6333 469
15.65 466
15.6667 463
15.6833 460
15.7 457
15.7167 454
15.7333 451
15.75 448
15.7667 445
15.7833 442
15.8 439
15.8167 436
15.8333 433
15.85 430
15.8667 427
15.8833 424
15.9 421
15.9167 418
15.9333 415
15.95 411
15.9667 408
15.9833 405
