9.0 228
9.0167 232
9.0333 235
9.05 238
9.0667 242
9.0833 245
9.1 248
9.1167 251
9.1333 255
9.15 258
9.1667 261
9.1833 264
9.2 268
9.2167 271
9.2333 274
9.25 277
9.2667 281
9.2833 284
9.3 287
9.3167 290
9.3333 294
9.35 297
9.3667 300
9.3833 303
9.4 306
9.4167 310
9.4333 313
9.45 316
9.4667 319
9.4833 322
9.5 325
9.5167 329
9.5333 332
9.55 335
9.5667 338
9.5833 341
9.6 344
9.6167 347
9.6333 351
9.65 354
9.6667 357
9.6833 360
9.7 363
9.7167 366
9.7333 369
9.75 372
9.7667 375
9.7833 378
9.8 381
9.8167 384
9.8333 387
9.85 390
9.8667 393
9.8833 396
9.9 399
9.9167 402
9.9333 405
9.95 408
9.9667 411
9.9833 414
10.0 417
10.0167 420
10.0333 423
10.05 425
10.0667 428
10.0833 431
10.1 434
10.1167 437
10.1333 440
10.15 443
10.1667 445
10.1833 448
10.2 451
10.2167 454
10.2333 456
10.25 459
10.2667 462
10.2833 465
10.3 467
10.3167 470
10.3333 473
10.35 475
10.3667 478
10.3833 481
10.4 483
10.4167 486
10.4333 488
10.45 491
10.4667 493
10.4833 496
10.5 499
10.5167 501
10.5333 504
10.55 506
10.5667 509
10.5833 511
10.6 513
10.6167 516
10.6333 518
10.65 521
10.6667 523
10.6833 525
10.7 528
10.7167 530
10.7333 533
10.75 535
10.7667 537
10.7833 539
10.8 542
10.8167 544
10.8333 546
10.85 548
10.8667 551
10.8833 553
10.9 555
10.9167 557
10.9333 559
10.95 561
10.9667 564
10.9833 566
11.0 568
11.0167 570
11.0333 572
11.05 574
11.0667 576
11.0833 578
11.1 580
11.1167 582
11.1333 584
11.15 586
11.1667 588
11.1833 590
11.2 591
11.2167 593
11.2333 595
11.25 597
11.2667 599
11.2833 601
11.3 602
11.3167 604
11.3333 606
11.35 608
11.3667 609
11.3833 611
11.4 613
11.4167 614
11.4333 616
11.45 618
11.4667 619
11.4833 621
11.5 622
11.5167 624
11.5333 625
11.55 627
11.5667 628
11.5833 630
11.6 631
11.6167 633
11.6333 634
11.65 636
11.6667 637
11.6833 638
11.7 640
11.7167 641
11.7333 642
11.75 644
11.7667 645
11.7833 646
11.8 647
11.8167 649
11.8333 650
11.85 651
11.8667 652
11.8833 653
11.9 654
11.9167 656
11.9333 657
11.95 658
11.9667 659
11.9833 660
12.0 661
12.0167 662
12.0333 663
12.05 664
12.0667 665
12.0833 666
12.1 667
12.1167 667
12.1333 668
12.15 669
12.1667 670
12.1833 671
12.2 672
12.2167 672
12.2333 673
12.25 674
12.2667 674
12.2833 675
12.3 676
12.3167 677
12.3333 677
12.35 678
12.3667 678
12.3833 679
12.4 679
12.4167 680
12.4333 681
12.45 681
12.4667 682
12.4833 682
12.5 682
12.5167 683
12.5333 683
12.55 684
12.5667 684
12.5833 684
12.6 685
12.6167 685
12.6333 685
12.65 685
12.6667 686
12.6833 686
12.7 686
12.7167 686
12.7333 686
12.75 687
12.7667 687
12.7833 687
12.8 687
12.8167 687
12.8333 687
12.85 687
12.8667 687
12.8833 687
12.9 687
12.9167 687
12.9333 687
12.95 687
12.9667 687
12.9833 687
13.0 686
13.0167 686
13.0333 686
13.05 686
13.0667 686
13.0833 685
13.1 685
13.1167 685
13.1333 685
13.15 684
13.1667 684
13.1833 684
13.2 683
13.2167 683
13.2333 682
13.25 682
13.2667 681
13.2833 681
13.3 680
13.3167 680
13.3333 679
13.35 679
13.3667 678
13.3833 678
13.4 677
13.4167 676
13.4333 676
13.45 675
13.4667 674
13.4833 674
13.5 673
13.5167 672
13.5333 671
13.55 671
13.5667 670
13.5833 669
13.6 668
13.6167 667
13.6333 666
13.65 666
13.6667 665
13.6833 664
13.7 663
13.7167 662
13.7333 661
13.75 660
13.7667 659
13.7833 658
13.8 657
13.8167 655
13.8333 654
13.85 653
13.8667 652
13.8833 651
13.9 650
13.9167 648
13.9333 647
13.95 646
13.9667 645
13.9833 644
14.0 642
14.0167 641
14.0333 640
14.05 638
14.0667 637
14.0833 635
14.1 634
14.1167 633
14.1333 631
14.15 630
14.1667 628
14.1833 627
14.2 625
14.2167 624
14.2333 622
14.25 621
14.2667 619
14.2833 617
14.3 616
14.3167 614
14.3333 612
14.35 611
14.3667 609
14.3833 607
14.4 606
14.4167 604
14.4333 602
14.45 600
14.4667 599
14.4833 597
14.5 595
14.5167 593
14.5333 591
14.55 589
14.5667 587
14.5833 586
14.6 584
14.6167 582
14.6333 580
14.65 578
14.6667 576
14.6833 574
14.7 572
14.7167 570
14.7333 568
14.75 565
14.7667 563
14.7833 561
14.8 559
14.8167 557
14.8333 555
14.85 553
14.8667 550
14.8833 548
14.9 546
14.9167 544
14.9333 541
14.95 539
14.9667 537
14.9833 535
15.0 533
15.0167 531
15.0333 529
15.05 526
15.0667 524
15.0833 521
15.1 519
15.1167 517
15.1333 514
15.15 512
15.1667 509
15.1833 507
15.2 504
15.2167 502
15.2333 499
15.25 497
15.2667 494
15.2833 492
15.3 489
15.3167 486
15.3333 484
15.35 481
15.3667 479
15.3833 476
15.4 473
15.4167 471
15.4333 468
15.45 465
15.4667 462
15.4833 460
15.5 457
15.5167 454
15.5333 451
15.55 449
15.5667 446
15.5833 443
15.6 440
15.6167 437
15.6333 435
15.65 432
15.6667 429
15.6833 426
15.7 423
15.7167 420
15.7333 417
15.75 414
15.7667 412
15.7833 409
15.8 406
15.8167 403
15.8333 400
15.85 397
15.8667 394
15.8833 391
15.9 388
15.9167 385
15.9333 382
15.95 379
15.9667 376
15.9833 373
