9.0 580
9.0167 584
9.0333 587
9.05 591
9.0667 594
9.0833 597
9.1 601
9.1167 604
9.1333 608
9.15 611
9.1667 615
9.1833 618
9.2 621
9.2167 625
9.2333 628
9.25 632
9.2667 635
9.2833 638
9.3 642
9.3167 645
9.3333 648
9.35 652
9.3667 655
9.3833 658
9.4 661
9.4167 665
9.4333 668
9.45 671
9.4667 674
9.4833 678
9.5 681
9.5167 684
9.5333 687
9.55 690
9.5667 693
9.5833 697
9.6 700
9.6167 703
9.6333 706
9.65 709
9.6667 712
9.6833 715
9.7 718
9.7167 721
9.7333 724
9.75 727
9.7667 730
9.7833 733
9.8 736
9.8167 739
9.8333 742
9.85 745
9.8667 748
9.8833 751
9.9 754
9.9167 757
9.9333 760
9.95 762
9.9667 765
9.9833 768
10.0 771
10.0167 774
10.0333 776
10.05 779
10.0667 782
10.0833 785
10.1 787
10.1167 790
10.1333 793
10.15 795
10.1667 798
10.1833 801
10.2 803
10.2167 806
10.2333 809
10.25 811
10.2667 814
10.2833 816
10.3 819
10.3167 821
10.3333 824
10.35 826
10.3667 829
10.3833 831
10.4 834
10.4167 836
10.4333 839
10.45 841
10.4667 843
10.4833 846
10.5 848
10.5167 850
10.5333 853
10.55 855
10.5667 857
10.5833 860
10.6 862
10.6167 864
10.6333 866
10.65 869
10.6667 871
10.6833 873
10.7 875
10.7167 877
10.7333 879
10.75 881
10.7667 884
10.7833 886
10.8 888
10.8167 890
10.8333 892
10.85 894
10.8667 896
10.8833 898
10.9 900
10.9167 902
10.9333 903
10.95 905
10.9667 907
10.9833 909
11.0 911
11.0167 913
11.0333 915
11.05 916
11.0667 918
11.0833 920
11.1 922
11.1167 923
11.1333 925
11.15 927
11.1667 928
11.1833 930
11.2 932
11.2167 933
11.2333 935
11.25 937
11.2667 938
11.2833 940
11.3 941
11.3167 943
11.3333 944
11.35 946
11.3667 947
11.3833 949
11.4 950
11.4167 951
11.4333 953
11.45 954
11.4667 956
11.4833 957
11.5 958
11.5167 959
11.5333 961
11.55 962
11.5667 963
11.5833 964
11.6 966
11.6167 967
11.6333 968
11.65 969
11.6667 970
11.6833 971
11.7 972
11.7167 973
11.7333 975
11.75 976
11.7667 977
11.7833 978
11.8 978
11.8167 979
11.8333 980
11.85 981
11.8667 982
11.8833 983
11.9 984
11.9167 985
11.9333 986
11.95 986
11.9667 987
11.9833 988
12.0 989
12.0167 989
12.0333 990
12.05 991
12.0667 991
12.0833 992
12.1 993
12.1167 993
12.1333 994
12.15 994
12.1667 995
12.1833 996
12.2 996
12.2167 997
12.2333 997
12.25 997
12.2667 998
12.2833 998
12.3 999
12.3167 999
12.3333 999
12.35 1000
12.3667 1000
12.3833 1000
12.4 1001
12.4167 1001
12.4333 1001
12.45 1001
12.4667 1002
12.4833 1002
12.5 1002
12.5167 1002
12.5333 1002
12.55 1002
12.5667 1002
12.5833 1002
12.6 1002
12.6167 1002
12.6333 1002
12.65 1002
12.6667 1002
12.6833 1002
12.7 1002
12.7167 1002
12.7333 1002
12.75 1002
12.7667 1002
12.7833 1002
12.8 1001
12.8167 1001
12.8333 1001
12.85 1001
12.8667 1000
12.8833 1000
12.9 1000
12.9167 1000
12.9333 999
12.95 999
12.9667 998
12.9833 998
13.0 998
13.0167 997
13.0333 997
13.05 996
13.0667 996
13.0833 995
13.1 995
13.1167 994
13.1333 993
13.15 993
13.1667 992
13.1833 992
13.2 991
13.2167 990
13.2333 990
13.25 989
13.2667 988
13.2833 987
13.3 987
13.3167 986
13.3333 985
13.35 984
13.3667 983
13.3833 982
13.4 981
13.4167 981
13.4333 980
13.45 979
13.4667 978
13.4833 977
13.5 976
13.5167 975
13.5333 974
13.55 973
13.5667 971
13.5833 970
13.6 969
13.6167 968
13.6333 967
13.65 966
13.6667 965
13.6833 963
13.7 962
13.7167 961
13.7333 960
13.75 958
13.7667 957
13.7833 956
13.8 954
13.8167 953
13.8333 952
13.85 950
13.8667 949
13.8833 947
13.9 946
13.9167 944
13.9333 943
13.95 941
13.9667 940
13.9833 938
14.0 937
14.0167 935
14.0333 934
14.05 932
14.0667 930
14.0833 929
14.1 927
14.1167 925
14.1333 924
14.15 922
14.1667 920
14.1833 918
14.2 917
14.2167 915
14.2333 913
14.25 911
14.2667 909
14.2833 908
14.3 906
14.3167 904
14.3333 902
14.35 900
14.3667 898
14.3833 896
14.4 894
14.4167 892
14.4333 890
14.45 888
14.4667 886
14.4833 884
14.5 882
14.5167 880
14.5333 878
14.55 875
14.5667 873
14.5833 871
14.6 869
14.6167 867
14.6333 864
14.65 862
14.6667 860
14.6833 858
14.7 855
14.7167 853
14.7333 851
14.75 848
14.7667 846
14.7833 844
14.8 841
14.8167 839
14.8333 837
14.85 834
14.8667 832
14.8833 829
14.9 827
14.9167 824
14.9333 822
14.95 819
14.9667 817
14.9833 814
15.0 812
15.0167 809
15.0333 807
15.05 804
15.0667 801
15.0833 799
15.1 796
15.1167 793
15.1333 791
15.15 788
15.1667 785
15.1833 783
15.2 780
15.2167 777
15.2333 774
15.25 771
15.2667 769
15.2833 766
15.3 763
15.3167 760
15.3333 757
15.35 754
15.3667 752
15.3833 749
15.4 746
15.4167 743
15.4333 740
15.45 737
15.4667 734
15.4833 731
15.5 728
15.5167 725
15.5333 722
15.55 719
15.5667 716
15.5833 713
15.6 710
15.6167 707
15.6333 704
15.65 700
15.6667 697
15.6833 694
15.7 691
15.7167 688
15.7333 685
15.75 682
15.7667 678
15.7833 675
15.8 672
15.8167 669
15.8333 665
15.85 662
15.8667 659
15.8833 656
15.9 652
15.9167 649
15.9333 646
15.95 642
15.9667 639
15.9833 636
