9.0 462
9.0167 465
9.0333 468
9.05 472
9.0667 475
9.0833 479
9.1 482
9.1167 486
9.1333 489
9.15 493
9.1667 496
9.1833 499
9.2 503
9.2167 506
9.2333 510
9.25 513
9.2667 517
9.2833 520
9.3 523
9.3167 527
9.3333 530
9.35 533
9.3667 537
9.3833 540
9.4 543
9.4167 547
9.4333 550
9.45 553
9.4667 556
9.4833 560
9.5 563
9.5167 566
9.5333 569
9.55 573
9.5667 576
9.5833 579
9.6 582
9.6167 585
9.6333 588
9.65 591
9.6667 595
9.6833 598
9.7 601
9.7167 604
9.7333 607
9.75 610
9.7667 613
9.7833 616
9.8 619
9.8167 622
9.8333 625
9.85 628
9.8667 631
9.8833 634
9.9 637
9.9167 640
9.9333 643
9.95 645
9.9667 648
9.9833 651
10.0 654
10.0167 657
10.0333 660
10.05 663
10.0667 665
10.0833 668
10.1 671
10.1167 674
10.1333 676
10.15 679
10.1667 682
10.1833 684
10.2 687
10.2167 690
10.2333 692
10.25 695
10.2667 698
10.2833 700
10.3 703
10.3167 705
10.3333 708
10.35 710
10.3667 713
10.3833 715
10.4 718
10.4167 720
10.4333 723
10.45 725
10.4667 727
10.4833 730
10.5 732
10.5167 735
10.5333 737
10.55 739
10.5667 742
10.5833 744
10.6 746
10.6167 748
10.6333 751
10.65 753
10.6667 755
10.6833 757
10.7 759
10.7167 762
10.7333 764
10.75 766
10.7667 768
10.7833 770
10.8 772
10.8167 774
10.8333 776
10.85 778
10.8667 780
10.8833 782
10.9 784
10.9167 786
10.9333 788
10.95 790
10.9667 792
10.9833 794
11.0 795
11.0167 797
11.0333 799
11.05 801
11.0667 803
11.0833 804
11.1 806
11.1167 808
11.1333 810
11.15 811
11.1667 813
11.1833 815
11.2 816
11.2167 818
11.2333 819
11.25 821
11.2667 822
11.2833 824
11.3 826
11.3167 827
11.3333 828
11.35 830
11.3667 831
11.3833 833
11.4 834
11.4167 836
11.4333 837
11.45 838
11.4667 840
11.4833 841
11.5 842
11.5167 843
11.5333 845
11.55 846
11.5667 847
11.5833 848
11.6 849
11.6167 851
11.6333 852
11.65 853
11.6667 854
11.6833 855
11.7 856
11.7167 857
11.7333 858
11.75 859
11.7667 860
11.7833 861
11.8 862
11.8167 863
11.8333 864
11.85 865
11.8667 865
11.8833 866
11.9 867
11.9167 868
11.9333 869
11.95 869
11.9667 870
11.9833 871
12.0 872
12.0167 872
12.0333 873
12.05 873
12.0667 874
12.0833 875
12.1 875
12.1167 876
12.1333 876
12.15 877
12.1667 877
12.1833 878
12.2 878
12.2167 879
12.2333 879
12.25 879
12.2667 880
12.2833 880
12.3 880
12.3167 881
12.3333 881
12.35 881
12.3667 882
12.3833 882
12.4 882
12.4167 882
12.4333 882
12.45 882
12.4667 883
12.4833 883
12.5 883
12.5167 883
12.5333 883
12.55 883
12.5667 883
12.5833 883
12.6 883
12.6167 883
12.6333 883
12.65 883
12.6667 882
12.6833 882
12.7 882
12.7167 882
12.7333 882
12.75 882
12.7667 881
12.7833 881
12.8 881
12.8167 880
12.8333 880
12.85 880
12.8667 879
12.8833 879
12.9 879
12.9167 878
12.9333 878
12.95 877
12.9667 877
12.9833 876
13.0 876
13.0167 875
13.0333 875
13.05 874
13.0667 873
13.0833 873
13.1 872
13.1167 871
13.1333 871
13.15 870
13.1667 869
13.1833 869
13.2 868
13.2167 867
13.2333 866
13.25 865
13.2667 865
13.2833 864
13.3 863
13.3167 862
13.3333 861
13.35 860
13.3667 859
13.3833 858
13.4 857
13.4167 856
13.4333 855
13.45 854
13.4667 853
13.4833 852
13.5 851
13.5167 849
13.5333 848
13.55 847
13.5667 846
13.5833 845
13.6 843
13.6167 842
13.6333 841
13.65 839
13.6667 838
13.6833 837
13.7 835
13.7167 834
13.7333 833
13.75 831
13.7667 830
13.7833 828
13.8 827
13.8167 825
13.8333 824
13.85 822
13.8667 821
13.8833 819
13.9 818
13.9167 816
13.9333 814
13.95 813
13.9667 811
13.9833 809
14.0 808
14.0167 806
14.0333 804
14.05 802
14.0667 801
14.0833 799
14.1 797
14.1167 795
14.1333 793
14.15 792
14.1667 790
14.1833 788
14.2 786
14.2167 784
14.2333 782
14.25 780
14.2667 778
14.2833 776
14.3 774
14.3167 772
14.3333 770
14.35 768
14.3667 766
14.3833 763
14.4 761
14.4167 759
14.4333 757
14.45 755
14.4667 753
14.4833 750
14.5 748
14.5167 746
14.5333 744
14.55 741
14.5667 739
14.5833 737
14.6 734
14.6167 732
14.6333 730
14.65 727
14.6667 725
14.6833 722
14.7 720
14.7167 718
14.7333 715
14.75 713
14.7667 710
14.7833 708
14.8 705
14.8167 702
14.8333 700
14.85 697
14.8667 695
14.8833 692
14.9 689
14.9167 687
14.9333 684
14.95 681
14.9667 679
14.9833 676
15.0 672
15.0167 670
15.0333 667
15.05 664
15.0667 661
15.0833 658
15.1 656
15.1167 653
15.1333 650
15.15 647
15.1667 644
15.1833 641
15.2 638
15.2167 635
15.2333 633
15.25 630
15.2667 627
15.2833 624
15.3 621
15.3167 618
15.3333 615
15.35 612
15.3667 609
15.3833 606
15.4 603
15.4167 599
15.4333 596
15.45 593
15.4667 590
15.4833 587
15.5 584
15.5167 581
15.5333 578
15.55 574
15.5667 571
15.5833 568
15.6 565
15.6167 562
15.6333 558
15.65 555
15.6667 552
15.6833 548
15.7 545
15.7167 542
15.7333 539
15.75 535
15.7667 532
15.7833 529
15.8 525
15.8167 522
15.8333 519
15.85 515
15.8667 512
15.8833 508
15.9 505
15.9167 502
15.9333 498
15.95 495
15.9667 491
15.9833 488
