9.0 325
9.0167 327
9.0333 330
9.05 334
9.0667 337
9.0833 340
9.1 343
9.1167 346
9.1333 350
9.15 353
9.1667 356
9.1833 359
9.2 362
9.2167 366
9.2333 369
9.25 372
9.2667 375
9.2833 378
9.3 381
9.3167 384
9.3333 387
9.35 391
9.3667 394
9.3833 397
9.4 400
9.4167 403
9.4333 406
9.45 409
9.4667 412
9.4833 415
9.5 418
9.5167 421
9.5333 424
9.55 427
9.5667 430
9.5833 433
9.6 436
9.6167 439
9.6333 442
9.65 444
9.6667 447
9.6833 450
9.7 453
9.7167 456
9.7333 459
9.75 462
9.7667 464
9.7833 467
9.8 470
9.8167 473
9.8333 475
9.85 478
9.8667 481
9.8833 484
9.9 486
9.9167 489
9.9333 492
9.95 494
9.9667 497
9.9833 500
10.0 502
10.0167 505
10.0333 508
10.05 510
10.0667 513
10.0833 515
10.1 518
10.1167 520
10.1333 523
10.15 525
10.1667 528
10.1833 530
10.2 533
10.2167 535
10.2333 538
10.25 540
10.2667 542
10.2833 545
10.3 547
10.3167 549
10.3333 552
10.35 554
10.3667 556
10.3833 559
10.4 561
10.4167 563
10.4333 565
10.45 568
10.4667 570
10.4833 572
10.5 574
10.5167 576
10.5333 579
10.55 581
10.5667 583
10.5833 585
10.6 587
10.6167 589
10.6333 591
10.65 593
10.6667 595
10.6833 597
10.7 599
10.7167 601
10.7333 603
10.75 605
10.7667 607
10.7833 609
10.8 611
10.8167 612
10.8333 614
10.85 616
10.8667 618
10.8833 620
10.9 621
10.9167 623
10.9333 625
10.95 627
10.9667 628
10.9833 630
11.0 632
11.0167 633
11.0333 635
11.05 636
11.0667 638
11.0833 640
11.1 641
11.1167 643
11.1333 644
11.15 646
11.1667 647
11.1833 649
11.2 650
11.2167 652
11.2333 653
11.25 654
11.2667 656
11.2833 657
11.3 658
11.3167 660
11.3333 661
11.35 662
11.3667 664
11.3833 665
11.4 666
11.4167 667
11.4333 668
11.45 670
11.4667 671
11.4833 672
11.5 673
11.5167 674
11.5333 675
11.55 676
11.5667 677
11.5833 678
11.6 679
11.6167 680
11.6333 681
11.65 682
11.6667 683
11.6833 684
11.7 685
11.7167 686
11.7333 687
11.75 687
11.7667 688
11.7833 689
11.8 690
11.8167 691
11.8333 691
11.85 692
11.8667 693
11.8833 693
11.9 694
11.9167 695
11.9333 695
11.95 696
11.9667 696
11.9833 697
12.0 698
12.0167 698
12.0333 699
12.05 699
12.0667 700
12.0833 700
12.1 700
12.1167 701
12.1333 701
12.15 702
12.1667 702
12.1833 702
12.2 703
12.2167 703
12.2333 703
12.25 703
12.2667 704
12.2833 704
12.3 704
12.3167 704
12.3333 704
12.35 704
12.3667 704
12.3833 705
12.4 705
12.4167 705
12.4333 705
12.45 705
12.4667 705
12.4833 705
12.5 705
12.5167 705
12.5333 704
12.55 704
12.5667 704
12.5833 704
12.6 704
12.6167 704
12.6333 704
12.65 703
12.6667 703
12.6833 703
12.7 703
12.7167 702
12.7333 702
12.75 702
12.7667 701
12.7833 701
12.8 700
12.8167 700
12.8333 700
12.85 699
12.8667 699
12.8833 698
12.9 698
12.9167 697
12.9333 697
12.95 696
12.9667 695
12.9833 695
13.0 694
13.0167 693
13.0333 693
13.05 692
13.0667 691
13.0833 691
13.1 690
13.1167 689
13.1333 688
13.15 688
13.1667 687
13.1833 686
13.2 685
13.2167 684
13.2333 683
13.25 682
13.2667 681
13.2833 680
13.3 679
13.3167 678
13.3333 677
13.35 676
13.3667 675
13.3833 674
13.4 673
13.4167 672
13.4333 671
13.45 670
13.4667 669
13.4833 667
13.5 666
13.5167 665
13.5333 664
13.55 662
13.5667 661
13.5833 660
13.6 659
13.6167 657
13.6333 656
13.65 654
13.6667 653
13.6833 652
13.7 650
13.7167 649
13.7333 647
13.75 646
13.7667 644
13.7833 643
13.8 641
13.8167 640
13.8333 638
13.85 637
13.8667 635
13.8833 633
13.9 632
13.9167 630
13.9333 628
13.95 627
13.9667 625
13.9833 623
14.0 621
14.0167 620
14.0333 618
14.05 616
14.0667 614
14.0833 612
14.1 611
14.1167 609
14.1333 607
14.15 605
14.1667 603
14.1833 601
14.2 599
14.2167 597
14.2333 595
14.25 593
14.2667 591
14.2833 589
14.3 587
14.3167 585
14.3333 583
14.35 581
14.3667 579
14.3833 577
14.4 574
14.4167 572
14.4333 570
14.45 568
14.4667 566
14.4833 563
14.5 561
14.5167 559
14.5333 557
14.55 554
14.5667 552
14.5833 550
14.6 547
14.6167 545
14.6333 543
14.65 540
14.6667 538
14.6833 535
14.7 533
14.7167 530
14.7333 528
14.75 525
14.7667 523
14.7833 520
14.8 518
14.8167 515
14.8333 513
14.85 510
14.8667 508
14.8833 505
14.9 503
14.9167 500
14.9333 497
14.95 495
14.9667 492
14.9833 489
15.0 486
15.0167 483
15.0333 481
15.05 478
15.0667 475
15.0833 472
15.1 470
15.1167 467
15.1333 464
15.15 461
15.1667 458
15.1833 456
15.2 453
15.2167 450
15.2333 447
15.25 444
15.2667 441
15.2833 438
15.3 435
15.3167 432
15.3333 430
15.35 427
15.3667 424
15.3833 421
15.4 418
15.4167 415
15.4333 412
15.45 409
15.4667 406
15.4833 403
15.5 400
15.5167 396
15.5333 393
15.55 390
15.5667 387
15.5833 384
15.6 381
15.6167 378
15.6333 375
15.65 372
15.6667 368
15.6833 365
15.7 362
15.7167 359
15.7333 356
15.75 353
15.7667 349
15.7833 346
15.8 343
15.8167 340
15.8333 337
15.85 333
15.8667 330
15.8833 327
15.9 324
15.9167 320
15.9333 317
15.95 314
15.9667 311
15.9833 307
