9.0 218
9.0167 221
9.0333 224
9.05 227
9.0667 230
9.0833 233
9.1 236
9.1167 239
9.1333 242
9.15 245
9.1667 248
9.1833 251
9.2 254
9.2167 257
9.2333 261
9.25 264
9.2667 267
9.2833 270
9.3 273
9.3167 276
9.3333 279
9.35 282
9.3667 285
9.3833 288
9.4 291
9.4167 294
9.4333 297
9.45 300
9.4667 303
9.4833 306
9.5 309
9.5167 312
9.5333 315
9.55 318
9.5667 321
9.5833 324
9.6 327
9.6167 330
9.6333 333
9.65 336
9.6667 339
9.6833 342
9.7 345
9.7167 347
9.7333 350
9.75 353
9.7667 356
9.7833 359
9.8 362
9.8167 365
9.8333 368
9.85 370
9.8667 373
9.8833 376
9.9 379
9.9167 382
9.9333 384
9.95 387
9.9667 390
9.9833 393
10.0 395
10.0167 398
10.0333 401
10.05 404
10.0667 406
10.0833 409
10.1 412
10.1167 414
10.1333 417
10.15 420
10.1667 422
10.1833 425
10.2 428
10.2167 430
10.2333 433
10.25 435
10.2667 438
10.2833 440
10.3 443
10.3167 445
10.3333 448
10.35 450
10.3667 453
10.3833 455
10.4 458
10.4167 460
10.4333 463
10.45 465
10.4667 468
10.4833 470
10.5 472
10.5167 475
10.5333 477
10.55 479
10.5667 482
10.5833 484
10.6 486
10.6167 489
10.6333 491
10.65 493
10.6667 495
10.6833 498
10.7 500
10.7167 502
10.7333 504
10.75 506
10.7667 508
10.7833 511
10.8 513
10.8167 515
10.8333 517
10.85 519
10.8667 521
10.8833 523
10.9 525
10.9167 527
10.9333 529
10.95 531
10.9667 533
10.9833 535
11.0 537
11.0167 539
11.0333 541
11.05 542
11.0667 544
11.0833 546
11.1 548
11.1167 550
11.1333 552
11.15 553
11.1667 555
11.1833 557
11.2 559
11.2167 560
11.2333 562
11.25 564
11.2667 565
11.2833 567
11.3 569
11.3167 570
11.3333 572
11.35 573
11.3667 575
11.3833 576
11.4 578
11.4167 579
11.4333 581
11.45 582
11.4667 584
11.4833 585
11.5 587
11.5167 588
11.5333 590
11.55 591
11.5667 592
11.5833 594
11.6 595
11.6167 596
11.6333 597
11.65 599
11.6667 600
11.6833 601
11.7 602
11.7167 604
11.7333 605
11.75 606
11.7667 607
11.7833 608
11.8 609
11.8167 610
11.8333 611
11.85 612
11.8667 613
11.8833 614
11.9 615
11.9167 616
11.9333 617
11.95 618
11.9667 619
11.9833 620
12.0 621
12.0167 622
12.0333 623
12.05 623
12.0667 624
12.0833 625
12.1 626
12.1167 627
12.1333 627
12.15 628
12.1667 629
12.1833 629
12.2 630
12.2167 631
12.2333 631
12.25 632
12.2667 632
12.2833 633
12.3 633
12.3167 634
12.3333 635
12.35 635
12.3667 635
12.3833 636
12.4 636
12.4167 637
12.4333 637
12.45 637
12.4667 638
12.4833 638
12.5 638
12.5167 639
12.5333 639
12.55 639
12.5667 640
12.5833 640
12.6 640
12.6167 640
12.6333 640
12.65 640
12.6667 641
12.6833 641
12.7 641
12.7167 641
12.7333 641
12.75 641
12.7667 641
12.7833 641
12.8 641
12.8167 641
12.8333 641
12.85 641
12.8667 640
12.8833 640
12.9 640
12.9167 640
12.9333 640
12.95 640
12.9667 639
12.9833 639
13.0 639
13.0167 639
13.0333 638
13.05 638
13.0667 638
13.0833 637
13.1 637
13.1167 636
13.1333 636
13.15 636
13.1667 635
13.1833 635
13.2 634
13.2167 634
13.2333 633
13.25 633
13.2667 632
13.2833 631
13.3 631
13.3167 630
13.3333 630
13.35 629
13.3667 628
13.3833 628
13.4 627
13.4167 626
13.4333 625
13.45 625
13.4667 624
13.4833 623
13.5 622
13.5167 621
13.5333 620
13.55 620
13.5667 619
13.5833 618
13.6 617
13.6167 616
13.6333 615
13.65 614
13.6667 613
13.6833 612
13.7 611
13.7167 610
13.7333 609
13.75 607
13.7667 606
13.7833 605
13.8 604
13.8167 603
13.8333 602
13.85 600
13.8667 599
13.8833 598
13.9 597
13.9167 595
13.9333 594
13.95 593
13.9667 591
13.9833 590
14.0 589
14.0167 587
14.0333 586
14.05 584
14.0667 583
14.0833 582
14.1 580
14.1167 579
14.1333 577
14.15 576
14.1667 574
14.1833 572
14.2 571
14.2167 569
14.2333 568
14.25 566
14.2667 564
14.2833 563
14.3 561
14.3167 559
14.3333 558
14.35 556
14.3667 554
14.3833 552
14.4 550
14.4167 549
14.4333 547
14.45 545
14.4667 543
14.4833 541
14.5 539
14.5167 538
14.5333 536
14.55 534
14.5667 532
14.5833 530
14.6 528
14.6167 526
14.6333 524
14.65 522
14.6667 520
14.6833 518
14.7 516
14.7167 513
14.7333 511
14.75 509
14.7667 507
14.7833 505
14.8 503
14.8167 501
14.8333 498
14.85 496
14.8667 494
14.8833 492
14.9 489
14.9167 487
14.9333 485
14.95 483
14.9667 480
14.9833 478
15.0 476
15.0167 474
15.0333 472
15.05 469
15.0667 467
15.0833 464
15.1 462
15.1167 460
15.1333 457
15.15 455
15.1667 452
15.1833 450
15.2 447
15.2167 445
15.2333 442
15.25 440
15.2667 437
15.2833 434
15.3 432
15.3167 429
15.3333 427
15.35 424
15.3667 421
15.3833 419
15.4 416
15.4167 413
15.4333 411
15.45 408
15.4667 405
15.4833 403
15.5 400
15.5167 397
15.5333 395
15.55 392
15.5667 389
15.5833 386
15.6 383
15.6167 381
15.6333 378
15.65 375
15.6667 372
15.6833 369
15.7 367
15.7167 364
15.7333 361
15.75 358
15.7667 355
15.7833 352
15.8 349
15.8167 346
15.8333 343
15.85 341
15.8667 338
15.8833 335
15.9 332
15.9167 329
15.9333 326
15.95 323
15.9667 320
15.9833 317
