9.0 268
9.0167 272
9.0333 275
9.05 279
9.0667 282
9.0833 286
9.1 289
9.1167 293
9.1333 296
9.15 299
9.1667 303
9.1833 306
9.2 310
9.2167 313
9.2333 317
9.25 320
9.2667 324
9.2833 327
9.3 330
9.3167 334
9.3333 337
9.35 341
9.3667 344
9.3833 347
9.4 351
9.4167 354
9.4333 358
9.45 361
9.4667 364
9.4833 368
9.5 371
9.5167 374
9.5333 378
9.55 381
9.5667 384
9.5833 388
9.6 391
9.6167 394
9.6333 398
9.65 401
9.6667 404
9.6833 407
9.7 411
9.7167 414
9.7333 417
9.75 420
9.7667 424
9.7833 427
9.8 430
9.8167 433
9.8333 436
9.85 440
9.8667 443
9.8833 446
9.9 449
9.9167 452
9.9333 455
9.95 458
9.9667 461
9.9833 464
10.0 468
10.0167 471
10.0333 474
10.05 477
10.0667 480
10.0833 483
10.1 486
10.1167 489
10.1333 492
10.15 495
10.1667 498
10.1833 501
10.2 503
10.2167 506
10.2333 509
10.25 512
10.2667 515
10.2833 518
10.3 521
10.3167 524
10.3333 526
10.35 529
10.3667 532
10.3833 535
10.4 537
10.4167 540
10.4333 543
10.45 546
10.4667 548
10.4833 551
10.5 554
10.5167 556
10.5333 559
10.55 562
10.5667 564
10.5833 567
10.6 570
10.6167 572
10.6333 575
10.65 577
10.6667 580
10.6833 582
10.7 585
10.7167 587
10.7333 590
10.75 592
10.7667 595
10.7833 597
10.8 599
10.8167 602
10.8333 604
10.85 606
10.8667 609
10.8833 611
10.9 613
10.9167 616
10.9333 618
10.95 620
10.9667 622
10.9833 625
11.0 627
11.0167 629
11.0333 631
11.05 633
11.0667 636
11.0833 638
11.1 640
11.1167 642
11.1333 644
11.15 646
11.1667 648
11.1833 650
11.2 652
11.2167 654
11.2333 656
11.25 658
11.2667 660
11.2833 662
11.3 664
11.3167 666
11.3333 667
11.35 669
11.3667 671
11.3833 673
11.4 675
11.4167 676
11.4333 678
11.45 680
11.4667 682
11.4833 683
11.5 685
11.5167 687
11.5333 688
11.55 690
11.5667 692
11.5833 693
11.6 695
11.6167 696
11.6333 698
11.65 699
11.6667 701
11.6833 702
11.7 704
11.7167 705
11.7333 707
11.75 708
11.7667 709
11.7833 711
11.8 712
11.8167 713
11.8333 715
11.85 716
11.8667 717
11.8833 718
11.9 720
11.9167 721
11.9333 722
11.95 723
11.9667 724
11.9833 725
12.0 727
12.0167 728
12.0333 729
12.05 730
12.0667 731
12.0833 732
12.1 733
12.1167 734
12.1333 735
12.15 736
12.1667 737
12.1833 737
12.2 738
12.2167 739
12.2333 740
12.25 741
12.2667 742
12.2833 742
12.3 743
12.3167 744
12.3333 745
12.35 745
12.3667 746
12.3833 747
12.4 747
12.4167 748
12.4333 749
12.45 749
12.4667 750
12.4833 750
12.5 751
12.5167 751
12.5333 752
12.55 752
12.5667 753
12.5833 753
12.6 753
12.6167 754
12.6333 754
12.65 754
12.6667 755
12.6833 755
12.7 755
12.7167 756
12.7333 756
12.75 756
12.7667 756
12.7833 756
12.8 757
12.8167 757
12.8333 757
12.85 757
12.8667 757
12.8833 757
12.9 757
12.9167 757
12.9333 757
12.95 757
12.9667 757
12.9833 757
13.0 757
13.0167 757
13.0333 757
13.05 756
13.0667 756
13.0833 756
13.1 756
13.1167 756
13.1333 755
13.15 755
13.1667 755
13.1833 755
13.2 754
13.2167 754
13.2333 753
13.25 753
13.2667 753
13.2833 752
13.3 752
13.3167 751
13.3333 751
13.35 750
13.3667 750
13.3833 749
13.4 749
13.4167 748
13.4333 747
13.45 747
13.4667 746
13.4833 746
13.5 745
13.5167 744
13.5333 743
13.55 743
13.5667 742
13.5833 741
13.6 740
13.6167 739
13.6333 739
13.65 738
13.6667 737
13.6833 736
13.7 735
13.7167 734
13.7333 733
13.75 732
13.7667 731
13.7833 730
13.8 729
13.8167 728
13.8333 727
13.85 726
13.8667 725
13.8833 724
13.9 722
13.9167 721
13.9333 720
13.95 719
13.9667 718
13.9833 716
14.0 715
14.0167 714
14.0333 712
14.05 711
14.0667 710
14.0833 708
14.1 707
14.1167 706
14.1333 704
14.15 703
14.1667 701
14.1833 700
14.2 698
14.2167 697
14.2333 695
14.25 694
14.2667 692
14.2833 690
14.3 689
14.3167 687
14.3333 685
14.35 684
14.3667 682
14.3833 680
14.4 679
14.4167 677
14.4333 675
14.45 673
14.4667 672
14.4833 670
14.5 668
14.5167 666
14.5333 664
14.55 662
14.5667 660
14.5833 658
14.6 657
14.6167 655
14.6333 653
14.65 651
14.6667 649
14.6833 647
14.7 645
14.7167 642
14.7333 640
14.75 638
14.7667 636
14.7833 634
14.8 632
14.8167 630
14.8333 628
14.85 625
14.8667 623
14.8833 621
14.9 619
14.9167 616
14.9333 614
14.95 612
14.9667 609
14.9833 607
15.0 606
15.0167 603
15.0333 601
15.05 599
15.0667 596
15.0833 594
15.1 591
15.1167 589
15.1333 586
15.15 584
15.1667 581
15.1833 579
15.2 576
15.2167 574
15.2333 571
15.25 569
15.2667 566
15.2833 563
15.3 561
15.3167 558
15.3333 556
15.35 553
15.3667 550
15.3833 547
15.4 545
15.4167 542
15.4333 539
15.45 536
15.4667 534
15.4833 531
15.5 528
15.5167 525
15.5333 523
15.55 520
15.5667 517
15.5833 514
15.6 511
15.6167 508
15.6333 505
15.65 502
15.6667 499
15.6833 496
15.7 493
15.7167 491
15.7333 488
15.75 485
15.7667 482
15.7833 479
15.8 475
15.8167 472
15.8333 469
15.85 466
15.8667 463
15.8833 460
15.9 457
15.9167 454
15.9333 451
15.95 448
15.9667 445
15.9833 441
