9.0 416
9.0167 421
9.0333 425
9.05 428
9.0667 432
9.0833 435
9.1 439
9.1167 443
9.1333 446
9.15 450
9.1667 453
9.1833 457
9.2 460
9.2167 464
9.2333 467
9.25 471
9.2667 475
9.2833 478
9.3 482
9.3167 485
9.3333 489
9.35 492
9.3667 496
9.3833 499
9.4 502
9.4167 506
9.4333 509
9.45 513
9.4667 516
9.4833 520
9.5 523
9.5167 526
9.5333 530
9.55 533
9.5667 536
9.5833 540
9.6 543
9.6167 546
9.6333 550
9.65 553
9.6667 556
9.6833 560
9.7 563
9.7167 566
9.7333 569
9.75 573
9.7667 576
9.7833 579
9.8 582
9.8167 585
9.8333 589
9.85 592
9.8667 595
9.8833 598
9.9 601
9.9167 604
9.9333 607
9.95 611
9.9667 614
9.9833 617
10.0 620
10.0167 623
10.0333 626
10.05 629
10.0667 632
10.0833 635
10.1 638
10.1167 641
10.1333 644
10.15 647
10.1667 649
10.1833 652
10.2 655
10.2167 658
10.2333 661
10.25 664
10.2667 667
10.2833 669
10.3 672
10.3167 675
10.3333 678
10.35 680
10.3667 683
10.3833 686
10.4 689
10.4167 691
10.4333 694
10.45 697
10.4667 699
10.4833 702
10.5 705
10.5167 707
10.5333 710
10.55 712
10.5667 715
10.5833 717
10.6 720
10.6167 722
10.6333 725
10.65 727
10.6667 730
10.6833 732
10.7 735
10.7167 737
10.7333 739
10.75 742
10.7667 744
10.7833 746
10.8 749
10.8167 751
10.8333 753
10.85 756
10.8667 758
10.8833 760
10.9 762
10.9167 764
10.9333 767
10.95 769
10.9667 771
10.9833 773
11.0 775
11.0167 777
11.0333 779
11.05 781
11.0667 783
11.0833 785
11.1 787
11.1167 789
11.1333 791
11.15 793
11.1667 795
11.1833 797
11.2 799
11.2167 801
11.2333 803
11.25 805
11.2667 806
11.2833 808
11.3 810
11.3167 812
11.3333 814
11.35 815
11.3667 817
11.3833 819
11.4 820
11.4167 822
11.4333 824
11.45 825
11.4667 827
11.4833 828
11.5 830
11.5167 832
11.5333 833
11.55 835
11.5667 836
11.5833 837
11.6 839
11.6167 840
11.6333 842
11.65 843
11.6667 844
11.6833 846
11.7 847
11.7167 848
11.7333 850
11.75 851
11.7667 852
11.7833 853
11.8 855
11.8167 856
11.8333 857
11.85 858
11.8667 859
11.8833 860
11.9 862
11.9167 863
11.9333 864
11.95 865
11.9667 866
11.9833 867
12.0 868
12.0167 869
12.0333 870
12.05 870
12.0667 871
12.0833 872
12.1 873
12.1167 874
12.1333 875
12.15 875
12.1667 876
12.1833 877
12.2 878
12.2167 878
12.2333 879
12.25 880
12.2667 880
12.2833 881
12.3 882
12.3167 882
12.3333 883
12.35 883
12.3667 884
12.3833 884
12.4 885
12.4167 885
12.4333 886
12.45 886
12.4667 887
12.4833 887
12.5 887
12.5167 888
12.5333 888
12.55 888
12.5667 889
12.5833 889
12.6 889
12.6167 889
12.6333 890
12.65 890
12.6667 890
12.6833 890
12.7 890
12.7167 890
12.7333 890
12.75 890
12.7667 890
12.7833 890
12.8 890
12.8167 890
12.8333 890
12.85 890
12.8667 890
12.8833 890
12.9 890
12.9167 890
12.9333 890
12.95 889
12.9667 889
12.9833 889
13.0 889
13.0167 888
13.0333 888
13.05 888
13.0667 887
13.0833 887
13.1 887
13.1167 886
13.1333 886
13.15 885
13.1667 885
13.1833 885
13.2 884
13.2167 883
13.2333 883
13.25 882
13.2667 882
13.2833 881
13.3 881
13.3167 880
13.3333 879
13.35 879
13.3667 878
13.3833 877
13.4 876
13.4167 876
13.4333 875
13.45 874
13.4667 873
13.4833 872
13.5 872
13.5167 871
13.5333 870
13.55 869
13.5667 868
13.5833 867
13.6 866
13.6167 865
13.6333 864
13.65 863
13.6667 862
13.6833 861
13.7 860
13.7167 858
13.7333 857
13.75 856
13.7667 855
13.7833 854
13.8 853
13.8167 851
13.8333 850
13.85 849
13.8667 847
13.8833 846
13.9 845
13.9167 843
13.9333 842
13.95 841
13.9667 839
13.9833 838
14.0 836
14.0167 835
14.0333 833
14.05 832
14.0667 830
14.0833 829
14.1 827
14.1167 826
14.1333 824
14.15 822
14.1667 821
14.1833 819
14.2 817
14.2167 816
14.2333 814
14.25 812
14.2667 811
14.2833 809
14.3 807
14.3167 805
14.3333 803
14.35 801
14.3667 800
14.3833 798
14.4 796
14.4167 794
14.4333 792
14.45 790
14.4667 788
14.4833 786
14.5 784
14.5167 782
14.5333 780
14.55 778
14.5667 776
14.5833 774
14.6 772
14.6167 769
14.6333 767
14.65 765
14.6667 763
14.6833 761
14.7 758
14.7167 756
14.7333 754
14.75 752
14.7667 749
14.7833 747
14.8 745
14.8167 742
14.8333 740
14.85 738
14.8667 735
14.8833 733
14.9 730
14.9167 728
14.9333 725
14.95 723
14.9667 720
14.9833 718
15.0 716
15.0167 713
15.0333 711
15.05 708
15.0667 706
15.0833 703
15.1 700
15.1167 698
15.1333 695
15.15 693
15.1667 690
15.1833 687
15.2 684
15.2167 682
15.2333 679
15.25 676
15.2667 673
15.2833 671
15.3 668
15.3167 665
15.3333 662
15.35 659
15.3667 656
15.3833 654
15.4 651
15.4167 648
15.4333 645
15.45 642
15.4667 639
15.4833 636
15.5 633
15.5167 630
15.5333 627
15.55 624
15.5667 621
15.5833 618
15.6 615
15.6167 612
15.6333 609
15.65 606
15.6667 603
15.6833 599
15.7 596
15.7167 593
15.7333 590
15.75 587
15.7667 584
15.7833 580
15.8 577
15.8167 574
15.8333 571
15.85 567
15.8667 564
15.8833 561
15.9 558
15.9167 554
15.9333 551
15.95 548
15.9667 544
15.9833 541
