9.0 496
9.0167 500
9.0333 504
9.05 507
9.0667 511
9.0833 514
9.1 518
9.1167 521
9.1333 525
9.15 528
9.1667 532
9.1833 535
9.2 538
9.2167 542
9.2333 545
9.25 549
9.2667 552
9.2833 556
9.3 559
9.3167 562
9.3333 566
9.35 569
9.3667 573
9.3833 576
9.4 579
9.4167 583
9.4333 586
9.45 589
9.4667 592
9.4833 596
9.5 599
9.5167 602
9.5333 606
9.55 609
9.5667 612
9.5833 615
9.6 618
9.6167 622
9.6333 625
9.65 628
9.6667 631
9.6833 634
9.7 637
9.7167 641
9.7333 644
9.75 647
9.7667 650
9.7833 653
9.8 656
9.8167 659
9.8333 662
9.85 665
9.8667 668
9.8833 671
9.9 674
9.9167 677
9.9333 680
9.95 683
9.9667 686
9.9833 689
10.0 692
10.0167 695
10.0333 697
10.05 700
10.0667 703
10.0833 706
10.1 709
10.1167 712
10.1333 714
10.15 717
10.1667 720
10.1833 723
10.2 725
10.2167 728
10.2333 731
10.25 734
10.2667 736
10.2833 739
10.3 741
10.3167 744
10.3333 747
10.35 749
10.3667 752
10.3833 754
10.4 757
10.4167 760
10.4333 762
10.45 765
10.4667 767
10.4833 769
10.5 772
10.5167 774
10.5333 777
10.55 779
10.5667 782
10.5833 784
10.6 786
10.6167 789
10.6333 791
10.65 793
10.6667 796
10.6833 798
10.7 800
10.7167 802
10.7333 805
10.75 807
10.7667 809
10.7833 811
10.8 813
10.8167 815
10.8333 818
10.85 820
10.8667 822
10.8833 824
10.9 826
10.9167 828
10.9333 830
10.95 832
10.9667 834
10.9833 836
11.0 838
11.0167 840
11.0333 842
11.05 844
11.0667 845
11.0833 847
11.1 849
11.1167 851
11.1333 853
11.15 855
11.1667 856
11.1833 858
11.2 860
11.2167 862
11.2333 863
11.25 865
11.2667 867
11.2833 868
11.3 870
11.3167 871
11.3333 873
11.35 875
11.3667 876
11.3833 878
11.4 879
11.4167 881
11.4333 882
11.45 884
11.4667 885
11.4833 886
11.5 888
11.5167 889
11.5333 891
11.55 892
11.5667 893
11.5833 895
11.6 896
11.6167 897
11.6333 898
11.65 900
11.6667 901
11.6833 902
11.7 903
11.7167 904
11.7333 905
11.75 907
11.7667 908
11.7833 909
11.8 910
11.8167 911
11.8333 912
11.85 913
11.8667 914
11.8833 915
11.9 916
11.9167 917
11.9333 918
11.95 918
11.9667 919
11.9833 920
12.0 921
12.0167 922
12.0333 923
12.05 923
12.0667 924
12.0833 925
12.1 925
12.1167 926
12.1333 927
12.15 927
12.1667 928
12.1833 929
12.2 929
12.2167 930
12.2333 930
12.25 931
12.2667 931
12.2833 932
12.3 932
12.3167 933
12.3333 933
12.35 934
12.3667 934
12.3833 934
12.4 935
12.4167 935
12.4333 935
12.45 936
12.4667 936
12.4833 936
12.5 936
12.5167 937
12.5333 937
12.55 937
12.5667 937
12.5833 937
12.6 937
12.6167 937
12.6333 937
12.65 938
12.6667 938
12.6833 938
12.7 938
12.7167 938
12.7333 937
12.75 937
12.7667 937
12.7833 937
12.8 937
12.8167 937
12.8333 937
12.85 937
12.8667 936
12.8833 936
12.9 936
12.9167 936
12.9333 935
12.95 935
12.9667 935
12.9833 934
13.0 934
13.0167 933
13.0333 933
13.05 933
13.0667 932
13.0833 932
13.1 931
13.1167 931
13.1333 930
13.15 930
13.1667 929
13.1833 928
13.2 928
13.2167 927
13.2333 927
13.25 926
13.2667 925
13.2833 924
13.3 924
13.3167 923
13.3333 922
13.35 921
13.3667 921
13.3833 920
13.4 919
13.4167 918
13.4333 917
13.45 916
13.4667 915
13.4833 914
13.5 913
13.5167 912
13.5333 911
13.55 910
13.5667 909
13.5833 908
13.6 907
13.6167 906
13.6333 905
13.65 904
13.6667 903
13.6833 901
13.7 900
13.7167 899
13.7333 898
13.75 897
13.7667 895
13.7833 894
13.8 893
13.8167 891
13.8333 890
13.85 889
13.8667 887
13.8833 886
13.9 884
13.9167 883
13.9333 881
13.95 880
13.9667 878
13.9833 877
14.0 875
14.0167 874
14.0333 872
14.05 871
14.0667 869
14.0833 867
14.1 866
14.1167 864
14.1333 862
14.15 861
14.1667 859
14.1833 857
14.2 855
14.2167 854
14.2333 852
14.25 850
14.2667 848
14.2833 846
14.3 845
14.3167 843
14.3333 841
14.35 839
14.3667 837
14.3833 835
14.4 833
14.4167 831
14.4333 829
14.45 827
14.4667 825
14.4833 823
14.5 821
14.5167 819
14.5333 817
14.55 814
14.5667 812
14.5833 810
14.6 808
14.6167 806
14.6333 804
14.65 801
14.6667 799
14.6833 797
14.7 794
14.7167 792
14.7333 790
14.75 788
14.7667 785
14.7833 783
14.8 780
14.8167 778
14.8333 776
14.85 773
14.8667 771
14.8833 768
14.9 766
14.9167 763
14.9333 761
14.95 758
14.9667 756
14.9833 753
15.0 751
15.0167 748
15.0333 746
15.05 743
15.0667 740
15.0833 738
15.1 735
15.1167 732
15.1333 730
15.15 727
15.1667 724
15.1833 722
15.2 719
15.2167 716
15.2333 713
15.25 711
15.2667 708
15.2833 705
15.3 702
15.3167 699
15.3333 696
15.35 693
15.3667 691
15.3833 688
15.4 685
15.4167 682
15.4333 679
15.45 676
15.4667 673
15.4833 670
15.5 667
15.5167 664
15.5333 661
15.55 658
15.5667 655
15.5833 652
15.6 649
15.6167 646
15.6333 642
15.65 639
15.6667 636
15.6833 633
15.7 630
15.7167 627
15.7333 624
15.75 620
15.7667 617
15.7833 614
15.8 611
15.8167 608
15.8333 604
15.85 601
15.8667 598
15.8833 594
15.9 591
15.9167 588
15.9333 585
15.95 581
15.9667 578
15.9833 575
