9.0 451
9.0167 456
9.0333 459
9.05 463
9.0667 466
9.0833 470
9.1 473
9.1167 477
9.1333 480
9.15 484
9.1667 487
9.1833 491
9.2 494
9.2167 498
9.2333 501
9.25 505
9.2667 508
9.2833 512
9.3 515
9.3167 518
9.3333 522
9.35 525
9.3667 529
9.3833 532
9.4 535
9.4167 539
9.4333 542
9.45 545
9.4667 549
9.4833 552
9.5 555
9.5167 559
9.5333 562
9.55 565
9.5667 568
9.5833 572
9.6 575
9.6167 578
9.6333 581
9.65 585
9.6667 588
9.6833 591
9.7 594
9.7167 597
9.7333 600
9.75 604
9.7667 607
9.7833 610
9.8 613
9.8167 616
9.8333 619
9.85 622
9.8667 625
9.8833 628
9.9 631
9.9167 634
9.9333 637
9.95 640
9.9667 643
9.9833 646
10.0 649
10.0167 652
10.0333 655
10.05 658
10.0667 661
10.0833 664
10.1 666
10.1167 669
10.1333 672
10.15 675
10.1667 678
10.1833 681
10.2 683
10.2167 686
10.2333 689
10.25 692
10.2667 694
10.2833 697
10.3 700
10.3167 702
10.3333 705
10.35 708
10.3667 710
10.3833 713
10.4 716
10.4167 718
10.4333 721
10.45 723
10.4667 726
10.4833 728
10.5 731
10.5167 733
10.5333 736
10.55 738
10.5667 741
10.5833 743
10.6 746
10.6167 748
10.6333 750
10.65 753
10.6667 755
10.6833 757
10.7 760
10.7167 762
10.7333 764
10.75 767
10.7667 769
10.7833 771
10.8 773
10.8167 775
10.8333 778
10.85 780
10.8667 782
10.8833 784
10.9 786
10.9167 788
10.9333 790
10.95 792
10.9667 794
10.9833 796
11.0 798
11.0167 800
11.0333 802
11.05 804
11.0667 806
11.0833 808
11.1 810
11.1167 812
11.1333 814
11.15 816
11.1667 818
11.1833 819
11.2 821
11.2167 823
11.2333 825
11.25 826
11.2667 828
11.2833 830
11.3 831
11.3167 833
11.3333 835
11.35 836
11.3667 838
11.3833 840
11.4 841
11.4167 843
11.4333 844
11.45 846
11.4667 847
11.4833 849
11.5 850
11.5167 852
11.5333 853
11.55 855
11.5667 856
11.5833 857
11.6 859
11.6167 860
11.6333 861
11.65 863
11.6667 864
11.6833 865
11.7 866
11.7167 867
11.7333 869
11.75 870
11.7667 871
11.7833 872
11.8 873
11.8167 874
11.8333 875
11.85 876
11.8667 878
11.8833 879
11.9 880
11.9167 881
11.9333 881
11.95 882
11.9667 883
11.9833 884
12.0 885
12.0167 886
12.0333 887
12.05 888
12.0667 888
12.0833 889
12.1 890
12.1167 891
12.1333 891
12.15 892
12.1667 893
12.1833 893
12.2 894
12.2167 895
12.2333 895
12.25 896
12.2667 896
12.2833 897
12.3 898
12.3167 898
12.3333 899
12.35 899
12.3667 899
12.3833 900
12.4 900
12.4167 901
12.4333 901
12.45 901
12.4667 902
12.4833 902
12.5 902
12.5167 902
12.5333 903
12.55 903
12.5667 903
12.5833 903
12.6 903
12.6167 904
12.6333 904
12.65 904
12.6667 904
12.6833 904
12.7 904
12.7167 904
12.7333 904
12.75 904
12.7667 904
12.7833 904
12.8 904
12.8167 904
12.8333 904
12.85 903
12.8667 903
12.8833 903
12.9 903
12.9167 903
12.9333 902
12.95 902
12.9667 902
12.9833 902
13.0 901
13.0167 901
13.0333 901
13.05 900
13.0667 900
13.0833 899
13.1 899
13.1167 898
13.1333 898
13.15 897
13.1667 897
13.1833 896
13.2 896
13.2167 895
13.2333 895
13.25 894
13.2667 893
13.2833 893
13.3 892
13.3167 891
13.3333 891
13.35 890
13.3667 889
13.3833 888
13.4 887
13.4167 887
13.4333 886
13.45 885
13.4667 884
13.4833 883
13.5 882
13.5167 881
13.5333 880
13.55 879
13.5667 878
13.5833 877
13.6 876
13.6167 875
13.6333 874
13.65 873
13.6667 872
13.6833 871
13.7 870
13.7167 868
13.7333 867
13.75 866
13.7667 865
13.7833 863
13.8 862
13.8167 861
13.8333 860
13.85 858
13.8667 857
13.8833 856
13.9 854
13.9167 853
13.9333 851
13.95 850
13.9667 848
13.9833 847
14.0 845
14.0167 844
14.0333 842
14.05 841
14.0667 839
14.0833 838
14.1 836
14.1167 834
14.1333 833
14.15 831
14.1667 829
14.1833 828
14.2 826
14.2167 824
14.2333 822
14.25 821
14.2667 819
14.2833 817
14.3 815
14.3167 813
14.3333 811
14.35 810
14.3667 808
14.3833 806
14.4 804
14.4167 802
14.4333 800
14.45 798
14.4667 796
14.4833 794
14.5 792
14.5167 790
14.5333 788
14.55 786
14.5667 783
14.5833 781
14.6 779
14.6167 777
14.6333 775
14.65 773
14.6667 770
14.6833 768
14.7 766
14.7167 764
14.7333 761
14.75 759
14.7667 757
14.7833 754
14.8 752
14.8167 750
14.8333 747
14.85 745
14.8667 742
14.8833 740
14.9 738
14.9167 735
14.9333 733
14.95 730
14.9667 728
14.9833 725
15.0 723
15.0167 720
15.0333 718
15.05 715
15.0667 713
15.0833 710
15.1 707
15.1167 705
15.1333 702
15.15 699
15.1667 697
15.1833 694
15.2 691
15.2167 688
15.2333 686
15.25 683
15.2667 680
15.2833 677
15.3 675
15.3167 672
15.3333 669
15.35 666
15.3667 663
15.3833 660
15.4 657
15.4167 654
15.4333 652
15.45 649
15.4667 646
15.4833 643
15.5 640
15.5167 637
15.5333 634
15.55 631
15.5667 628
15.5833 625
15.6 622
15.6167 619
15.6333 615
15.65 612
15.6667 609
15.6833 606
15.7 603
15.7167 600
15.7333 597
15.75 594
15.7667 590
15.7833 587
15.8 584
15.8167 581
15.8333 578
15.85 574
15.8667 571
15.8833 568
15.9 565
15.9167 561
15.9333 558
15.95 555
15.9667 551
15.9833 548
