9.0 488
9.0167 492
9.0333 496
9.05 499
9.0667 503
9.0833 507
9.1 510
9.1167 514
9.1333 517
9.15 521
9.1667 524
9.1833 527
9.2 531
9.2167 534
9.2333 538
9.25 541
9.2667 545
9.2833 548
9.3 552
9.3167 555
9.3333 558
9.35 562
9.3667 565
9.3833 568
9.4 572
9.4167 575
9.4333 578
9.45 582
9.4667 585
9.4833 588
9.5 592
9.5167 595
9.5333 598
9.55 601
9.5667 605
9.5833 608
9.6 611
9.6167 614
9.6333 617
9.65 621
9.6667 624
9.6833 627
9.7 630
9.7167 633
9.7333 636
9.75 639
9.7667 643
9.7833 646
9.8 649
9.8167 652
9.8333 655
9.85 658
9.8667 661
9.8833 664
9.9 667
9.9167 670
9.9333 673
9.95 676
9.9667 679
9.9833 682
10.0 685
10.0167 687
10.0333 690
10.05 693
10.0667 696
10.0833 699
10.1 702
10.1167 705
10.1333 707
10.15 710
10.1667 713
10.1833 716
10.2 718
10.2167 721
10.2333 724
10.25 727
10.2667 729
10.2833 732
10.3 735
10.3167 737
10.3333 740
10.35 742
10.3667 745
10.3833 748
10.4 750
10.4167 753
10.4333 755
10.45 758
10.4667 760
10.4833 763
10.5 765
10.5167 768
10.5333 770
10.55 772
10.5667 775
10.5833 777
10.6 780
10.6167 782
10.6333 784
10.65 787
10.6667 789
10.6833 791
10.7 793
10.7167 796
10.7333 798
10.75 800
10.7667 802
10.7833 805
10.8 807
10.8167 809
10.8333 811
10.85 813
10.8667 815
10.8833 817
10.9 819
10.9167 821
10.9333 823
10.95 825
10.9667 827
10.9833 829
11.0 831
11.0167 833
11.0333 835
11.05 837
11.0667 839
11.0833 841
11.1 843
11.1167 845
11.1333 846
11.15 848
11.1667 850
11.1833 852
11.2 854
11.2167 855
11.2333 857
11.25 859
11.2667 860
11.2833 862
11.3 864
11.3167 865
11.3333 867
11.35 868
11.3667 870
11.3833 871
11.4 873
11.4167 875
11.4333 876
11.45 877
11.4667 879
11.4833 880
11.5 882
11.5167 883
11.5333 885
11.55 886
11.5667 887
11.5833 889
11.6 890
11.6167 891
11.6333 892
11.65 894
11.6667 895
11.6833 896
11.7 897
11.7167 898
11.7333 900
11.75 901
11.7667 902
11.7833 903
11.8 904
11.8167 905
11.8333 906
11.85 907
11.8667 908
11.8833 909
11.9 910
11.9167 911
11.9333 912
11.95 913
11.9667 914
11.9833 914
12.0 915
12.0167 916
12.0333 917
12.05 918
12.0667 918
12.0833 919
12.1 920
12.1167 921
12.1333 921
12.15 922
12.1667 922
12.1833 923
12.2 924
12.2167 924
12.2333 925
12.25 925
12.2667 926
12.2833 926
12.3 927
12.3167 927
12.3333 928
12.35 928
12.3667 929
12.3833 929
12.4 929
12.4167 930
12.4333 930
12.45 930
12.4667 930
12.4833 931
12.5 931
12.5167 931
12.5333 931
12.55 932
12.5667 932
12.5833 932
12.6 932
12.6167 932
12.6333 932
12.65 932
12.6667 932
12.6833 932
12.7 932
12.7167 932
12.7333 932
12.75 932
12.7667 932
12.7833 932
12.8 932
12.8167 932
12.8333 931
12.85 931
12.8667 931
12.8833 931
12.9 931
12.9167 930
12.9333 930
12.95 930
12.9667 929
12.9833 929
13.0 929
13.0167 928
13.0333 928
13.05 927
13.0667 927
13.0833 927
13.1 926
13.1167 926
13.1333 925
13.15 925
13.1667 924
13.1833 923
13.2 923
13.2167 922
13.2333 921
13.25 921
13.2667 920
13.2833 919
13.3 919
13.3167 918
13.3333 917
13.35 916
13.3667 916
13.3833 915
13.4 914
13.4167 913
13.4333 912
13.45 911
13.4667 910
13.4833 909
13.5 908
13.5167 907
13.5333 906
13.55 905
13.5667 904
13.5833 903
13.6 902
13.6167 901
13.6333 900
13.65 899
13.6667 898
13.6833 897
13.7 895
13.7167 894
13.7333 893
13.75 892
13.7667 890
13.7833 889
13.8 888
13.8167 886
13.8333 885
13.85 884
13.8667 882
13.8833 881
13.9 880
13.9167 878
13.9333 877
13.95 875
13.9667 874
13.9833 872
14.0 871
14.0167 869
14.0333 868
14.05 866
14.0667 864
14.0833 863
14.1 861
14.1167 859
14.1333 858
14.15 856
14.1667 854
14.1833 853
14.2 851
14.2167 849
14.2333 847
14.25 845
14.2667 844
14.2833 842
14.3 840
14.3167 838
14.3333 836
14.35 834
14.3667 832
14.3833 830
14.4 828
14.4167 826
14.4333 824
14.45 822
14.4667 820
14.4833 818
14.5 816
14.5167 814
14.5333 812
14.55 810
14.5667 808
14.5833 805
14.6 803
14.6167 801
14.6333 799
14.65 797
14.6667 794
14.6833 792
14.7 790
14.7167 788
14.7333 785
14.75 783
14.7667 781
14.7833 778
14.8 776
14.8167 773
14.8333 771
14.85 769
14.8667 766
14.8833 764
14.9 761
14.9167 759
14.9333 756
14.95 754
14.9667 751
14.9833 749
15.0 746
15.0167 744
15.0333 741
15.05 739
15.0667 736
15.0833 733
15.1 731
15.1167 728
15.1333 725
15.15 723
15.1667 720
15.1833 717
15.2 714
15.2167 712
15.2333 709
15.25 706
15.2667 703
15.2833 700
15.3 698
15.3167 695
15.3333 692
15.35 689
15.3667 686
15.3833 683
15.4 680
15.4167 677
15.4333 674
15.45 671
15.4667 668
15.4833 666
15.5 662
15.5167 659
15.5333 656
15.55 653
15.5667 650
15.5833 647
15.6 644
15.6167 641
15.6333 638
15.65 635
15.6667 632
15.6833 629
15.7 625
15.7167 622
15.7333 619
15.75 616
15.7667 613
15.7833 610
15.8 606
15.8167 603
15.8333 600
15.85 597
15.8667 593
15.8833 590
15.9 587
15.9167 583
15.9333 580
15.95 577
15.9667 574
15.9833 570
