9.0 542
9.0167 545
9.0333 548
9.05 551
9.0667 555
9.0833 558
9.1 561
9.1167 565
9.1333 568
9.15 571
9.1667 574
9.1833 577
9.2 581
9.2167 584
9.2333 587
9.25 590
9.2667 593
9.2833 596
9.3 600
9.3167 603
9.3333 606
9.35 609
9.3667 612
9.3833 615
9.4 618
9.4167 621
9.4333 624
9.45 627
9.4667 630
9.4833 633
9.5 636
9.5167 639
9.5333 642
9.55 645
9.5667 648
9.5833 651
9.6 654
9.6167 657
9.6333 660
9.65 663
9.6667 666
9.6833 669
9.7 672
9.7167 675
9.7333 678
9.75 680
9.7667 683
9.7833 686
9.8 689
9.8167 692
9.8333 694
9.85 697
9.8667 700
9.8833 703
9.9 705
9.9167 708
9.9333 711
9.95 714
9.9667 716
9.9833 719
10.0 722
10.0167 724
10.0333 727
10.05 730
10.0667 732
10.0833 735
10.1 737
10.1167 740
10.1333 742
10.15 745
10.1667 748
10.1833 750
10.2 753
10.2167 755
10.2333 757
10.25 760
10.2667 762
10.2833 765
10.3 767
10.3167 770
10.3333 772
10.35 774
10.3667 777
10.3833 779
10.4 781
10.4167 784
10.4333 786
10.45 788
10.4667 791
10.4833 793
10.5 795
10.5167 797
10.5333 799
10.55 802
10.5667 804
10.5833 806
10.6 808
10.6167 810
10.6333 812
10.65 814
10.6667 817
10.6833 819
10.7 821
10.7167 823
10.7333 825
10.75 827
10.7667 829
10.7833 831
10.8 833
10.8167 835
10.8333 837
10.85 838
10.8667 840
10.8833 842
10.9 844
10.9167 846
10.9333 848
10.95 850
10.9667 851
10.9833 853
11.0 855
11.0167 857
11.0333 858
11.05 860
11.0667 862
11.0833 864
11.1 865
11.1167 867
11.1333 868
11.15 870
11.1667 872
11.1833 873
11.2 875
11.2167 876
11.2333 878
11.25 879
11.2667 881
11.2833 882
11.3 884
11.3167 885
11.3333 887
11.35 888
11.3667 890
11.3833 891
11.4 892
11.4167 894
11.4333 895
11.45 896
11.4667 898
11.4833 899
11.5 900
11.5167 901
11.5333 903
11.55 904
11.5667 905
11.5833 906
11.6 907
11.6167 908
11.6333 909
11.65 911
11.6667 912
11.6833 913
11.7 914
11.7167 915
11.7333 916
11.75 917
11.7667 918
11.7833 919
11.8 920
11.8167 920
11.8333 921
11.85 922
11.8667 923
11.8833 924
11.9 925
11.9167 926
11.9333 926
11.95 927
11.9667 928
11.9833 929
12.0 929
12.0167 930
12.0333 931
12.05 931
12.0667 932
12.0833 933
12.1 933
12.1167 934
12.1333 934
12.15 935
12.1667 936
12.1833 936
12.2 937
12.2167 937
12.2333 937
12.25 938
12.2667 938
12.2833 939
12.3 939
12.3167 939
12.3333 940
12.35 940
12.3667 940
12.3833 941
12.4 941
12.4167 941
12.4333 942
12.45 942
12.4667 942
12.4833 942
12.5 942
12.5167 942
12.5333 943
12.55 943
12.5667 943
12.5833 943
12.6 943
12.6167 943
12.6333 943
12.65 943
12.6667 943
12.6833 943
12.7 943
12.7167 943
12.7333 943
12.75 942
12.7667 942
12.7833 942
12.8 942
12.8167 942
12.8333 942
12.85 941
12.8667 941
12.8833 941
12.9 940
12.9167 940
12.9333 940
12.95 940
12.9667 939
12.9833 939
13.0 938
13.0167 938
13.0333 938
13.05 937
13.0667 937
13.0833 936
13.1 936
13.1167 935
13.1333 935
13.15 934
13.1667 933
13.1833 933
13.2 932
13.2167 931
13.2333 931
13.25 930
13.2667 929
13.2833 929
13.3 928
13.3167 927
13.3333 927
13.35 926
13.3667 925
13.3833 924
13.4 923
13.4167 922
13.4333 922
13.45 921
13.4667 920
13.4833 919
13.5 918
13.5167 917
13.5333 916
13.55 915
13.5667 914
13.5833 913
13.6 912
13.6167 911
13.6333 910
13.65 908
13.6667 907
13.6833 906
13.7 905
13.7167 904
13.7333 903
13.75 901
13.7667 900
13.7833 899
13.8 898
13.8167 896
13.8333 895
13.85 894
13.8667 892
13.8833 891
13.9 890
13.9167 888
13.9333 887
13.95 886
13.9667 884
13.9833 883
14.0 881
14.0167 880
14.0333 878
14.05 877
14.0667 875
14.0833 874
14.1 872
14.1167 870
14.1333 869
14.15 867
14.1667 865
14.1833 864
14.2 862
14.2167 860
14.2333 859
14.25 857
14.2667 855
14.2833 853
14.3 852
14.3167 850
14.3333 848
14.35 846
14.3667 844
14.3833 843
14.4 841
14.4167 839
14.4333 837
14.45 835
14.4667 833
14.4833 831
14.5 829
14.5167 827
14.5333 825
14.55 823
14.5667 821
14.5833 819
14.6 817
14.6167 815
14.6333 813
14.65 811
14.6667 808
14.6833 806
14.7 804
14.7167 802
14.7333 800
14.75 798
14.7667 795
14.7833 793
14.8 791
14.8167 789
14.8333 786
14.85 784
14.8667 782
14.8833 779
14.9 777
14.9167 775
14.9333 772
14.95 770
14.9667 768
14.9833 765
15.0 763
15.0167 760
15.0333 758
15.05 756
15.0667 753
15.0833 751
15.1 748
15.1167 746
15.1333 743
15.15 740
15.1667 738
15.1833 735
15.2 733
15.2167 730
15.2333 727
15.25 725
15.2667 722
15.2833 720
15.3 717
15.3167 714
15.3333 712
15.35 709
15.3667 706
15.3833 703
15.4 701
15.4167 698
15.4333 695
15.45 692
15.4667 689
15.4833 687
15.5 684
15.5167 681
15.5333 678
15.55 675
15.5667 672
15.5833 670
15.6 667
15.6167 664
15.6333 661
15.65 658
15.6667 655
15.6833 652
15.7 649
15.7167 646
15.7333 643
15.75 640
15.7667 637
15.7833 634
15.8 631
15.8167 628
15.8333 625
15.85 622
15.8667 619
15.8833 616
15.9 613
15.9167 610
15.9333 606
15.95 603
15.9667 600
15.9833 597
