9.0 500
9.0167 503
9.0333 507
9.05 510
9.0667 514
9.0833 517
9.1 521
9.1167 524
9.1333 528
9.15 531
9.1667 535
9.1833 538
9.2 542
9.2167 545
9.2333 549
9.25 552
9.2667 555
9.2833 559
9.3 562
9.3167 566
9.3333 569
9.35 572
9.3667 576
9.3833 579
9.4 582
9.4167 586
9.4333 589
9.45 592
9.4667 596
9.4833 599
9.5 602
9.5167 606
9.5333 609
9.55 612
9.5667 615
9.5833 618
9.6 622
9.6167 625
9.6333 628
9.65 631
9.6667 634
9.6833 638
9.7 641
9.7167 644
9.7333 647
9.75 650
9.7667 653
9.7833 656
9.8 659
9.8167 662
9.8333 665
9.85 668
9.8667 671
9.8833 674
9.9 677
9.9167 680
9.9333 683
9.95 686
9.9667 689
9.9833 692
10.0 695
10.0167 698
10.0333 701
10.05 704
10.0667 706
10.0833 709
10.1 712
10.1167 715
10.1333 718
10.15 721
10.1667 723
10.1833 726
10.2 729
10.2167 732
10.2333 734
10.25 737
10.2667 740
10.2833 742
10.3 745
10.3167 748
10.3333 750
10.35 753
10.3667 755
10.3833 758
10.4 760
10.4167 763
10.4333 766
10.45 768
10.4667 771
10.4833 773
10.5 776
10.5167 778
10.5333 780
10.55 783
10.5667 785
10.5833 788
10.6 790
10.6167 792
10.6333 795
10.65 797
10.6667 799
10.6833 802
10.7 804
10.7167 806
10.7333 808
10.75 811
10.7667 813
10.7833 815
10.8 817
10.8167 819
10.8333 822
10.85 824
10.8667 826
10.8833 828
10.9 830
10.9167 832
10.9333 834
10.95 836
10.9667 838
10.9833 840
11.0 842
11.0167 844
11.0333 846
11.05 848
11.0667 850
11.0833 852
11.1 854
11.1167 855
11.1333 857
11.15 859
11.1667 861
11.1833 863
11.2 864
11.2167 866
11.2333 868
11.25 870
11.2667 871
11.2833 873
11.3 875
11.3167 876
11.3333 878
11.35 880
11.3667 881
11.3833 883
11.4 884
11.4167 886
11.4333 887
11.45 889
11.4667 890
11.4833 892
11.5 893
11.5167 895
11.5333 896
11.55 897
11.5667 899
11.5833 900
11.6 901
11.6167 903
11.6333 904
11.65 905
11.6667 906
11.6833 908
11.7 909
11.7167 910
11.7333 911
11.75 912
11.7667 914
11.7833 915
11.8 916
11.8167 917
11.8333 918
11.85 919
11.8667 920
11.8833 921
11.9 922
11.9167 923
11.9333 924
11.95 925
11.9667 926
11.9833 927
12.0 928
12.0167 928
12.0333 929
12.05 930
12.0667 931
12.0833 932
12.1 932
12.1167 933
12.1333 934
12.15 935
12.1667 935
12.1833 936
12.2 937
12.2167 937
12.2333 938
12.25 938
12.2667 939
12.2833 939
12.3 940
12.3167 941
12.3333 941
12.35 941
12.3667 942
12.3833 942
12.4 943
12.4167 943
12.4333 943
12.45 944
12.4667 944
12.4833 944
12.5 945
12.5167 945
12.5333 945
12.55 946
12.5667 946
12.5833 946
12.6 946
12.6167 946
12.6333 946
12.65 946
12.6667 947
12.6833 947
12.7 947
12.7167 947
12.7333 947
12.75 947
12.7667 947
12.7833 947
12.8 947
12.8167 946
12.8333 946
12.85 946
12.8667 946
12.8833 946
12.9 946
12.9167 946
12.9333 945
12.95 945
12.9667 945
12.9833 945
13.0 944
13.0167 944
13.0333 944
13.05 943
13.0667 943
13.0833 942
13.1 942
13.1167 942
13.1333 941
13.15 941
13.1667 940
13.1833 940
13.2 939
13.2167 938
13.2333 938
13.25 937
13.2667 937
13.2833 936
13.3 935
13.3167 935
13.3333 934
13.35 933
13.3667 933
13.3833 932
13.4 931
13.4167 930
13.4333 929
13.45 929
13.4667 928
13.4833 927
13.5 926
13.5167 925
13.5333 924
13.55 923
13.5667 922
13.5833 921
13.6 920
13.6167 919
13.6333 918
13.65 917
13.6667 916
13.6833 915
13.7 914
13.7167 913
13.7333 912
13.75 910
13.7667 909
13.7833 908
13.8 907
13.8167 906
13.8333 904
13.85 903
13.8667 902
13.8833 900
13.9 899
13.9167 898
13.9333 896
13.95 895
13.9667 893
13.9833 892
14.0 891
14.0167 889
14.0333 888
14.05 886
14.0667 885
14.0833 883
14.1 881
14.1167 880
14.1333 878
14.15 877
14.1667 875
14.1833 873
14.2 872
14.2167 870
14.2333 868
14.25 867
14.2667 865
14.2833 863
14.3 861
14.3167 859
14.3333 858
14.35 856
14.3667 854
14.3833 852
14.4 850
14.4167 848
14.4333 846
14.45 844
14.4667 842
14.4833 841
14.5 839
14.5167 836
14.5333 834
14.55 832
14.5667 830
14.5833 828
14.6 826
14.6167 824
14.6333 822
14.65 820
14.6667 818
14.6833 816
14.7 813
14.7167 811
14.7333 809
14.75 807
14.7667 804
14.7833 802
14.8 800
14.8167 798
14.8333 795
14.85 793
14.8667 790
14.8833 788
14.9 786
14.9167 783
14.9333 781
14.95 778
14.9667 776
14.9833 774
15.0 771
15.0167 768
15.0333 766
15.05 763
15.0667 760
15.0833 758
15.1 755
15.1167 753
15.1333 750
15.15 748
15.1667 745
15.1833 742
15.2 740
15.2167 737
15.2333 734
15.25 731
15.2667 729
15.2833 726
15.3 723
15.3167 720
15.3333 718
15.35 715
15.3667 712
15.3833 709
15.4 706
15.4167 704
15.4333 701
15.45 698
15.4667 695
15.4833 692
15.5 689
15.5167 686
15.5333 683
15.55 680
15.5667 677
15.5833 674
15.6 671
15.6167 668
15.6333 665
15.65 662
15.6667 659
15.6833 656
15.7 653
15.7167 650
15.7333 647
15.75 644
15.7667 641
15.7833 638
15.8 634
15.8167 631
15.8333 628
15.85 625
15.8667 622
15.8833 618
15.9 615
15.9167 612
15.9333 609
15.95 606
15.9667 602
15.9833 599
