9.0 485
9.0167 488
9.0333 491
9.05 495
9.0667 498
9.0833 502
9.1 505
9.1167 508
9.1333 512
9.15 515
9.1667 519
9.1833 522
9.2 525
9.2167 529
9.2333 532
9.25 535
9.2667 539
9.2833 542
9.3 545
9.3167 549
9.3333 552
9.35 555
9.3667 558
9.3833 562
9.4 565
9.4167 568
9.4333 571
9.45 575
9.4667 578
9.4833 581
9.5 584
9.5167 588
9.5333 591
9.55 594
9.5667 597
9.5833 600
9.6 603
9.6167 606
9.6333 610
9.65 613
9.6667 616
9.6833 619
9.7 622
9.7167 625
9.7333 628
9.75 631
9.7667 634
9.7833 637
9.8 640
9.8167 643
9.8333 646
9.85 649
9.8667 652
9.8833 655
9.9 658
9.9167 661
9.9333 664
9.95 667
9.9667 669
9.9833 672
10.0 675
10.0167 678
10.0333 681
10.05 684
10.0667 686
10.0833 689
10.1 692
10.1167 695
10.1333 698
10.15 700
10.1667 703
10.1833 706
10.2 708
10.2167 711
10.2333 714
10.25 716
10.2667 719
10.2833 722
10.3 724
10.3167 727
10.3333 729
10.35 732
10.3667 735
10.3833 737
10.4 740
10.4167 742
10.4333 745
10.45 747
10.4667 750
10.4833 752
10.5 754
10.5167 757
10.5333 759
10.55 762
10.5667 764
10.5833 766
10.6 769
10.6167 771
10.6333 773
10.65 776
10.6667 778
10.6833 780
10.7 782
10.7167 785
10.7333 787
10.75 789
10.7667 791
10.7833 794
10.8 796
10.8167 798
10.8333 800
10.85 802
10.8667 804
10.8833 806
10.9 808
10.9167 810
10.9333 812
10.95 814
10.9667 816
10.9833 818
11.0 820
11.0167 822
11.0333 824
11.05 826
11.0667 828
11.0833 830
11.1 832
11.1167 834
11.1333 835
11.15 837
11.1667 839
11.1833 841
11.2 842
11.2167 844
11.2333 846
11.25 848
11.2667 849
11.2833 851
11.3 853
11.3167 854
11.3333 856
11.35 858
11.3667 859
11.3833 861
11.4 862
11.4167 864
11.4333 865
11.45 867
11.4667 868
11.4833 870
11.5 871
11.5167 873
11.5333 874
11.55 875
11.5667 877
11.5833 878
11.6 879
11.6167 881
11.6333 882
11.65 883
11.6667 885
11.6833 886
11.7 887
11.7167 888
11.7333 889
11.75 891
11.7667 892
11.7833 893
11.8 894
11.8167 895
11.8333 896
11.85 897
11.8667 898
11.8833 899
11.9 900
11.9167 901
11.9333 902
11.95 903
11.9667 904
11.9833 905
12.0 906
12.0167 907
12.0333 908
12.05 908
12.0667 909
12.0833 910
12.1 911
12.1167 912
12.1333 912
12.15 913
12.1667 914
12.1833 914
12.2 915
12.2167 916
12.2333 916
12.25 917
12.2667 918
12.2833 918
12.3 919
12.3167 919
12.3333 920
12.35 920
12.3667 921
12.3833 921
12.4 922
12.4167 922
12.4333 922
12.45 923
12.4667 923
12.4833 923
12.5 924
12.5167 924
12.5333 924
12.55 925
12.5667 925
12.5833 925
12.6 925
12.6167 925
12.6333 926
12.65 926
12.6667 926
12.6833 926
12.7 926
12.7167 926
12.7333 926
12.75 926
12.7667 926
12.7833 926
12.8 926
12.8167 926
12.8333 926
12.85 926
12.8667 926
12.8833 926
12.9 926
12.9167 925
12.9333 925
12.95 925
12.9667 925
12.9833 925
13.0 924
13.0167 924
13.0333 924
13.05 923
13.0667 923
13.0833 923
13.1 922
13.1167 922
13.1333 922
13.15 921
13.1667 921
13.1833 920
13.2 920
13.2167 919
13.2333 919
13.25 918
13.2667 918
13.2833 917
13.3 916
13.3167 916
13.3333 915
13.35 914
13.3667 914
13.3833 913
13.4 912
13.4167 912
13.4333 911
13.45 910
13.4667 909
13.4833 908
13.5 908
13.5167 907
13.5333 906
13.55 905
13.5667 904
13.5833 903
13.6 902
13.6167 901
13.6333 900
13.65 899
13.6667 898
13.6833 897
13.7 896
13.7167 895
13.7333 894
13.75 893
13.7667 892
13.7833 891
13.8 889
13.8167 888
13.8333 887
13.85 886
13.8667 885
13.8833 883
13.9 882
13.9167 881
13.9333 879
13.95 878
13.9667 877
13.9833 875
14.0 874
14.0167 873
14.0333 871
14.05 870
14.0667 868
14.0833 867
14.1 865
14.1167 864
14.1333 862
14.15 861
14.1667 859
14.1833 858
14.2 856
14.2167 854
14.2333 853
14.25 851
14.2667 849
14.2833 848
14.3 846
14.3167 844
14.3333 843
14.35 841
14.3667 839
14.3833 837
14.4 836
14.4167 834
14.4333 832
14.45 830
14.4667 828
14.4833 826
14.5 824
14.5167 822
14.5333 820
14.55 818
14.5667 817
14.5833 815
14.6 813
14.6167 810
14.6333 808
14.65 806
14.6667 804
14.6833 802
14.7 800
14.7167 798
14.7333 796
14.75 794
14.7667 792
14.7833 789
14.8 787
14.8167 785
14.8333 783
14.85 780
14.8667 778
14.8833 776
14.9 774
14.9167 771
14.9333 769
14.95 767
14.9667 764
14.9833 762
15.0 759
15.0167 757
15.0333 754
15.05 752
15.0667 749
15.0833 747
15.1 744
15.1167 742
15.1333 739
15.15 737
15.1667 734
15.1833 732
15.2 729
15.2167 727
15.2333 724
15.25 721
15.2667 719
15.2833 716
15.3 714
15.3167 711
15.3333 708
15.35 706
15.3667 703
15.3833 700
15.4 697
15.4167 695
15.4333 692
15.45 689
15.4667 686
15.4833 683
15.5 681
15.5167 678
15.5333 675
15.55 672
15.5667 669
15.5833 666
15.6 663
15.6167 661
15.6333 658
15.65 655
15.6667 652
15.6833 649
15.7 646
15.7167 643
15.7333 640
15.75 637
15.7667 634
15.7833 631
15.8 628
15.8167 625
15.8333 622
15.85 619
15.8667 616
15.8833 612
15.9 609
15.9167 606
15.9333 603
15.95 600
15.9667 597
15.9833 594
