9.0 198
9.0167 202
9.0333 204
9.05 207
9.0667 209
9.0833 212
9.1 214
9.1167 217
9.1333 219
9.15 222
9.1667 225
9.1833 227
9.2 230
9.2167 232
9.2333 235
9.25 237
9.2667 240
9.2833 243
9.3 245
9.3167 248
9.3333 250
9.35 253
9.3667 256
9.3833 258
9.4 261
9.4167 263
9.4333 266
9.45 268
9.4667 271
9.4833 274
9.5 276
9.5167 279
9.5333 281
9.55 284
9.5667 287
9.5833 289
9.6 292
9.6167 294
9.6333 297
9.65 299
9.6667 302
9.6833 304
9.7 307
9.7167 310
9.7333 312
9.75 315
9.7667 317
9.7833 320
9.8 322
9.8167 325
9.8333 327
9.85 330
9.8667 332
9.8833 335
9.9 337
9.9167 340
9.9333 342
9.95 345
9.9667 347
9.9833 350
10.0 352
10.0167 355
10.0333 357
10.05 360
10.0667 362
10.0833 364
10.1 367
10.1167 369
10.1333 372
10.15 374
10.1667 376
10.1833 379
10.2 381
10.2167 384
10.2333 386
10.25 388
10.2667 391
10.2833 393
10.3 395
10.3167 398
10.3333 400
10.35 402
10.3667 404
10.3833 407
10.4 409
10.4167 411
10.4333 413
10.45 416
10.4667 418
10.4833 420
10.5 422
10.5167 425
10.5333 427
10.55 429
10.5667 431
10.5833 433
10.6 435
10.6167 437
10.6333 440
10.65 442
10.6667 444
10.6833 446
10.7 448
10.7167 450
10.7333 452
10.75 454
10.7667 456
10.7833 458
10.8 460
10.8167 462
10.8333 464
10.85 466
10.8667 468
10.8833 470
10.9 472
10.9167 474
10.9333 476
10.95 478
10.9667 480
10.9833 481
11.0 483
11.0167 485
11.0333 487
11.05 489
11.0667 490
11.0833 492
11.1 494
11.1167 496
11.1333 498
11.15 499
11.1667 501
11.1833 503
11.2 504
11.2167 506
11.2333 508
11.25 509
11.2667 511
11.2833 513
11.3 514
11.3167 516
11.3333 517
11.35 519
11.3667 520
11.3833 522
11.4 523
11.4167 525
11.4333 526
11.45 528
11.4667 529
11.4833 531
11.5 532
11.5167 534
11.5333 535
11.55 536
11.5667 538
11.5833 539
11.6 540
11.6167 542
11.6333 543
11.65 544
11.6667 546
11.6833 547
11.7 548
11.7167 549
11.7333 550
11.75 552
11.7667 553
11.7833 554
11.8 555
11.8167 556
11.8333 557
11.85 558
11.8667 559
11.8833 560
11.9 562
11.9167 563
11.9333 564
11.95 565
11.9667 565
11.9833 566
12.0 567
12.0167 568
12.0333 569
12.05 570
12.0667 571
12.0833 572
12.1 573
12.1167 573
12.1333 574
12.15 575
12.1667 576
12.1833 577
12.2 577
12.2167 578
12.2333 579
12.25 579
12.2667 580
12.2833 581
12.3 581
12.3167 582
12.3333 583
12.35 583
12.3667 584
12.3833 584
12.4 585
12.4167 585
12.4333 586
12.45 586
12.4667 587
12.4833 587
12.5 588
12.5167 588
12.5333 588
12.55 589
12.5667 589
12.5833 589
12.6 590
12.6167 590
12.6333 590
12.65 591
12.6667 591
12.6833 591
12.7 591
12.7167 591
12.7333 592
12.75 592
12.7667 592
12.7833 592
12.8 592
12.8167 592
12.8333 592
12.85 592
12.8667 592
12.8833 592
12.9 592
12.9167 592
12.9333 592
12.95 592
12.9667 592
12.9833 592
13.0 592
13.0167 592
13.0333 592
13.05 592
13.0667 591
13.0833 591
13.1 591
13.1167 591
13.1333 591
13.15 590
13.1667 590
13.1833 590
13.2 589
13.2167 589
13.2333 589
13.25 588
13.2667 588
13.2833 587
13.3 587
13.3167 587
13.3333 586
13.35 586
13.3667 585
13.3833 585
13.4 584
13.4167 584
13.4333 583
13.45 582
13.4667 582
13.4833 581
13.5 581
13.5167 580
13.5333 579
13.55 579
13.5667 578
13.5833 577
13.6 576
13.6167 576
13.6333 575
13.65 574
13.6667 573
13.6833 573
13.7 572
13.7167 571
13.7333 570
13.75 569
13.7667 568
13.7833 567
13.8 566
13.8167 565
13.8333 564
13.85 563
13.8667 562
13.8833 561
13.9 560
13.9167 559
13.9333 558
13.95 557
13.9667 556
13.9833 555
14.0 554
14.0167 553
14.0333 551
14.05 550
14.0667 549
14.0833 548
14.1 547
14.1167 545
14.1333 544
14.15 543
14.1667 541
14.1833 540
14.2 539
14.2167 537
14.2333 536
14.25 535
14.2667 533
14.2833 532
14.3 531
14.3167 529
14.3333 528
14.35 526
14.3667 525
14.3833 523
14.4 522
14.4167 520
14.4333 519
14.45 517
14.4667 515
14.4833 514
14.5 512
14.5167 511
14.5333 509
14.55 507
14.5667 506
14.5833 504
14.6 502
14.6167 501
14.6333 499
14.65 497
14.6667 496
14.6833 494
14.7 492
14.7167 490
14.7333 488
14.75 487
14.7667 485
14.7833 483
14.8 481
14.8167 479
14.8333 477
14.85 475
14.8667 474
14.8833 472
14.9 470
14.9167 468
14.9333 466
14.95 464
14.9667 462
14.9833 460
15.0 459
15.0167 457
15.0333 455
15.05 453
15.0667 450
15.0833 448
15.1 446
15.1167 444
15.1333 442
15.15 440
15.1667 438
15.1833 436
15.2 434
15.2167 431
15.2333 429
15.25 427
15.2667 425
15.2833 423
15.3 421
15.3167 418
15.3333 416
15.35 414
15.3667 412
15.3833 409
15.4 407
15.4167 405
15.4333 402
15.45 400
15.4667 398
15.4833 396
15.5 393
15.5167 391
15.5333 389
15.55 386
15.5667 384
15.5833 381
15.6 379
15.6167 377
15.6333 374
15.65 372
15.6667 370
15.6833 367
15.7 365
15.7167 362
15.7333 360
15.75 357
15.7667 355
15.7833 352
15.8 350
15.8167 348
15.8333 345
15.85 343
15.8667 340
15.8833 338
15.9 335
15.9167 333
15.9333 330
15.95 328
15.9667 325
15.9833 322
