9.0 362
9.0167 365
9.0333 368
9.05 370
9.0667 373
9.0833 376
9.1 378
9.1167 381
9.1333 384
9.15 386
9.1667 389
9.1833 392
9.2 394
9.2167 397
9.2333 400
9.25 402
9.2667 405
9.2833 407
9.3 410
9.3167 413
9.3333 415
9.35 418
9.3667 421
9.3833 423
9.4 426
9.4167 428
9.4333 431
9.45 433
9.4667 436
9.4833 439
9.5 441
9.5167 444
9.5333 446
9.55 449
9.5667 451
9.5833 454
9.6 456
9.6167 459
9.6333 461
9.65 464
9.6667 466
9.6833 469
9.7 471
9.7167 474
9.7333 476
9.75 479
9.7667 481
9.7833 484
9.8 486
9.8167 489
9.8333 491
9.85 493
9.8667 496
9.8833 498
9.9 501
9.9167 503
9.9333 505
9.95 508
9.9667 510
9.9833 512
10.0 515
10.0167 517
10.0333 519
10.05 522
10.0667 524
10.0833 526
10.1 529
10.1167 531
10.1333 533
10.15 535
10.1667 538
10.1833 540
10.2 542
10.2167 544
10.2333 546
10.25 549
10.2667 551
10.2833 553
10.3 555
10.3167 557
10.3333 559
10.35 561
10.3667 564
10.3833 566
10.4 568
10.4167 570
10.4333 572
10.45 574
10.4667 576
10.4833 578
10.5 580
10.5167 582
10.5333 584
10.55 586
10.5667 588
10.5833 590
10.6 592
10.6167 594
10.6333 596
10.65 598
10.6667 600
10.6833 601
10.7 603
10.7167 605
10.7333 607
10.75 609
10.7667 611
10.7833 613
10.8 614
10.8167 616
10.8333 618
10.85 620
10.8667 621
10.8833 623
10.9 625
10.9167 627
10.9333 628
10.95 630
10.9667 632
10.9833 633
11.0 635
11.0167 637
11.0333 638
11.05 640
11.0667 641
11.0833 643
11.1 644
11.1167 646
11.1333 648
11.15 649
11.1667 651
11.1833 652
11.2 654
11.2167 655
11.2333 656
11.25 658
11.2667 659
11.2833 661
11.3 662
11.3167 663
11.3333 665
11.35 666
11.3667 667
11.3833 669
11.4 670
11.4167 671
11.4333 673
11.45 674
11.4667 675
11.4833 676
11.5 678
11.5167 679
11.5333 680
11.55 681
11.5667 682
11.5833 683
11.6 685
11.6167 686
11.6333 687
11.65 688
11.6667 689
11.6833 690
11.7 691
11.7167 692
11.7333 693
11.75 694
11.7667 695
11.7833 696
11.8 697
11.8167 698
11.8333 699
11.85 700
11.8667 701
11.8833 701
11.9 702
11.9167 703
11.9333 704
11.95 705
11.9667 705
11.9833 706
12.0 707
12.0167 708
12.0333 708
12.05 709
12.0667 710
12.0833 710
12.1 711
12.1167 712
12.1333 712
12.15 713
12.1667 714
12.1833 714
12.2 715
12.2167 715
12.2333 716
12.25 716
12.2667 717
12.2833 717
12.3 718
12.3167 718
12.3333 719
12.35 719
12.3667 719
12.3833 720
12.4 720
12.4167 721
12.4333 721
12.45 721
12.4667 722
12.4833 722
12.5 722
12.5167 722
12.5333 723
12.55 723
12.5667 723
12.5833 723
12.6 723
12.6167 724
12.6333 724
12.65 724
12.6667 724
12.6833 724
12.7 724
12.7167 724
12.7333 724
12.75 724
12.7667 724
12.7833 724
12.8 724
12.8167 724
12.8333 724
12.85 724
12.8667 724
12.8833 724
12.9 724
12.9167 724
12.9333 723
12.95 723
12.9667 723
12.9833 723
13.0 723
13.0167 722
13.0333 722
13.05 722
13.0667 722
13.0833 721
13.1 721
13.1167 721
13.1333 720
13.15 720
13.1667 719
13.1833 719
13.2 719
13.2167 718
13.2333 718
13.25 717
13.2667 717
13.2833 716
13.3 716
13.3167 715
13.3333 715
13.35 714
13.3667 714
13.3833 713
13.4 712
13.4167 712
13.4333 711
13.45 711
13.4667 710
13.4833 709
13.5 708
13.5167 708
13.5333 707
13.55 706
13.5667 705
13.5833 705
13.6 704
13.6167 703
13.6333 702
13.65 701
13.6667 701
13.6833 700
13.7 699
13.7167 698
13.7333 697
13.75 696
13.7667 695
13.7833 694
13.8 693
13.8167 692
13.8333 691
13.85 690
13.8667 689
13.8833 688
13.9 687
13.9167 686
13.9333 685
13.95 684
13.9667 682
13.9833 681
14.0 680
14.0167 679
14.0333 678
14.05 676
14.0667 675
14.0833 674
14.1 673
14.1167 671
14.1333 670
14.15 669
14.1667 668
14.1833 666
14.2 665
14.2167 663
14.2333 662
14.25 661
14.2667 659
14.2833 658
14.3 656
14.3167 655
14.3333 654
14.35 652
14.3667 651
14.3833 649
14.4 648
14.4167 646
14.4333 645
14.45 643
14.4667 641
14.4833 640
14.5 638
14.5167 637
14.5333 635
14.55 633
14.5667 632
14.5833 630
14.6 628
14.6167 627
14.6333 625
14.65 623
14.6667 621
14.6833 620
14.7 618
14.7167 616
14.7333 614
14.75 613
14.7667 611
14.7833 609
14.8 607
14.8167 605
14.8333 603
14.85 602
14.8667 600
14.8833 598
14.9 596
14.9167 594
14.9333 592
14.95 590
14.9667 588
14.9833 586
15.0 584
15.0167 582
15.0333 580
15.05 578
15.0667 576
15.0833 574
15.1 572
15.1167 570
15.1333 568
15.15 566
15.1667 564
15.1833 561
15.2 559
15.2167 557
15.2333 555
15.25 553
15.2667 551
15.2833 549
15.3 546
15.3167 544
15.3333 542
15.35 540
15.3667 538
15.3833 535
15.4 533
15.4167 531
15.4333 529
15.45 526
15.4667 524
15.4833 522
15.5 519
15.5167 517
15.5333 515
15.55 512
15.5667 510
15.5833 508
15.6 505
15.6167 503
15.6333 501
15.65 498
15.6667 496
15.6833 493
15.7 491
15.7167 489
15.7333 486
15.75 484
15.7667 481
15.7833 479
15.8 476
15.8167 474
15.8333 471
15.85 469
15.8667 467
15.8833 464
15.9 462
15.9167 459
15.9333 456
15.95 454
15.9667 451
15.9833 449
