9.0 351
9.0167 354
9.0333 356
9.05 359
9.0667 362
9.0833 365
9.1 367
9.1167 370
9.1333 373
9.15 376
9.1667 378
9.1833 381
9.2 384
9.2167 386
9.2333 389
9.25 392
9.2667 395
9.2833 397
9.3 400
9.3167 403
9.3333 405
9.35 408
9.3667 411
9.3833 413
9.4 416
9.4167 419
9.4333 421
9.45 424
9.4667 427
9.4833 429
9.5 432
9.5167 434
9.5333 437
9.55 440
9.5667 442
9.5833 445
9.6 448
9.6167 450
9.6333 453
9.65 455
9.6667 458
9.6833 460
9.7 463
9.7167 465
9.7333 468
9.75 471
9.7667 473
9.7833 476
9.8 478
9.8167 481
9.8333 483
9.85 486
9.8667 488
9.8833 490
9.9 493
9.9167 495
9.9333 498
9.95 500
9.9667 503
9.9833 505
10.0 508
10.0167 510
10.0333 512
10.05 515
10.0667 517
10.0833 519
10.1 522
10.1167 524
10.1333 526
10.15 529
10.1667 531
10.1833 533
10.2 536
10.2167 538
10.2333 540
10.25 542
10.2667 545
10.2833 547
10.3 549
10.3167 551
10.3333 553
10.35 556
10.3667 558
10.3833 560
10.4 562
10.4167 564
10.4333 566
10.45 569
10.4667 571
10.4833 573
10.5 575
10.5167 577
10.5333 579
10.55 581
10.5667 583
10.5833 585
10.6 587
10.6167 589
10.6333 591
10.65 593
10.6667 595
10.6833 597
10.7 599
10.7167 601
10.7333 603
10.75 605
10.7667 607
10.7833 608
10.8 610
10.8167 612
10.8333 614
10.85 616
10.8667 618
10.8833 619
10.9 621
10.9167 623
10.9333 625
10.95 626
10.9667 628
10.9833 630
11.0 632
11.0167 633
11.0333 635
11.05 637
11.0667 638
11.0833 640
11.1 641
11.1167 643
11.1333 645
11.15 646
11.1667 648
11.1833 649
11.2 651
11.2167 652
11.2333 654
11.25 655
11.2667 657
11.2833 658
11.3 660
11.3167 661
11.3333 663
11.35 664
11.3667 665
11.3833 667
11.4 668
11.4167 669
11.4333 671
11.45 672
11.4667 673
11.4833 675
11.5 676
11.5167 677
11.5333 678
11.55 680
11.5667 681
11.5833 682
11.6 683
11.6167 684
11.6333 685
11.65 687
11.6667 688
11.6833 689
11.7 690
11.7167 691
11.7333 692
11.75 693
11.7667 694
11.7833 695
11.8 696
11.8167 697
11.8333 698
11.85 699
11.8667 700
11.8833 701
11.9 701
11.9167 702
11.9333 703
11.95 704
11.9667 705
11.9833 706
12.0 706
12.0167 707
12.0333 708
12.05 709
12.0667 709
12.0833 710
12.1 711
12.1167 711
12.1333 712
12.15 713
12.1667 713
12.1833 714
12.2 715
12.2167 715
12.2333 716
12.25 716
12.2667 717
12.2833 717
12.3 718
12.3167 718
12.3333 719
12.35 719
12.3667 720
12.3833 720
12.4 720
12.4167 721
12.4333 721
12.45 721
12.4667 722
12.4833 722
12.5 722
12.5167 723
12.5333 723
12.55 723
12.5667 723
12.5833 724
12.6 724
12.6167 724
12.6333 724
12.65 724
12.6667 724
12.6833 724
12.7 725
12.7167 725
12.7333 725
12.75 725
12.7667 725
12.7833 725
12.8 725
12.8167 725
12.8333 725
12.85 725
12.8667 725
12.8833 724
12.9 724
12.9167 724
12.9333 724
12.95 724
12.9667 724
12.9833 723
13.0 723
13.0167 723
13.0333 723
13.05 723
13.0667 722
13.0833 722
13.1 722
13.1167 721
13.1333 721
13.15 721
13.1667 720
13.1833 720
13.2 719
13.2167 719
13.2333 719
13.25 718
13.2667 718
13.2833 717
13.3 717
13.3167 716
13.3333 715
13.35 715
13.3667 714
13.3833 714
13.4 713
13.4167 712
13.4333 712
13.45 711
13.4667 710
13.4833 710
13.5 709
13.5167 708
13.5333 708
13.55 707
13.5667 706
13.5833 705
13.6 704
13.6167 704
13.6333 703
13.65 702
13.6667 701
13.6833 700
13.7 699
13.7167 698
13.7333 697
13.75 696
13.7667 695
13.7833 695
13.8 693
13.8167 692
13.8333 691
13.85 690
13.8667 689
13.8833 688
13.9 687
13.9167 686
13.9333 685
13.95 684
13.9667 683
13.9833 681
14.0 680
14.0167 679
14.0333 678
14.05 677
14.0667 675
14.0833 674
14.1 673
14.1167 671
14.1333 670
14.15 669
14.1667 667
14.1833 666
14.2 665
14.2167 663
14.2333 662
14.25 661
14.2667 659
14.2833 658
14.3 656
14.3167 655
14.3333 653
14.35 652
14.3667 650
14.3833 649
14.4 647
14.4167 646
14.4333 644
14.45 642
14.4667 641
14.4833 639
14.5 637
14.5167 636
14.5333 634
14.55 633
14.5667 631
14.5833 629
14.6 627
14.6167 626
14.6333 624
14.65 622
14.6667 620
14.6833 619
14.7 617
14.7167 615
14.7333 613
14.75 611
14.7667 609
14.7833 608
14.8 606
14.8167 604
14.8333 602
14.85 600
14.8667 598
14.8833 596
14.9 594
14.9167 592
14.9333 590
14.95 588
14.9667 586
14.9833 584
15.0 582
15.0167 580
15.0333 578
15.05 576
15.0667 574
15.0833 572
15.1 570
15.1167 567
15.1333 565
15.15 563
15.1667 561
15.1833 559
15.2 557
15.2167 554
15.2333 552
15.25 550
15.2667 548
15.2833 546
15.3 543
15.3167 541
15.3333 539
15.35 537
15.3667 534
15.3833 532
15.4 530
15.4167 527
15.4333 525
15.45 523
15.4667 520
15.4833 518
15.5 516
15.5167 513
15.5333 511
15.55 509
15.5667 506
15.5833 504
15.6 501
15.6167 499
15.6333 497
15.65 494
15.6667 492
15.6833 489
15.7 487
15.7167 484
15.7333 482
15.75 479
15.7667 477
15.7833 474
15.8 472
15.8167 469
15.8333 467
15.85 464
15.8667 462
15.8833 459
15.9 456
15.9167 454
15.9333 451
15.95 449
15.9667 446
15.9833 444
