9.0 253
9.0167 256
9.0333 259
9.05 262
9.0667 264
9.0833 267
9.1 270
9.1167 273
9.1333 275
9.15 278
9.1667 281
9.1833 284
9.2 286
9.2167 289
9.2333 292
9.25 295
9.2667 297
9.2833 300
9.3 303
9.3167 306
9.3333 308
9.35 311
9.3667 314
9.3833 317
9.4 319
9.4167 322
9.4333 325
9.45 327
9.4667 330
9.4833 333
9.5 336
9.5167 338
9.5333 341
9.55 344
9.5667 346
9.5833 349
9.6 352
9.6167 355
9.6333 357
9.65 360
9.6667 363
9.6833 365
9.7 368
9.7167 371
9.7333 373
9.75 376
9.7667 378
9.7833 381
9.8 384
9.8167 386
9.8333 389
9.85 392
9.8667 394
9.8833 397
9.9 399
9.9167 402
9.9333 404
9.95 407
9.9667 410
9.9833 412
10.0 415
10.0167 417
10.0333 420
10.05 422
10.0667 425
10.0833 427
10.1 430
10.1167 432
10.1333 435
10.15 437
10.1667 440
10.1833 442
10.2 444
10.2167 447
10.2333 449
10.25 452
10.2667 454
10.2833 456
10.3 459
10.3167 461
10.3333 463
10.35 466
10.3667 468
10.3833 470
10.4 473
10.4167 475
10.4333 477
10.45 480
10.4667 482
10.4833 484
10.5 486
10.5167 489
10.5333 491
10.55 493
10.5667 495
10.5833 497
10.6 500
10.6167 502
10.6333 504
10.65 506
10.6667 508
10.6833 510
10.7 512
10.7167 514
10.7333 516
10.75 518
10.7667 520
10.7833 522
10.8 525
10.8167 527
10.8333 528
10.85 530
10.8667 532
10.8833 534
10.9 536
10.9167 538
10.9333 540
10.95 542
10.9667 544
10.9833 546
11.0 548
11.0167 549
11.0333 551
11.05 553
11.0667 555
11.0833 557
11.1 558
11.1167 560
11.1333 562
11.15 564
11.1667 565
11.1833 567
11.2 569
11.2167 570
11.2333 572
11.25 574
11.2667 575
11.2833 577
11.3 578
11.3167 580
11.3333 581
11.35 583
11.3667 585
11.3833 586
11.4 588
11.4167 589
11.4333 590
11.45 592
11.4667 593
11.4833 595
11.5 596
11.5167 597
11.5333 599
11.55 600
11.5667 601
11.5833 603
11.6 604
11.6167 605
11.6333 607
11.65 608
11.6667 609
11.6833 610
11.7 612
11.7167 613
11.7333 614
11.75 615
11.7667 616
11.7833 617
11.8 618
11.8167 619
11.8333 620
11.85 622
11.8667 623
11.8833 624
11.9 625
11.9167 626
11.9333 626
11.95 627
11.9667 628
11.9833 629
12.0 630
12.0167 631
12.0333 632
12.05 633
12.0667 634
12.0833 634
12.1 635
12.1167 636
12.1333 637
12.15 637
12.1667 638
12.1833 639
12.2 639
12.2167 640
12.2333 641
12.25 641
12.2667 642
12.2833 643
12.3 643
12.3167 644
12.3333 644
12.35 645
12.3667 645
12.3833 646
12.4 646
12.4167 647
12.4333 647
12.45 648
12.4667 648
12.4833 648
12.5 649
12.5167 649
12.5333 649
12.55 650
12.5667 650
12.5833 650
12.6 650
12.6167 651
12.6333 651
12.65 651
12.6667 651
12.6833 651
12.7 652
12.7167 652
12.7333 652
12.75 652
12.7667 652
12.7833 652
12.8 652
12.8167 652
12.8333 652
12.85 652
12.8667 652
12.8833 652
12.9 652
12.9167 652
12.9333 652
12.95 652
12.9667 651
12.9833 651
13.0 651
13.0167 651
13.0333 651
13.05 650
13.0667 650
13.0833 650
13.1 650
13.1167 649
13.1333 649
13.15 649
13.1667 648
13.1833 648
13.2 647
13.2167 647
13.2333 647
13.25 646
13.2667 646
13.2833 645
13.3 645
13.3167 644
13.3333 644
13.35 643
13.3667 642
13.3833 642
13.4 641
13.4167 641
13.4333 640
13.45 639
13.4667 639
13.4833 638
13.5 637
13.5167 636
13.5333 636
13.55 635
13.5667 634
13.5833 633
13.6 633
13.6167 632
13.6333 631
13.65 630
13.6667 629
13.6833 628
13.7 627
13.7167 626
13.7333 625
13.75 624
13.7667 623
13.7833 622
13.8 621
13.8167 620
13.8333 619
13.85 618
13.8667 617
13.8833 616
13.9 615
13.9167 614
13.9333 612
13.95 611
13.9667 610
13.9833 609
14.0 608
14.0167 606
14.0333 605
14.05 604
14.0667 602
14.0833 601
14.1 600
14.1167 598
14.1333 597
14.15 596
14.1667 594
14.1833 593
14.2 592
14.2167 590
14.2333 589
14.25 587
14.2667 586
14.2833 584
14.3 583
14.3167 581
14.3333 580
14.35 578
14.3667 576
14.3833 575
14.4 573
14.4167 572
14.4333 570
14.45 568
14.4667 567
14.4833 565
14.5 563
14.5167 561
14.5333 560
14.55 558
14.5667 556
14.5833 554
14.6 553
14.6167 551
14.6333 549
14.65 547
14.6667 545
14.6833 543
14.7 542
14.7167 540
14.7333 538
14.75 536
14.7667 534
14.7833 532
14.8 530
14.8167 528
14.8333 526
14.85 524
14.8667 522
14.8833 520
14.9 518
14.9167 516
14.9333 514
14.95 512
14.9667 510
14.9833 508
15.0 506
15.0167 504
15.0333 502
15.05 500
15.0667 497
15.0833 495
15.1 493
15.1167 491
15.1333 489
15.15 486
15.1667 484
15.1833 482
15.2 480
15.2167 477
15.2333 475
15.25 473
15.2667 470
15.2833 468
15.3 466
15.3167 463
15.3333 461
15.35 459
15.3667 456
15.3833 454
15.4 452
15.4167 449
15.4333 447
15.45 444
15.4667 442
15.4833 439
15.5 437
15.5167 435
15.5333 432
15.55 430
15.5667 427
15.5833 425
15.6 422
15.6167 420
15.6333 417
15.65 415
15.6667 412
15.6833 409
15.7 407
15.7167 404
15.7333 402
15.75 399
15.7667 397
15.7833 394
15.8 391
15.8167 389
15.8333 386
15.85 384
15.8667 381
15.8833 378
15.9 376
15.9167 373
15.9333 370
15.95 368
15.9667 365
15.9833 362
