9.0 371
9.0167 374
9.0333 376
9.05 379
9.0667 382
9.0833 385
9.1 388
9.1167 390
9.1333 393
9.15 396
9.1667 399
9.1833 401
9.2 404
9.2167 407
9.2333 410
9.25 413
9.2667 415
9.2833 418
9.3 421
9.3167 423
9.3333 426
9.35 429
9.3667 432
9.3833 434
9.4 437
9.4167 440
9.4333 442
9.45 445
9.4667 448
9.4833 450
9.5 453
9.5167 456
9.5333 458
9.55 461
9.5667 464
9.5833 466
9.6 469
9.6167 472
9.6333 474
9.65 477
9.6667 479
9.6833 482
9.7 485
9.7167 487
9.7333 490
9.75 492
9.7667 495
9.7833 497
9.8 500
9.8167 502
9.8333 505
9.85 507
9.8667 510
9.8833 512
9.9 515
9.9167 517
9.9333 520
9.95 522
9.9667 525
9.9833 527
10.0 530
10.0167 532
10.0333 534
10.05 537
10.0667 539
10.0833 542
10.1 544
10.1167 546
10.1333 549
10.15 551
10.1667 553
10.1833 556
10.2 558
10.2167 560
10.2333 563
10.25 565
10.2667 567
10.2833 569
10.3 572
10.3167 574
10.3333 576
10.35 578
10.3667 580
10.3833 583
10.4 585
10.4167 587
10.4333 589
10.45 591
10.4667 593
10.4833 595
10.5 598
10.5167 600
10.5333 602
10.55 604
10.5667 606
10.5833 608
10.6 610
10.6167 612
10.6333 614
10.65 616
10.6667 618
10.6833 620
10.7 622
10.7167 624
10.7333 626
10.75 628
10.7667 629
10.7833 631
10.8 633
10.8167 635
10.8333 637
10.85 639
10.8667 641
10.8833 642
10.9 644
10.9167 646
10.9333 648
10.95 649
10.9667 651
10.9833 653
11.0 655
11.0167 656
11.0333 658
11.05 660
11.0667 661
11.0833 663
11.1 665
11.1167 666
11.1333 668
11.15 669
11.1667 671
11.1833 672
11.2 674
11.2167 676
11.2333 677
11.25 679
11.2667 680
11.2833 681
11.3 683
11.3167 684
11.3333 686
11.35 687
11.3667 689
11.3833 690
11.4 691
11.4167 693
11.4333 694
11.45 695
11.4667 697
11.4833 698
11.5 699
11.5167 700
11.5333 702
11.55 703
11.5667 704
11.5833 705
11.6 706
11.6167 708
11.6333 709
11.65 710
11.6667 711
11.6833 712
11.7 713
11.7167 714
11.7333 715
11.75 716
11.7667 717
11.7833 718
11.8 719
11.8167 720
11.8333 721
11.85 722
11.8667 723
11.8833 724
11.9 725
11.9167 726
11.9333 727
11.95 727
11.9667 728
11.9833 729
12.0 730
12.0167 731
12.0333 731
12.05 732
12.0667 733
12.0833 734
12.1 734
12.1167 735
12.1333 736
12.15 736
12.1667 737
12.1833 737
12.2 738
12.2167 739
12.2333 739
12.25 740
12.2667 740
12.2833 741
12.3 741
12.3167 742
12.3333 742
12.35 743
12.3667 743
12.3833 743
12.4 744
12.4167 744
12.4333 745
12.45 745
12.4667 745
12.4833 746
12.5 746
12.5167 746
12.5333 746
12.55 747
12.5667 747
12.5833 747
12.6 747
12.6167 747
12.6333 748
12.65 748
12.6667 748
12.6833 748
12.7 748
12.7167 748
12.7333 748
12.75 748
12.7667 748
12.7833 748
12.8 748
12.8167 748
12.8333 748
12.85 748
12.8667 748
12.8833 748
12.9 748
12.9167 748
12.9333 748
12.95 747
12.9667 747
12.9833 747
13.0 747
13.0167 747
13.0333 746
13.05 746
13.0667 746
13.0833 745
13.1 745
13.1167 745
13.1333 744
13.15 744
13.1667 744
13.1833 743
13.2 743
13.2167 742
13.2333 742
13.25 742
13.2667 741
13.2833 741
13.3 740
13.3167 740
13.3333 739
13.35 738
13.3667 738
13.3833 737
13.4 737
13.4167 736
13.4333 735
13.45 735
13.4667 734
13.4833 733
13.5 733
13.5167 732
13.5333 731
13.55 730
13.5667 730
13.5833 729
13.6 728
13.6167 727
13.6333 726
13.65 725
13.6667 725
13.6833 724
13.7 723
13.7167 722
13.7333 721
13.75 720
13.7667 719
13.7833 718
13.8 717
13.8167 716
13.8333 715
13.85 714
13.8667 713
13.8833 712
13.9 711
13.9167 710
13.9333 708
13.95 707
13.9667 706
13.9833 705
14.0 704
14.0167 702
14.0333 701
14.05 700
14.0667 699
14.0833 698
14.1 696
14.1167 695
14.1333 694
14.15 692
14.1667 691
14.1833 690
14.2 688
14.2167 687
14.2333 685
14.25 684
14.2667 683
14.2833 681
14.3 680
14.3167 678
14.3333 677
14.35 675
14.3667 674
14.3833 672
14.4 670
14.4167 669
14.4333 667
14.45 666
14.4667 664
14.4833 662
14.5 661
14.5167 659
14.5333 658
14.55 656
14.5667 654
14.5833 652
14.6 651
14.6167 649
14.6333 647
14.65 645
14.6667 644
14.6833 642
14.7 640
14.7167 638
14.7333 636
14.75 635
14.7667 633
14.7833 631
14.8 629
14.8167 627
14.8333 625
14.85 623
14.8667 621
14.8833 619
14.9 617
14.9167 615
14.9333 613
14.95 611
14.9667 609
14.9833 607
15.0 605
15.0167 603
15.0333 601
15.05 599
15.0667 597
15.0833 595
15.1 593
15.1167 591
15.1333 588
15.15 586
15.1667 584
15.1833 582
15.2 580
15.2167 578
15.2333 575
15.25 573
15.2667 571
15.2833 569
15.3 566
15.3167 564
15.3333 562
15.35 560
15.3667 557
15.3833 555
15.4 553
15.4167 550
15.4333 548
15.45 546
15.4667 543
15.4833 541
15.5 538
15.5167 536
15.5333 534
15.55 531
15.5667 529
15.5833 526
15.6 524
15.6167 522
15.6333 519
15.65 517
15.6667 514
15.6833 512
15.7 509
15.7167 507
15.7333 504
15.75 502
15.7667 499
15.7833 497
15.8 494
15.8167 491
15.8333 489
15.85 486
15.8667 484
15.8833 481
15.9 479
15.9167 476
15.9333 473
15.95 471
15.9667 468
15.9833 466
