9.0 315
9.0167 318
9.0333 320
9.05 323
9.0667 326
9.0833 328
9.1 331
9.1167 334
9.1333 337
9.15 339
9.1667 342
9.1833 345
9.2 347
9.2167 350
9.2333 353
9.25 355
9.2667 358
9.2833 361
9.3 364
9.3167 366
9.3333 369
9.35 372
9.3667 374
9.3833 377
9.4 380
9.4167 382
9.4333 385
9.45 387
9.4667 390
9.4833 393
9.5 395
9.5167 398
9.5333 401
9.55 403
9.5667 406
9.5833 408
9.6 411
9.6167 413
9.6333 416
9.65 419
9.6667 421
9.6833 424
9.7 426
9.7167 429
9.7333 431
9.75 434
9.7667 436
9.7833 439
9.8 441
9.8167 444
9.8333 446
9.85 449
9.8667 451
9.8833 454
9.9 456
9.9167 458
9.9333 461
9.95 463
9.9667 466
9.9833 468
10.0 471
10.0167 473
10.0333 475
10.05 478
10.0667 480
10.0833 482
10.1 485
10.1167 487
10.1333 489
10.15 491
10.1667 494
10.1833 496
10.2 498
10.2167 501
10.2333 503
10.25 505
10.2667 507
10.2833 509
10.3 512
10.3167 514
10.3333 516
10.35 518
10.3667 520
10.3833 522
10.4 525
10.4167 527
10.4333 529
10.45 531
10.4667 533
10.4833 535
10.5 537
10.5167 539
10.5333 541
10.55 543
10.5667 545
10.5833 547
10.6 549
10.6167 551
10.6333 553
10.65 555
10.6667 557
10.6833 559
10.7 561
10.7167 562
10.7333 564
10.75 566
10.7667 568
10.7833 570
10.8 572
10.8167 573
10.8333 575
10.85 577
10.8667 579
10.8833 580
10.9 582
10.9167 584
10.9333 586
10.95 587
10.9667 589
10.9833 591
11.0 592
11.0167 594
11.0333 596
11.05 597
11.0667 599
11.0833 600
11.1 602
11.1167 603
11.1333 605
11.15 606
11.1667 608
11.1833 609
11.2 611
11.2167 612
11.2333 614
11.25 615
11.2667 617
11.2833 618
11.3 619
11.3167 621
11.3333 622
11.35 623
11.3667 625
11.3833 626
11.4 627
11.4167 628
11.4333 630
11.45 631
11.4667 632
11.4833 633
11.5 634
11.5167 636
11.5333 637
11.55 638
11.5667 639
11.5833 640
11.6 641
11.6167 642
11.6333 643
11.65 644
11.6667 645
11.6833 646
11.7 647
11.7167 648
11.7333 649
11.75 650
11.7667 651
11.7833 652
11.8 653
11.8167 654
11.8333 655
11.85 655
11.8667 656
11.8833 657
11.9 658
11.9167 659
11.9333 659
11.95 660
11.9667 661
11.9833 661
12.0 662
12.0167 663
12.0333 663
12.05 664
12.0667 665
12.0833 665
12.1 666
12.1167 666
12.1333 667
12.15 667
12.1667 668
12.1833 668
12.2 669
12.2167 669
12.2333 670
12.25 670
12.2667 671
12.2833 671
12.3 671
12.3167 672
12.3333 672
12.35 672
12.3667 673
12.3833 673
12.4 673
12.4167 673
12.4333 674
12.45 674
12.4667 674
12.4833 674
12.5 674
12.5167 675
12.5333 675
12.55 675
12.5667 675
12.5833 675
12.6 675
12.6167 675
12.6333 675
12.65 675
12.6667 675
12.6833 675
12.7 675
12.7167 675
12.7333 675
12.75 675
12.7667 675
12.7833 674
12.8 674
12.8167 674
12.8333 674
12.85 674
12.8667 673
12.8833 673
12.9 673
12.9167 673
12.9333 672
12.95 672
12.9667 672
12.9833 671
13.0 671
13.0167 671
13.0333 670
13.05 670
13.0667 669
13.0833 669
13.1 668
13.1167 668
13.1333 667
13.15 667
13.1667 666
13.1833 666
13.2 665
13.2167 665
13.2333 664
13.25 663
13.2667 663
13.2833 662
13.3 661
13.3167 661
13.3333 660
13.35 659
13.3667 659
13.3833 658
13.4 657
13.4167 656
13.4333 655
13.45 655
13.4667 654
13.4833 653
13.5 652
13.5167 651
13.5333 650
13.55 649
13.5667 648
13.5833 647
13.6 646
13.6167 645
13.6333 644
13.65 643
13.6667 642
13.6833 641
13.7 640
13.7167 639
13.7333 638
13.75 637
13.7667 636
13.7833 634
13.8 633
13.8167 632
13.8333 631
13.85 630
13.8667 628
13.8833 627
13.9 626
13.9167 625
13.9333 623
13.95 622
13.9667 621
13.9833 619
14.0 618
14.0167 616
14.0333 615
14.05 614
14.0667 612
14.0833 611
14.1 609
14.1167 608
14.1333 606
14.15 605
14.1667 603
14.1833 602
14.2 600
14.2167 599
14.2333 597
14.25 595
14.2667 594
14.2833 592
14.3 591
14.3167 589
14.3333 587
14.35 586
14.3667 584
14.3833 582
14.4 580
14.4167 579
14.4333 577
14.45 575
14.4667 573
14.4833 572
14.5 570
14.5167 568
14.5333 566
14.55 564
14.5667 562
14.5833 561
14.6 559
14.6167 557
14.6333 555
14.65 553
14.6667 551
14.6833 549
14.7 547
14.7167 545
14.7333 543
14.75 541
14.7667 539
14.7833 537
14.8 535
14.8167 533
14.8333 531
14.85 529
14.8667 527
14.8833 524
14.9 522
14.9167 520
14.9333 518
14.95 516
14.9667 514
14.9833 512
15.0 509
15.0167 506
15.0333 504
15.05 502
15.0667 500
15.0833 498
15.1 495
15.1167 493
15.1333 491
15.15 488
15.1667 486
15.1833 484
15.2 482
15.2167 479
15.2333 477
15.25 474
15.2667 472
15.2833 470
15.3 467
15.3167 465
15.3333 463
15.35 460
15.3667 458
15.3833 455
15.4 453
15.4167 450
15.4333 448
15.45 445
15.4667 443
15.4833 441
15.5 438
15.5167 436
15.5333 433
15.55 431
15.5667 428
15.5833 425
15.6 423
15.6167 420
15.6333 418
15.65 415
15.6667 413
15.6833 410
15.7 408
15.7167 405
15.7333 402
15.75 400
15.7667 397
15.7833 395
15.8 392
15.8167 389
15.8333 387
15.85 384
15.8667 381
15.8833 379
15.9 376
15.9167 373
15.9333 371
15.95 368
15.9667 365
15.9833 363
