9.0 317
9.0167 320
9.0333 323
9.05 325
9.0667 328
9.0833 331
9.1 334
9.1167 336
9.1333 339
9.15 342
9.1667 345
9.1833 347
9.2 350
9.2167 353
9.2333 356
9.25 358
9.2667 361
9.2833 364
9.3 367
9.3167 369
9.3333 372
9.35 375
9.3667 377
9.3833 380
9.4 383
9.4167 385
9.4333 388
9.45 391
9.4667 393
9.4833 396
9.5 399
9.5167 401
9.5333 404
9.55 407
9.5667 409
9.5833 412
9.6 415
9.6167 417
9.6333 420
9.65 422
9.6667 425
9.6833 427
9.7 430
9.7167 433
9.7333 435
9.75 438
9.7667 440
9.7833 443
9.8 445
9.8167 448
9.8333 450
9.85 453
9.8667 455
9.8833 458
9.9 460
9.9167 463
9.9333 465
9.95 467
9.9667 470
9.9833 472
10.0 475
10.0167 477
10.0333 479
10.05 482
10.0667 484
10.0833 486
10.1 489
10.1167 491
10.1333 493
10.15 496
10.1667 498
10.1833 500
10.2 503
10.2167 505
10.2333 507
10.25 509
10.2667 512
10.2833 514
10.3 516
10.3167 518
10.3333 520
10.35 522
10.3667 525
10.3833 527
10.4 529
10.4167 531
10.4333 533
10.45 535
10.4667 537
10.4833 539
10.5 541
10.5167 543
10.5333 545
10.55 547
10.5667 549
10.5833 551
10.6 553
10.6167 555
10.6333 557
10.65 559
10.6667 561
10.6833 563
10.7 565
10.7167 567
10.7333 569
10.75 570
10.7667 572
10.7833 574
10.8 576
10.8167 578
10.8333 580
10.85 581
10.8667 583
10.8833 585
10.9 586
10.9167 588
10.9333 590
10.95 592
10.9667 593
10.9833 595
11.0 596
11.0167 598
11.0333 600
11.05 601
11.0667 603
11.0833 604
11.1 606
11.1167 607
11.1333 609
11.15 610
11.1667 612
11.1833 613
11.2 615
11.2167 616
11.2333 618
11.25 619
11.2667 620
11.2833 622
11.3 623
11.3167 624
11.3333 626
11.35 627
11.3667 628
11.3833 630
11.4 631
11.4167 632
11.4333 633
11.45 634
11.4667 636
11.4833 637
11.5 638
11.5167 639
11.5333 640
11.55 641
11.5667 642
11.5833 643
11.6 644
11.6167 646
11.6333 647
11.65 648
11.6667 649
11.6833 649
11.7 650
11.7167 651
11.7333 652
11.75 653
11.7667 654
11.7833 655
11.8 656
11.8167 657
11.8333 657
11.85 658
11.8667 659
11.8833 660
11.9 660
11.9167 661
11.9333 662
11.95 663
11.9667 663
11.9833 664
12.0 665
12.0167 665
12.0333 666
12.05 666
12.0667 667
12.0833 667
12.1 668
12.1167 669
12.1333 669
12.15 669
12.1667 670
12.1833 670
12.2 671
12.2167 671
12.2333 672
12.25 672
12.2667 672
12.2833 673
12.3 673
12.3167 673
12.3333 674
12.35 674
12.3667 674
12.3833 674
12.4 675
12.4167 675
12.4333 675
12.45 675
12.4667 675
12.4833 675
12.5 675
12.5167 676
12.5333 676
12.55 676
12.5667 676
12.5833 676
12.6 676
12.6167 676
12.6333 676
12.65 676
12.6667 676
12.6833 675
12.7 675
12.7167 675
12.7333 675
12.75 675
12.7667 675
12.7833 675
12.8 674
12.8167 674
12.8333 674
12.85 674
12.8667 673
12.8833 673
12.9 673
12.9167 672
12.9333 672
12.95 672
12.9667 671
12.9833 671
13.0 670
13.0167 670
13.0333 669
13.05 669
13.0667 668
13.0833 668
13.1 667
13.1167 667
13.1333 666
13.15 666
13.1667 665
13.1833 664
13.2 664
13.2167 663
13.2333 662
13.25 662
13.2667 661
13.2833 660
13.3 660
13.3167 659
13.3333 658
13.35 657
13.3667 656
13.3833 656
13.4 655
13.4167 654
13.4333 653
13.45 652
13.4667 651
13.4833 650
13.5 649
13.5167 648
13.5333 647
13.55 646
13.5667 645
13.5833 644
13.6 643
13.6167 642
13.6333 641
13.65 640
13.6667 639
13.6833 638
13.7 637
13.7167 635
13.7333 634
13.75 633
13.7667 632
13.7833 631
13.8 629
13.8167 628
13.8333 627
13.85 625
13.8667 624
13.8833 623
13.9 621
13.9167 620
13.9333 619
13.95 617
13.9667 616
13.9833 615
14.0 613
14.0167 612
14.0333 610
14.05 609
14.0667 607
14.0833 606
14.1 604
14.1167 603
14.1333 601
14.15 599
14.1667 598
14.1833 596
14.2 595
14.2167 593
14.2333 591
14.25 590
14.2667 588
14.2833 586
14.3 584
14.3167 583
14.3333 581
14.35 579
14.3667 577
14.3833 576
14.4 574
14.4167 572
14.4333 570
14.45 568
14.4667 566
14.4833 565
14.5 563
14.5167 561
14.5333 559
14.55 557
14.5667 555
14.5833 553
14.6 551
14.6167 549
14.6333 547
14.65 545
14.6667 543
14.6833 541
14.7 539
14.7167 537
14.7333 535
14.75 533
14.7667 531
14.7833 529
14.8 526
14.8167 524
14.8333 522
14.85 520
14.8667 518
14.8833 516
14.9 513
14.9167 511
14.9333 509
14.95 507
14.9667 504
14.9833 502
15.0 499
15.0167 497
15.0333 495
15.05 492
15.0667 490
15.0833 488
15.1 485
15.1167 483
15.1333 481
15.15 478
15.1667 476
15.1833 473
15.2 471
15.2167 469
15.2333 466
15.25 464
15.2667 461
15.2833 459
15.3 456
15.3167 454
15.3333 451
15.35 449
15.3667 446
15.3833 444
15.4 441
15.4167 439
15.4333 436
15.45 434
15.4667 431
15.4833 429
15.5 426
15.5167 424
15.5333 421
15.55 418
15.5667 416
15.5833 413
15.6 411
15.6167 408
15.6333 405
15.65 403
15.6667 400
15.6833 397
15.7 395
15.7167 392
15.7333 389
15.75 387
15.7667 384
15.7833 381
15.8 379
15.8167 376
15.8333 373
15.85 371
15.8667 368
15.8833 365
15.9 363
15.9167 360
15.9333 357
15.95 354
15.9667 352
15.9833 349
