9.0 132
9.0167 134
9.0333 137
9.05 139
9.0667 141
9.0833 143
9.1 145
9.1167 147
9.1333 149
9.15 151
9.1667 153
9.1833 155
9.2 158
9.2167 160
9.2333 162
9.25 164
9.2667 166
9.2833 168
9.3 170
9.3167 173
9.3333 175
9.35 177
9.3667 179
9.3833 181
9.4 183
9.4167 186
9.4333 188
9.45 190
9.4667 192
9.4833 194
9.5 196
9.5167 199
9.5333 201
9.55 203
9.5667 205
9.5833 207
9.6 210
9.6167 212
9.6333 214
9.65 216
9.6667 218
9.6833 220
9.7 223
9.7167 225
9.7333 227
9.75 229
9.7667 231
9.7833 234
9.8 236
9.8167 238
9.8333 240
9.85 242
9.8667 244
9.8833 247
9.9 249
9.9167 251
9.9333 253
9.95 255
9.9667 257
9.9833 259
10.0 262
10.0167 264
10.0333 266
10.05 268
10.0667 270
10.0833 272
10.1 274
10.1167 276
10.1333 279
10.15 281
10.1667 283
10.1833 285
10.2 287
10.2167 289
10.2333 291
10.25 293
10.2667 295
10.2833 297
10.3 299
10.3167 301
10.3333 303
10.35 305
10.3667 307
10.3833 309
10.4 311
10.4167 313
10.4333 315
10.45 317
10.4667 319
10.4833 321
10.5 323
10.5167 325
10.5333 327
10.55 329
10.5667 331
10.5833 333
10.6 334
10.6167 336
10.6333 338
10.65 340
10.6667 342
10.6833 344
10.7 346
10.7167 347
10.7333 349
10.75 351
10.7667 353
10.7833 355
10.8 356
10.8167 358
10.8333 360
10.85 362
10.8667 363
10.8833 365
10.9 367
10.9167 369
10.9333 370
10.95 372
10.9667 374
10.9833 375
11.0 377
11.0167 378
11.0333 380
11.05 382
11.0667 383
11.0833 385
11.1 386
11.1167 388
11.1333 390
11.15 391
11.1667 393
11.1833 394
11.2 396
11.2167 397
11.2333 399
11.25 400
11.2667 401
11.2833 403
11.3 404
11.3167 406
11.3333 407
11.35 409
11.3667 410
11.3833 411
11.4 413
11.4167 414
11.4333 415
11.45 417
11.4667 418
11.4833 419
11.5 420
11.5167 422
11.5333 423
11.55 424
11.5667 425
11.5833 426
11.6 428
11.6167 429
11.6333 430
11.65 431
11.6667 432
11.6833 433
11.7 434
11.7167 435
11.7333 437
11.75 438
11.7667 439
11.7833 440
11.8 441
11.8167 442
11.8333 443
11.85 444
11.8667 444
11.8833 445
11.9 446
11.9167 447
11.9333 448
11.95 449
11.9667 450
11.9833 451
12.0 452
12.0167 452
12.0333 453
12.05 454
12.0667 455
12.0833 455
12.1 456
12.1167 457
12.1333 458
12.15 458
12.1667 459
12.1833 460
12.2 460
12.2167 461
12.2333 461
12.25 462
12.2667 463
12.2833 463
12.3 464
12.3167 464
12.3333 465
12.35 465
12.3667 466
12.3833 466
12.4 467
12.4167 467
12.4333 467
12.45 468
12.4667 468
12.4833 469
12.5 469
12.5167 469
12.5333 470
12.55 470
12.5667 470
12.5833 471
12.6 471
12.6167 471
12.6333 471
12.65 471
12.6667 472
12.6833 472
12.7 472
12.7167 472
12.7333 472
12.75 472
12.7667 472
12.7833 473
12.8 473
12.8167 473
12.8333 473
12.85 473
12.8667 473
12.8833 473
12.9 473
12.9167 473
12.9333 473
12.95 472
12.9667 472
12.9833 472
13.0 472
13.0167 472
13.0333 472
13.05 472
13.0667 471
13.0833 471
13.1 471
13.1167 471
13.1333 471
13.15 470
13.1667 470
13.1833 470
13.2 469
13.2167 469
13.2333 469
13.25 468
13.2667 468
13.2833 467
13.3 467
13.3167 467
13.3333 466
13.35 466
13.3667 465
13.3833 465
13.4 464
13.4167 464
13.4333 463
13.45 463
13.4667 462
13.4833 461
13.5 461
13.5167 460
13.5333 460
13.55 459
13.5667 458
13.5833 457
13.6 457
13.6167 456
13.6333 455
13.65 455
13.6667 454
13.6833 453
13.7 452
13.7167 451
13.7333 451
13.75 450
13.7667 449
13.7833 448
13.8 447
13.8167 446
13.8333 445
13.85 444
13.8667 443
13.8833 443
13.9 442
13.9167 441
13.9333 440
13.95 439
13.9667 437
13.9833 436
14.0 435
14.0167 434
14.0333 433
14.05 432
14.0667 431
14.0833 430
14.1 429
14.1167 428
14.1333 426
14.15 425
14.1667 424
14.1833 423
14.2 421
14.2167 420
14.2333 419
14.25 418
14.2667 416
14.2833 415
14.3 414
14.3167 412
14.3333 411
14.35 410
14.3667 408
14.3833 407
14.4 406
14.4167 404
14.4333 403
14.45 401
14.4667 400
14.4833 398
14.5 397
14.5167 395
14.5333 394
14.55 392
14.5667 391
14.5833 389
14.6 388
14.6167 386
14.6333 385
14.65 383
14.6667 382
14.6833 380
14.7 378
14.7167 377
14.7333 375
14.75 373
14.7667 372
14.7833 370
14.8 368
14.8167 367
14.8333 365
14.85 363
14.8667 362
14.8833 360
14.9 358
14.9167 356
14.9333 354
14.95 353
14.9667 351
14.9833 349
15.0 348
15.0167 346
15.0333 344
15.05 342
15.0667 341
15.0833 339
15.1 337
15.1167 335
15.1333 333
15.15 331
15.1667 329
15.1833 327
15.2 325
15.2167 324
15.2333 322
15.25 320
15.2667 318
15.2833 316
15.3 314
15.3167 312
15.3333 310
15.35 308
15.3667 306
15.3833 304
15.4 302
15.4167 300
15.4333 298
15.45 296
15.4667 294
15.4833 291
15.5 289
15.5167 287
15.5333 285
15.55 283
15.5667 281
15.5833 279
15.6 277
15.6167 275
15.6333 273
15.65 271
15.6667 268
15.6833 266
15.7 264
15.7167 262
15.7333 260
15.75 258
15.7667 256
15.7833 254
15.8 251
15.8167 249
15.8333 247
15.85 245
15.8667 243
15.8833 241
15.9 238
15.9167 236
15.9333 234
15.95 232
15.9667 230
15.9833 227
