9.0 140
9.0167 142
9.0333 144
9.05 147
9.0667 149
9.0833 151
9.1 153
9.1167 155
9.1333 158
9.15 160
9.1667 162
9.1833 164
9.2 167
9.2167 169
9.2333 171
9.25 173
9.2667 176
9.2833 178
9.3 180
9.3167 182
9.3333 185
9.35 187
9.3667 189
9.3833 191
9.4 194
9.4167 196
9.4333 198
9.45 200
9.4667 203
9.4833 205
9.5 207
9.5167 210
9.5333 212
9.55 214
9.5667 216
9.5833 219
9.6 221
9.6167 223
9.6333 225
9.65 228
9.6667 230
9.6833 232
9.7 235
9.7167 237
9.7333 239
9.75 241
9.7667 244
9.7833 246
9.8 248
9.8167 250
9.8333 253
9.85 255
9.8667 257
9.8833 259
9.9 262
9.9167 264
9.9333 266
9.95 268
9.9667 270
9.9833 273
10.0 275
10.0167 277
10.0333 279
10.05 281
10.0667 284
10.0833 286
10.1 288
10.1167 290
10.1333 292
10.15 294
10.1667 297
10.1833 299
10.2 301
10.2167 303
10.2333 305
10.25 307
10.2667 309
10.2833 311
10.3 313
10.3167 316
10.3333 318
10.35 320
10.3667 322
10.3833 324
10.4 326
10.4167 328
10.4333 330
10.45 332
10.4667 334
10.4833 336
10.5 338
10.5167 340
10.5333 342
10.55 344
10.5667 346
10.5833 348
10.6 350
10.6167 351
10.6333 353
10.65 355
10.6667 357
10.6833 359
10.7 361
10.7167 363
10.7333 365
10.75 366
10.7667 368
10.7833 370
10.8 372
10.8167 374
10.8333 375
10.85 377
10.8667 379
10.8833 381
10.9 382
10.9167 384
10.9333 386
10.95 388
10.9667 389
10.9833 391
11.0 393
11.0167 394
11.0333 396
11.05 397
11.0667 399
11.0833 401
11.1 402
11.1167 404
11.1333 405
11.15 407
11.1667 408
11.1833 410
11.2 411
11.2167 413
11.2333 414
11.25 416
11.2667 417
11.2833 419
11.3 420
11.3167 422
11.3333 423
11.35 424
11.3667 426
11.3833 427
11.4 428
11.4167 430
11.4333 431
11.45 432
11.4667 434
11.4833 435
11.5 436
11.5167 437
11.5333 439
11.55 440
11.5667 441
11.5833 442
11.6 443
11.6167 445
11.6333 446
11.65 447
11.6667 448
11.6833 449
11.7 450
11.7167 451
11.7333 452
11.75 453
11.7667 454
11.7833 455
11.8 456
11.8167 457
11.8333 458
11.85 459
11.8667 460
11.8833 461
11.9 462
11.9167 463
11.9333 464
11.95 465
11.9667 465
11.9833 466
12.0 467
12.0167 468
12.0333 469
12.05 469
12.0667 470
12.0833 471
12.1 471
12.1167 472
12.1333 473
12.15 473
12.1667 474
12.1833 475
12.2 475
12.2167 476
12.2333 477
12.25 477
12.2667 478
12.2833 478
12.3 479
12.3167 479
12.3333 480
12.35 480
12.3667 481
12.3833 481
12.4 481
12.4167 482
12.4333 482
12.45 483
12.4667 483
12.4833 483
12.5 484
12.5167 484
12.5333 484
12.55 484
12.5667 485
12.5833 485
12.6 485
12.6167 485
12.6333 486
12.65 486
12.6667 486
12.6833 486
12.7 486
12.7167 486
12.7333 486
12.75 486
12.7667 486
12.7833 486
12.8 487
12.8167 487
12.8333 487
12.85 486
12.8667 486
12.8833 486
12.9 486
12.9167 486
12.9333 486
12.95 486
12.9667 486
12.9833 486
13.0 485
13.0167 485
13.0333 485
13.05 485
13.0667 485
13.0833 484
13.1 484
13.1167 484
13.1333 483
13.15 483
13.1667 483
13.1833 482
13.2 482
13.2167 482
13.2333 481
13.25 481
13.2667 480
13.2833 480
13.3 479
13.3167 479
13.3333 478
13.35 478
13.3667 477
13.3833 477
13.4 476
13.4167 476
13.4333 475
13.45 474
13.4667 474
13.4833 473
13.5 473
13.5167 472
13.5333 471
13.55 470
13.5667 470
13.5833 469
13.6 468
13.6167 467
13.6333 467
13.65 466
13.6667 465
13.6833 464
13.7 463
13.7167 462
13.7333 461
13.75 461
13.7667 460
13.7833 459
13.8 458
13.8167 457
13.8333 456
13.85 455
13.8667 454
13.8833 453
13.9 452
13.9167 451
13.9333 450
13.95 449
13.9667 447
13.9833 446
14.0 445
14.0167 444
14.0333 443
14.05 442
14.0667 441
14.0833 439
14.1 438
14.1167 437
14.1333 436
14.15 434
14.1667 433
14.1833 432
14.2 430
14.2167 429
14.2333 428
14.25 426
14.2667 425
14.2833 424
14.3 422
14.3167 421
14.3333 420
14.35 418
14.3667 417
14.3833 415
14.4 414
14.4167 412
14.4333 411
14.45 409
14.4667 408
14.4833 406
14.5 405
14.5167 403
14.5333 401
14.55 400
14.5667 398
14.5833 397
14.6 395
14.6167 393
14.6333 392
14.65 390
14.6667 388
14.6833 387
14.7 385
14.7167 383
14.7333 382
14.75 380
14.7667 378
14.7833 376
14.8 375
14.8167 373
14.8333 371
14.85 369
14.8667 367
14.8833 366
14.9 364
14.9167 362
14.9333 360
14.95 358
14.9667 356
14.9833 354
15.0 353
15.0167 351
15.0333 349
15.05 347
15.0667 345
15.0833 343
15.1 342
15.1167 340
15.1333 338
15.15 336
15.1667 334
15.1833 332
15.2 330
15.2167 328
15.2333 325
15.25 323
15.2667 321
15.2833 319
15.3 317
15.3167 315
15.3333 313
15.35 311
15.3667 309
15.3833 307
15.4 305
15.4167 303
15.4333 300
15.45 298
15.4667 296
15.4833 294
15.5 292
15.5167 290
15.5333 288
15.55 285
15.5667 283
15.5833 281
15.6 279
15.6167 277
15.6333 274
15.65 272
15.6667 270
15.6833 268
15.7 266
15.7167 263
15.7333 261
15.75 259
15.7667 257
15.7833 254
15.8 252
15.8167 250
15.8333 248
15.85 245
15.8667 243
15.8833 241
15.9 239
15.9167 236
15.9333 234
15.95 232
15.9667 230
15.9833 227
