9.0 383
9.0167 385
9.0333 388
9.05 391
9.0667 393
9.0833 396
9.1 399
9.1167 401
9.1333 404
9.15 407
9.1667 409
9.1833 412
9.2 414
9.2167 417
9.2333 420
9.25 422
9.2667 425
9.2833 427
9.3 430
9.3167 433
9.3333 435
9.35 438
9.3667 440
9.3833 443
9.4 445
9.4167 448
9.4333 451
9.45 453
9.4667 456
9.4833 458
9.5 461
9.5167 463
9.5333 466
9.55 468
9.5667 471
9.5833 473
9.6 476
9.6167 478
9.6333 480
9.65 483
9.6667 485
9.6833 488
9.7 490
9.7167 493
9.7333 495
9.75 497
9.7667 500
9.7833 502
9.8 505
9.8167 507
9.8333 509
9.85 512
9.8667 514
9.8833 516
9.9 519
9.9167 521
9.9333 523
9.95 526
9.9667 528
9.9833 530
10.0 532
10.0167 535
10.0333 537
10.05 539
10.0667 541
10.0833 544
10.1 546
10.1167 548
10.1333 550
10.15 552
10.1667 554
10.1833 557
10.2 559
10.2167 561
10.2333 563
10.25 565
10.2667 567
10.2833 569
10.3 571
10.3167 573
10.3333 575
10.35 577
10.3667 579
10.3833 581
10.4 583
10.4167 585
10.4333 587
10.45 589
10.4667 591
10.4833 593
10.5 595
10.5167 597
10.5333 599
10.55 601
10.5667 603
10.5833 605
10.6 607
10.6167 608
10.6333 610
10.65 612
10.6667 614
10.6833 616
10.7 617
10.7167 619
10.7333 621
10.75 623
10.7667 624
10.7833 626
10.8 628
10.8167 629
10.8333 631
10.85 633
10.8667 634
10.8833 636
10.9 638
10.9167 639
10.9333 641
10.95 642
10.9667 644
10.9833 646
11.0 647
11.0167 649
11.0333 650
11.05 652
11.0667 653
11.0833 655
11.1 656
11.1167 657
11.1333 659
11.15 660
11.1667 662
11.1833 663
11.2 664
11.2167 666
11.2333 667
11.25 668
11.2667 670
11.2833 671
11.3 672
11.3167 674
11.3333 675
11.35 676
11.3667 677
11.3833 678
11.4 680
11.4167 681
11.4333 682
11.45 683
11.4667 684
11.4833 685
11.5 686
11.5167 687
11.5333 689
11.55 690
11.5667 691
11.5833 692
11.6 693
11.6167 694
11.6333 695
11.65 696
11.6667 697
11.6833 697
11.7 698
11.7167 699
11.7333 700
11.75 701
11.7667 702
11.7833 703
11.8 703
11.8167 704
11.8333 705
11.85 706
11.8667 707
11.8833 707
11.9 708
11.9167 709
11.9333 709
11.95 710
11.9667 711
11.9833 711
12.0 712
12.0167 713
12.0333 713
12.05 714
12.0667 714
12.0833 715
12.1 715
12.1167 716
12.1333 716
12.15 717
12.1667 717
12.1833 718
12.2 718
12.2167 719
12.2333 719
12.25 719
12.2667 720
12.2833 720
12.3 721
12.3167 721
12.3333 721
12.35 721
12.3667 722
12.3833 722
12.4 722
12.4167 722
12.4333 723
12.45 723
12.4667 723
12.4833 723
12.5 723
12.5167 723
12.5333 723
12.55 724
12.5667 724
12.5833 724
12.6 724
12.6167 724
12.6333 724
12.65 724
12.6667 724
12.6833 724
12.7 724
12.7167 724
12.7333 723
12.75 723
12.7667 723
12.7833 723
12.8 723
12.8167 723
12.8333 723
12.85 722
12.8667 722
12.8833 722
12.9 722
12.9167 721
12.9333 721
12.95 721
12.9667 720
12.9833 720
13.0 720
13.0167 719
13.0333 719
13.05 719
13.0667 718
13.0833 718
13.1 717
13.1167 717
13.1333 716
13.15 716
13.1667 715
13.1833 715
13.2 714
13.2167 714
13.2333 713
13.25 712
13.2667 712
13.2833 711
13.3 711
13.3167 710
13.3333 709
13.35 708
13.3667 708
13.3833 707
13.4 706
13.4167 706
13.4333 705
13.45 704
13.4667 703
13.4833 702
13.5 702
13.5167 701
13.5333 700
13.55 699
13.5667 698
13.5833 697
13.6 696
13.6167 695
13.6333 694
13.65 693
13.6667 692
13.6833 691
13.7 690
13.7167 689
13.7333 688
13.75 687
13.7667 686
13.7833 685
13.8 684
13.8167 683
13.8333 682
13.85 680
13.8667 679
13.8833 678
13.9 677
13.9167 676
13.9333 674
13.95 673
13.9667 672
13.9833 671
14.0 669
14.0167 668
14.0333 667
14.05 665
14.0667 664
14.0833 663
14.1 661
14.1167 660
14.1333 658
14.15 657
14.1667 655
14.1833 654
14.2 653
14.2167 651
14.2333 650
14.25 648
14.2667 647
14.2833 645
14.3 643
14.3167 642
14.3333 640
14.35 639
14.3667 637
14.3833 635
14.4 634
14.4167 632
14.4333 630
14.45 629
14.4667 627
14.4833 625
14.5 624
14.5167 622
14.5333 620
14.55 618
14.5667 617
14.5833 615
14.6 613
14.6167 611
14.6333 609
14.65 608
14.6667 606
14.6833 604
14.7 602
14.7167 600
14.7333 598
14.75 596
14.7667 594
14.7833 593
14.8 591
14.8167 589
14.8333 587
14.85 585
14.8667 583
14.8833 581
14.9 579
14.9167 577
14.9333 575
14.95 573
14.9667 570
14.9833 568
15.0 566
15.0167 564
15.0333 562
15.05 560
15.0667 558
15.0833 556
15.1 554
15.1167 552
15.1333 549
15.15 547
15.1667 545
15.1833 543
15.2 541
15.2167 538
15.2333 536
15.25 534
15.2667 532
15.2833 529
15.3 527
15.3167 525
15.3333 523
15.35 520
15.3667 518
15.3833 516
15.4 513
15.4167 511
15.4333 509
15.45 506
15.4667 504
15.4833 501
15.5 499
15.5167 497
15.5333 494
15.55 492
15.5667 489
15.5833 487
15.6 485
15.6167 482
15.6333 480
15.65 477
15.6667 475
15.6833 472
15.7 470
15.7167 467
15.7333 465
15.75 462
15.7667 460
15.7833 457
15.8 455
15.8167 452
15.8333 450
15.85 447
15.8667 445
15.8833 442
15.9 440
15.9167 437
15.9333 434
15.95 432
15.9667 429
15.9833 427
