9.0 356
9.0167 359
9.0333 362
9.05 364
9.0667 367
9.0833 370
9.1 372
9.1167 375
9.1333 378
9.15 380
9.1667 383
9.1833 386
9.2 388
9.2167 391
9.2333 393
9.25 396
9.2667 399
9.2833 401
9.3 404
9.3167 407
9.3333 409
9.35 412
9.3667 414
9.3833 417
9.4 420
9.4167 422
9.4333 425
9.45 427
9.4667 430
9.4833 432
9.5 435
9.5167 438
9.5333 440
9.55 443
9.5667 445
9.5833 448
9.6 450
9.6167 453
9.6333 455
9.65 458
9.6667 460
9.6833 463
9.7 465
9.7167 468
9.7333 470
9.75 473
9.7667 475
9.7833 478
9.8 480
9.8167 482
9.8333 485
9.85 487
9.8667 490
9.8833 492
9.9 494
9.9167 497
9.9333 499
9.95 501
9.9667 504
9.9833 506
10.0 509
10.0167 511
10.0333 513
10.05 515
10.0667 518
10.0833 520
10.1 522
10.1167 525
10.1333 527
10.15 529
10.1667 531
10.1833 534
10.2 536
10.2167 538
10.2333 540
10.25 542
10.2667 545
10.2833 547
10.3 549
10.3167 551
10.3333 553
10.35 555
10.3667 557
10.3833 559
10.4 562
10.4167 564
10.4333 566
10.45 568
10.4667 570
10.4833 572
10.5 574
10.5167 576
10.5333 578
10.55 580
10.5667 582
10.5833 584
10.6 586
10.6167 588
10.6333 590
10.65 592
10.6667 593
10.6833 595
10.7 597
10.7167 599
10.7333 601
10.75 603
10.7667 605
10.7833 606
10.8 608
10.8167 610
10.8333 612
10.85 614
10.8667 615
10.8833 617
10.9 619
10.9167 620
10.9333 622
10.95 624
10.9667 626
10.9833 627
11.0 629
11.0167 630
11.0333 632
11.05 634
11.0667 635
11.0833 637
11.1 638
11.1167 640
11.1333 641
11.15 643
11.1667 645
11.1833 646
11.2 648
11.2167 649
11.2333 650
11.25 652
11.2667 653
11.2833 655
11.3 656
11.3167 657
11.3333 659
11.35 660
11.3667 662
11.3833 663
11.4 664
11.4167 665
11.4333 667
11.45 668
11.4667 669
11.4833 670
11.5 672
11.5167 673
11.5333 674
11.55 675
11.5667 676
11.5833 678
11.6 679
11.6167 680
11.6333 681
11.65 682
11.6667 683
11.6833 684
11.7 685
11.7167 686
11.7333 687
11.75 688
11.7667 689
11.7833 690
11.8 691
11.8167 692
11.8333 693
11.85 694
11.8667 695
11.8833 696
11.9 696
11.9167 697
11.9333 698
11.95 699
11.9667 700
11.9833 700
12.0 701
12.0167 702
12.0333 703
12.05 703
12.0667 704
12.0833 705
12.1 705
12.1167 706
12.1333 707
12.15 707
12.1667 708
12.1833 708
12.2 709
12.2167 710
12.2333 710
12.25 711
12.2667 711
12.2833 712
12.3 712
12.3167 713
12.3333 713
12.35 713
12.3667 714
12.3833 714
12.4 715
12.4167 715
12.4333 715
12.45 716
12.4667 716
12.4833 716
12.5 717
12.5167 717
12.5333 717
12.55 717
12.5667 717
12.5833 718
12.6 718
12.6167 718
12.6333 718
12.65 718
12.6667 718
12.6833 718
12.7 719
12.7167 719
12.7333 719
12.75 719
12.7667 719
12.7833 719
12.8 719
12.8167 719
12.8333 719
12.85 719
12.8667 718
12.8833 718
12.9 718
12.9167 718
12.9333 718
12.95 718
12.9667 718
12.9833 717
13.0 717
13.0167 717
13.0333 717
13.05 716
13.0667 716
13.0833 716
13.1 716
13.1167 715
13.1333 715
13.15 715
13.1667 714
13.1833 714
13.2 713
13.2167 713
13.2333 712
13.25 712
13.2667 712
13.2833 711
13.3 711
13.3167 710
13.3333 709
13.35 709
13.3667 708
13.3833 708
13.4 707
13.4167 707
13.4333 706
13.45 705
13.4667 705
13.4833 704
13.5 703
13.5167 703
13.5333 702
13.55 701
13.5667 700
13.5833 700
13.6 699
13.6167 698
13.6333 697
13.65 696
13.6667 695
13.6833 695
13.7 694
13.7167 693
13.7333 692
13.75 691
13.7667 690
13.7833 689
13.8 688
13.8167 687
13.8333 686
13.85 685
13.8667 684
13.8833 683
13.9 682
13.9167 681
13.9333 680
13.95 678
13.9667 677
13.9833 676
14.0 675
14.0167 674
14.0333 673
14.05 671
14.0667 670
14.0833 669
14.1 668
14.1167 666
14.1333 665
14.15 664
14.1667 663
14.1833 661
14.2 660
14.2167 659
14.2333 657
14.25 656
14.2667 654
14.2833 653
14.3 652
14.3167 650
14.3333 649
14.35 647
14.3667 646
14.3833 644
14.4 643
14.4167 641
14.4333 640
14.45 638
14.4667 636
14.4833 635
14.5 633
14.5167 632
14.5333 630
14.55 628
14.5667 627
14.5833 625
14.6 623
14.6167 622
14.6333 620
14.65 618
14.6667 617
14.6833 615
14.7 613
14.7167 611
14.7333 610
14.75 608
14.7667 606
14.7833 604
14.8 602
14.8167 600
14.8333 599
14.85 597
14.8667 595
14.8833 593
14.9 591
14.9167 589
14.9333 587
14.95 585
14.9667 583
14.9833 581
15.0 579
15.0167 577
15.0333 575
15.05 573
15.0667 571
15.0833 569
15.1 567
15.1167 565
15.1333 563
15.15 561
15.1667 559
15.1833 557
15.2 555
15.2167 553
15.2333 550
15.25 548
15.2667 546
15.2833 544
15.3 542
15.3167 540
15.3333 537
15.35 535
15.3667 533
15.3833 531
15.4 529
15.4167 526
15.4333 524
15.45 522
15.4667 519
15.4833 517
15.5 515
15.5167 513
15.5333 510
15.55 508
15.5667 506
15.5833 503
15.6 501
15.6167 499
15.6333 496
15.65 494
15.6667 491
15.6833 489
15.7 487
15.7167 484
15.7333 482
15.75 479
15.7667 477
15.7833 475
15.8 472
15.8167 470
15.8333 467
15.85 465
15.8667 462
15.8833 460
15.9 457
15.9167 455
15.9333 452
15.95 450
15.9667 447
15.9833 445
