9.0 161
9.0167 164
9.0333 166
9.05 169
9.0667 171
9.0833 173
9.1 176
9.1167 178
9.1333 180
9.15 183
9.1667 185
9.1833 187
9.2 190
9.2167 192
9.2333 194
9.25 197
9.2667 199
9.2833 201
9.3 204
9.3167 206
9.3333 208
9.35 211
9.3667 213
9.3833 215
9.4 218
9.4167 220
9.4333 223
9.45 225
9.4667 227
9.4833 230
9.5 232
9.5167 234
9.5333 237
9.55 239
9.5667 242
9.5833 244
9.6 246
9.6167 249
9.6333 251
9.65 253
9.6667 256
9.6833 258
9.7 260
9.7167 263
9.7333 265
9.75 268
9.7667 270
9.7833 272
9.8 275
9.8167 277
9.8333 279
9.85 282
9.8667 284
9.8833 286
9.9 289
9.9167 291
9.9333 293
9.95 296
9.9667 298
9.9833 300
10.0 302
10.0167 305
10.0333 307
10.05 309
10.0667 312
10.0833 314
10.1 316
10.1167 318
10.1333 321
10.15 323
10.1667 325
10.1833 327
10.2 330
10.2167 332
10.2333 334
10.25 336
10.2667 339
10.2833 341
10.3 343
10.3167 345
10.3333 347
10.35 349
10.3667 352
10.3833 354
10.4 356
10.4167 358
10.4333 360
10.45 362
10.4667 364
10.4833 366
10.5 368
10.5167 371
10.5333 373
10.55 375
10.5667 377
10.5833 379
10.6 381
10.6167 383
10.6333 385
10.65 387
10.6667 389
10.6833 391
10.7 393
10.7167 395
10.7333 397
10.75 399
10.7667 401
10.7833 402
10.8 404
10.8167 406
10.8333 408
10.85 410
10.8667 412
10.8833 414
10.9 416
10.9167 417
10.9333 419
10.95 421
10.9667 423
10.9833 425
11.0 426
11.0167 428
11.0333 430
11.05 432
11.0667 433
11.0833 435
11.1 437
11.1167 438
11.1333 440
11.15 442
11.1667 443
11.1833 445
11.2 447
11.2167 448
11.2333 450
11.25 451
11.2667 453
11.2833 454
11.3 456
11.3167 458
11.3333 459
11.35 461
11.3667 462
11.3833 463
11.4 465
11.4167 466
11.4333 468
11.45 469
11.4667 471
11.4833 472
11.5 473
11.5167 475
11.5333 476
11.55 477
11.5667 479
11.5833 480
11.6 481
11.6167 482
11.6333 484
11.65 485
11.6667 486
11.6833 487
11.7 489
11.7167 490
11.7333 491
11.75 492
11.7667 493
11.7833 494
11.8 495
11.8167 496
11.8333 498
11.85 499
11.8667 500
11.8833 501
11.9 502
11.9167 503
11.9333 504
11.95 505
11.9667 506
11.9833 506
12.0 507
12.0167 508
12.0333 509
12.05 510
12.0667 511
12.0833 512
12.1 513
12.1167 513
12.1333 514
12.15 515
12.1667 516
12.1833 516
12.2 517
12.2167 518
12.2333 518
12.25 519
12.2667 520
12.2833 520
12.3 521
12.3167 522
12.3333 522
12.35 523
12.3667 523
12.3833 524
12.4 524
12.4167 525
12.4333 525
12.45 526
12.4667 526
12.4833 527
12.5 527
12.5167 528
12.5333 528
12.55 528
12.5667 529
12.5833 529
12.6 529
12.6167 530
12.6333 530
12.65 530
12.6667 530
12.6833 531
12.7 531
12.7167 531
12.7333 531
12.75 532
12.7667 532
12.7833 532
12.8 532
12.8167 532
12.8333 532
12.85 532
12.8667 532
12.8833 532
12.9 532
12.9167 532
12.9333 532
12.95 532
12.9667 532
12.9833 532
13.0 532
13.0167 532
13.0333 532
13.05 532
13.0667 532
13.0833 531
13.1 531
13.1167 531
13.1333 531
13.15 531
13.1667 530
13.1833 530
13.2 530
13.2167 529
13.2333 529
13.25 529
13.2667 528
13.2833 528
13.3 528
13.3167 527
13.3333 527
13.35 526
13.3667 526
13.3833 525
13.4 525
13.4167 524
13.4333 524
13.45 523
13.4667 523
13.4833 522
13.5 522
13.5167 521
13.5333 520
13.55 520
13.5667 519
13.5833 519
13.6 518
13.6167 517
13.6333 516
13.65 516
13.6667 515
13.6833 514
13.7 513
13.7167 513
13.7333 512
13.75 511
13.7667 510
13.7833 509
13.8 508
13.8167 507
13.8333 507
13.85 506
13.8667 505
13.8833 504
13.9 503
13.9167 502
13.9333 501
13.95 500
13.9667 499
13.9833 498
14.0 497
14.0167 496
14.0333 494
14.05 493
14.0667 492
14.0833 491
14.1 490
14.1167 489
14.1333 488
14.15 486
14.1667 485
14.1833 484
14.2 483
14.2167 481
14.2333 480
14.25 479
14.2667 477
14.2833 476
14.3 475
14.3167 473
14.3333 472
14.35 471
14.3667 469
14.3833 468
14.4 466
14.4167 465
14.4333 464
14.45 462
14.4667 461
14.4833 459
14.5 458
14.5167 456
14.5333 455
14.55 453
14.5667 452
14.5833 450
14.6 448
14.6167 447
14.6333 445
14.65 444
14.6667 442
14.6833 440
14.7 439
14.7167 437
14.7333 435
14.75 433
14.7667 432
14.7833 430
14.8 428
14.8167 427
14.8333 425
14.85 423
14.8667 421
14.8833 419
14.9 418
14.9167 416
14.9333 414
14.95 412
14.9667 410
14.9833 408
15.0 407
15.0167 405
15.0333 403
15.05 402
15.0667 400
15.0833 398
15.1 396
15.1167 394
15.1333 392
15.15 390
15.1667 388
15.1833 386
15.2 384
15.2167 382
15.2333 380
15.25 378
15.2667 376
15.2833 374
15.3 372
15.3167 369
15.3333 367
15.35 365
15.3667 363
15.3833 361
15.4 359
15.4167 357
15.4333 355
15.45 353
15.4667 350
15.4833 348
15.5 346
15.5167 344
15.5333 342
15.55 339
15.5667 337
15.5833 335
15.6 333
15.6167 331
15.6333 328
15.65 326
15.6667 324
15.6833 322
15.7 319
15.7167 317
15.7333 315
15.75 313
15.7667 310
15.7833 308
15.8 306
15.8167 303
15.8333 301
15.85 299
15.8667 297
15.8833 294
15.9 292
15.9167 290
15.9333 287
15.95 285
15.9667 283
15.9833 280
