9.0 380
9.0167 383
9.0333 385
9.05 388
9.0667 391
9.0833 393
9.1 396
9.1167 399
9.1333 401
9.15 404
9.1667 407
9.1833 409
9.2 412
9.2167 415
9.2333 417
9.25 420
9.2667 423
9.2833 425
9.3 428
9.3167 430
9.3333 433
9.35 436
9.3667 438
9.3833 441
9.4 443
9.4167 446
9.4333 449
9.45 451
9.4667 454
9.4833 456
9.5 459
9.5167 461
9.5333 464
9.55 466
9.5667 469
9.5833 471
9.6 474
9.6167 476
9.6333 479
9.65 481
9.6667 484
9.6833 486
9.7 489
9.7167 491
9.7333 494
9.75 496
9.7667 498
9.7833 501
9.8 503
9.8167 506
9.8333 508
9.85 510
9.8667 513
9.8833 515
9.9 517
9.9167 520
9.9333 522
9.95 524
9.9667 527
9.9833 529
10.0 531
10.0167 534
10.0333 536
10.05 538
10.0667 540
10.0833 543
10.1 545
10.1167 547
10.1333 549
10.15 551
10.1667 554
10.1833 556
10.2 558
10.2167 560
10.2333 562
10.25 564
10.2667 566
10.2833 569
10.3 571
10.3167 573
10.3333 575
10.35 577
10.3667 579
10.3833 581
10.4 583
10.4167 585
10.4333 587
10.45 589
10.4667 591
10.4833 593
10.5 595
10.5167 597
10.5333 599
10.55 601
10.5667 603
10.5833 604
10.6 606
10.6167 608
10.6333 610
10.65 612
10.6667 614
10.6833 615
10.7 617
10.7167 619
10.7333 621
10.75 623
10.7667 624
10.7833 626
10.8 628
10.8167 629
10.8333 631
10.85 633
10.8667 634
10.8833 636
10.9 638
10.9167 639
10.9333 641
10.95 643
10.9667 644
10.9833 646
11.0 647
11.0167 649
11.0333 650
11.05 652
11.0667 653
11.0833 655
11.1 656
11.1167 658
11.1333 659
11.15 660
11.1667 662
11.1833 663
11.2 665
11.2167 666
11.2333 667
11.25 669
11.2667 670
11.2833 671
11.3 673
11.3167 674
11.3333 675
11.35 676
11.3667 678
11.3833 679
11.4 680
11.4167 681
11.4333 682
11.45 683
11.4667 685
11.4833 686
11.5 687
11.5167 688
11.5333 689
11.55 690
11.5667 691
11.5833 692
11.6 693
11.6167 694
11.6333 695
11.65 696
11.6667 697
11.6833 698
11.7 699
11.7167 700
11.7333 700
11.75 701
11.7667 702
11.7833 703
11.8 704
11.8167 705
11.8333 705
11.85 706
11.8667 707
11.8833 708
11.9 708
11.9167 709
11.9333 710
11.95 710
11.9667 711
11.9833 712
12.0 712
12.0167 713
12.0333 713
12.05 714
12.0667 715
12.0833 715
12.1 716
12.1167 716
12.1333 717
12.15 717
12.1667 718
12.1833 718
12.2 718
12.2167 719
12.2333 719
12.25 720
12.2667 720
12.2833 720
12.3 721
12.3167 721
12.3333 721
12.35 721
12.3667 722
12.3833 722
12.4 722
12.4167 722
12.4333 723
12.45 723
12.4667 723
12.4833 723
12.5 723
12.5167 723
12.5333 723
12.55 723
12.5667 724
12.5833 724
12.6 724
12.6167 724
12.6333 724
12.65 724
12.6667 723
12.6833 723
12.7 723
12.7167 723
12.7333 723
12.75 723
12.7667 723
12.7833 723
12.8 723
12.8167 722
12.8333 722
12.85 722
12.8667 722
12.8833 721
12.9 721
12.9167 721
12.9333 721
12.95 720
12.9667 720
12.9833 719
13.0 719
13.0167 719
13.0333 718
13.05 718
13.0667 717
13.0833 717
13.1 716
13.1167 716
13.1333 715
13.15 715
13.1667 714
13.1833 714
13.2 713
13.2167 713
13.2333 712
13.25 711
13.2667 711
13.2833 710
13.3 709
13.3167 709
13.3333 708
13.35 707
13.3667 707
13.3833 706
13.4 705
13.4167 704
13.4333 704
13.45 703
13.4667 702
13.4833 701
13.5 700
13.5167 699
13.5333 698
13.55 697
13.5667 696
13.5833 696
13.6 695
13.6167 694
13.6333 693
13.65 692
13.6667 691
13.6833 690
13.7 688
13.7167 687
13.7333 686
13.75 685
13.7667 684
13.7833 683
13.8 682
13.8167 681
13.8333 679
13.85 678
13.8667 677
13.8833 676
13.9 675
13.9167 673
13.9333 672
13.95 671
13.9667 669
13.9833 668
14.0 667
14.0167 665
14.0333 664
14.05 663
14.0667 661
14.0833 660
14.1 658
14.1167 657
14.1333 656
14.15 654
14.1667 653
14.1833 651
14.2 650
14.2167 648
14.2333 647
14.25 645
14.2667 643
14.2833 642
14.3 640
14.3167 639
14.3333 637
14.35 635
14.3667 634
14.3833 632
14.4 630
14.4167 629
14.4333 627
14.45 625
14.4667 624
14.4833 622
14.5 620
14.5167 618
14.5333 617
14.55 615
14.5667 613
14.5833 611
14.6 609
14.6167 607
14.6333 606
14.65 604
14.6667 602
14.6833 600
14.7 598
14.7167 596
14.7333 594
14.75 592
14.7667 590
14.7833 588
14.8 586
14.8167 584
14.8333 582
14.85 580
14.8667 578
14.8833 576
14.9 574
14.9167 572
14.9333 570
14.95 568
14.9667 566
14.9833 564
15.0 562
15.0167 559
15.0333 557
15.05 555
15.0667 553
15.0833 551
15.1 549
15.1167 546
15.1333 544
15.15 542
15.1667 540
15.1833 537
15.2 535
15.2167 533
15.2333 531
15.25 528
15.2667 526
15.2833 524
15.3 521
15.3167 519
15.3333 517
15.35 514
15.3667 512
15.3833 510
15.4 507
15.4167 505
15.4333 502
15.45 500
15.4667 498
15.4833 495
15.5 493
15.5167 490
15.5333 488
15.55 485
15.5667 483
15.5833 481
15.6 478
15.6167 476
15.6333 473
15.65 471
15.6667 468
15.6833 466
15.7 463
15.7167 460
15.7333 458
15.75 455
15.7667 453
15.7833 450
15.8 448
15.8167 445
15.8333 443
15.85 440
15.8667 437
15.8833 435
15.9 432
15.9167 430
15.9333 427
15.95 424
15.9667 422
15.9833 419
