9.0 339
9.0167 342
9.0333 345
9.05 347
9.0667 350
9.0833 353
9.1 355
9.1167 358
9.1333 361
9.15 364
9.1667 366
9.1833 369
9.2 372
9.2167 374
9.2333 377
9.25 380
9.2667 383
9.2833 385
9.3 388
9.3167 391
9.3333 393
9.35 396
9.3667 399
9.3833 401
9.4 404
9.4167 407
9.4333 409
9.45 412
9.4667 414
9.4833 417
9.5 420
9.5167 422
9.5333 425
9.55 428
9.5667 430
9.5833 433
9.6 435
9.6167 438
9.6333 440
9.65 443
9.6667 446
9.6833 448
9.7 451
9.7167 453
9.7333 456
9.75 458
9.7667 461
9.7833 463
9.8 466
9.8167 468
9.8333 471
9.85 473
9.8667 476
9.8833 478
9.9 481
9.9167 483
9.9333 485
9.95 488
9.9667 490
9.9833 493
10.0 495
10.0167 498
10.0333 500
10.05 502
10.0667 505
10.0833 507
10.1 509
10.1167 512
10.1333 514
10.15 516
10.1667 519
10.1833 521
10.2 523
10.2167 525
10.2333 528
10.25 530
10.2667 532
10.2833 534
10.3 537
10.3167 539
10.3333 541
10.35 543
10.3667 545
10.3833 548
10.4 550
10.4167 552
10.4333 554
10.45 556
10.4667 558
10.4833 560
10.5 562
10.5167 564
10.5333 566
10.55 569
10.5667 571
10.5833 573
10.6 575
10.6167 577
10.6333 579
10.65 581
10.6667 583
10.6833 584
10.7 586
10.7167 588
10.7333 590
10.75 592
10.7667 594
10.7833 596
10.8 598
10.8167 600
10.8333 601
10.85 603
10.8667 605
10.8833 607
10.9 609
10.9167 610
10.9333 612
10.95 614
10.9667 616
10.9833 617
11.0 619
11.0167 621
11.0333 622
11.05 624
11.0667 626
11.0833 627
11.1 629
11.1167 630
11.1333 632
11.15 634
11.1667 635
11.1833 637
11.2 638
11.2167 640
11.2333 641
11.25 643
11.2667 644
11.2833 646
11.3 647
11.3167 649
11.3333 650
11.35 651
11.3667 653
11.3833 654
11.4 655
11.4167 657
11.4333 658
11.45 659
11.4667 661
11.4833 662
11.5 663
11.5167 664
11.5333 666
11.55 667
11.5667 668
11.5833 669
11.6 670
11.6167 672
11.6333 673
11.65 674
11.6667 675
11.6833 676
11.7 677
11.7167 678
11.7333 679
11.75 680
11.7667 681
11.7833 682
11.8 683
11.8167 684
11.8333 685
11.85 686
11.8667 687
11.8833 688
11.9 689
11.9167 689
11.9333 690
11.95 691
11.9667 692
11.9833 693
12.0 694
12.0167 694
12.0333 695
12.05 696
12.0667 696
12.0833 697
12.1 698
12.1167 698
12.1333 699
12.15 700
12.1667 700
12.1833 701
12.2 702
12.2167 702
12.2333 703
12.25 703
12.2667 704
12.2833 704
12.3 705
12.3167 705
12.3333 706
12.35 706
12.3667 706
12.3833 707
12.4 707
12.4167 708
12.4333 708
12.45 708
12.4667 709
12.4833 709
12.5 709
12.5167 709
12.5333 710
12.55 710
12.5667 710
12.5833 710
12.6 710
12.6167 711
12.6333 711
12.65 711
12.6667 711
12.6833 711
12.7 711
12.7167 711
12.7333 711
12.75 711
12.7667 711
12.7833 711
12.8 711
12.8167 711
12.8333 711
12.85 711
12.8667 711
12.8833 711
12.9 711
12.9167 711
12.9333 710
12.95 710
12.9667 710
12.9833 710
13.0 710
13.0167 709
13.0333 709
13.05 709
13.0667 709
13.0833 708
13.1 708
13.1167 708
13.1333 707
13.15 707
13.1667 706
13.1833 706
13.2 706
13.2167 705
13.2333 705
13.25 704
13.2667 704
13.2833 703
13.3 703
13.3167 702
13.3333 702
13.35 701
13.3667 700
13.3833 700
13.4 699
13.4167 699
13.4333 698
13.45 697
13.4667 697
13.4833 696
13.5 695
13.5167 694
13.5333 694
13.55 693
13.5667 692
13.5833 691
13.6 690
13.6167 690
13.6333 689
13.65 688
13.6667 687
13.6833 686
13.7 685
13.7167 684
13.7333 683
13.75 682
13.7667 681
13.7833 680
13.8 679
13.8167 678
13.8333 677
13.85 676
13.8667 675
13.8833 674
13.9 673
13.9167 672
13.9333 670
13.95 669
13.9667 668
13.9833 667
14.0 666
14.0167 664
14.0333 663
14.05 662
14.0667 661
14.0833 659
14.1 658
14.1167 657
14.1333 655
14.15 654
14.1667 653
14.1833 651
14.2 650
14.2167 649
14.2333 647
14.25 646
14.2667 644
14.2833 643
14.3 641
14.3167 640
14.3333 638
14.35 637
14.3667 635
14.3833 634
14.4 632
14.4167 631
14.4333 629
14.45 627
14.4667 626
14.4833 624
14.5 622
14.5167 621
14.5333 619
14.55 617
14.5667 616
14.5833 614
14.6 612
14.6167 610
14.6333 609
14.65 607
14.6667 605
14.6833 603
14.7 602
14.7167 600
14.7333 598
14.75 596
14.7667 594
14.7833 592
14.8 590
14.8167 588
14.8333 587
14.85 585
14.8667 583
14.8833 581
14.9 579
14.9167 577
14.9333 575
14.95 573
14.9667 571
14.9833 569
15.0 566
15.0167 564
15.0333 562
15.05 560
15.0667 558
15.0833 556
15.1 554
15.1167 552
15.1333 550
15.15 547
15.1667 545
15.1833 543
15.2 541
15.2167 539
15.2333 536
15.25 534
15.2667 532
15.2833 530
15.3 528
15.3167 525
15.3333 523
15.35 521
15.3667 518
15.3833 516
15.4 514
15.4167 512
15.4333 509
15.45 507
15.4667 504
15.4833 502
15.5 500
15.5167 497
15.5333 495
15.55 493
15.5667 490
15.5833 488
15.6 485
15.6167 483
15.6333 480
15.65 478
15.6667 476
15.6833 473
15.7 471
15.7167 468
15.7333 466
15.75 463
15.7667 461
15.7833 458
15.8 456
15.8167 453
15.8333 451
15.85 448
15.8667 445
15.8833 443
15.9 440
15.9167 438
15.9333 435
15.95 433
15.9667 430
15.9833 427
