9.0 379
9.0167 382
9.0333 384
9.05 387
9.0667 390
9.0833 392
9.1 395
9.1167 398
9.1333 400
9.15 403
9.1667 405
9.1833 408
9.2 411
9.2167 413
9.2333 416
9.25 418
9.2667 421
9.2833 424
9.3 426
9.3167 429
9.3333 431
9.35 434
9.3667 436
9.3833 439
9.4 441
9.4167 444
9.4333 446
9.45 449
9.4667 452
9.4833 454
9.5 457
9.5167 459
9.5333 461
9.55 464
9.5667 466
9.5833 469
9.6 471
9.6167 474
9.6333 476
9.65 479
9.6667 481
9.6833 484
9.7 486
9.7167 488
9.7333 491
9.75 493
9.7667 496
9.7833 498
9.8 500
9.8167 503
9.8333 505
9.85 507
9.8667 510
9.8833 512
9.9 514
9.9167 517
9.9333 519
9.95 521
9.9667 523
9.9833 526
10.0 528
10.0167 530
10.0333 532
10.05 535
10.0667 537
10.0833 539
10.1 541
10.1167 543
10.1333 546
10.15 548
10.1667 550
10.1833 552
10.2 554
10.2167 556
10.2333 558
10.25 561
10.2667 563
10.2833 565
10.3 567
10.3167 569
10.3333 571
10.35 573
10.3667 575
10.3833 577
10.4 579
10.4167 581
10.4333 583
10.45 585
10.4667 587
10.4833 589
10.5 591
10.5167 593
10.5333 595
10.55 597
10.5667 598
10.5833 600
10.6 602
10.6167 604
10.6333 606
10.65 608
10.6667 609
10.6833 611
10.7 613
10.7167 615
10.7333 617
10.75 618
10.7667 620
10.7833 622
10.8 623
10.8167 625
10.8333 627
10.85 629
10.8667 630
10.8833 632
10.9 633
10.9167 635
10.9333 637
10.95 638
10.9667 640
10.9833 641
11.0 643
11.0167 644
11.0333 646
11.05 648
11.0667 649
11.0833 650
11.1 652
11.1167 653
11.1333 655
11.15 656
11.1667 658
11.1833 659
11.2 660
11.2167 662
11.2333 663
11.25 665
11.2667 666
11.2833 667
11.3 668
11.3167 670
11.3333 671
11.35 672
11.3667 673
11.3833 675
11.4 676
11.4167 677
11.4333 678
11.45 679
11.4667 681
11.4833 682
11.5 683
11.5167 684
11.5333 685
11.55 686
11.5667 687
11.5833 688
11.6 689
11.6167 690
11.6333 691
11.65 692
11.6667 693
11.6833 694
11.7 695
11.7167 696
11.7333 697
11.75 698
11.7667 699
11.7833 700
11.8 700
11.8167 701
11.8333 702
11.85 703
11.8667 704
11.8833 704
11.9 705
11.9167 706
11.9333 707
11.95 707
11.9667 708
11.9833 709
12.0 709
12.0167 710
12.0333 711
12.05 711
12.0667 712
12.0833 712
12.1 713
12.1167 713
12.1333 714
12.15 714
12.1667 715
12.1833 715
12.2 716
12.2167 716
12.2333 717
12.25 717
12.2667 718
12.2833 718
12.3 718
12.3167 719
12.3333 719
12.35 719
12.3667 720
12.3833 720
12.4 720
12.4167 721
12.4333 721
12.45 721
12.4667 721
12.4833 721
12.5 722
12.5167 722
12.5333 722
12.55 722
12.5667 722
12.5833 722
12.6 722
12.6167 722
12.6333 722
12.65 722
12.6667 722
12.6833 722
12.7 722
12.7167 722
12.7333 722
12.75 722
12.7667 722
12.7833 722
12.8 722
12.8167 722
12.8333 722
12.85 722
12.8667 721
12.8833 721
12.9 721
12.9167 721
12.9333 720
12.95 720
12.9667 720
12.9833 720
13.0 719
13.0167 719
13.0333 719
13.05 718
13.0667 718
13.0833 718
13.1 717
13.1167 717
13.1333 716
13.15 716
13.1667 715
13.1833 715
13.2 714
13.2167 714
13.2333 713
13.25 713
13.2667 712
13.2833 712
13.3 711
13.3167 710
13.3333 710
13.35 709
13.3667 708
13.3833 708
13.4 707
13.4167 706
13.4333 706
13.45 705
13.4667 704
13.4833 703
13.5 703
13.5167 702
13.5333 701
13.55 700
13.5667 699
13.5833 698
13.6 698
13.6167 697
13.6333 696
13.65 695
13.6667 694
13.6833 693
13.7 692
13.7167 691
13.7333 690
13.75 689
13.7667 688
13.7833 687
13.8 686
13.8167 685
13.8333 684
13.85 683
13.8667 681
13.8833 680
13.9 679
13.9167 678
13.9333 677
13.95 676
13.9667 674
13.9833 673
14.0 672
14.0167 671
14.0333 669
14.05 668
14.0667 667
14.0833 666
14.1 664
14.1167 663
14.1333 662
14.15 660
14.1667 659
14.1833 657
14.2 656
14.2167 655
14.2333 653
14.25 652
14.2667 650
14.2833 649
14.3 647
14.3167 646
14.3333 644
14.35 643
14.3667 641
14.3833 640
14.4 638
14.4167 636
14.4333 635
14.45 633
14.4667 631
14.4833 630
14.5 628
14.5167 627
14.5333 625
14.55 623
14.5667 621
14.5833 620
14.6 618
14.6167 616
14.6333 614
14.65 613
14.6667 611
14.6833 609
14.7 607
14.7167 605
14.7333 604
14.75 602
14.7667 600
14.7833 598
14.8 596
14.8167 594
14.8333 592
14.85 590
14.8667 588
14.8833 587
14.9 585
14.9167 583
14.9333 581
14.95 579
14.9667 577
14.9833 575
15.0 573
15.0167 571
15.0333 569
15.05 566
15.0667 564
15.0833 562
15.1 560
15.1167 558
15.1333 556
15.15 554
15.1667 552
15.1833 550
15.2 547
15.2167 545
15.2333 543
15.25 541
15.2667 539
15.2833 537
15.3 534
15.3167 532
15.3333 530
15.35 528
15.3667 525
15.3833 523
15.4 521
15.4167 519
15.4333 516
15.45 514
15.4667 512
15.4833 509
15.5 507
15.5167 505
15.5333 502
15.55 500
15.5667 498
15.5833 495
15.6 493
15.6167 490
15.6333 488
15.65 486
15.6667 483
15.6833 481
15.7 478
15.7167 476
15.7333 473
15.75 471
15.7667 469
15.7833 466
15.8 464
15.8167 461
15.8333 459
15.85 456
15.8667 454
15.8833 451
15.9 449
15.9167 446
15.9333 444
15.95 441
15.9667 438
15.9833 436
