9.0 364
9.0167 366
9.0333 369
9.05 372
9.0667 374
9.0833 377
9.1 380
9.1167 382
9.1333 385
9.15 388
9.1667 390
9.1833 393
9.2 395
9.2167 398
9.2333 401
9.25 403
9.2667 406
9.2833 409
9.3 411
9.3167 414
9.3333 416
9.35 419
9.3667 421
9.3833 424
9.4 427
9.4167 429
9.4333 432
9.45 434
9.4667 437
9.4833 439
9.5 442
9.5167 444
9.5333 447
9.55 449
9.5667 452
9.5833 454
9.6 457
9.6167 459
9.6333 462
9.65 464
9.6667 467
9.6833 469
9.7 472
9.7167 474
9.7333 477
9.75 479
9.7667 481
9.7833 484
9.8 486
9.8167 489
9.8333 491
9.85 493
9.8667 496
9.8833 498
9.9 500
9.9167 503
9.9333 505
9.95 507
9.9667 510
9.9833 512
10.0 514
10.0167 517
10.0333 519
10.05 521
10.0667 523
10.0833 526
10.1 528
10.1167 530
10.1333 532
10.15 535
10.1667 537
10.1833 539
10.2 541
10.2167 543
10.2333 546
10.25 548
10.2667 550
10.2833 552
10.3 554
10.3167 556
10.3333 558
10.35 560
10.3667 562
10.3833 565
10.4 567
10.4167 569
10.4333 571
10.45 573
10.4667 575
10.4833 577
10.5 579
10.5167 581
10.5333 583
10.55 585
10.5667 586
10.5833 588
10.6 590
10.6167 592
10.6333 594
10.65 596
10.6667 598
10.6833 600
10.7 602
10.7167 603
10.7333 605
10.75 607
10.7667 609
10.7833 611
10.8 612
10.8167 614
10.8333 616
10.85 618
10.8667 619
10.8833 621
10.9 623
10.9167 624
10.9333 626
10.95 628
10.9667 629
10.9833 631
11.0 633
11.0167 634
11.0333 636
11.05 637
11.0667 639
11.0833 640
11.1 642
11.1167 643
11.1333 645
11.15 646
11.1667 648
11.1833 649
11.2 651
11.2167 652
11.2333 654
11.25 655
11.2667 656
11.2833 658
11.3 659
11.3167 661
11.3333 662
11.35 663
11.3667 665
11.3833 666
11.4 667
11.4167 668
11.4333 670
11.45 671
11.4667 672
11.4833 673
11.5 674
11.5167 676
11.5333 677
11.55 678
11.5667 679
11.5833 680
11.6 681
11.6167 682
11.6333 683
11.65 684
11.6667 685
11.6833 686
11.7 688
11.7167 688
11.7333 689
11.75 690
11.7667 691
11.7833 692
11.8 693
11.8167 694
11.8333 695
11.85 696
11.8667 697
11.8833 698
11.9 698
11.9167 699
11.9333 700
11.95 701
11.9667 702
11.9833 702
12.0 703
12.0167 704
12.0333 704
12.05 705
12.0667 706
12.0833 706
12.1 707
12.1167 708
12.1333 708
12.15 709
12.1667 709
12.1833 710
12.2 710
12.2167 711
12.2333 712
12.25 712
12.2667 712
12.2833 713
12.3 713
12.3167 714
12.3333 714
12.35 715
12.3667 715
12.3833 715
12.4 716
12.4167 716
12.4333 716
12.45 717
12.4667 717
12.4833 717
12.5 717
12.5167 718
12.5333 718
12.55 718
12.5667 718
12.5833 718
12.6 719
12.6167 719
12.6333 719
12.65 719
12.6667 719
12.6833 719
12.7 719
12.7167 719
12.7333 719
12.75 719
12.7667 719
12.7833 719
12.8 719
12.8167 719
12.8333 719
12.85 719
12.8667 719
12.8833 719
12.9 719
12.9167 718
12.9333 718
12.95 718
12.9667 718
12.9833 718
13.0 717
13.0167 717
13.0333 717
13.05 717
13.0667 716
13.0833 716
13.1 716
13.1167 715
13.1333 715
13.15 715
13.1667 714
13.1833 714
13.2 713
13.2167 713
13.2333 712
13.25 712
13.2667 711
13.2833 711
13.3 710
13.3167 710
13.3333 709
13.35 709
13.3667 708
13.3833 708
13.4 707
13.4167 706
13.4333 706
13.45 705
13.4667 704
13.4833 704
13.5 703
13.5167 702
13.5333 701
13.55 701
13.5667 700
13.5833 699
13.6 698
13.6167 697
13.6333 697
13.65 696
13.6667 695
13.6833 694
13.7 693
13.7167 692
13.7333 691
13.75 690
13.7667 689
13.7833 688
13.8 687
13.8167 686
13.8333 685
13.85 684
13.8667 683
13.8833 682
13.9 681
13.9167 680
13.9333 679
13.95 678
13.9667 677
13.9833 675
14.0 674
14.0167 673
14.0333 672
14.05 671
14.0667 669
14.0833 668
14.1 667
14.1167 666
14.1333 664
14.15 663
14.1667 662
14.1833 660
14.2 659
14.2167 658
14.2333 656
14.25 655
14.2667 654
14.2833 652
14.3 651
14.3167 649
14.3333 648
14.35 646
14.3667 645
14.3833 643
14.4 642
14.4167 640
14.4333 639
14.45 637
14.4667 636
14.4833 634
14.5 632
14.5167 631
14.5333 629
14.55 628
14.5667 626
14.5833 624
14.6 623
14.6167 621
14.6333 619
14.65 617
14.6667 616
14.6833 614
14.7 612
14.7167 610
14.7333 609
14.75 607
14.7667 605
14.7833 603
14.8 601
14.8167 600
14.8333 598
14.85 596
14.8667 594
14.8833 592
14.9 590
14.9167 588
14.9333 586
14.95 584
14.9667 582
14.9833 580
15.0 578
15.0167 576
15.0333 574
15.05 572
15.0667 570
15.0833 568
15.1 566
15.1167 564
15.1333 562
15.15 560
15.1667 558
15.1833 556
15.2 554
15.2167 552
15.2333 550
15.25 547
15.2667 545
15.2833 543
15.3 541
15.3167 539
15.3333 537
15.35 534
15.3667 532
15.3833 530
15.4 528
15.4167 525
15.4333 523
15.45 521
15.4667 519
15.4833 516
15.5 514
15.5167 512
15.5333 510
15.55 507
15.5667 505
15.5833 503
15.6 500
15.6167 498
15.6333 496
15.65 493
15.6667 491
15.6833 488
15.7 486
15.7167 484
15.7333 481
15.75 479
15.7667 476
15.7833 474
15.8 471
15.8167 469
15.8333 467
15.85 464
15.8667 462
15.8833 459
15.9 457
15.9167 454
15.9333 452
15.95 449
15.9667 447
15.9833 444
