9.0 281
9.0167 283
9.0333 286
9.05 289
9.0667 291
9.0833 294
9.1 296
9.1167 299
9.1333 302
9.15 304
9.1667 307
9.1833 309
9.2 312
9.2167 315
9.2333 317
9.25 320
9.2667 322
9.2833 325
9.3 327
9.3167 330
9.3333 333
9.35 335
9.3667 338
9.3833 340
9.4 343
9.4167 345
9.4333 348
9.45 350
9.4667 353
9.4833 355
9.5 358
9.5167 360
9.5333 363
9.55 365
9.5667 368
9.5833 370
9.6 373
9.6167 375
9.6333 377
9.65 380
9.6667 382
9.6833 385
9.7 387
9.7167 390
9.7333 392
9.75 394
9.7667 397
9.7833 399
9.8 401
9.8167 404
9.8333 406
9.85 408
9.8667 411
9.8833 413
9.9 415
9.9167 418
9.9333 420
9.95 422
9.9667 425
9.9833 427
10.0 429
10.0167 431
10.0333 434
10.05 436
10.0667 438
10.0833 440
10.1 442
10.1167 445
10.1333 447
10.15 449
10.1667 451
10.1833 453
10.2 455
10.2167 457
10.2333 459
10.25 462
10.2667 464
10.2833 466
10.3 468
10.3167 470
10.3333 472
10.35 474
10.3667 476
10.3833 478
10.4 480
10.4167 482
10.4333 484
10.45 486
10.4667 488
10.4833 490
10.5 491
10.5167 493
10.5333 495
10.55 497
10.5667 499
10.5833 501
10.6 503
10.6167 504
10.6333 506
10.65 508
10.6667 510
10.6833 512
10.7 513
10.7167 515
10.7333 517
10.75 518
10.7667 520
10.7833 522
10.8 524
10.8167 525
10.8333 527
10.85 528
10.8667 530
10.8833 532
10.9 533
10.9167 535
10.9333 536
10.95 538
10.9667 539
10.9833 541
11.0 542
11.0167 544
11.0333 545
11.05 547
11.0667 548
11.0833 550
11.1 551
11.1167 552
11.1333 554
11.15 555
11.1667 556
11.1833 558
11.2 559
11.2167 560
11.2333 562
11.25 563
11.2667 564
11.2833 565
11.3 566
11.3167 568
11.3333 569
11.35 570
11.3667 571
11.3833 572
11.4 573
11.4167 575
11.4333 576
11.45 577
11.4667 578
11.4833 579
11.5 580
11.5167 581
11.5333 582
11.55 583
11.5667 584
11.5833 585
11.6 585
11.6167 586
11.6333 587
11.65 588
11.6667 589
11.6833 590
11.7 591
11.7167 591
11.7333 592
11.75 593
11.7667 594
11.7833 594
11.8 595
11.8167 596
11.8333 597
11.85 597
11.8667 598
11.8833 598
11.9 599
11.9167 600
11.9333 600
11.95 601
11.9667 601
11.9833 602
12.0 602
12.0167 603
12.0333 603
12.05 604
12.0667 604
12.0833 605
12.1 605
12.1167 605
12.1333 606
12.15 606
12.1667 607
12.1833 607
12.2 607
12.2167 607
12.2333 608
12.25 608
12.2667 608
12.2833 608
12.3 609
12.3167 609
12.3333 609
12.35 609
12.3667 609
12.3833 609
12.4 609
12.4167 609
12.4333 609
12.45 609
12.4667 610
12.4833 610
12.5 610
12.5167 609
12.5333 609
12.55 609
12.5667 609
12.5833 609
12.6 609
12.6167 609
12.6333 609
12.65 609
12.6667 608
12.6833 608
12.7 608
12.7167 608
12.7333 607
12.75 607
12.7667 607
12.7833 607
12.8 606
12.8167 606
12.8333 605
12.85 605
12.8667 605
12.8833 604
12.9 604
12.9167 603
12.9333 603
12.95 602
12.9667 602
12.9833 601
13.0 601
13.0167 600
13.0333 600
13.05 599
13.0667 599
13.0833 598
13.1 597
13.1167 597
13.1333 596
13.15 595
13.1667 595
13.1833 594
13.2 593
13.2167 592
13.2333 592
13.25 591
13.2667 590
13.2833 589
13.3 588
13.3167 587
13.3333 586
13.35 586
13.3667 585
13.3833 584
13.4 583
13.4167 582
13.4333 581
13.45 580
13.4667 579
13.4833 578
13.5 577
13.5167 576
13.5333 575
13.55 574
13.5667 572
13.5833 571
13.6 570
13.6167 569
13.6333 568
13.65 567
13.6667 565
13.6833 564
13.7 563
13.7167 562
13.7333 560
13.75 559
13.7667 558
13.7833 557
13.8 555
13.8167 554
13.8333 553
13.85 551
13.8667 550
13.8833 548
13.9 547
13.9167 545
13.9333 544
13.95 543
13.9667 541
13.9833 540
14.0 538
14.0167 536
14.0333 535
14.05 533
14.0667 532
14.0833 530
14.1 529
14.1167 527
14.1333 525
14.15 524
14.1667 522
14.1833 520
14.2 519
14.2167 517
14.2333 515
14.25 514
14.2667 512
14.2833 510
14.3 508
14.3167 506
14.3333 505
14.35 503
14.3667 501
14.3833 499
14.4 497
14.4167 495
14.4333 494
14.45 492
14.4667 490
14.4833 488
14.5 486
14.5167 484
14.5333 482
14.55 480
14.5667 478
14.5833 476
14.6 474
14.6167 472
14.6333 470
14.65 468
14.6667 466
14.6833 464
14.7 462
14.7167 460
14.7333 458
14.75 456
14.7667 453
14.7833 451
14.8 449
14.8167 447
14.8333 445
14.85 443
14.8667 440
14.8833 438
14.9 436
14.9167 434
14.9333 432
14.95 429
14.9667 427
14.9833 425
15.0 422
15.0167 419
15.0333 417
15.05 415
15.0667 412
15.0833 410
15.1 408
15.1167 406
15.1333 403
15.15 401
15.1667 398
15.1833 396
15.2 394
15.2167 391
15.2333 389
15.25 387
15.2667 384
15.2833 382
15.3 379
15.3167 377
15.3333 374
15.35 372
15.3667 370
15.3833 367
15.4 365
15.4167 362
15.4333 360
15.45 357
15.4667 355
15.4833 352
15.5 350
15.5167 347
15.5333 345
15.55 342
15.5667 340
15.5833 337
15.6 335
15.6167 332
15.6333 329
15.65 327
15.6667 324
15.6833 322
15.7 319
15.7167 317
15.7333 314
15.75 311
15.7667 309
15.7833 306
15.8 304
15.8167 301
15.8333 299
15.85 296
15.8667 293
15.8833 291
15.9 288
15.9167 286
15.9333 283
15.95 280
15.9667 278
15.9833 275
