0.5 7.00000021606684
1.5 7.00000021606684
2.5 7.00000021606684
3.5 7.00000021606684
4.5 7.00000021606684
5.5 7.00000021606684
6.5 7.00000021606684
7.5 8.00000037997961
8.5 16.0000007599592
9.5 63.000001013279004
10.5 165.999993681908
11.5 138.999998569489
12.5 141.000002622604
13.5 134.00000333786
14.5 118.00000071525601
15.5 70.0000002980232
16.5 50.0000007450581
17.5 25.000000372528998
18.5 7.00000021606684
19.5 7.00000021606684
20.5 7.00000021606684
21.5 7.00000021606684
22.5 7.00000021606684
23.5 7.00000021606684
