0.5 7.000000216066837
1.5 7.000000216066837
2.5 7.000000216066837
3.5 7.000000216066837
4.5 7.000000216066837
5.5 7.000000216066837
6.5 7.000000216066837
7.5 12.000000104308128
8.5 123.99999797344208
9.5 273.99998903274536
10.5 405.9999883174896
11.5 509.0000033378601
12.5 561.9999766349792
13.5 566.9999718666077
14.5 522.0000147819519
15.5 428.99999022483826
16.5 296.00000381469727
17.5 144.99999582767487
18.5 17.000000923871994
19.5 7.000000216066837
20.5 7.000000216066837
21.5 7.000000216066837
22.5 7.000000216066837
23.5 7.000000216066837
