0.5 7.00000021606684
1.5 7.00000021606684
2.5 7.00000021606684
3.5 7.00000021606684
4.5 7.00000021606684
5.5 7.00000021606684
6.5 7.00000021606684
7.5 13.0000002682209
8.5 85.0000008940697
9.5 200.00000298023198
10.5 411.00001335144
11.5 497.000008821487
12.5 528.999984264374
13.5 582.000017166138
14.5 532.000005245209
15.5 442.00000166893
16.5 307.000011205673
17.5 157.000005245209
18.5 24.0000002086163
19.5 7.00000021606684
20.5 7.00000021606684
21.5 7.00000021606684
22.5 7.00000021606684
23.5 7.00000021606684
