0.5 7.000000216066837
1.5 7.000000216066837
2.5 7.000000216066837
3.5 7.000000216066837
4.5 7.000000216066837
5.5 7.000000216066837
6.5 7.000000216066837
7.5 17.999999225139618
8.5 131.99999928474426
9.5 279.00001406669617
10.5 414.99999165534973
11.5 515.999972820282
12.5 570.9999799728394
13.5 577.0000219345093
14.5 529.9999713897705
15.5 435.0000023841858
16.5 294.99998688697815
17.5 151.99999511241913
18.5 28.00000086426735
19.5 7.000000216066837
20.5 7.000000216066837
21.5 7.000000216066837
22.5 7.000000216066837
23.5 7.000000216066837
