0.5 7.000000216066837
1.5 7.000000216066837
2.5 7.000000216066837
3.5 7.000000216066837
4.5 7.000000216066837
5.5 7.000000216066837
6.5 7.000000216066837
7.5 21.99999988079071
8.5 156.00000321865082
9.5 331.9999873638153
10.5 470.99998593330383
11.5 503.00002098083496
12.5 646.0000276565552
13.5 683.0000281333923
14.5 675.9999990463257
15.5 609.000027179718
16.5 522.0000147819519
17.5 360.00001430511475
18.5 221.00000083446503
19.5 34.00000184774399
20.5 8.00000037997961
21.5 7.000000216066837
22.5 7.000000216066837
23.5 7.000000216066837
