0.5 7.000000216066837
1.5 7.000000216066837
2.5 7.000000216066837
3.5 7.000000216066837
4.5 7.000000216066837
5.5 7.000000216066837
6.5 7.000000216066837
7.5 13.000000268220901
8.5 64.99999761581421
9.5 129.99999523162842
10.5 216.0000056028366
11.5 280.0000011920929
12.5 182.99999833106995
13.5 194.0000057220459
14.5 180.00000715255737
15.5 163.00000250339508
16.5 211.99999749660492
17.5 119.00000274181366
18.5 92.00000017881393
19.5 39.99999910593033
20.5 8.999999612569809
21.5 7.000000216066837
22.5 7.000000216066837
23.5 7.000000216066837
