0.5 7.000000216066837
1.5 7.000000216066837
2.5 7.000000216066837
3.5 7.000000216066837
4.5 7.000000216066837
5.5 7.000000216066837
6.5 7.000000216066837
7.5 28.999999165534973
8.5 82.99999684095383
9.5 119.00000274181366
10.5 182.99999833106995
11.5 407.99999237060547
12.5 633.0000162124634
13.5 638.9999985694885
14.5 533.9999794960022
15.5 266.9999897480011
16.5 149.00000393390656
17.5 71.99999690055847
18.5 215.0000035762787
19.5 64.99999761581421
20.5 14.999999664723873
21.5 7.000000216066837
22.5 7.000000216066837
23.5 7.000000216066837
