0.5 7.00000021606684
1.5 7.00000021606684
2.5 7.00000021606684
3.5 7.00000021606684
4.5 7.00000021606684
5.5 7.00000021606684
6.5 7.00000021606684
7.5 24.0000002086163
8.5 141.000002622604
9.5 259.999990463257
10.5 446.99999690055904
11.5 566.999971866608
12.5 637.000024318695
13.5 661.00001335144
14.5 657.999992370606
15.5 620.000004768372
16.5 515.999972820282
17.5 391.000002622604
18.5 215.000003576279
19.5 48.9999987185001
20.5 13.0000002682209
21.5 7.00000021606684
22.5 7.00000021606684
23.5 7.00000021606684
