0.5 7.000000216066837
1.5 7.000000216066837
2.5 7.000000216066837
3.5 7.000000216066837
4.5 7.000000216066837
5.5 7.000000216066837
6.5 7.000000216066837
7.5 14.000000432133675
8.5 48.99999871850014
9.5 145.9999978542328
10.5 250.0
11.5 439.9999976158142
12.5 545.0000166893005
13.5 591.0000205039978
14.5 287.9999876022339
15.5 216.99999272823334
16.5 344.0000116825104
17.5 314.9999976158142
18.5 221.00000083446503
19.5 90.99999815225601
20.5 25.00000037252903
21.5 7.000000216066837
22.5 7.000000216066837
23.5 7.000000216066837
