0.5 7.00000021606684
1.5 7.00000021606684
2.5 7.00000021606684
3.5 7.00000021606684
4.5 7.00000021606684
5.5 7.00000021606684
6.5 8.00000037997961
7.5 46.000000089407
8.5 108.999997377396
9.5 179.000005125999
10.5 226.999998092651
11.5 432.000011205673
12.5 617.999970912933
13.5 665.000021457672
14.5 665.000021457672
15.5 593.999981880188
16.5 537.999987602234
17.5 404.000014066696
18.5 172.000005841255
19.5 71.0000023245811
20.5 14.9999996647239
21.5 7.00000021606684
22.5 7.00000021606684
23.5 7.00000021606684
