0.5 7.00000021606684
1.5 7.00000021606684
2.5 7.00000021606684
3.5 7.00000021606684
4.5 7.00000021606684
5.5 7.00000021606684
6.5 8.00000037997961
7.5 20.9999997168779
8.5 79.0000036358833
9.5 215.000003576279
10.5 349.000006914139
11.5 490.000009536743
12.5 583.000004291534
13.5 642.000019550324
14.5 634.00000333786
15.5 592.999994754791
16.5 517.000019550324
17.5 398.99998903274496
18.5 223.000004887581
19.5 78.0000016093254
20.5 14.9999996647239
21.5 7.00000021606684
22.5 7.00000021606684
23.5 7.00000021606684
