0.5 7.000000216066837
1.5 7.000000216066837
2.5 7.000000216066837
3.5 7.000000216066837
4.5 7.000000216066837
5.5 7.000000216066837
6.5 8.00000037997961
7.5 37.99999877810478
8.5 172.99999296665192
9.5 314.9999976158142
10.5 433.9999854564667
11.5 558.0000281333923
12.5 653.9999842643738
13.5 634.9999904632568
14.5 479.99998927116394
15.5 277.0000100135803
16.5 437.99999356269836
17.5 395.00001072883606
18.5 247.99999594688416
19.5 71.99999690055847
20.5 12.000000104308128
21.5 7.000000216066837
22.5 7.000000216066837
23.5 7.000000216066837
