0.5 7.00000021606684
1.5 7.00000021606684
2.5 7.00000021606684
3.5 7.00000021606684
4.5 7.00000021606684
5.5 7.00000021606684
6.5 7.00000021606684
7.5 21.9999998807907
8.5 93.9999967813492
9.5 151.999995112419
10.5 268.00000667572
11.5 514.999985694885
12.5 544.000029563904
13.5 607.999980449677
14.5 647.000014781952
15.5 545.000016689301
16.5 375.0
17.5 280.000001192093
18.5 166.999995708466
19.5 63.000001013279004
20.5 10.9999999403954
21.5 7.00000021606684
22.5 7.00000021606684
23.5 7.00000021606684
