0.5 7.00000021606684
1.5 7.00000021606684
2.5 7.00000021606684
3.5 7.00000021606684
4.5 7.00000021606684
5.5 7.00000021606684
6.5 7.00000021606684
7.5 30.999999493360498
8.5 137.999996542931
9.5 263.000011444092
10.5 402.00001001358
11.5 510.999977588654
12.5 598.999977111816
13.5 632.000029087067
14.5 649.999976158142
15.5 495.00000476837204
16.5 324.999988079071
17.5 108.999997377396
18.5 46.000000089407
19.5 28.0000008642673
20.5 13.0000002682209
21.5 7.00000021606684
22.5 7.00000021606684
23.5 7.00000021606684
