0.5 7.000000216066837
1.5 7.000000216066837
2.5 7.000000216066837
3.5 7.000000216066837
4.5 7.000000216066837
5.5 7.000000216066837
6.5 7.000000216066837
7.5 23.000000044703484
8.5 79.99999821186066
9.5 217.99999475479126
10.5 426.9999861717224
11.5 537.0000004768372
12.5 625.0
13.5 529.9999713897705
14.5 469.0000116825104
15.5 324.99998807907104
16.5 305.0000071525574
17.5 136.99999451637268
18.5 96.00000083446503
19.5 34.00000184774399
20.5 16.00000075995922
21.5 7.000000216066837
22.5 7.000000216066837
23.5 7.000000216066837
