0.5 7.00000021606684
1.5 7.00000021606684
2.5 7.00000021606684
3.5 7.00000021606684
4.5 7.00000021606684
5.5 7.00000021606684
6.5 7.00000021606684
7.5 24.0000002086163
8.5 79.0000036358833
9.5 280.000001192093
10.5 402.999997138977
11.5 523.999989032745
12.5 601.999998092651
13.5 637.000024318695
14.5 633.000016212463
15.5 588.99998664856
16.5 504.99999523162796
17.5 358.999997377396
18.5 156.00000321865102
19.5 41.0000011324883
20.5 12.0000001043081
21.5 7.00000021606684
22.5 7.00000021606684
23.5 7.00000021606684
