0.5 7.000000216066837
1.5 7.000000216066837
2.5 7.000000216066837
3.5 7.000000216066837
4.5 7.000000216066837
5.5 7.000000216066837
6.5 7.000000216066837
7.5 16.00000075995922
8.5 83.99999886751175
9.5 201.00000500679016
10.5 331.9999873638153
11.5 500.99998712539673
12.5 601.9999980926514
13.5 637.0000243186951
14.5 625.0
15.5 586.0000252723694
16.5 495.9999918937683
17.5 356.00000619888306
18.5 180.00000715255737
19.5 26.000000536441803
20.5 8.00000037997961
21.5 7.000000216066837
22.5 7.000000216066837
23.5 7.000000216066837
