0.5 7.000000216066837
1.5 7.000000216066837
2.5 7.000000216066837
3.5 7.000000216066837
4.5 7.000000216066837
5.5 7.000000216066837
6.5 7.000000216066837
7.5 20.999999716877937
8.5 104.00000214576721
9.5 256.00001215934753
10.5 391.9999897480011
11.5 512.0000243186951
12.5 597.9999899864197
13.5 629.9999952316284
14.5 629.0000081062317
15.5 611.9999885559082
16.5 514.9999856948853
17.5 368.99998784065247
18.5 170.00000178813934
19.5 30.99999949336052
20.5 8.999999612569809
21.5 7.000000216066837
22.5 7.000000216066837
23.5 7.000000216066837
