0.5 7.000000216066837
1.5 7.000000216066837
2.5 7.000000216066837
3.5 7.000000216066837
4.5 7.000000216066837
5.5 7.000000216066837
6.5 7.000000216066837
7.5 14.999999664723873
8.5 57.999998331069946
9.5 270.9999978542328
10.5 200.00000298023224
11.5 432.99999833106995
12.5 602.9999852180481
13.5 626.9999742507935
14.5 643.0000066757202
15.5 595.0000286102295
16.5 497.0000088214874
17.5 370.0000047683716
18.5 210.999995470047
19.5 26.000000536441803
20.5 8.00000037997961
21.5 7.000000216066837
22.5 7.000000216066837
23.5 7.000000216066837
