0.5 7.00000021606684
1.5 7.00000021606684
2.5 7.00000021606684
3.5 7.00000021606684
4.5 7.00000021606684
5.5 7.00000021606684
6.5 7.00000021606684
7.5 17.9999992251396
8.5 70.0000002980232
9.5 243.000000715256
10.5 226.999998092651
11.5 467.999994754791
12.5 529.999971389771
13.5 606.99999332428
14.5 465.000003576279
15.5 391.000002622604
16.5 223.000004887581
17.5 79.0000036358833
18.5 67.0000016689301
19.5 9.99999977648258
20.5 7.00000021606684
21.5 7.00000021606684
22.5 7.00000021606684
23.5 7.00000021606684
