0.5 7.000000216066837
1.5 7.000000216066837
2.5 7.000000216066837
3.5 7.000000216066837
4.5 7.000000216066837
5.5 7.000000216066837
6.5 7.000000216066837
7.5 14.000000432133675
8.5 79.99999821186066
9.5 216.0000056028366
10.5 395.9999978542328
11.5 510.99997758865356
12.5 591.0000205039978
13.5 624.0000128746033
14.5 603.9999723434448
15.5 533.9999794960022
16.5 421.00000381469727
17.5 312.00000643730164
18.5 153.99999916553497
19.5 25.00000037252903
20.5 7.000000216066837
21.5 7.000000216066837
22.5 7.000000216066837
23.5 7.000000216066837
