0.5 7.000000216066837
1.5 7.000000216066837
2.5 7.000000216066837
3.5 7.000000216066837
4.5 7.000000216066837
5.5 7.000000216066837
6.5 7.000000216066837
7.5 8.00000037997961
8.5 79.00000363588333
9.5 219.9999988079071
10.5 352.9999852180481
11.5 463.99998664855957
12.5 536.0000133514404
13.5 547.9999780654907
14.5 527.999997138977
15.5 453.99999618530273
16.5 319.9999928474426
17.5 202.9999941587448
18.5 61.99999898672104
19.5 8.00000037997961
20.5 7.000000216066837
21.5 7.000000216066837
22.5 7.000000216066837
23.5 7.000000216066837
