0.5 7.00000021606684
1.5 7.00000021606684
2.5 7.00000021606684
3.5 7.00000021606684
4.5 7.00000021606684
5.5 7.00000021606684
6.5 7.00000021606684
7.5 46.9999983906746
8.5 143.999993801117
9.5 257.999986410141
10.5 467.999994754791
11.5 492.000013589859
12.5 441.000014543533
13.5 238.999992609024
14.5 172.999992966652
15.5 114.000000059605
16.5 48.9999987185001
17.5 27.0000007003546
18.5 7.00000021606684
19.5 7.00000021606684
20.5 7.00000021606684
21.5 7.00000021606684
22.5 7.00000021606684
23.5 7.00000021606684
