0.5 7.000000216066837
1.5 7.000000216066837
2.5 7.000000216066837
3.5 7.000000216066837
4.5 7.000000216066837
5.5 7.000000216066837
6.5 7.000000216066837
7.5 12.000000104308128
8.5 34.00000184774399
9.5 61.000000685453415
10.5 64.00000303983688
11.5 70.00000029802322
12.5 92.00000017881393
13.5 68.9999982714653
14.5 65.99999964237213
15.5 37.99999877810478
16.5 27.000000700354576
17.5 9.999999776482582
18.5 7.000000216066837
19.5 7.000000216066837
20.5 7.000000216066837
21.5 7.000000216066837
22.5 7.000000216066837
23.5 7.000000216066837
