0.5 7.00000021606684
1.5 7.00000021606684
2.5 7.00000021606684
3.5 7.00000021606684
4.5 7.00000021606684
5.5 7.00000021606684
6.5 7.00000021606684
7.5 12.0000001043081
8.5 52.9999993741512
9.5 112.000003457069
10.5 188.999995589256
11.5 351.00001096725504
12.5 448.000013828278
13.5 184.000000357628
14.5 244.000002741814
15.5 266.999989748001
16.5 149.000003933907
17.5 34.000001847744
18.5 7.00000021606684
19.5 7.00000021606684
20.5 7.00000021606684
21.5 7.00000021606684
22.5 7.00000021606684
23.5 7.00000021606684
