0.5 7.000000216066837
1.5 7.000000216066837
2.5 7.000000216066837
3.5 7.000000216066837
4.5 7.000000216066837
5.5 7.000000216066837
6.5 7.000000216066837
7.5 14.999999664723873
8.5 97.00000286102295
9.5 256.00001215934753
10.5 354.99998927116394
11.5 428.99999022483826
12.5 451.00000500679016
13.5 439.9999976158142
14.5 377.00000405311584
15.5 275.0000059604645
16.5 150.9999930858612
17.5 30.99999949336052
18.5 7.000000216066837
19.5 7.000000216066837
20.5 7.000000216066837
21.5 7.000000216066837
22.5 7.000000216066837
23.5 7.000000216066837
