0.5 7.000000216066837
1.5 7.000000216066837
2.5 7.000000216066837
3.5 7.000000216066837
4.5 7.000000216066837
5.5 7.000000216066837
6.5 7.000000216066837
7.5 13.000000268220901
8.5 74.00000095367432
9.5 168.99999976158142
10.5 270.00001072883606
11.5 361.9999885559082
12.5 303.99999022483826
13.5 231.99999332427979
14.5 207.0000022649765
15.5 156.00000321865082
16.5 123.99999797344208
17.5 37.99999877810478
18.5 8.999999612569809
19.5 7.000000216066837
20.5 7.000000216066837
21.5 7.000000216066837
22.5 7.000000216066837
23.5 7.000000216066837
