0.5 7.00000021606684
1.5 7.00000021606684
2.5 7.00000021606684
3.5 7.00000021606684
4.5 7.00000021606684
5.5 7.00000021606684
6.5 7.00000021606684
7.5 10.9999999403954
8.5 86.0000029206276
9.5 268.00000667572
10.5 414.000004529953
11.5 537.999987602234
12.5 623.000025749207
13.5 652.999997138977
14.5 639.999985694885
15.5 578.999996185303
16.5 430.999994277954
17.5 277.999997138977
18.5 94.9999988079071
19.5 37.9999987781048
20.5 7.00000021606684
21.5 7.00000021606684
22.5 7.00000021606684
23.5 7.00000021606684
