0.5 7.000000216066837
1.5 7.000000216066837
2.5 7.000000216066837
3.5 7.000000216066837
4.5 7.000000216066837
5.5 7.000000216066837
6.5 7.000000216066837
7.5 7.000000216066837
8.5 24.000000208616257
9.5 92.00000017881393
10.5 312.99999356269836
11.5 442.00000166893005
12.5 536.0000133514404
13.5 583.0000042915344
14.5 589.9999737739563
15.5 541.0000085830688
16.5 444.0000057220459
17.5 301.9999861717224
18.5 158.00000727176666
19.5 32.00000151991844
20.5 7.000000216066837
21.5 7.000000216066837
22.5 7.000000216066837
23.5 7.000000216066837
