0.5 7.00000021606684
1.5 7.00000021606684
2.5 7.00000021606684
3.5 7.00000021606684
4.5 7.00000021606684
5.5 7.00000021606684
6.5 12.0000001043081
7.5 79.0000036358833
8.5 257.999986410141
9.5 405.000001192093
10.5 524.999976158142
11.5 610.000014305115
12.5 647.000014781952
13.5 628.000020980835
14.5 569.000005722046
15.5 465.000003576279
16.5 328.999996185303
17.5 170.000001788139
18.5 25.000000372528998
19.5 7.00000021606684
20.5 7.00000021606684
21.5 7.00000021606684
22.5 7.00000021606684
23.5 7.00000021606684
