0.5 7.000000216066837
1.5 7.000000216066837
2.5 7.000000216066837
3.5 7.000000216066837
4.5 7.000000216066837
5.5 7.000000216066837
6.5 7.000000216066837
7.5 12.000000104308128
8.5 52.000001072883606
9.5 108.0000028014183
10.5 194.0000057220459
11.5 458.99999141693115
12.5 632.0000290870667
13.5 648.9999890327454
14.5 634.9999904632568
15.5 577.0000219345093
16.5 474.9999940395355
17.5 335.00000834465027
18.5 164.000004529953
19.5 25.00000037252903
20.5 7.000000216066837
21.5 7.000000216066837
22.5 7.000000216066837
23.5 7.000000216066837
