0.5 7.000000216066837
1.5 7.000000216066837
2.5 7.000000216066837
3.5 7.000000216066837
4.5 7.000000216066837
5.5 7.000000216066837
6.5 8.00000037997961
7.5 48.00000041723251
8.5 180.00000715255737
9.5 321.00000977516174
10.5 453.000009059906
11.5 560.9999895095825
12.5 629.0000081062317
13.5 653.9999842643738
14.5 638.9999985694885
15.5 589.9999737739563
16.5 488.99999260902405
17.5 368.99998784065247
18.5 195.99999487400055
19.5 30.99999949336052
20.5 8.999999612569809
21.5 7.000000216066837
22.5 7.000000216066837
23.5 7.000000216066837
