0.5 7.00000021606684
1.5 7.00000021606684
2.5 7.00000021606684
3.5 7.00000021606684
4.5 7.00000021606684
5.5 7.00000021606684
6.5 7.00000021606684
7.5 29.9999993294477
8.5 166.999995708466
9.5 317.999988794327
10.5 453.999996185303
11.5 560.999989509583
12.5 632.000029087067
13.5 653.999984264374
14.5 637.000024318695
15.5 531.000018119812
16.5 460.999995470047
17.5 331.00000023841903
18.5 172.000005841255
19.5 30.999999493360498
20.5 8.00000037997961
21.5 7.00000021606684
22.5 7.00000021606684
23.5 7.00000021606684
