0.5 7.00000021606684
1.5 7.00000021606684
2.5 7.00000021606684
3.5 7.00000021606684
4.5 7.00000021606684
5.5 7.00000021606684
6.5 8.00000037997961
7.5 43.0000014603138
8.5 173.99999499321
9.5 314.00001049041697
10.5 398.99998903274496
11.5 546.000003814697
12.5 610.000014305115
13.5 644.999980926514
14.5 633.000016212463
15.5 578.999996185303
16.5 504.99999523162796
17.5 377.000004053116
18.5 150.000005960464
19.5 52.0000010728836
20.5 10.9999999403954
21.5 7.00000021606684
22.5 7.00000021606684
23.5 7.00000021606684
