0.5 7.000000216066837
1.5 7.000000216066837
2.5 7.000000216066837
3.5 7.000000216066837
4.5 7.000000216066837
5.5 7.000000216066837
6.5 7.000000216066837
7.5 14.999999664723873
8.5 32.999999821186066
9.5 184.00000035762787
10.5 430.9999942779541
11.5 393.0000066757202
12.5 527.0000100135803
13.5 400.9999930858612
14.5 136.00000739097595
15.5 287.9999876022339
16.5 294.99998688697815
17.5 143.00000667572021
18.5 221.00000083446503
19.5 52.000001072883606
20.5 16.00000075995922
21.5 7.000000216066837
22.5 7.000000216066837
23.5 7.000000216066837
