0.5 7.00000021606684
1.5 7.00000021606684
2.5 7.00000021606684
3.5 7.00000021606684
4.5 7.00000021606684
5.5 7.00000021606684
6.5 8.00000037997961
7.5 57.0000000298023
8.5 192.00000166893
9.5 326.00000500679
10.5 456.99998736381497
11.5 564.000010490418
12.5 640.999972820282
13.5 674.000024795532
14.5 666.999995708466
15.5 606.99999332428
16.5 500.99998712539696
17.5 375.999987125397
18.5 237.000003457069
19.5 43.0000014603138
20.5 12.0000001043081
21.5 7.00000021606684
22.5 7.00000021606684
23.5 7.00000021606684
