0.5 7.00000021606684
1.5 7.00000021606684
2.5 7.00000021606684
3.5 7.00000021606684
4.5 7.00000021606684
5.5 7.00000021606684
6.5 8.00000037997961
7.5 28.999999165535
8.5 81.00000023841861
9.5 155.000001192093
10.5 398.00000190734903
11.5 556.9999814033511
12.5 575.999975204468
13.5 652.00001001358
14.5 638.999998569489
15.5 615.99999666214
16.5 351.99999809265097
17.5 243.000000715256
18.5 142.00000464916198
19.5 48.0000004172325
20.5 8.99999961256981
21.5 7.00000021606684
22.5 7.00000021606684
23.5 7.00000021606684
