0.5 7.00000021606684
1.5 7.00000021606684
2.5 7.00000021606684
3.5 7.00000021606684
4.5 7.00000021606684
5.5 7.00000021606684
6.5 7.00000021606684
7.5 21.9999998807907
8.5 79.9999982118607
9.5 264.99998569488497
10.5 428.000003099442
11.5 338.99998664856
12.5 527.00001001358
13.5 515.999972820282
14.5 375.0
15.5 204.999998211861
16.5 160.999998450279
17.5 143.00000667572
18.5 156.00000321865102
19.5 32.9999998211861
20.5 8.00000037997961
21.5 7.00000021606684
22.5 7.00000021606684
23.5 7.00000021606684
