0.5 7.000000216066837
1.5 7.000000216066837
2.5 7.000000216066837
3.5 7.000000216066837
4.5 7.000000216066837
5.5 7.000000216066837
6.5 7.000000216066837
7.5 25.00000037252903
8.5 119.00000274181366
9.5 277.99999713897705
10.5 421.00000381469727
11.5 527.0000100135803
12.5 609.000027179718
13.5 646.0000276565552
14.5 628.000020980835
15.5 533.9999794960022
16.5 252.00000405311584
17.5 275.0000059604645
18.5 94.9999988079071
19.5 24.000000208616257
20.5 8.00000037997961
21.5 7.000000216066837
22.5 7.000000216066837
23.5 7.000000216066837
