0.5 7.000000216066837
1.5 7.000000216066837
2.5 7.000000216066837
3.5 7.000000216066837
4.5 7.000000216066837
5.5 7.000000216066837
6.5 7.000000216066837
7.5 14.000000432133675
8.5 74.00000095367432
9.5 155.0000011920929
10.5 395.9999978542328
11.5 528.9999842643738
12.5 610.0000143051147
13.5 639.9999856948853
14.5 568.0000185966492
15.5 504.0000081062317
16.5 421.00000381469727
17.5 273.99998903274536
18.5 108.99999737739563
19.5 18.99999938905239
20.5 7.000000216066837
21.5 7.000000216066837
22.5 7.000000216066837
23.5 7.000000216066837
