0.5 0.0
1.5 7.000000216066837
2.5 7.000000216066837
3.5 7.000000216066837
4.5 7.000000216066837
5.5 7.000000216066837
6.5 7.000000216066837
7.5 9.999999776482582
8.5 43.99999976158142
9.5 224.99999403953552
10.5 211.99999749660492
11.5 250.0
12.5 157.00000524520874
13.5 293.9999997615814
14.5 144.99999582767487
15.5 133.00000131130219
16.5 206.00000023841858
17.5 206.00000023841858
18.5 105.99999874830246
19.5 10.999999940395355
20.5 7.000000216066837
21.5 7.000000216066837
22.5 7.000000216066837
23.5 7.000000216066837
