0.5 7.000000216066837
1.5 7.000000216066837
2.5 7.000000216066837
3.5 7.000000216066837
4.5 7.000000216066837
5.5 7.000000216066837
6.5 7.000000216066837
7.5 8.00000037997961
8.5 46.99999839067459
9.5 61.000000685453415
10.5 86.99999749660492
11.5 159.9999964237213
12.5 159.9999964237213
13.5 120.99999934434891
14.5 206.00000023841858
15.5 128.00000607967377
16.5 82.99999684095383
17.5 72.9999989271164
18.5 79.00000363588333
19.5 9.999999776482582
20.5 7.000000216066837
21.5 7.000000216066837
22.5 7.000000216066837
23.5 7.000000216066837
