0.5 7.00000021606684
1.5 7.00000021606684
2.5 7.00000021606684
3.5 7.00000021606684
4.5 7.00000021606684
5.5 7.00000021606684
6.5 7.00000021606684
7.5 8.99999961256981
8.5 90.0000035762787
9.5 225.999996066093
10.5 333.999991416931
11.5 462.999999523163
12.5 518.9999938011171
13.5 545.000016689301
14.5 510.999977588654
15.5 437.99999356269797
16.5 328.000009059906
17.5 188.999995589256
18.5 52.0000010728836
19.5 7.00000021606684
20.5 7.00000021606684
21.5 7.00000021606684
22.5 7.00000021606684
23.5 7.00000021606684
