0.5 8.00000037997961
1.5 8.00000037997961
2.5 8.00000037997961
3.5 8.00000037997961
4.5 8.00000037997961
5.5 8.00000037997961
6.5 8.00000037997961
7.5 8.00000037997961
8.5 13.0000002682209
9.5 32.0000015199184
10.5 64.9999976158142
11.5 103.00000011920899
12.5 118.00000071525601
13.5 112.000003457069
14.5 123.99999797344199
15.5 74.0000009536743
16.5 54.0000014007092
17.5 30.999999493360498
18.5 12.0000001043081
19.5 8.00000037997961
20.5 8.00000037997961
21.5 8.00000037997961
22.5 8.00000037997961
23.5 8.00000037997961
