0.5 7.000000216066837
1.5 7.000000216066837
2.5 7.000000216066837
3.5 7.000000216066837
4.5 7.000000216066837
5.5 7.000000216066837
6.5 7.000000216066837
7.5 7.000000216066837
8.5 8.999999612569809
9.5 17.000000923871994
10.5 28.00000086426735
11.5 50.00000074505806
12.5 46.99999839067459
13.5 50.999999046325684
14.5 0.0
15.5 35.999998450279236
16.5 35.00000014901161
17.5 28.00000086426735
18.5 9.999999776482582
19.5 7.000000216066837
20.5 7.000000216066837
21.5 7.000000216066837
22.5 7.000000216066837
23.5 7.000000216066837
