0.5 7.000000216066837
1.5 7.000000216066837
2.5 7.000000216066837
3.5 7.000000216066837
4.5 7.000000216066837
5.5 7.000000216066837
6.5 7.000000216066837
7.5 7.000000216066837
8.5 13.000000268220901
9.5 75.99999755620956
10.5 128.9999932050705
11.5 184.00000035762787
12.5 331.0000002384186
13.5 451.00000500679016
14.5 532.0000052452087
15.5 479.0000021457672
16.5 337.99999952316284
17.5 171.00000381469727
18.5 48.00000041723251
19.5 8.00000037997961
20.5 7.000000216066837
21.5 7.000000216066837
22.5 7.000000216066837
23.5 7.000000216066837
