0.5 7.000000216066837
1.5 7.000000216066837
2.5 7.000000216066837
3.5 7.000000216066837
4.5 7.000000216066837
5.5 7.000000216066837
6.5 7.000000216066837
7.5 7.000000216066837
8.5 16.00000075995922
9.5 50.00000074505806
10.5 100.00000149011612
11.5 170.00000178813934
12.5 163.00000250339508
13.5 282.00000524520874
14.5 324.0000009536743
15.5 307.0000112056732
16.5 234.99999940395355
17.5 179.00000512599945
18.5 50.00000074505806
19.5 8.00000037997961
20.5 7.000000216066837
21.5 7.000000216066837
22.5 7.000000216066837
23.5 7.000000216066837
