0.5 7.00000021606684
1.5 7.00000021606684
2.5 7.00000021606684
3.5 7.00000021606684
4.5 7.00000021606684
5.5 7.00000021606684
6.5 7.00000021606684
7.5 7.00000021606684
8.5 19.9999995529652
9.5 122.000001370907
10.5 246.000006794929
11.5 340.999990701675
12.5 425.000011920929
13.5 458.00000429153397
14.5 444.999992847443
15.5 384.00000333786
16.5 296.999990940094
17.5 177.000001072884
18.5 43.9999997615814
19.5 7.00000021606684
20.5 7.00000021606684
21.5 7.00000021606684
22.5 7.00000021606684
23.5 7.00000021606684
