0.5 7.000000216066837
1.5 7.000000216066837
2.5 7.000000216066837
3.5 7.000000216066837
4.5 7.000000216066837
5.5 7.000000216066837
6.5 7.000000216066837
7.5 7.000000216066837
8.5 17.000000923871994
9.5 48.00000041723251
10.5 103.00000011920929
11.5 268.0000066757202
12.5 268.99999380111694
13.5 266.00000262260437
14.5 182.99999833106995
15.5 247.99999594688416
16.5 172.0000058412552
17.5 89.00000154972076
18.5 43.0000014603138
19.5 10.999999940395355
20.5 7.000000216066837
21.5 7.000000216066837
22.5 7.000000216066837
23.5 7.000000216066837
