0.5 7.000000216066837
1.5 7.000000216066837
2.5 7.000000216066837
3.5 7.000000216066837
4.5 7.000000216066837
5.5 7.000000216066837
6.5 7.000000216066837
7.5 7.000000216066837
8.5 17.000000923871994
9.5 72.9999989271164
10.5 138.99999856948853
11.5 151.99999511241913
12.5 241.99999868869781
13.5 428.0000030994415
14.5 312.00000643730164
15.5 230.00000417232513
16.5 155.0000011920929
17.5 56.0000017285347
18.5 34.00000184774399
19.5 9.999999776482582
20.5 7.000000216066837
21.5 7.000000216066837
22.5 7.000000216066837
23.5 7.000000216066837
