0.5 7.00000021606684
1.5 7.00000021606684
2.5 7.00000021606684
3.5 7.00000021606684
4.5 7.00000021606684
5.5 7.00000021606684
6.5 7.00000021606684
7.5 8.00000037997961
8.5 57.9999983310699
9.5 201.00000500679
10.5 335.00000834465
11.5 432.000011205673
12.5 0.0
13.5 389.99998569488497
14.5 370.00000476837204
15.5 293.00001263618503
16.5 189.99999761581398
17.5 71.9999969005585
18.5 37.0000004768372
19.5 13.0000002682209
20.5 7.00000021606684
21.5 7.00000021606684
22.5 7.00000021606684
23.5 7.00000021606684
