0.5 7.00000021606684
1.5 7.00000021606684
2.5 7.00000021606684
3.5 7.00000021606684
4.5 7.00000021606684
5.5 7.00000021606684
6.5 7.00000021606684
7.5 10.9999999403954
8.5 52.0000010728836
9.5 140.000000596046
10.5 365.99999666214
11.5 481.000006198883
12.5 586.000025272369
13.5 621.999979019165
14.5 614.000022411346
15.5 569.000005722046
16.5 451.999992132187
17.5 287.999987602234
18.5 118.00000071525601
19.5 32.0000015199184
20.5 7.00000021606684
21.5 7.00000021606684
22.5 7.00000021606684
23.5 7.00000021606684
