0.5 0.0
1.5 7.00000021606684
2.5 7.00000021606684
3.5 7.00000021606684
4.5 7.00000021606684
5.5 7.00000021606684
6.5 7.00000021606684
7.5 13.0000002682209
8.5 82.9999968409538
9.5 238.999992609024
10.5 374.000012874603
11.5 479.000002145767
12.5 578.999996185303
13.5 612.999975681305
14.5 601.999998092651
15.5 532.999992370606
16.5 435.000002384186
17.5 308.999985456467
18.5 150.000005960464
19.5 25.000000372528998
20.5 7.00000021606684
21.5 7.00000021606684
22.5 7.00000021606684
23.5 7.00000021606684
