0.5 7.000000216066837
1.5 7.000000216066837
2.5 7.000000216066837
3.5 7.000000216066837
4.5 7.000000216066837
5.5 7.000000216066837
6.5 7.000000216066837
7.5 14.999999664723873
8.5 104.99999672174454
9.5 259.0000033378601
10.5 398.99998903274536
11.5 510.99997758865356
12.5 577.0000219345093
13.5 625.0
14.5 626.9999742507935
15.5 573.0000138282776
16.5 474.9999940395355
17.5 344.9999988079071
18.5 171.00000381469727
19.5 28.00000086426735
20.5 7.000000216066837
21.5 7.000000216066837
22.5 7.000000216066837
23.5 7.000000216066837
