0.5 7.000000216066837
1.5 7.000000216066837
2.5 7.000000216066837
3.5 7.000000216066837
4.5 7.000000216066837
5.5 7.000000216066837
6.5 7.000000216066837
7.5 17.000000923871994
8.5 112.0000034570694
9.5 263.9999985694885
10.5 400.0000059604645
11.5 515.999972820282
12.5 602.9999852180481
13.5 635.9999775886536
14.5 620.9999918937683
15.5 559.0000152587891
16.5 458.0000042915344
17.5 321.9999969005585
18.5 158.9999943971634
19.5 34.00000184774399
20.5 8.00000037997961
21.5 7.000000216066837
22.5 7.000000216066837
23.5 7.000000216066837
