0.5 7.000000216066837
1.5 7.000000216066837
2.5 7.000000216066837
3.5 7.000000216066837
4.5 7.000000216066837
5.5 7.000000216066837
6.5 7.000000216066837
7.5 8.999999612569809
8.5 20.999999716877937
9.5 28.999999165534973
10.5 50.999999046325684
11.5 108.99999737739563
12.5 97.00000286102295
13.5 93.00000220537186
14.5 122.00000137090683
15.5 165.99999368190765
16.5 97.99999743700027
17.5 74.00000095367432
18.5 46.00000008940697
19.5 13.000000268220901
20.5 7.000000216066837
21.5 8.00000037997961
22.5 8.00000037997961
23.5 8.00000037997961
