0.5 7.00000021606684
1.5 7.00000021606684
2.5 7.00000021606684
3.5 7.00000021606684
4.5 7.00000021606684
5.5 7.00000021606684
6.5 7.00000021606684
7.5 16.0000007599592
8.5 135.000005364418
9.5 298.99999499321
10.5 435.99998950958303
11.5 554.000020027161
12.5 628.000020980835
13.5 657.000005245209
14.5 642.000019550324
15.5 583.000004291534
16.5 474.99999403953603
17.5 344.00001168251
18.5 172.000005841255
19.5 27.0000007003546
20.5 8.00000037997961
21.5 7.00000021606684
22.5 7.00000021606684
23.5 7.00000021606684
