0.5 7.00000021606684
1.5 7.00000021606684
2.5 7.00000021606684
3.5 7.00000021606684
4.5 7.00000021606684
5.5 7.00000021606684
6.5 7.00000021606684
7.5 20.9999997168779
8.5 67.0000016689301
9.5 144.999995827675
10.5 342.999994754791
11.5 509.00000333786
12.5 578.999996185303
13.5 598.999977111816
14.5 592.000007629395
15.5 532.999992370606
16.5 449.999988079071
17.5 330.000013113022
18.5 197.999998927116
19.5 34.000001847744
20.5 14.000000432133701
21.5 7.00000021606684
22.5 7.00000021606684
23.5 7.00000021606684
