0.5 7.00000021606684
1.5 7.00000021606684
2.5 7.00000021606684
3.5 7.00000021606684
4.5 7.00000021606684
5.5 7.00000021606684
6.5 7.00000021606684
7.5 41.9999994337559
8.5 166.999995708466
9.5 303.000003099442
10.5 412.000000476837
11.5 535.000026226044
12.5 607.999980449677
13.5 503.00002098083496
14.5 148.000001907349
15.5 92.0000001788139
16.5 54.9999997019768
17.5 100.00000149011599
18.5 57.0000000298023
19.5 24.0000002086163
20.5 7.00000021606684
21.5 7.00000021606684
22.5 7.00000021606684
23.5 7.00000021606684
