0.5 7.000000216066837
1.5 7.000000216066837
2.5 7.000000216066837
3.5 7.000000216066837
4.5 7.000000216066837
5.5 7.000000216066837
6.5 7.000000216066837
7.5 18.99999938905239
8.5 50.00000074505806
9.5 111.00000143051147
10.5 158.9999943971634
11.5 289.99999165534973
12.5 510.99997758865356
13.5 628.000020980835
14.5 619.0000176429749
15.5 560.0000023841858
16.5 463.99998664855957
17.5 328.99999618530273
18.5 172.0000058412552
19.5 30.99999949336052
20.5 8.999999612569809
21.5 7.000000216066837
22.5 7.000000216066837
23.5 7.000000216066837
