0.5 7.00000021606684
1.5 7.00000021606684
2.5 7.00000021606684
3.5 7.00000021606684
4.5 7.00000021606684
5.5 7.00000021606684
6.5 8.00000037997961
7.5 46.9999983906746
8.5 182.99999833107
9.5 319.999992847443
10.5 437.99999356269797
11.5 549.000024795532
12.5 607.999980449677
13.5 633.000016212463
14.5 626.999974250794
15.5 577.000021934509
16.5 481.000006198883
17.5 356.99999332428
18.5 211.999997496605
19.5 26.0000005364418
20.5 9.99999977648258
21.5 7.00000021606684
22.5 7.00000021606684
23.5 7.00000021606684
