0.5 7.000000216066837
1.5 7.000000216066837
2.5 7.000000216066837
3.5 7.000000216066837
4.5 7.000000216066837
5.5 7.000000216066837
6.5 8.00000037997961
7.5 46.00000008940697
8.5 119.00000274181366
9.5 75.99999755620956
10.5 160.99999845027924
11.5 465.0000035762787
12.5 578.000009059906
13.5 593.999981880188
14.5 605.0000190734863
15.5 542.9999828338623
16.5 323.0000138282776
17.5 273.99998903274536
18.5 202.9999941587448
19.5 50.999999046325684
20.5 12.000000104308128
21.5 7.000000216066837
22.5 7.000000216066837
23.5 7.000000216066837
