0.5 7.000000216066837
1.5 7.000000216066837
2.5 7.000000216066837
3.5 7.000000216066837
4.5 7.000000216066837
5.5 7.000000216066837
6.5 8.00000037997961
7.5 56.0000017285347
8.5 149.00000393390656
9.5 277.99999713897705
10.5 407.99999237060547
11.5 518.999993801117
12.5 595.0000286102295
13.5 616.9999837875366
14.5 603.9999723434448
15.5 549.0000247955322
16.5 481.00000619888306
17.5 358.99999737739563
18.5 221.00000083446503
19.5 34.00000184774399
20.5 10.999999940395355
21.5 7.000000216066837
22.5 7.000000216066837
23.5 7.000000216066837
