0.5 7.000000216066837
1.5 7.000000216066837
2.5 7.000000216066837
3.5 7.000000216066837
4.5 7.000000216066837
5.5 7.000000216066837
6.5 7.000000216066837
7.5 39.99999910593033
8.5 101.00000351667404
9.5 171.00000381469727
10.5 314.0000104904175
11.5 515.999972820282
12.5 586.0000252723694
13.5 615.0000095367432
14.5 628.000020980835
15.5 488.0000054836273
16.5 308.9999854564667
17.5 291.00000858306885
18.5 223.00000488758087
19.5 52.000001072883606
20.5 14.000000432133675
21.5 7.000000216066837
22.5 7.000000216066837
23.5 7.000000216066837
