0.5 7.000000216066837
1.5 7.000000216066837
2.5 7.000000216066837
3.5 7.000000216066837
4.5 7.000000216066837
5.5 7.000000216066837
6.5 7.000000216066837
7.5 20.999999716877937
8.5 116.99999868869781
9.5 165.99999368190765
10.5 259.99999046325684
11.5 517.0000195503235
12.5 578.000009059906
13.5 616.9999837875366
14.5 616.9999837875366
15.5 490.00000953674316
16.5 470.99998593330383
17.5 338.99998664855957
18.5 87.99999952316284
19.5 41.999999433755875
20.5 8.999999612569809
21.5 7.000000216066837
22.5 7.000000216066837
23.5 7.000000216066837
