0.5 7.000000216066837
1.5 7.000000216066837
2.5 7.000000216066837
3.5 7.000000216066837
4.5 8.00000037997961
5.5 8.00000037997961
6.5 8.00000037997961
7.5 8.00000037997961
8.5 18.99999938905239
9.5 45.00000178813934
10.5 68.00000369548798
11.5 179.00000512599945
12.5 549.0000247955322
13.5 418.0000126361847
14.5 270.00001072883606
15.5 319.0000057220459
16.5 167.9999977350235
17.5 59.99999865889549
18.5 35.999998450279236
19.5 23.000000044703484
20.5 7.000000216066837
21.5 7.000000216066837
22.5 7.000000216066837
23.5 7.000000216066837
