0.5 7.00000021606684
1.5 7.00000021606684
2.5 7.00000021606684
3.5 7.00000021606684
4.5 7.00000021606684
5.5 7.00000021606684
6.5 7.00000021606684
7.5 10.9999999403954
8.5 32.9999998211861
9.5 108.999997377396
10.5 143.999993801117
11.5 326.999992132187
12.5 495.99999189376797
13.5 587.000012397766
14.5 501.999974250794
15.5 381.000012159348
16.5 218.99999678134898
17.5 187.000006437302
18.5 83.9999988675118
19.5 14.9999996647239
20.5 7.00000021606684
21.5 7.00000021606684
22.5 7.00000021606684
23.5 7.00000021606684
