0.5 7.00000021606684
1.5 7.00000021606684
2.5 7.00000021606684
3.5 7.00000021606684
4.5 7.00000021606684
5.5 7.00000021606684
6.5 7.00000021606684
7.5 14.9999996647239
8.5 112.999998033047
9.5 248.999997973442
10.5 388.99999856948904
11.5 490.99999666214
12.5 561.999976634979
13.5 623.000025749207
14.5 658.999979496002
15.5 416.99999570846603
16.5 307.000011205673
17.5 119.999997317791
18.5 116.999998688698
19.5 28.999999165535
20.5 7.00000021606684
21.5 7.00000021606684
22.5 7.00000021606684
23.5 7.00000021606684
