0.5 7.00000021606684
1.5 7.00000021606684
2.5 7.00000021606684
3.5 7.00000021606684
4.5 7.00000021606684
5.5 7.00000021606684
6.5 7.00000021606684
7.5 7.00000021606684
8.5 20.9999997168779
9.5 30.999999493360498
10.5 35.0000001490116
11.5 32.9999998211861
12.5 50.0000007450581
13.5 52.9999993741512
14.5 52.9999993741512
15.5 48.0000004172325
16.5 37.9999987781048
17.5 19.9999995529652
18.5 12.0000001043081
19.5 7.00000021606684
20.5 7.00000021606684
21.5 7.00000021606684
22.5 8.00000037997961
23.5 8.00000037997961
