0.5 8.00000037997961
1.5 8.00000037997961
2.5 8.00000037997961
3.5 8.00000037997961
4.5 8.00000037997961
5.5 8.00000037997961
6.5 8.00000037997961
7.5 8.99999961256981
8.5 17.000000923872
9.5 28.0000008642673
10.5 52.9999993741512
11.5 65.9999996423721
12.5 83.9999988675118
13.5 107.00000077486
14.5 104.99999672174499
15.5 101.99999809265101
16.5 65.9999996423721
17.5 34.000001847744
18.5 12.0000001043081
19.5 7.00000021606684
20.5 7.00000021606684
21.5 7.00000021606684
22.5 7.00000021606684
23.5 7.00000021606684
