0.5 7.00000021606684
1.5 7.00000021606684
2.5 7.00000021606684
3.5 7.00000021606684
4.5 7.00000021606684
5.5 7.00000021606684
6.5 7.00000021606684
7.5 7.00000021606684
8.5 19.9999995529652
9.5 71.9999969005585
10.5 156.00000321865102
11.5 368.000000715256
12.5 388.000011444092
13.5 367.000013589859
14.5 347.000002861023
15.5 319.999992847443
16.5 238.999992609024
17.5 108.000002801418
18.5 17.000000923872
19.5 7.00000021606684
20.5 7.00000021606684
21.5 7.00000021606684
22.5 7.00000021606684
23.5 7.00000021606684
