0.5 7.00000021606684
1.5 7.00000021606684
2.5 7.00000021606684
3.5 7.00000021606684
4.5 7.00000021606684
5.5 7.00000021606684
6.5 7.00000021606684
7.5 7.00000021606684
8.5 16.0000007599592
9.5 79.9999982118607
10.5 173.99999499321
11.5 250.999987125397
12.5 351.99999809265097
13.5 333.00000429153397
14.5 246.999993920326
15.5 266.000002622604
16.5 236.000001430511
17.5 119.999997317791
18.5 28.999999165535
19.5 7.00000021606684
20.5 7.00000021606684
21.5 7.00000021606684
22.5 7.00000021606684
23.5 7.00000021606684
