0.5 7.000000216066837
1.5 7.000000216066837
2.5 7.000000216066837
3.5 7.000000216066837
4.5 7.000000216066837
5.5 7.000000216066837
6.5 7.000000216066837
7.5 7.000000216066837
8.5 9.999999776482582
9.5 35.00000014901161
10.5 93.99999678134918
11.5 207.0000022649765
12.5 412.9999876022339
13.5 469.0000116825104
14.5 453.99999618530273
15.5 398.99998903274536
16.5 303.0000030994415
17.5 185.0000023841858
18.5 64.99999761581421
19.5 8.999999612569809
20.5 7.000000216066837
21.5 7.000000216066837
22.5 7.000000216066837
23.5 7.000000216066837
