0.5 7.000000216066837
1.5 7.000000216066837
2.5 7.000000216066837
3.5 7.000000216066837
4.5 7.000000216066837
5.5 7.000000216066837
6.5 7.000000216066837
7.5 7.000000216066837
8.5 10.999999940395355
9.5 35.00000014901161
10.5 68.00000369548798
11.5 71.99999690055847
12.5 59.00000035762787
13.5 61.000000685453415
14.5 74.00000095367432
15.5 81.00000023841858
16.5 52.000001072883606
17.5 25.00000037252903
18.5 14.999999664723873
19.5 8.999999612569809
20.5 8.00000037997961
21.5 8.00000037997961
22.5 8.00000037997961
23.5 8.00000037997961
