0.5 7.000000216066837
1.5 0.0
2.5 7.000000216066837
3.5 7.000000216066837
4.5 7.000000216066837
5.5 7.000000216066837
6.5 7.000000216066837
7.5 7.000000216066837
8.5 20.999999716877937
9.5 50.999999046325684
10.5 59.00000035762787
11.5 107.00000077486038
12.5 337.0000123977661
13.5 435.0000023841858
14.5 342.99999475479126
15.5 321.9999969005585
16.5 305.9999942779541
17.5 194.0000057220459
18.5 101.00000351667404
19.5 10.999999940395355
20.5 7.000000216066837
21.5 7.000000216066837
22.5 7.000000216066837
23.5 7.000000216066837
