0.5 7.000000216066837
1.5 8.00000037997961
2.5 8.00000037997961
3.5 8.00000037997961
4.5 7.000000216066837
5.5 7.000000216066837
6.5 7.000000216066837
7.5 7.000000216066837
8.5 27.000000700354576
9.5 56.0000017285347
10.5 104.00000214576721
11.5 136.99999451637268
12.5 173.99999499320984
13.5 146.9999998807907
14.5 138.99999856948853
15.5 97.99999743700027
16.5 160.99999845027924
17.5 196.99999690055847
18.5 54.999999701976776
19.5 23.000000044703484
20.5 7.000000216066837
21.5 7.000000216066837
22.5 7.000000216066837
23.5 7.000000216066837
