0.5 7.000000216066837
1.5 7.000000216066837
2.5 7.000000216066837
3.5 7.000000216066837
4.5 7.000000216066837
5.5 7.000000216066837
6.5 7.000000216066837
7.5 28.00000086426735
8.5 148.00000190734863
9.5 280.9999883174896
10.5 375.0
11.5 504.9999952316284
12.5 563.0000233650208
13.5 606.000006198883
14.5 598.9999771118164
15.5 532.0000052452087
16.5 458.99999141693115
17.5 324.0000009536743
18.5 158.9999943971634
19.5 27.000000700354576
20.5 8.00000037997961
21.5 7.000000216066837
22.5 7.000000216066837
23.5 7.000000216066837
