0.5 7.000000216066837
1.5 0.0
2.5 7.000000216066837
3.5 7.000000216066837
4.5 7.000000216066837
5.5 7.000000216066837
6.5 7.000000216066837
7.5 16.00000075995922
8.5 116.99999868869781
9.5 275.9999930858612
10.5 405.0000011920929
11.5 515.999972820282
12.5 592.9999947547913
13.5 633.0000162124634
14.5 628.000020980835
15.5 569.9999928474426
16.5 472.9999899864197
17.5 323.0000138282776
18.5 150.00000596046448
19.5 28.999999165534973
20.5 7.000000216066837
21.5 7.000000216066837
22.5 7.000000216066837
23.5 7.000000216066837
