0.5 7.000000216066837
1.5 7.000000216066837
2.5 7.000000216066837
3.5 7.000000216066837
4.5 7.000000216066837
5.5 7.000000216066837
6.5 7.000000216066837
7.5 13.000000268220901
8.5 104.00000214576721
9.5 263.9999985694885
10.5 395.9999978542328
11.5 493.99998784065247
12.5 584.9999785423279
13.5 619.0000176429749
14.5 609.000027179718
15.5 587.0000123977661
16.5 400.9999930858612
17.5 293.0000126361847
18.5 155.0000011920929
19.5 23.000000044703484
20.5 7.000000216066837
21.5 7.000000216066837
22.5 7.000000216066837
23.5 7.000000216066837
