0.5 7.000000216066837
1.5 7.000000216066837
2.5 7.000000216066837
3.5 8.00000037997961
4.5 7.000000216066837
5.5 7.000000216066837
6.5 7.000000216066837
7.5 8.999999612569809
8.5 26.000000536441803
9.5 59.99999865889549
10.5 71.00000232458115
11.5 112.0000034570694
12.5 476.99999809265137
13.5 476.00001096725464
14.5 472.00000286102295
15.5 119.99999731779099
16.5 141.00000262260437
17.5 211.99999749660492
18.5 131.99999928474426
19.5 37.00000047683716
20.5 8.999999612569809
21.5 7.000000216066837
22.5 7.000000216066837
23.5 7.000000216066837
