0.5 7.000000216066837
1.5 7.000000216066837
2.5 7.000000216066837
3.5 7.000000216066837
4.5 7.000000216066837
5.5 7.000000216066837
6.5 7.000000216066837
7.5 35.00000014901161
8.5 96.00000083446503
9.5 189.9999976158142
10.5 402.0000100135803
11.5 517.0000195503235
12.5 598.9999771118164
13.5 507.00002908706665
14.5 186.0000044107437
15.5 143.99999380111694
16.5 180.00000715255737
17.5 104.99999672174454
18.5 56.0000017285347
19.5 35.999998450279236
20.5 14.000000432133675
21.5 7.000000216066837
22.5 7.000000216066837
23.5 7.000000216066837
