0.5 7.000000216066837
1.5 7.000000216066837
2.5 7.000000216066837
3.5 7.000000216066837
4.5 7.000000216066837
5.5 7.000000216066837
6.5 8.00000037997961
7.5 50.00000074505806
8.5 179.00000512599945
9.5 316.0000145435333
10.5 404.00001406669617
11.5 490.9999966621399
12.5 606.000006198883
13.5 624.0000128746033
14.5 615.0000095367432
15.5 570.9999799728394
16.5 486.9999885559082
17.5 368.99998784065247
18.5 233.99999737739563
19.5 43.0000014603138
20.5 8.999999612569809
21.5 7.000000216066837
22.5 7.000000216066837
23.5 7.000000216066837
