0.5 7.000000216066837
1.5 7.000000216066837
2.5 7.000000216066837
3.5 7.000000216066837
4.5 7.000000216066837
5.5 7.000000216066837
6.5 7.000000216066837
7.5 25.00000037252903
8.5 129.99999523162842
9.5 263.9999985694885
10.5 393.0000066757202
11.5 500.99998712539673
12.5 577.0000219345093
13.5 637.0000243186951
14.5 662.0000004768372
15.5 596.0000157356262
16.5 472.00000286102295
17.5 296.999990940094
18.5 187.00000643730164
19.5 74.00000095367432
20.5 14.000000432133675
21.5 7.000000216066837
22.5 7.000000216066837
23.5 7.000000216066837
