0.5 7.000000216066837
1.5 7.000000216066837
2.5 7.000000216066837
3.5 7.000000216066837
4.5 7.000000216066837
5.5 7.000000216066837
6.5 7.000000216066837
7.5 28.999999165534973
8.5 140.00000059604645
9.5 273.00000190734863
10.5 398.99998903274536
11.5 507.00002908706665
12.5 589.9999737739563
13.5 632.0000290870667
14.5 629.0000081062317
15.5 573.0000138282776
16.5 486.9999885559082
17.5 365.9999966621399
18.5 207.0000022649765
19.5 32.999999821186066
20.5 10.999999940395355
21.5 7.000000216066837
22.5 7.000000216066837
23.5 7.000000216066837
