0.5 7.000000216066837
1.5 7.000000216066837
2.5 7.000000216066837
3.5 7.000000216066837
4.5 7.000000216066837
5.5 7.000000216066837
6.5 7.000000216066837
7.5 20.999999716877937
8.5 123.00000339746475
9.5 254.99999523162842
10.5 386.00000739097595
11.5 504.0000081062317
12.5 593.999981880188
13.5 619.0000176429749
14.5 612.9999756813049
15.5 568.0000185966492
16.5 483.0000102519989
17.5 303.0000030994415
18.5 109.99999940395355
19.5 34.00000184774399
20.5 8.00000037997961
21.5 7.000000216066837
22.5 7.000000216066837
23.5 7.000000216066837
