9.0 513
9.0167 516
9.0333 520
9.05 523
9.0667 526
9.0833 530
9.1 533
9.1167 536
9.1333 539
9.15 543
9.1667 546
9.1833 549
9.2 552
9.2167 556
9.2333 559
9.25 562
9.2667 565
9.2833 569
9.3 572
9.3167 575
9.3333 578
9.35 581
9.3667 584
9.3833 588
9.4 591
9.4167 594
9.4333 597
9.45 600
9.4667 603
9.4833 606
9.5 609
9.5167 612
9.5333 615
9.55 618
9.5667 622
9.5833 625
9.6 628
9.6167 631
9.6333 634
9.65 637
9.6667 640
9.6833 642
9.7 645
9.7167 648
9.7333 651
9.75 654
9.7667 657
9.7833 660
9.8 663
9.8167 666
9.8333 669
9.85 672
9.8667 674
9.8833 677
9.9 680
9.9167 683
9.9333 686
9.95 688
9.9667 691
9.9833 694
10.0 697
10.0167 699
10.0333 702
10.05 705
10.0667 708
10.0833 710
10.1 713
10.1167 716
10.1333 718
10.15 721
10.1667 723
10.1833 726
10.2 729
10.2167 731
10.2333 734
10.25 736
10.2667 739
10.2833 741
10.3 744
10.3167 746
10.3333 749
10.35 751
10.3667 754
10.3833 756
10.4 759
10.4167 761
10.4333 763
10.45 766
10.4667 768
10.4833 771
10.5 773
10.5167 775
10.5333 778
10.55 780
10.5667 782
10.5833 784
10.6 787
10.6167 789
10.6333 791
10.65 793
10.6667 796
10.6833 798
10.7 800
10.7167 802
10.7333 804
10.75 806
10.7667 808
10.7833 810
10.8 813
10.8167 815
10.8333 817
10.85 819
10.8667 821
10.8833 823
10.9 825
10.9167 827
10.9333 829
10.95 830
10.9667 832
10.9833 834
11.0 836
11.0167 838
11.0333 840
11.05 842
11.0667 844
11.0833 845
11.1 847
11.1167 849
11.1333 851
11.15 852
11.1667 854
11.1833 856
11.2 858
11.2167 859
11.2333 861
11.25 863
11.2667 864
11.2833 866
11.3 867
11.3167 869
11.3333 871
11.35 872
11.3667 874
11.3833 875
11.4 877
11.4167 878
11.4333 880
11.45 881
11.4667 882
11.4833 884
11.5 885
11.5167 887
11.5333 888
11.55 889
11.5667 891
11.5833 892
11.6 893
11.6167 894
11.6333 896
11.65 897
11.6667 898
11.6833 899
11.7 901
11.7167 902
11.7333 903
11.75 904
11.7667 905
11.7833 906
11.8 907
11.8167 908
11.8333 909
11.85 910
11.8667 911
11.8833 912
11.9 913
11.9167 914
11.9333 915
11.95 916
11.9667 917
11.9833 918
12.0 919
12.0167 920
12.0333 920
12.05 921
12.0667 922
12.0833 923
12.1 924
12.1167 924
12.1333 925
12.15 926
12.1667 926
12.1833 927
12.2 928
12.2167 928
12.2333 929
12.25 930
12.2667 930
12.2833 931
12.3 931
12.3167 932
12.3333 932
12.35 933
12.3667 933
12.3833 934
12.4 934
12.4167 935
12.4333 935
12.45 935
12.4667 936
12.4833 936
12.5 936
12.5167 937
12.5333 937
12.55 937
12.5667 937
12.5833 938
12.6 938
12.6167 938
12.6333 938
12.65 938
12.6667 939
12.6833 939
12.7 939
12.7167 939
12.7333 939
12.75 939
12.7667 939
12.7833 939
12.8 939
12.8167 939
12.8333 939
12.85 939
12.8667 939
12.8833 939
12.9 938
12.9167 938
12.9333 938
12.95 938
12.9667 938
12.9833 938
13.0 937
13.0167 937
13.0333 937
13.05 936
13.0667 936
13.0833 936
13.1 936
13.1167 935
13.1333 935
13.15 934
13.1667 934
13.1833 934
13.2 933
13.2167 933
13.2333 932
13.25 932
13.2667 931
13.2833 930
13.3 930
13.3167 929
13.3333 929
13.35 928
13.3667 927
13.3833 927
13.4 926
13.4167 925
13.4333 925
13.45 924
13.4667 923
13.4833 922
13.5 922
13.5167 921
13.5333 920
13.55 919
13.5667 918
13.5833 918
13.6 917
13.6167 916
13.6333 915
13.65 914
13.6667 913
13.6833 912
13.7 911
13.7167 910
13.7333 909
13.75 908
13.7667 907
13.7833 906
13.8 905
13.8167 903
13.8333 902
13.85 901
13.8667 900
13.8833 899
13.9 898
13.9167 896
13.9333 895
13.95 894
13.9667 893
13.9833 891
14.0 890
14.0167 889
14.0333 887
14.05 886
14.0667 885
14.0833 883
14.1 882
14.1167 880
14.1333 879
14.15 877
14.1667 876
14.1833 874
14.2 873
14.2167 871
14.2333 870
14.25 868
14.2667 867
14.2833 865
14.3 863
14.3167 862
14.3333 860
14.35 858
14.3667 857
14.3833 855
14.4 853
14.4167 852
14.4333 850
14.45 848
14.4667 846
14.4833 845
14.5 843
14.5167 841
14.5333 839
14.55 837
14.5667 835
14.5833 833
14.6 831
14.6167 830
14.6333 828
14.65 826
14.6667 824
14.6833 822
14.7 820
14.7167 818
14.7333 816
14.75 814
14.7667 811
14.7833 809
14.8 807
14.8167 805
14.8333 803
14.85 801
14.8667 799
14.8833 797
14.9 794
14.9167 792
14.9333 790
14.95 788
14.9667 786
14.9833 783
15.0 781
15.0167 779
15.0333 776
15.05 774
15.0667 772
15.0833 769
15.1 767
15.1167 765
15.1333 762
15.15 760
15.1667 757
15.1833 755
15.2 753
15.2167 750
15.2333 748
15.25 745
15.2667 743
15.2833 740
15.3 738
15.3167 735
15.3333 732
15.35 730
15.3667 727
15.3833 725
15.4 722
15.4167 719
15.4333 717
15.45 714
15.4667 712
15.4833 709
15.5 706
15.5167 703
15.5333 701
15.55 698
15.5667 695
15.5833 693
15.6 690
15.6167 687
15.6333 684
15.65 681
15.6667 679
15.6833 676
15.7 673
15.7167 670
15.7333 667
15.75 664
15.7667 661
15.7833 659
15.8 656
15.8167 653
15.8333 650
15.85 647
15.8667 644
15.8833 641
15.9 638
15.9167 635
15.9333 632
15.95 629
15.9667 626
15.9833 623
