9.0 501
9.0167 505
9.0333 508
9.05 512
9.0667 515
9.0833 518
9.1 522
9.1167 525
9.1333 529
9.15 532
9.1667 536
9.1833 539
9.2 542
9.2167 546
9.2333 549
9.25 552
9.2667 556
9.2833 559
9.3 562
9.3167 566
9.3333 569
9.35 572
9.3667 576
9.3833 579
9.4 582
9.4167 585
9.4333 589
9.45 592
9.4667 595
9.4833 598
9.5 602
9.5167 605
9.5333 608
9.55 611
9.5667 614
9.5833 617
9.6 621
9.6167 624
9.6333 627
9.65 630
9.6667 633
9.6833 636
9.7 639
9.7167 642
9.7333 645
9.75 648
9.7667 651
9.7833 654
9.8 658
9.8167 661
9.8333 663
9.85 666
9.8667 669
9.8833 672
9.9 675
9.9167 678
9.9333 681
9.95 684
9.9667 687
9.9833 690
10.0 693
10.0167 696
10.0333 698
10.05 701
10.0667 704
10.0833 707
10.1 710
10.1167 712
10.1333 715
10.15 718
10.1667 721
10.1833 723
10.2 726
10.2167 729
10.2333 731
10.25 734
10.2667 737
10.2833 739
10.3 742
10.3167 745
10.3333 747
10.35 750
10.3667 752
10.3833 755
10.4 757
10.4167 760
10.4333 762
10.45 765
10.4667 767
10.4833 770
10.5 772
10.5167 775
10.5333 777
10.55 779
10.5667 782
10.5833 784
10.6 787
10.6167 789
10.6333 791
10.65 794
10.6667 796
10.6833 798
10.7 800
10.7167 803
10.7333 805
10.75 807
10.7667 809
10.7833 811
10.8 814
10.8167 816
10.8333 818
10.85 820
10.8667 822
10.8833 824
10.9 826
10.9167 828
10.9333 830
10.95 832
10.9667 834
10.9833 836
11.0 838
11.0167 840
11.0333 842
11.05 844
11.0667 846
11.0833 848
11.1 850
11.1167 852
11.1333 853
11.15 855
11.1667 857
11.1833 859
11.2 861
11.2167 862
11.2333 864
11.25 866
11.2667 867
11.2833 869
11.3 871
11.3167 872
11.3333 874
11.35 876
11.3667 877
11.3833 879
11.4 880
11.4167 882
11.4333 883
11.45 885
11.4667 886
11.4833 888
11.5 889
11.5167 891
11.5333 892
11.55 894
11.5667 895
11.5833 896
11.6 898
11.6167 899
11.6333 900
11.65 902
11.6667 903
11.6833 904
11.7 905
11.7167 907
11.7333 908
11.75 909
11.7667 910
11.7833 911
11.8 912
11.8167 913
11.8333 915
11.85 916
11.8667 917
11.8833 918
11.9 919
11.9167 920
11.9333 921
11.95 922
11.9667 923
11.9833 923
12.0 924
12.0167 925
12.0333 926
12.05 927
12.0667 928
12.0833 929
12.1 929
12.1167 930
12.1333 931
12.15 932
12.1667 932
12.1833 933
12.2 934
12.2167 934
12.2333 935
12.25 936
12.2667 936
12.2833 937
12.3 937
12.3167 938
12.3333 938
12.35 939
12.3667 939
12.3833 940
12.4 940
12.4167 941
12.4333 941
12.45 942
12.4667 942
12.4833 942
12.5 943
12.5167 943
12.5333 943
12.55 943
12.5667 944
12.5833 944
12.6 944
12.6167 944
12.6333 945
12.65 945
12.6667 945
12.6833 945
12.7 945
12.7167 945
12.7333 945
12.75 945
12.7667 945
12.7833 945
12.8 945
12.8167 945
12.8333 945
12.85 945
12.8667 945
12.8833 945
12.9 945
12.9167 945
12.9333 944
12.95 944
12.9667 944
12.9833 944
13.0 944
13.0167 943
13.0333 943
13.05 943
13.0667 942
13.0833 942
13.1 942
13.1167 941
13.1333 941
13.15 941
13.1667 940
13.1833 940
13.2 939
13.2167 939
13.2333 938
13.25 938
13.2667 937
13.2833 937
13.3 936
13.3167 935
13.3333 935
13.35 934
13.3667 933
13.3833 933
13.4 932
13.4167 931
13.4333 931
13.45 930
13.4667 929
13.4833 928
13.5 927
13.5167 927
13.5333 926
13.55 925
13.5667 924
13.5833 923
13.6 922
13.6167 921
13.6333 920
13.65 919
13.6667 918
13.6833 917
13.7 916
13.7167 915
13.7333 914
13.75 913
13.7667 912
13.7833 911
13.8 910
13.8167 908
13.8333 907
13.85 906
13.8667 905
13.8833 904
13.9 902
13.9167 901
13.9333 900
13.95 898
13.9667 897
13.9833 896
14.0 894
14.0167 893
14.0333 892
14.05 890
14.0667 889
14.0833 887
14.1 886
14.1167 884
14.1333 883
14.15 881
14.1667 880
14.1833 878
14.2 877
14.2167 875
14.2333 873
14.25 872
14.2667 870
14.2833 868
14.3 867
14.3167 865
14.3333 863
14.35 862
14.3667 860
14.3833 858
14.4 856
14.4167 854
14.4333 853
14.45 851
14.4667 849
14.4833 847
14.5 845
14.5167 843
14.5333 841
14.55 839
14.5667 837
14.5833 835
14.6 833
14.6167 831
14.6333 829
14.65 827
14.6667 825
14.6833 823
14.7 821
14.7167 819
14.7333 817
14.75 815
14.7667 813
14.7833 810
14.8 808
14.8167 806
14.8333 804
14.85 802
14.8667 799
14.8833 797
14.9 795
14.9167 792
14.9333 790
14.95 788
14.9667 785
14.9833 783
15.0 780
15.0167 778
15.0333 776
15.05 773
15.0667 771
15.0833 768
15.1 766
15.1167 763
15.1333 761
15.15 758
15.1667 756
15.1833 753
15.2 751
15.2167 748
15.2333 746
15.25 743
15.2667 740
15.2833 738
15.3 735
15.3167 733
15.3333 730
15.35 727
15.3667 724
15.3833 722
15.4 719
15.4167 716
15.4333 714
15.45 711
15.4667 708
15.4833 705
15.5 702
15.5167 700
15.5333 697
15.55 694
15.5667 691
15.5833 688
15.6 685
15.6167 682
15.6333 679
15.65 677
15.6667 674
15.6833 671
15.7 668
15.7167 665
15.7333 662
15.75 659
15.7667 656
15.7833 653
15.8 650
15.8167 647
15.8333 644
15.85 641
15.8667 637
15.8833 634
15.9 631
15.9167 628
15.9333 625
15.95 622
15.9667 619
15.9833 616
