9.0 500
9.0167 503
9.0333 506
9.05 510
9.0667 513
9.0833 517
9.1 520
9.1167 524
9.1333 527
9.15 531
9.1667 534
9.1833 537
9.2 541
9.2167 544
9.2333 547
9.25 551
9.2667 554
9.2833 558
9.3 561
9.3167 564
9.3333 567
9.35 571
9.3667 574
9.3833 577
9.4 581
9.4167 584
9.4333 587
9.45 590
9.4667 594
9.4833 597
9.5 600
9.5167 603
9.5333 607
9.55 610
9.5667 613
9.5833 616
9.6 619
9.6167 622
9.6333 625
9.65 629
9.6667 632
9.6833 635
9.7 638
9.7167 641
9.7333 644
9.75 647
9.7667 650
9.7833 653
9.8 656
9.8167 659
9.8333 662
9.85 665
9.8667 668
9.8833 671
9.9 674
9.9167 677
9.9333 680
9.95 683
9.9667 686
9.9833 689
10.0 691
10.0167 694
10.0333 697
10.05 700
10.0667 703
10.0833 706
10.1 708
10.1167 711
10.1333 714
10.15 717
10.1667 719
10.1833 722
10.2 725
10.2167 728
10.2333 730
10.25 733
10.2667 736
10.2833 738
10.3 741
10.3167 743
10.3333 746
10.35 749
10.3667 751
10.3833 754
10.4 756
10.4167 759
10.4333 761
10.45 764
10.4667 766
10.4833 769
10.5 771
10.5167 774
10.5333 776
10.55 778
10.5667 781
10.5833 783
10.6 785
10.6167 788
10.6333 790
10.65 792
10.6667 795
10.6833 797
10.7 799
10.7167 802
10.7333 804
10.75 806
10.7667 808
10.7833 810
10.8 813
10.8167 815
10.8333 817
10.85 819
10.8667 821
10.8833 823
10.9 825
10.9167 827
10.9333 829
10.95 831
10.9667 833
10.9833 835
11.0 837
11.0167 839
11.0333 841
11.05 843
11.0667 845
11.0833 847
11.1 849
11.1167 851
11.1333 852
11.15 854
11.1667 856
11.1833 858
11.2 860
11.2167 861
11.2333 863
11.25 865
11.2667 866
11.2833 868
11.3 870
11.3167 871
11.3333 873
11.35 875
11.3667 876
11.3833 878
11.4 879
11.4167 881
11.4333 882
11.45 884
11.4667 885
11.4833 887
11.5 888
11.5167 890
11.5333 891
11.55 893
11.5667 894
11.5833 895
11.6 897
11.6167 898
11.6333 899
11.65 901
11.6667 902
11.6833 903
11.7 904
11.7167 906
11.7333 907
11.75 908
11.7667 909
11.7833 910
11.8 911
11.8167 912
11.8333 914
11.85 915
11.8667 916
11.8833 917
11.9 918
11.9167 919
11.9333 920
11.95 921
11.9667 922
11.9833 922
12.0 923
12.0167 924
12.0333 925
12.05 926
12.0667 927
12.0833 928
12.1 928
12.1167 929
12.1333 930
12.15 931
12.1667 931
12.1833 932
12.2 933
12.2167 933
12.2333 934
12.25 935
12.2667 935
12.2833 936
12.3 936
12.3167 937
12.3333 937
12.35 938
12.3667 938
12.3833 939
12.4 939
12.4167 940
12.4333 940
12.45 940
12.4667 941
12.4833 941
12.5 942
12.5167 942
12.5333 942
12.55 942
12.5667 943
12.5833 943
12.6 943
12.6167 943
12.6333 943
12.65 944
12.6667 944
12.6833 944
12.7 944
12.7167 944
12.7333 944
12.75 944
12.7667 944
12.7833 944
12.8 944
12.8167 944
12.8333 944
12.85 944
12.8667 944
12.8833 944
12.9 944
12.9167 943
12.9333 943
12.95 943
12.9667 943
12.9833 943
13.0 942
13.0167 942
13.0333 942
13.05 942
13.0667 941
13.0833 941
13.1 940
13.1167 940
13.1333 940
13.15 939
13.1667 939
13.1833 938
13.2 938
13.2167 937
13.2333 937
13.25 936
13.2667 936
13.2833 935
13.3 935
13.3167 934
13.3333 933
13.35 933
13.3667 932
13.3833 931
13.4 931
13.4167 930
13.4333 929
13.45 928
13.4667 928
13.4833 927
13.5 926
13.5167 925
13.5333 924
13.55 923
13.5667 922
13.5833 922
13.6 921
13.6167 920
13.6333 919
13.65 918
13.6667 917
13.6833 916
13.7 915
13.7167 914
13.7333 912
13.75 911
13.7667 910
13.7833 909
13.8 908
13.8167 907
13.8333 906
13.85 904
13.8667 903
13.8833 902
13.9 901
13.9167 899
13.9333 898
13.95 897
13.9667 895
13.9833 894
14.0 893
14.0167 891
14.0333 890
14.05 888
14.0667 887
14.0833 885
14.1 884
14.1167 882
14.1333 881
14.15 879
14.1667 878
14.1833 876
14.2 875
14.2167 873
14.2333 871
14.25 870
14.2667 868
14.2833 866
14.3 865
14.3167 863
14.3333 861
14.35 860
14.3667 858
14.3833 856
14.4 854
14.4167 852
14.4333 851
14.45 849
14.4667 847
14.4833 845
14.5 843
14.5167 841
14.5333 839
14.55 837
14.5667 835
14.5833 833
14.6 831
14.6167 829
14.6333 827
14.65 825
14.6667 823
14.6833 821
14.7 819
14.7167 817
14.7333 815
14.75 813
14.7667 810
14.7833 808
14.8 806
14.8167 804
14.8333 802
14.85 799
14.8667 797
14.8833 795
14.9 792
14.9167 790
14.9333 788
14.95 786
14.9667 783
14.9833 781
15.0 778
15.0167 776
15.0333 773
15.05 771
15.0667 768
15.0833 766
15.1 763
15.1167 761
15.1333 758
15.15 756
15.1667 753
15.1833 751
15.2 748
15.2167 746
15.2333 743
15.25 740
15.2667 738
15.2833 735
15.3 733
15.3167 730
15.3333 727
15.35 725
15.3667 722
15.3833 719
15.4 716
15.4167 714
15.4333 711
15.45 708
15.4667 705
15.4833 702
15.5 700
15.5167 697
15.5333 694
15.55 691
15.5667 688
15.5833 685
15.6 682
15.6167 680
15.6333 677
15.65 674
15.6667 671
15.6833 668
15.7 665
15.7167 662
15.7333 659
15.75 656
15.7667 653
15.7833 650
15.8 647
15.8167 644
15.8333 641
15.85 638
15.8667 634
15.8833 631
15.9 628
15.9167 625
15.9333 622
15.95 619
15.9667 616
15.9833 613
