9.0 473
9.0167 476
9.0333 480
9.05 483
9.0667 487
9.0833 490
9.1 494
9.1167 497
9.1333 501
9.15 504
9.1667 508
9.1833 511
9.2 514
9.2167 518
9.2333 521
9.25 525
9.2667 528
9.2833 531
9.3 535
9.3167 538
9.3333 541
9.35 545
9.3667 548
9.3833 551
9.4 555
9.4167 558
9.4333 561
9.45 565
9.4667 568
9.4833 571
9.5 574
9.5167 578
9.5333 581
9.55 584
9.5667 587
9.5833 591
9.6 594
9.6167 597
9.6333 600
9.65 603
9.6667 606
9.6833 610
9.7 613
9.7167 616
9.7333 619
9.75 622
9.7667 625
9.7833 628
9.8 631
9.8167 634
9.8333 637
9.85 640
9.8667 643
9.8833 646
9.9 649
9.9167 652
9.9333 655
9.95 658
9.9667 661
9.9833 664
10.0 666
10.0167 669
10.0333 672
10.05 675
10.0667 678
10.0833 681
10.1 683
10.1167 686
10.1333 689
10.15 692
10.1667 695
10.1833 697
10.2 700
10.2167 703
10.2333 705
10.25 708
10.2667 711
10.2833 713
10.3 716
10.3167 719
10.3333 721
10.35 724
10.3667 726
10.3833 729
10.4 731
10.4167 734
10.4333 736
10.45 739
10.4667 741
10.4833 744
10.5 746
10.5167 749
10.5333 751
10.55 753
10.5667 756
10.5833 758
10.6 760
10.6167 763
10.6333 765
10.65 767
10.6667 770
10.6833 772
10.7 774
10.7167 776
10.7333 778
10.75 781
10.7667 783
10.7833 785
10.8 787
10.8167 789
10.8333 791
10.85 793
10.8667 795
10.8833 798
10.9 800
10.9167 802
10.9333 804
10.95 806
10.9667 808
10.9833 809
11.0 811
11.0167 813
11.0333 815
11.05 817
11.0667 819
11.0833 821
11.1 823
11.1167 824
11.1333 826
11.15 828
11.1667 830
11.1833 831
11.2 833
11.2167 835
11.2333 836
11.25 838
11.2667 840
11.2833 841
11.3 843
11.3167 845
11.3333 846
11.35 848
11.3667 849
11.3833 851
11.4 852
11.4167 854
11.4333 855
11.45 857
11.4667 858
11.4833 859
11.5 861
11.5167 862
11.5333 863
11.55 865
11.5667 866
11.5833 867
11.6 869
11.6167 870
11.6333 871
11.65 872
11.6667 874
11.6833 875
11.7 876
11.7167 877
11.7333 878
11.75 879
11.7667 880
11.7833 881
11.8 882
11.8167 883
11.8333 884
11.85 885
11.8667 886
11.8833 887
11.9 888
11.9167 889
11.9333 890
11.95 891
11.9667 892
11.9833 892
12.0 893
12.0167 894
12.0333 895
12.05 896
12.0667 896
12.0833 897
12.1 898
12.1167 898
12.1333 899
12.15 900
12.1667 900
12.1833 901
12.2 901
12.2167 902
12.2333 902
12.25 903
12.2667 903
12.2833 904
12.3 904
12.3167 905
12.3333 905
12.35 905
12.3667 906
12.3833 906
12.4 906
12.4167 907
12.4333 907
12.45 907
12.4667 908
12.4833 908
12.5 908
12.5167 908
12.5333 908
12.55 908
12.5667 909
12.5833 909
12.6 909
12.6167 909
12.6333 909
12.65 909
12.6667 909
12.6833 909
12.7 909
12.7167 909
12.7333 909
12.75 909
12.7667 909
12.7833 908
12.8 908
12.8167 908
12.8333 908
12.85 908
12.8667 907
12.8833 907
12.9 907
12.9167 907
12.9333 906
12.95 906
12.9667 906
12.9833 905
13.0 905
13.0167 904
13.0333 904
13.05 904
13.0667 903
13.0833 903
13.1 902
13.1167 902
13.1333 901
13.15 900
13.1667 900
13.1833 899
13.2 899
13.2167 898
13.2333 897
13.25 897
13.2667 896
13.2833 895
13.3 894
13.3167 894
13.3333 893
13.35 892
13.3667 891
13.3833 890
13.4 889
13.4167 888
13.4333 888
13.45 887
13.4667 886
13.4833 885
13.5 884
13.5167 883
13.5333 882
13.55 881
13.5667 880
13.5833 879
13.6 877
13.6167 876
13.6333 875
13.65 874
13.6667 873
13.6833 872
13.7 870
13.7167 869
13.7333 868
13.75 867
13.7667 865
13.7833 864
13.8 863
13.8167 861
13.8333 860
13.85 859
13.8667 857
13.8833 856
13.9 854
13.9167 853
13.9333 851
13.95 850
13.9667 848
13.9833 847
14.0 845
14.0167 844
14.0333 842
14.05 840
14.0667 839
14.0833 837
14.1 835
14.1167 834
14.1333 832
14.15 830
14.1667 829
14.1833 827
14.2 825
14.2167 823
14.2333 821
14.25 820
14.2667 818
14.2833 816
14.3 814
14.3167 812
14.3333 810
14.35 808
14.3667 806
14.3833 804
14.4 802
14.4167 800
14.4333 798
14.45 796
14.4667 794
14.4833 792
14.5 790
14.5167 788
14.5333 786
14.55 784
14.5667 782
14.5833 779
14.6 777
14.6167 775
14.6333 773
14.65 770
14.6667 768
14.6833 766
14.7 764
14.7167 761
14.7333 759
14.75 757
14.7667 754
14.7833 752
14.8 749
14.8167 747
14.8333 745
14.85 742
14.8667 740
14.8833 737
14.9 735
14.9167 732
14.9333 730
14.95 727
14.9667 725
14.9833 722
15.0 719
15.0167 716
15.0333 714
15.05 711
15.0667 708
15.0833 706
15.1 703
15.1167 700
15.1333 698
15.15 695
15.1667 692
15.1833 689
15.2 687
15.2167 684
15.2333 681
15.25 678
15.2667 675
15.2833 673
15.3 670
15.3167 667
15.3333 664
15.35 661
15.3667 658
15.3833 655
15.4 652
15.4167 649
15.4333 646
15.45 643
15.4667 640
15.4833 637
15.5 634
15.5167 631
15.5333 628
15.55 625
15.5667 622
15.5833 619
15.6 616
15.6167 613
15.6333 610
15.65 607
15.6667 604
15.6833 601
15.7 597
15.7167 594
15.7333 591
15.75 588
15.7667 585
15.7833 581
15.8 578
15.8167 575
15.8333 572
15.85 568
15.8667 565
15.8833 562
15.9 559
15.9167 555
15.9333 552
15.95 549
15.9667 545
15.9833 542
