9.0 311
9.0167 315
9.0333 319
9.05 323
9.0667 326
9.0833 330
9.1 333
9.1167 337
9.1333 341
9.15 344
9.1667 348
9.1833 352
9.2 355
9.2167 359
9.2333 362
9.25 366
9.2667 370
9.2833 373
9.3 377
9.3167 380
9.3333 384
9.35 388
9.3667 391
9.3833 395
9.4 398
9.4167 402
9.4333 405
9.45 409
9.4667 412
9.4833 416
9.5 419
9.5167 423
9.5333 426
9.55 430
9.5667 433
9.5833 437
9.6 440
9.6167 443
9.6333 447
9.65 450
9.6667 454
9.6833 457
9.7 460
9.7167 464
9.7333 467
9.75 470
9.7667 474
9.7833 477
9.8 480
9.8167 484
9.8333 487
9.85 490
9.8667 493
9.8833 497
9.9 500
9.9167 503
9.9333 506
9.95 510
9.9667 513
9.9833 516
10.0 519
10.0167 522
10.0333 525
10.05 529
10.0667 532
10.0833 535
10.1 538
10.1167 541
10.1333 544
10.15 547
10.1667 550
10.1833 553
10.2 556
10.2167 559
10.2333 562
10.25 565
10.2667 568
10.2833 571
10.3 574
10.3167 577
10.3333 580
10.35 582
10.3667 585
10.3833 588
10.4 591
10.4167 594
10.4333 597
10.45 599
10.4667 602
10.4833 605
10.5 608
10.5167 610
10.5333 613
10.55 616
10.5667 619
10.5833 621
10.6 624
10.6167 626
10.6333 629
10.65 632
10.6667 634
10.6833 637
10.7 639
10.7167 642
10.7333 644
10.75 647
10.7667 649
10.7833 652
10.8 654
10.8167 657
10.8333 659
10.85 662
10.8667 664
10.8833 666
10.9 669
10.9167 671
10.9333 673
10.95 676
10.9667 678
10.9833 680
11.0 683
11.0167 685
11.0333 687
11.05 689
11.0667 691
11.0833 694
11.1 696
11.1167 698
11.1333 700
11.15 702
11.1667 704
11.1833 706
11.2 708
11.2167 710
11.2333 712
11.25 714
11.2667 716
11.2833 718
11.3 720
11.3167 722
11.3333 724
11.35 726
11.3667 728
11.3833 729
11.4 731
11.4167 733
11.4333 735
11.45 737
11.4667 738
11.4833 740
11.5 742
11.5167 744
11.5333 745
11.55 747
11.5667 748
11.5833 750
11.6 752
11.6167 753
11.6333 755
11.65 756
11.6667 758
11.6833 759
11.7 761
11.7167 762
11.7333 764
11.75 765
11.7667 767
11.7833 768
11.8 769
11.8167 771
11.8333 772
11.85 773
11.8667 775
11.8833 776
11.9 777
11.9167 778
11.9333 780
11.95 781
11.9667 782
11.9833 783
12.0 784
12.0167 785
12.0333 786
12.05 787
12.0667 789
12.0833 790
12.1 791
12.1167 792
12.1333 793
12.15 793
12.1667 794
12.1833 795
12.2 796
12.2167 797
12.2333 798
12.25 799
12.2667 800
12.2833 800
12.3 801
12.3167 802
12.3333 803
12.35 803
12.3667 804
12.3833 805
12.4 805
12.4167 806
12.4333 807
12.45 807
12.4667 808
12.4833 808
12.5 809
12.5167 809
12.5333 810
12.55 810
12.5667 811
12.5833 811
12.6 811
12.6167 812
12.6333 812
12.65 813
12.6667 813
12.6833 813
12.7 813
12.7167 814
12.7333 814
12.75 814
12.7667 814
12.7833 815
12.8 815
12.8167 815
12.8333 815
12.85 815
12.8667 815
12.8833 815
12.9 815
12.9167 815
12.9333 815
12.95 815
12.9667 815
12.9833 815
13.0 815
13.0167 815
13.0333 815
13.05 815
13.0667 814
13.0833 814
13.1 814
13.1167 814
13.1333 813
13.15 813
13.1667 813
13.1833 813
13.2 812
13.2167 812
13.2333 812
13.25 811
13.2667 811
13.2833 810
13.3 810
13.3167 809
13.3333 809
13.35 808
13.3667 808
13.3833 807
13.4 807
13.4167 806
13.4333 805
13.45 805
13.4667 804
13.4833 803
13.5 803
13.5167 802
13.5333 801
13.55 800
13.5667 800
13.5833 799
13.6 798
13.6167 797
13.6333 796
13.65 795
13.6667 794
13.6833 794
13.7 793
13.7167 792
13.7333 791
13.75 790
13.7667 789
13.7833 788
13.8 787
13.8167 785
13.8333 784
13.85 783
13.8667 782
13.8833 781
13.9 780
13.9167 778
13.9333 777
13.95 776
13.9667 775
13.9833 773
14.0 772
14.0167 771
14.0333 770
14.05 768
14.0667 767
14.0833 765
14.1 764
14.1167 763
14.1333 761
14.15 760
14.1667 758
14.1833 757
14.2 755
14.2167 753
14.2333 752
14.25 750
14.2667 749
14.2833 747
14.3 745
14.3167 744
14.3333 742
14.35 740
14.3667 739
14.3833 737
14.4 735
14.4167 733
14.4333 732
14.45 730
14.4667 728
14.4833 726
14.5 724
14.5167 722
14.5333 720
14.55 718
14.5667 716
14.5833 714
14.6 712
14.6167 710
14.6333 708
14.65 706
14.6667 704
14.6833 702
14.7 700
14.7167 698
14.7333 696
14.75 694
14.7667 692
14.7833 689
14.8 687
14.8167 685
14.8333 683
14.85 681
14.8667 678
14.8833 676
14.9 674
14.9167 671
14.9333 669
14.95 667
14.9667 664
14.9833 662
15.0 661
15.0167 658
15.0333 656
15.05 653
15.0667 651
15.0833 648
15.1 646
15.1167 643
15.1333 641
15.15 638
15.1667 636
15.1833 633
15.2 630
15.2167 628
15.2333 625
15.25 622
15.2667 620
15.2833 617
15.3 614
15.3167 612
15.3333 609
15.35 606
15.3667 603
15.3833 601
15.4 598
15.4167 595
15.4333 592
15.45 589
15.4667 587
15.4833 584
15.5 581
15.5167 578
15.5333 575
15.55 572
15.5667 569
15.5833 566
15.6 563
15.6167 560
15.6333 557
15.65 554
15.6667 551
15.6833 548
15.7 545
15.7167 542
15.7333 539
15.75 536
15.7667 533
15.7833 530
15.8 527
15.8167 524
15.8333 520
15.85 517
15.8667 514
15.8833 511
15.9 508
15.9167 504
15.9333 501
15.95 498
15.9667 495
15.9833 492
