9.0 448
9.0167 453
9.0333 457
9.05 461
9.0667 464
9.0833 468
9.1 472
9.1167 476
9.1333 479
9.15 483
9.1667 487
9.1833 490
9.2 494
9.2167 498
9.2333 502
9.25 505
9.2667 509
9.2833 513
9.3 516
9.3167 520
9.3333 523
9.35 527
9.3667 531
9.3833 534
9.4 538
9.4167 541
9.4333 545
9.45 549
9.4667 552
9.4833 556
9.5 559
9.5167 563
9.5333 566
9.55 570
9.5667 573
9.5833 576
9.6 580
9.6167 583
9.6333 587
9.65 590
9.6667 594
9.6833 597
9.7 600
9.7167 604
9.7333 607
9.75 610
9.7667 614
9.7833 617
9.8 620
9.8167 624
9.8333 627
9.85 630
9.8667 633
9.8833 637
9.9 640
9.9167 643
9.9333 646
9.95 649
9.9667 653
9.9833 656
10.0 659
10.0167 662
10.0333 665
10.05 668
10.0667 671
10.0833 674
10.1 677
10.1167 680
10.1333 683
10.15 687
10.1667 690
10.1833 692
10.2 695
10.2167 698
10.2333 701
10.25 704
10.2667 707
10.2833 710
10.3 713
10.3167 716
10.3333 719
10.35 721
10.3667 724
10.3833 727
10.4 730
10.4167 733
10.4333 735
10.45 738
10.4667 741
10.4833 743
10.5 746
10.5167 749
10.5333 751
10.55 754
10.5667 757
10.5833 759
10.6 762
10.6167 764
10.6333 767
10.65 769
10.6667 772
10.6833 774
10.7 777
10.7167 779
10.7333 782
10.75 784
10.7667 787
10.7833 789
10.8 791
10.8167 794
10.8333 796
10.85 798
10.8667 801
10.8833 803
10.9 805
10.9167 808
10.9333 810
10.95 812
10.9667 814
10.9833 816
11.0 819
11.0167 821
11.0333 823
11.05 825
11.0667 827
11.0833 829
11.1 831
11.1167 833
11.1333 835
11.15 837
11.1667 839
11.1833 841
11.2 843
11.2167 845
11.2333 847
11.25 849
11.2667 851
11.2833 853
11.3 854
11.3167 856
11.3333 858
11.35 860
11.3667 861
11.3833 863
11.4 865
11.4167 867
11.4333 868
11.45 870
11.4667 872
11.4833 873
11.5 875
11.5167 876
11.5333 878
11.55 879
11.5667 881
11.5833 882
11.6 884
11.6167 885
11.6333 887
11.65 888
11.6667 890
11.6833 891
11.7 892
11.7167 894
11.7333 895
11.75 896
11.7667 898
11.7833 899
11.8 900
11.8167 901
11.8333 903
11.85 904
11.8667 905
11.8833 906
11.9 907
11.9167 908
11.9333 909
11.95 910
11.9667 912
11.9833 913
12.0 914
12.0167 915
12.0333 915
12.05 916
12.0667 917
12.0833 918
12.1 919
12.1167 920
12.1333 921
12.15 922
12.1667 922
12.1833 923
12.2 924
12.2167 925
12.2333 925
12.25 926
12.2667 927
12.2833 927
12.3 928
12.3167 929
12.3333 929
12.35 930
12.3667 930
12.3833 931
12.4 931
12.4167 932
12.4333 932
12.45 933
12.4667 933
12.4833 934
12.5 934
12.5167 934
12.5333 935
12.55 935
12.5667 935
12.5833 936
12.6 936
12.6167 936
12.6333 936
12.65 937
12.6667 937
12.6833 937
12.7 937
12.7167 937
12.7333 937
12.75 937
12.7667 937
12.7833 937
12.8 937
12.8167 937
12.8333 937
12.85 937
12.8667 937
12.8833 937
12.9 937
12.9167 937
12.9333 937
12.95 937
12.9667 936
12.9833 936
13.0 936
13.0167 936
13.0333 935
13.05 935
13.0667 935
13.0833 934
13.1 934
13.1167 934
13.1333 933
13.15 933
13.1667 932
13.1833 932
13.2 931
13.2167 931
13.2333 930
13.25 930
13.2667 929
13.2833 929
13.3 928
13.3167 927
13.3333 927
13.35 926
13.3667 925
13.3833 925
13.4 924
13.4167 923
13.4333 922
13.45 922
13.4667 921
13.4833 920
13.5 919
13.5167 918
13.5333 917
13.55 916
13.5667 915
13.5833 914
13.6 913
13.6167 912
13.6333 911
13.65 910
13.6667 909
13.6833 908
13.7 907
13.7167 906
13.7333 905
13.75 904
13.7667 903
13.7833 901
13.8 900
13.8167 899
13.8333 898
13.85 896
13.8667 895
13.8833 894
13.9 892
13.9167 891
13.9333 890
13.95 888
13.9667 887
13.9833 885
14.0 884
14.0167 882
14.0333 881
14.05 879
14.0667 878
14.0833 876
14.1 875
14.1167 873
14.1333 871
14.15 870
14.1667 868
14.1833 866
14.2 865
14.2167 863
14.2333 861
14.25 860
14.2667 858
14.2833 856
14.3 854
14.3167 852
14.3333 851
14.35 849
14.3667 847
14.3833 845
14.4 843
14.4167 841
14.4333 839
14.45 837
14.4667 835
14.4833 833
14.5 831
14.5167 829
14.5333 827
14.55 825
14.5667 823
14.5833 821
14.6 818
14.6167 816
14.6333 814
14.65 812
14.6667 810
14.6833 807
14.7 805
14.7167 803
14.7333 801
14.75 798
14.7667 796
14.7833 794
14.8 791
14.8167 789
14.8333 786
14.85 784
14.8667 782
14.8833 779
14.9 777
14.9167 774
14.9333 772
14.95 769
14.9667 767
14.9833 764
15.0 762
15.0167 760
15.0333 757
15.05 754
15.0667 752
15.0833 749
15.1 746
15.1167 744
15.1333 741
15.15 738
15.1667 736
15.1833 733
15.2 730
15.2167 727
15.2333 725
15.25 722
15.2667 719
15.2833 716
15.3 713
15.3167 710
15.3333 707
15.35 705
15.3667 702
15.3833 699
15.4 696
15.4167 693
15.4333 690
15.45 687
15.4667 684
15.4833 681
15.5 678
15.5167 675
15.5333 672
15.55 669
15.5667 665
15.5833 662
15.6 659
15.6167 656
15.6333 653
15.65 650
15.6667 647
15.6833 643
15.7 640
15.7167 637
15.7333 634
15.75 630
15.7667 627
15.7833 624
15.8 621
15.8167 617
15.8333 614
15.85 611
15.8667 607
15.8833 604
15.9 601
15.9167 597
15.9333 594
15.95 590
15.9667 587
15.9833 584
