9.0 335
9.0167 340
9.0333 343
9.05 347
9.0667 351
9.0833 354
9.1 358
9.1167 361
9.1333 365
9.15 369
9.1667 372
9.1833 376
9.2 379
9.2167 383
9.2333 386
9.25 390
9.2667 393
9.2833 397
9.3 401
9.3167 404
9.3333 408
9.35 411
9.3667 415
9.3833 418
9.4 422
9.4167 425
9.4333 429
9.45 432
9.4667 435
9.4833 439
9.5 442
9.5167 446
9.5333 449
9.55 453
9.5667 456
9.5833 459
9.6 463
9.6167 466
9.6333 470
9.65 473
9.6667 476
9.6833 480
9.7 483
9.7167 486
9.7333 490
9.75 493
9.7667 496
9.7833 499
9.8 503
9.8167 506
9.8333 509
9.85 512
9.8667 516
9.8833 519
9.9 522
9.9167 525
9.9333 528
9.95 532
9.9667 535
9.9833 538
10.0 541
10.0167 544
10.0333 547
10.05 550
10.0667 553
10.0833 556
10.1 559
10.1167 563
10.1333 566
10.15 569
10.1667 572
10.1833 575
10.2 578
10.2167 580
10.2333 583
10.25 586
10.2667 589
10.2833 592
10.3 595
10.3167 598
10.3333 601
10.35 604
10.3667 606
10.3833 609
10.4 612
10.4167 615
10.4333 618
10.45 620
10.4667 623
10.4833 626
10.5 629
10.5167 631
10.5333 634
10.55 637
10.5667 639
10.5833 642
10.6 645
10.6167 647
10.6333 650
10.65 652
10.6667 655
10.6833 657
10.7 660
10.7167 662
10.7333 665
10.75 667
10.7667 670
10.7833 672
10.8 675
10.8167 677
10.8333 680
10.85 682
10.8667 684
10.8833 687
10.9 689
10.9167 691
10.9333 694
10.95 696
10.9667 698
10.9833 700
11.0 703
11.0167 705
11.0333 707
11.05 709
11.0667 711
11.0833 713
11.1 716
11.1167 718
11.1333 720
11.15 722
11.1667 724
11.1833 726
11.2 728
11.2167 730
11.2333 732
11.25 734
11.2667 736
11.2833 738
11.3 740
11.3167 742
11.3333 743
11.35 745
11.3667 747
11.3833 749
11.4 751
11.4167 752
11.4333 754
11.45 756
11.4667 758
11.4833 759
11.5 761
11.5167 763
11.5333 764
11.55 766
11.5667 768
11.5833 769
11.6 771
11.6167 772
11.6333 774
11.65 775
11.6667 777
11.6833 778
11.7 780
11.7167 781
11.7333 783
11.75 784
11.7667 785
11.7833 787
11.8 788
11.8167 789
11.8333 791
11.85 792
11.8667 793
11.8833 794
11.9 796
11.9167 797
11.9333 798
11.95 799
11.9667 800
11.9833 801
12.0 803
12.0167 804
12.0333 805
12.05 806
12.0667 807
12.0833 808
12.1 809
12.1167 810
12.1333 811
12.15 811
12.1667 812
12.1833 813
12.2 814
12.2167 815
12.2333 816
12.25 817
12.2667 817
12.2833 818
12.3 819
12.3167 820
12.3333 820
12.35 821
12.3667 822
12.3833 822
12.4 823
12.4167 823
12.4333 824
12.45 825
12.4667 825
12.4833 826
12.5 826
12.5167 827
12.5333 827
12.55 827
12.5667 828
12.5833 828
12.6 829
12.6167 829
12.6333 829
12.65 830
12.6667 830
12.6833 830
12.7 830
12.7167 831
12.7333 831
12.75 831
12.7667 831
12.7833 831
12.8 831
12.8167 832
12.8333 832
12.85 832
12.8667 832
12.8833 832
12.9 832
12.9167 832
12.9333 832
12.95 832
12.9667 832
12.9833 831
13.0 831
13.0167 831
13.0333 831
13.05 831
13.0667 831
13.0833 830
13.1 830
13.1167 830
13.1333 830
13.15 829
13.1667 829
13.1833 829
13.2 828
13.2167 828
13.2333 827
13.25 827
13.2667 827
13.2833 826
13.3 826
13.3167 825
13.3333 825
13.35 824
13.3667 823
13.3833 823
13.4 822
13.4167 822
13.4333 821
13.45 820
13.4667 819
13.4833 819
13.5 818
13.5167 817
13.5333 816
13.55 816
13.5667 815
13.5833 814
13.6 813
13.6167 812
13.6333 811
13.65 810
13.6667 810
13.6833 809
13.7 808
13.7167 807
13.7333 806
13.75 805
13.7667 803
13.7833 802
13.8 801
13.8167 800
13.8333 799
13.85 798
13.8667 797
13.8833 795
13.9 794
13.9167 793
13.9333 792
13.95 790
13.9667 789
13.9833 788
14.0 787
14.0167 785
14.0333 784
14.05 782
14.0667 781
14.0833 780
14.1 778
14.1167 777
14.1333 775
14.15 774
14.1667 772
14.1833 771
14.2 769
14.2167 767
14.2333 766
14.25 764
14.2667 762
14.2833 761
14.3 759
14.3167 757
14.3333 756
14.35 754
14.3667 752
14.3833 750
14.4 749
14.4167 747
14.4333 745
14.45 743
14.4667 741
14.4833 739
14.5 737
14.5167 736
14.5333 734
14.55 732
14.5667 730
14.5833 728
14.6 726
14.6167 724
14.6333 722
14.65 719
14.6667 717
14.6833 715
14.7 713
14.7167 711
14.7333 709
14.75 707
14.7667 705
14.7833 702
14.8 700
14.8167 698
14.8333 696
14.85 693
14.8667 691
14.8833 689
14.9 686
14.9167 684
14.9333 682
14.95 679
14.9667 677
14.9833 674
15.0 673
15.0167 670
15.0333 668
15.05 665
15.0667 663
15.0833 660
15.1 658
15.1167 655
15.1333 653
15.15 650
15.1667 648
15.1833 645
15.2 642
15.2167 640
15.2333 637
15.25 634
15.2667 632
15.2833 629
15.3 626
15.3167 624
15.3333 621
15.35 618
15.3667 615
15.3833 613
15.4 610
15.4167 607
15.4333 604
15.45 601
15.4667 598
15.4833 596
15.5 593
15.5167 590
15.5333 587
15.55 584
15.5667 581
15.5833 578
15.6 575
15.6167 572
15.6333 569
15.65 566
15.6667 563
15.6833 560
15.7 557
15.7167 554
15.7333 551
15.75 548
15.7667 544
15.7833 541
15.8 538
15.8167 535
15.8333 532
15.85 529
15.8667 526
15.8833 522
15.9 519
15.9167 516
15.9333 513
15.95 510
15.9667 506
15.9833 503
