9.0 505
9.0167 509
9.0333 513
9.05 517
9.0667 520
9.0833 524
9.1 528
9.1167 531
9.1333 535
9.15 539
9.1667 542
9.1833 546
9.2 550
9.2167 553
9.2333 557
9.25 561
9.2667 564
9.2833 568
9.3 571
9.3167 575
9.3333 578
9.35 582
9.3667 586
9.3833 589
9.4 593
9.4167 596
9.4333 600
9.45 603
9.4667 607
9.4833 610
9.5 613
9.5167 617
9.5333 620
9.55 624
9.5667 627
9.5833 630
9.6 634
9.6167 637
9.6333 641
9.65 644
9.6667 647
9.6833 650
9.7 654
9.7167 657
9.7333 660
9.75 664
9.7667 667
9.7833 670
9.8 673
9.8167 676
9.8333 680
9.85 683
9.8667 686
9.8833 689
9.9 692
9.9167 695
9.9333 698
9.95 702
9.9667 705
9.9833 708
10.0 711
10.0167 714
10.0333 717
10.05 720
10.0667 723
10.0833 726
10.1 729
10.1167 732
10.1333 735
10.15 738
10.1667 740
10.1833 743
10.2 746
10.2167 749
10.2333 752
10.25 755
10.2667 758
10.2833 760
10.3 763
10.3167 766
10.3333 769
10.35 771
10.3667 774
10.3833 777
10.4 779
10.4167 782
10.4333 785
10.45 787
10.4667 790
10.4833 793
10.5 795
10.5167 798
10.5333 800
10.55 803
10.5667 805
10.5833 808
10.6 810
10.6167 813
10.6333 815
10.65 818
10.6667 820
10.6833 823
10.7 825
10.7167 827
10.7333 830
10.75 832
10.7667 834
10.7833 837
10.8 839
10.8167 841
10.8333 843
10.85 846
10.8667 848
10.8833 850
10.9 852
10.9167 854
10.9333 856
10.95 859
10.9667 861
10.9833 863
11.0 865
11.0167 867
11.0333 869
11.05 871
11.0667 873
11.0833 875
11.1 877
11.1167 879
11.1333 881
11.15 883
11.1667 884
11.1833 886
11.2 888
11.2167 890
11.2333 892
11.25 894
11.2667 895
11.2833 897
11.3 899
11.3167 900
11.3333 902
11.35 904
11.3667 906
11.3833 907
11.4 909
11.4167 910
11.4333 912
11.45 913
11.4667 915
11.4833 917
11.5 918
11.5167 920
11.5333 921
11.55 922
11.5667 924
11.5833 925
11.6 927
11.6167 928
11.6333 929
11.65 931
11.6667 932
11.6833 933
11.7 935
11.7167 936
11.7333 937
11.75 938
11.7667 939
11.7833 941
11.8 942
11.8167 943
11.8333 944
11.85 945
11.8667 946
11.8833 947
11.9 948
11.9167 949
11.9333 950
11.95 951
11.9667 952
11.9833 953
12.0 954
12.0167 955
12.0333 956
12.05 957
12.0667 957
12.0833 958
12.1 959
12.1167 960
12.1333 960
12.15 961
12.1667 962
12.1833 963
12.2 963
12.2167 964
12.2333 964
12.25 965
12.2667 966
12.2833 966
12.3 967
12.3167 967
12.3333 968
12.35 968
12.3667 969
12.3833 969
12.4 970
12.4167 970
12.4333 970
12.45 971
12.4667 971
12.4833 971
12.5 972
12.5167 972
12.5333 972
12.55 972
12.5667 973
12.5833 973
12.6 973
12.6167 973
12.6333 973
12.65 973
12.6667 973
12.6833 974
12.7 974
12.7167 974
12.7333 974
12.75 974
12.7667 974
12.7833 974
12.8 973
12.8167 973
12.8333 973
12.85 973
12.8667 973
12.8833 973
12.9 973
12.9167 972
12.9333 972
12.95 972
12.9667 972
12.9833 971
13.0 971
13.0167 971
13.0333 970
13.05 970
13.0667 969
13.0833 969
13.1 969
13.1167 968
13.1333 968
13.15 967
13.1667 967
13.1833 966
13.2 965
13.2167 965
13.2333 964
13.25 964
13.2667 963
13.2833 962
13.3 962
13.3167 961
13.3333 960
13.35 959
13.3667 959
13.3833 958
13.4 957
13.4167 956
13.4333 955
13.45 954
13.4667 954
13.4833 953
13.5 952
13.5167 951
13.5333 950
13.55 949
13.5667 948
13.5833 947
13.6 946
13.6167 945
13.6333 943
13.65 942
13.6667 941
13.6833 940
13.7 939
13.7167 938
13.7333 936
13.75 935
13.7667 934
13.7833 933
13.8 931
13.8167 930
13.8333 929
13.85 927
13.8667 926
13.8833 925
13.9 923
13.9167 922
13.9333 920
13.95 919
13.9667 917
13.9833 916
14.0 914
14.0167 913
14.0333 911
14.05 910
14.0667 908
14.0833 906
14.1 905
14.1167 903
14.1333 901
14.15 900
14.1667 898
14.1833 896
14.2 895
14.2167 893
14.2333 891
14.25 889
14.2667 887
14.2833 885
14.3 884
14.3167 882
14.3333 880
14.35 878
14.3667 876
14.3833 874
14.4 872
14.4167 870
14.4333 868
14.45 866
14.4667 864
14.4833 862
14.5 860
14.5167 858
14.5333 855
14.55 853
14.5667 851
14.5833 849
14.6 847
14.6167 845
14.6333 842
14.65 840
14.6667 838
14.6833 836
14.7 833
14.7167 831
14.7333 829
14.75 826
14.7667 824
14.7833 821
14.8 819
14.8167 817
14.8333 814
14.85 812
14.8667 809
14.8833 807
14.9 804
14.9167 802
14.9333 799
14.95 797
14.9667 794
14.9833 791
15.0 789
15.0167 787
15.0333 784
15.05 781
15.0667 779
15.0833 776
15.1 773
15.1167 771
15.1333 768
15.15 765
15.1667 762
15.1833 760
15.2 757
15.2167 754
15.2333 751
15.25 748
15.2667 745
15.2833 742
15.3 740
15.3167 737
15.3333 734
15.35 731
15.3667 728
15.3833 725
15.4 722
15.4167 719
15.4333 716
15.45 713
15.4667 710
15.4833 707
15.5 704
15.5167 701
15.5333 698
15.55 694
15.5667 691
15.5833 688
15.6 685
15.6167 682
15.6333 679
15.65 675
15.6667 672
15.6833 669
15.7 666
15.7167 663
15.7333 659
15.75 656
15.7667 653
15.7833 649
15.8 646
15.8167 643
15.8333 639
15.85 636
15.8667 633
15.8833 629
15.9 626
15.9167 623
15.9333 619
15.95 616
15.9667 612
15.9833 609
