9.0 450
9.0167 453
9.0333 456
9.05 460
9.0667 463
9.0833 467
9.1 470
9.1167 474
9.1333 477
9.15 481
9.1667 484
9.1833 487
9.2 491
9.2167 494
9.2333 497
9.25 501
9.2667 504
9.2833 508
9.3 511
9.3167 514
9.3333 518
9.35 521
9.3667 524
9.3833 527
9.4 531
9.4167 534
9.4333 537
9.45 540
9.4667 544
9.4833 547
9.5 550
9.5167 553
9.5333 556
9.55 560
9.5667 563
9.5833 566
9.6 569
9.6167 572
9.6333 575
9.65 578
9.6667 582
9.6833 585
9.7 588
9.7167 591
9.7333 594
9.75 597
9.7667 600
9.7833 603
9.8 606
9.8167 609
9.8333 612
9.85 615
9.8667 618
9.8833 621
9.9 624
9.9167 626
9.9333 629
9.95 632
9.9667 635
9.9833 638
10.0 641
10.0167 643
10.0333 646
10.05 649
10.0667 652
10.0833 655
10.1 657
10.1167 660
10.1333 663
10.15 665
10.1667 668
10.1833 671
10.2 673
10.2167 676
10.2333 679
10.25 681
10.2667 684
10.2833 686
10.3 689
10.3167 692
10.3333 694
10.35 697
10.3667 699
10.3833 702
10.4 704
10.4167 706
10.4333 709
10.45 711
10.4667 714
10.4833 716
10.5 718
10.5167 721
10.5333 723
10.55 725
10.5667 728
10.5833 730
10.6 732
10.6167 735
10.6333 737
10.65 739
10.6667 741
10.6833 743
10.7 746
10.7167 748
10.7333 750
10.75 752
10.7667 754
10.7833 756
10.8 758
10.8167 760
10.8333 762
10.85 764
10.8667 766
10.8833 768
10.9 770
10.9167 772
10.9333 774
10.95 776
10.9667 778
10.9833 780
11.0 782
11.0167 783
11.0333 785
11.05 787
11.0667 789
11.0833 790
11.1 792
11.1167 794
11.1333 796
11.15 797
11.1667 799
11.1833 801
11.2 802
11.2167 804
11.2333 805
11.25 807
11.2667 809
11.2833 810
11.3 812
11.3167 813
11.3333 815
11.35 816
11.3667 818
11.3833 819
11.4 820
11.4167 822
11.4333 823
11.45 824
11.4667 826
11.4833 827
11.5 828
11.5167 830
11.5333 831
11.55 832
11.5667 833
11.5833 835
11.6 836
11.6167 837
11.6333 838
11.65 839
11.6667 840
11.6833 841
11.7 842
11.7167 843
11.7333 844
11.75 845
11.7667 846
11.7833 847
11.8 848
11.8167 849
11.8333 850
11.85 851
11.8667 852
11.8833 853
11.9 853
11.9167 854
11.9333 855
11.95 856
11.9667 857
11.9833 857
12.0 858
12.0167 859
12.0333 859
12.05 860
12.0667 861
12.0833 861
12.1 862
12.1167 862
12.1333 863
12.15 863
12.1667 864
12.1833 864
12.2 865
12.2167 865
12.2333 866
12.25 866
12.2667 866
12.2833 867
12.3 867
12.3167 867
12.3333 868
12.35 868
12.3667 868
12.3833 868
12.4 869
12.4167 869
12.4333 869
12.45 869
12.4667 869
12.4833 869
12.5 870
12.5167 870
12.5333 870
12.55 870
12.5667 870
12.5833 870
12.6 870
12.6167 870
12.6333 870
12.65 869
12.6667 869
12.6833 869
12.7 869
12.7167 869
12.7333 869
12.75 869
12.7667 868
12.7833 868
12.8 868
12.8167 867
12.8333 867
12.85 867
12.8667 866
12.8833 866
12.9 866
12.9167 865
12.9333 865
12.95 864
12.9667 864
12.9833 863
13.0 863
13.0167 862
13.0333 862
13.05 861
13.0667 861
13.0833 860
13.1 859
13.1167 859
13.1333 858
13.15 857
13.1667 857
13.1833 856
13.2 855
13.2167 854
13.2333 854
13.25 853
13.2667 852
13.2833 851
13.3 850
13.3167 849
13.3333 849
13.35 848
13.3667 847
13.3833 846
13.4 845
13.4167 844
13.4333 843
13.45 842
13.4667 841
13.4833 839
13.5 838
13.5167 837
13.5333 836
13.55 835
13.5667 834
13.5833 833
13.6 831
13.6167 830
13.6333 829
13.65 827
13.6667 826
13.6833 825
13.7 824
13.7167 822
13.7333 821
13.75 819
13.7667 818
13.7833 817
13.8 815
13.8167 814
13.8333 812
13.85 811
13.8667 809
13.8833 808
13.9 806
13.9167 804
13.9333 803
13.95 801
13.9667 800
13.9833 798
14.0 796
14.0167 794
14.0333 793
14.05 791
14.0667 789
14.0833 788
14.1 786
14.1167 784
14.1333 782
14.15 780
14.1667 778
14.1833 777
14.2 775
14.2167 773
14.2333 771
14.25 769
14.2667 767
14.2833 765
14.3 763
14.3167 761
14.3333 759
14.35 757
14.3667 755
14.3833 753
14.4 751
14.4167 748
14.4333 746
14.45 744
14.4667 742
14.4833 740
14.5 738
14.5167 735
14.5333 733
14.55 731
14.5667 728
14.5833 726
14.6 724
14.6167 722
14.6333 719
14.65 717
14.6667 714
14.6833 712
14.7 710
14.7167 707
14.7333 705
14.75 702
14.7667 700
14.7833 697
14.8 695
14.8167 692
14.8333 690
14.85 687
14.8667 685
14.8833 682
14.9 680
14.9167 677
14.9333 674
14.95 672
14.9667 669
14.9833 666
15.0 663
15.0167 660
15.0333 657
15.05 654
15.0667 652
15.0833 649
15.1 646
15.1167 643
15.1333 641
15.15 638
15.1667 635
15.1833 632
15.2 629
15.2167 626
15.2333 623
15.25 621
15.2667 618
15.2833 615
15.3 612
15.3167 609
15.3333 606
15.35 603
15.3667 600
15.3833 597
15.4 594
15.4167 591
15.4333 588
15.45 585
15.4667 582
15.4833 578
15.5 575
15.5167 572
15.5333 569
15.55 566
15.5667 563
15.5833 560
15.6 556
15.6167 553
15.6333 550
15.65 547
15.6667 544
15.6833 540
15.7 537
15.7167 534
15.7333 531
15.75 527
15.7667 524
15.7833 521
15.8 518
15.8167 514
15.8333 511
15.85 508
15.8667 504
15.8833 501
15.9 498
15.9167 494
15.9333 491
15.95 487
15.9667 484
15.9833 481
