9.0 270
9.0167 274
9.0333 277
9.05 281
9.0667 284
9.0833 287
9.1 291
9.1167 294
9.1333 297
9.15 301
9.1667 304
9.1833 307
9.2 311
9.2167 314
9.2333 317
9.25 321
9.2667 324
9.2833 327
9.3 331
9.3167 334
9.3333 337
9.35 341
9.3667 344
9.3833 347
9.4 350
9.4167 354
9.4333 357
9.45 360
9.4667 364
9.4833 367
9.5 370
9.5167 373
9.5333 377
9.55 380
9.5667 383
9.5833 386
9.6 390
9.6167 393
9.6333 396
9.65 399
9.6667 402
9.6833 406
9.7 409
9.7167 412
9.7333 415
9.75 418
9.7667 422
9.7833 425
9.8 428
9.8167 431
9.8333 434
9.85 437
9.8667 440
9.8833 443
9.9 446
9.9167 449
9.9333 453
9.95 456
9.9667 459
9.9833 462
10.0 465
10.0167 468
10.0333 471
10.05 474
10.0667 477
10.0833 480
10.1 483
10.1167 485
10.1333 488
10.15 491
10.1667 494
10.1833 497
10.2 500
10.2167 503
10.2333 506
10.25 509
10.2667 511
10.2833 514
10.3 517
10.3167 520
10.3333 523
10.35 525
10.3667 528
10.3833 531
10.4 534
10.4167 536
10.4333 539
10.45 542
10.4667 544
10.4833 547
10.5 550
10.5167 552
10.5333 555
10.55 558
10.5667 560
10.5833 563
10.6 565
10.6167 568
10.6333 570
10.65 573
10.6667 575
10.6833 578
10.7 580
10.7167 583
10.7333 585
10.75 588
10.7667 590
10.7833 592
10.8 595
10.8167 597
10.8333 600
10.85 602
10.8667 604
10.8833 606
10.9 609
10.9167 611
10.9333 613
10.95 616
10.9667 618
10.9833 620
11.0 622
11.0167 624
11.0333 626
11.05 629
11.0667 631
11.0833 633
11.1 635
11.1167 637
11.1333 639
11.15 641
11.1667 643
11.1833 645
11.2 647
11.2167 649
11.2333 651
11.25 653
11.2667 655
11.2833 657
11.3 659
11.3167 661
11.3333 662
11.35 664
11.3667 666
11.3833 668
11.4 670
11.4167 671
11.4333 673
11.45 675
11.4667 677
11.4833 678
11.5 680
11.5167 682
11.5333 683
11.55 685
11.5667 686
11.5833 688
11.6 689
11.6167 691
11.6333 693
11.65 694
11.6667 696
11.6833 697
11.7 698
11.7167 700
11.7333 701
11.75 703
11.7667 704
11.7833 705
11.8 707
11.8167 708
11.8333 709
11.85 711
11.8667 712
11.8833 713
11.9 714
11.9167 716
11.9333 717
11.95 718
11.9667 719
11.9833 720
12.0 721
12.0167 722
12.0333 723
12.05 725
12.0667 726
12.0833 727
12.1 728
12.1167 729
12.1333 729
12.15 730
12.1667 731
12.1833 732
12.2 733
12.2167 734
12.2333 735
12.25 736
12.2667 736
12.2833 737
12.3 738
12.3167 739
12.3333 739
12.35 740
12.3667 741
12.3833 741
12.4 742
12.4167 743
12.4333 743
12.45 744
12.4667 744
12.4833 745
12.5 745
12.5167 746
12.5333 746
12.55 747
12.5667 747
12.5833 748
12.6 748
12.6167 749
12.6333 749
12.65 749
12.6667 750
12.6833 750
12.7 750
12.7167 750
12.7333 751
12.75 751
12.7667 751
12.7833 751
12.8 751
12.8167 751
12.8333 752
12.85 752
12.8667 752
12.8833 752
12.9 752
12.9167 752
12.9333 752
12.95 752
12.9667 752
12.9833 752
13.0 752
13.0167 752
13.0333 751
13.05 751
13.0667 751
13.0833 751
13.1 751
13.1167 751
13.1333 750
13.15 750
13.1667 750
13.1833 749
13.2 749
13.2167 749
13.2333 748
13.25 748
13.2667 748
13.2833 747
13.3 747
13.3167 746
13.3333 746
13.35 745
13.3667 745
13.3833 744
13.4 744
13.4167 743
13.4333 742
13.45 742
13.4667 741
13.4833 740
13.5 740
13.5167 739
13.5333 738
13.55 738
13.5667 737
13.5833 736
13.6 735
13.6167 734
13.6333 734
13.65 733
13.6667 732
13.6833 731
13.7 730
13.7167 729
13.7333 728
13.75 727
13.7667 726
13.7833 725
13.8 724
13.8167 723
13.8333 722
13.85 721
13.8667 720
13.8833 719
13.9 718
13.9167 716
13.9333 715
13.95 714
13.9667 713
13.9833 711
14.0 710
14.0167 709
14.0333 708
14.05 706
14.0667 705
14.0833 704
14.1 702
14.1167 701
14.1333 699
14.15 698
14.1667 696
14.1833 695
14.2 693
14.2167 692
14.2333 690
14.25 689
14.2667 687
14.2833 686
14.3 684
14.3167 683
14.3333 681
14.35 679
14.3667 678
14.3833 676
14.4 674
14.4167 672
14.4333 671
14.45 669
14.4667 667
14.4833 665
14.5 664
14.5167 662
14.5333 660
14.55 658
14.5667 656
14.5833 654
14.6 652
14.6167 650
14.6333 648
14.65 646
14.6667 644
14.6833 642
14.7 640
14.7167 638
14.7333 636
14.75 634
14.7667 632
14.7833 630
14.8 628
14.8167 626
14.8333 623
14.85 621
14.8667 619
14.8833 617
14.9 615
14.9167 612
14.9333 610
14.95 608
14.9667 606
14.9833 603
15.0 602
15.0167 600
15.0333 597
15.05 595
15.0667 592
15.0833 590
15.1 588
15.1167 585
15.1333 583
15.15 580
15.1667 578
15.1833 575
15.2 573
15.2167 570
15.2333 568
15.25 565
15.2667 563
15.2833 560
15.3 557
15.3167 555
15.3333 552
15.35 550
15.3667 547
15.3833 544
15.4 542
15.4167 539
15.4333 536
15.45 533
15.4667 531
15.4833 528
15.5 525
15.5167 522
15.5333 520
15.55 517
15.5667 514
15.5833 511
15.6 508
15.6167 506
15.6333 503
15.65 500
15.6667 497
15.6833 494
15.7 491
15.7167 488
15.7333 485
15.75 482
15.7667 479
15.7833 476
15.8 473
15.8167 470
15.8333 467
15.85 464
15.8667 461
15.8833 458
15.9 455
15.9167 452
15.9333 449
15.95 446
15.9667 443
15.9833 440
