9.0 441
9.0167 444
9.0333 447
9.05 451
9.0667 454
9.0833 457
9.1 460
9.1167 463
9.1333 466
9.15 469
9.1667 472
9.1833 475
9.2 478
9.2167 481
9.2333 484
9.25 487
9.2667 490
9.2833 493
9.3 496
9.3167 499
9.3333 502
9.35 505
9.3667 508
9.3833 511
9.4 514
9.4167 517
9.4333 520
9.45 523
9.4667 526
9.4833 529
9.5 532
9.5167 535
9.5333 537
9.55 540
9.5667 543
9.5833 546
9.6 549
9.6167 552
9.6333 555
9.65 557
9.6667 560
9.6833 563
9.7 566
9.7167 569
9.7333 571
9.75 574
9.7667 577
9.7833 580
9.8 582
9.8167 585
9.8333 588
9.85 590
9.8667 593
9.8833 596
9.9 598
9.9167 601
9.9333 604
9.95 606
9.9667 609
9.9833 612
10.0 614
10.0167 617
10.0333 619
10.05 622
10.0667 624
10.0833 627
10.1 630
10.1167 632
10.1333 635
10.15 637
10.1667 639
10.1833 642
10.2 644
10.2167 647
10.2333 649
10.25 652
10.2667 654
10.2833 656
10.3 659
10.3167 661
10.3333 663
10.35 666
10.3667 668
10.3833 670
10.4 673
10.4167 675
10.4333 677
10.45 679
10.4667 682
10.4833 684
10.5 686
10.5167 688
10.5333 690
10.55 693
10.5667 695
10.5833 697
10.6 699
10.6167 701
10.6333 703
10.65 705
10.6667 707
10.6833 709
10.7 711
10.7167 713
10.7333 715
10.75 717
10.7667 719
10.7833 721
10.8 723
10.8167 725
10.8333 727
10.85 729
10.8667 731
10.8833 732
10.9 734
10.9167 736
10.9333 738
10.95 740
10.9667 741
10.9833 743
11.0 745
11.0167 747
11.0333 748
11.05 750
11.0667 752
11.0833 753
11.1 755
11.1167 757
11.1333 758
11.15 760
11.1667 762
11.1833 763
11.2 765
11.2167 766
11.2333 768
11.25 769
11.2667 771
11.2833 772
11.3 774
11.3167 775
11.3333 776
11.35 778
11.3667 779
11.3833 780
11.4 782
11.4167 783
11.4333 784
11.45 786
11.4667 787
11.4833 788
11.5 790
11.5167 791
11.5333 792
11.55 793
11.5667 794
11.5833 795
11.6 797
11.6167 798
11.6333 799
11.65 800
11.6667 801
11.6833 802
11.7 803
11.7167 804
11.7333 805
11.75 806
11.7667 807
11.7833 808
11.8 809
11.8167 810
11.8333 811
11.85 811
11.8667 812
11.8833 813
11.9 814
11.9167 815
11.9333 816
11.95 816
11.9667 817
11.9833 818
12.0 818
12.0167 819
12.0333 820
12.05 820
12.0667 821
12.0833 822
12.1 822
12.1167 823
12.1333 823
12.15 824
12.1667 825
12.1833 825
12.2 826
12.2167 826
12.2333 826
12.25 827
12.2667 827
12.2833 828
12.3 828
12.3167 828
12.3333 829
12.35 829
12.3667 829
12.3833 830
12.4 830
12.4167 830
12.4333 830
12.45 831
12.4667 831
12.4833 831
12.5 831
12.5167 831
12.5333 831
12.55 832
12.5667 832
12.5833 832
12.6 832
12.6167 832
12.6333 832
12.65 832
12.6667 832
12.6833 832
12.7 832
12.7167 831
12.7333 831
12.75 831
12.7667 831
12.7833 831
12.8 831
12.8167 831
12.8333 830
12.85 830
12.8667 830
12.8833 830
12.9 829
12.9167 829
12.9333 829
12.95 828
12.9667 828
12.9833 828
13.0 827
13.0167 827
13.0333 826
13.05 826
13.0667 825
13.0833 825
13.1 824
13.1167 824
13.1333 823
13.15 823
13.1667 822
13.1833 822
13.2 821
13.2167 820
13.2333 820
13.25 819
13.2667 818
13.2833 818
13.3 817
13.3167 816
13.3333 815
13.35 815
13.3667 814
13.3833 813
13.4 812
13.4167 811
13.4333 810
13.45 810
13.4667 809
13.4833 808
13.5 807
13.5167 806
13.5333 805
13.55 804
13.5667 803
13.5833 802
13.6 801
13.6167 800
13.6333 799
13.65 798
13.6667 796
13.6833 795
13.7 794
13.7167 793
13.7333 792
13.75 791
13.7667 789
13.7833 788
13.8 787
13.8167 786
13.8333 784
13.85 783
13.8667 782
13.8833 780
13.9 779
13.9167 778
13.9333 776
13.95 775
13.9667 773
13.9833 772
14.0 770
14.0167 769
14.0333 767
14.05 766
14.0667 764
14.0833 763
14.1 761
14.1167 760
14.1333 758
14.15 756
14.1667 755
14.1833 753
14.2 752
14.2167 750
14.2333 748
14.25 746
14.2667 745
14.2833 743
14.3 741
14.3167 739
14.3333 738
14.35 736
14.3667 734
14.3833 732
14.4 730
14.4167 728
14.4333 727
14.45 725
14.4667 723
14.4833 721
14.5 719
14.5167 717
14.5333 715
14.55 713
14.5667 711
14.5833 709
14.6 707
14.6167 705
14.6333 703
14.65 701
14.6667 699
14.6833 696
14.7 694
14.7167 692
14.7333 690
14.75 688
14.7667 686
14.7833 683
14.8 681
14.8167 679
14.8333 677
14.85 675
14.8667 672
14.8833 670
14.9 668
14.9167 665
14.9333 663
14.95 661
14.9667 658
14.9833 656
15.0 654
15.0167 651
15.0333 649
15.05 647
15.0667 644
15.0833 642
15.1 639
15.1167 637
15.1333 634
15.15 632
15.1667 629
15.1833 627
15.2 624
15.2167 622
15.2333 619
15.25 617
15.2667 614
15.2833 611
15.3 609
15.3167 606
15.3333 604
15.35 601
15.3667 598
15.3833 596
15.4 593
15.4167 590
15.4333 588
15.45 585
15.4667 582
15.4833 579
15.5 577
15.5167 574
15.5333 571
15.55 568
15.5667 566
15.5833 563
15.6 560
15.6167 557
15.6333 554
15.65 552
15.6667 549
15.6833 546
15.7 543
15.7167 540
15.7333 537
15.75 534
15.7667 531
15.7833 529
15.8 526
15.8167 523
15.8333 520
15.85 517
15.8667 514
15.8833 511
15.9 508
15.9167 505
15.9333 502
15.95 499
15.9667 496
15.9833 493
