9.0 479
9.0167 482
9.0333 485
9.05 488
9.0667 491
9.0833 494
9.1 497
9.1167 500
9.1333 503
9.15 506
9.1667 509
9.1833 512
9.2 515
9.2167 518
9.2333 521
9.25 524
9.2667 527
9.2833 530
9.3 533
9.3167 536
9.3333 539
9.35 542
9.3667 545
9.3833 547
9.4 550
9.4167 553
9.4333 556
9.45 559
9.4667 562
9.4833 565
9.5 568
9.5167 570
9.5333 573
9.55 576
9.5667 579
9.5833 582
9.6 585
9.6167 587
9.6333 590
9.65 593
9.6667 596
9.6833 598
9.7 601
9.7167 604
9.7333 607
9.75 609
9.7667 612
9.7833 615
9.8 617
9.8167 620
9.8333 623
9.85 625
9.8667 628
9.8833 631
9.9 633
9.9167 636
9.9333 638
9.95 641
9.9667 643
9.9833 646
10.0 649
10.0167 651
10.0333 654
10.05 656
10.0667 659
10.0833 661
10.1 664
10.1167 666
10.1333 668
10.15 671
10.1667 673
10.1833 676
10.2 678
10.2167 681
10.2333 683
10.25 685
10.2667 688
10.2833 690
10.3 692
10.3167 695
10.3333 697
10.35 699
10.3667 701
10.3833 704
10.4 706
10.4167 708
10.4333 710
10.45 712
10.4667 715
10.4833 717
10.5 719
10.5167 721
10.5333 723
10.55 725
10.5667 727
10.5833 730
10.6 732
10.6167 734
10.6333 736
10.65 738
10.6667 740
10.6833 742
10.7 744
10.7167 746
10.7333 748
10.75 750
10.7667 752
10.7833 753
10.8 755
10.8167 757
10.8333 759
10.85 761
10.8667 763
10.8833 765
10.9 766
10.9167 768
10.9333 770
10.95 772
10.9667 774
10.9833 775
11.0 777
11.0167 779
11.0333 780
11.05 782
11.0667 784
11.0833 785
11.1 787
11.1167 789
11.1333 790
11.15 792
11.1667 793
11.1833 795
11.2 796
11.2167 798
11.2333 799
11.25 801
11.2667 802
11.2833 804
11.3 805
11.3167 807
11.3333 808
11.35 809
11.3667 811
11.3833 812
11.4 813
11.4167 815
11.4333 816
11.45 817
11.4667 819
11.4833 820
11.5 821
11.5167 822
11.5333 823
11.55 825
11.5667 826
11.5833 827
11.6 828
11.6167 829
11.6333 830
11.65 831
11.6667 832
11.6833 834
11.7 835
11.7167 836
11.7333 837
11.75 838
11.7667 839
11.7833 839
11.8 840
11.8167 841
11.8333 842
11.85 843
11.8667 844
11.8833 845
11.9 846
11.9167 846
11.9333 847
11.95 848
11.9667 849
11.9833 849
12.0 850
12.0167 851
12.0333 852
12.05 852
12.0667 853
12.0833 854
12.1 854
12.1167 855
12.1333 855
12.15 856
12.1667 856
12.1833 857
12.2 858
12.2167 858
12.2333 859
12.25 859
12.2667 859
12.2833 860
12.3 860
12.3167 861
12.3333 861
12.35 861
12.3667 862
12.3833 862
12.4 862
12.4167 863
12.4333 863
12.45 863
12.4667 863
12.4833 864
12.5 864
12.5167 864
12.5333 864
12.55 864
12.5667 864
12.5833 865
12.6 865
12.6167 865
12.6333 865
12.65 865
12.6667 865
12.6833 865
12.7 865
12.7167 865
12.7333 865
12.75 865
12.7667 865
12.7833 864
12.8 864
12.8167 864
12.8333 864
12.85 864
12.8667 864
12.8833 863
12.9 863
12.9167 863
12.9333 863
12.95 862
12.9667 862
12.9833 862
13.0 861
13.0167 861
13.0333 861
13.05 860
13.0667 860
13.0833 860
13.1 859
13.1167 859
13.1333 858
13.15 858
13.1667 857
13.1833 857
13.2 856
13.2167 856
13.2333 855
13.25 854
13.2667 854
13.2833 853
13.3 852
13.3167 852
13.3333 851
13.35 850
13.3667 850
13.3833 849
13.4 848
13.4167 847
13.4333 847
13.45 846
13.4667 845
13.4833 844
13.5 843
13.5167 842
13.5333 841
13.55 841
13.5667 840
13.5833 839
13.6 838
13.6167 837
13.6333 836
13.65 835
13.6667 834
13.6833 833
13.7 832
13.7167 831
13.7333 829
13.75 828
13.7667 827
13.7833 826
13.8 825
13.8167 824
13.8333 823
13.85 821
13.8667 820
13.8833 819
13.9 818
13.9167 816
13.9333 815
13.95 814
13.9667 812
13.9833 811
14.0 810
14.0167 808
14.0333 807
14.05 805
14.0667 804
14.0833 803
14.1 801
14.1167 800
14.1333 798
14.15 797
14.1667 795
14.1833 794
14.2 792
14.2167 790
14.2333 789
14.25 787
14.2667 786
14.2833 784
14.3 782
14.3167 781
14.3333 779
14.35 777
14.3667 776
14.3833 774
14.4 772
14.4167 770
14.4333 769
14.45 767
14.4667 765
14.4833 763
14.5 761
14.5167 759
14.5333 758
14.55 756
14.5667 754
14.5833 752
14.6 750
14.6167 748
14.6333 746
14.65 744
14.6667 742
14.6833 740
14.7 738
14.7167 736
14.7333 734
14.75 732
14.7667 730
14.7833 728
14.8 726
14.8167 724
14.8333 722
14.85 719
14.8667 717
14.8833 715
14.9 713
14.9167 711
14.9333 709
14.95 706
14.9667 704
14.9833 702
15.0 700
15.0167 697
15.0333 695
15.05 693
15.0667 690
15.0833 688
15.1 686
15.1167 683
15.1333 681
15.15 679
15.1667 676
15.1833 674
15.2 672
15.2167 669
15.2333 667
15.25 664
15.2667 662
15.2833 659
15.3 657
15.3167 654
15.3333 652
15.35 649
15.3667 647
15.3833 644
15.4 642
15.4167 639
15.4333 636
15.45 634
15.4667 631
15.4833 629
15.5 626
15.5167 623
15.5333 621
15.55 618
15.5667 615
15.5833 613
15.6 610
15.6167 607
15.6333 605
15.65 602
15.6667 599
15.6833 596
15.7 594
15.7167 591
15.7333 588
15.75 585
15.7667 582
15.7833 580
15.8 577
15.8167 574
15.8333 571
15.85 568
15.8667 566
15.8833 563
15.9 560
15.9167 557
15.9333 554
15.95 551
15.9667 548
15.9833 545
