9.0 405
9.0167 408
9.0333 412
9.05 415
9.0667 418
9.0833 421
9.1 425
9.1167 428
9.1333 431
9.15 434
9.1667 437
9.1833 441
9.2 444
9.2167 447
9.2333 450
9.25 453
9.2667 457
9.2833 460
9.3 463
9.3167 466
9.3333 469
9.35 472
9.3667 476
9.3833 479
9.4 482
9.4167 485
9.4333 488
9.45 491
9.4667 494
9.4833 497
9.5 500
9.5167 503
9.5333 506
9.55 509
9.5667 512
9.5833 515
9.6 518
9.6167 521
9.6333 524
9.65 527
9.6667 530
9.6833 533
9.7 536
9.7167 539
9.7333 542
9.75 545
9.7667 548
9.7833 551
9.8 553
9.8167 556
9.8333 559
9.85 562
9.8667 565
9.8833 568
9.9 570
9.9167 573
9.9333 576
9.95 579
9.9667 581
9.9833 584
10.0 587
10.0167 590
10.0333 592
10.05 595
10.0667 598
10.0833 600
10.1 603
10.1167 606
10.1333 608
10.15 611
10.1667 613
10.1833 616
10.2 619
10.2167 621
10.2333 624
10.25 626
10.2667 629
10.2833 631
10.3 634
10.3167 636
10.3333 639
10.35 641
10.3667 643
10.3833 646
10.4 648
10.4167 651
10.4333 653
10.45 655
10.4667 658
10.4833 660
10.5 662
10.5167 665
10.5333 667
10.55 669
10.5667 671
10.5833 674
10.6 676
10.6167 678
10.6333 680
10.65 682
10.6667 684
10.6833 687
10.7 689
10.7167 691
10.7333 693
10.75 695
10.7667 697
10.7833 699
10.8 701
10.8167 703
10.8333 705
10.85 707
10.8667 709
10.8833 711
10.9 713
10.9167 715
10.9333 717
10.95 718
10.9667 720
10.9833 722
11.0 724
11.0167 726
11.0333 727
11.05 729
11.0667 731
11.0833 733
11.1 734
11.1167 736
11.1333 738
11.15 739
11.1667 741
11.1833 743
11.2 744
11.2167 746
11.2333 747
11.25 749
11.2667 751
11.2833 752
11.3 754
11.3167 755
11.3333 757
11.35 758
11.3667 759
11.3833 761
11.4 762
11.4167 764
11.4333 765
11.45 766
11.4667 768
11.4833 769
11.5 770
11.5167 771
11.5333 773
11.55 774
11.5667 775
11.5833 776
11.6 777
11.6167 779
11.6333 780
11.65 781
11.6667 782
11.6833 783
11.7 784
11.7167 785
11.7333 786
11.75 787
11.7667 788
11.7833 789
11.8 790
11.8167 791
11.8333 792
11.85 793
11.8667 794
11.8833 795
11.9 795
11.9167 796
11.9333 797
11.95 798
11.9667 798
11.9833 799
12.0 800
12.0167 801
12.0333 801
12.05 802
12.0667 803
12.0833 803
12.1 804
12.1167 804
12.1333 805
12.15 806
12.1667 806
12.1833 807
12.2 807
12.2167 808
12.2333 808
12.25 808
12.2667 809
12.2833 809
12.3 810
12.3167 810
12.3333 810
12.35 811
12.3667 811
12.3833 811
12.4 811
12.4167 812
12.4333 812
12.45 812
12.4667 812
12.4833 812
12.5 812
12.5167 813
12.5333 813
12.55 813
12.5667 813
12.5833 813
12.6 813
12.6167 813
12.6333 813
12.65 813
12.6667 813
12.6833 813
12.7 813
12.7167 812
12.7333 812
12.75 812
12.7667 812
12.7833 812
12.8 812
12.8167 811
12.8333 811
12.85 811
12.8667 810
12.8833 810
12.9 810
12.9167 809
12.9333 809
12.95 809
12.9667 808
12.9833 808
13.0 807
13.0167 807
13.0333 806
13.05 806
13.0667 805
13.0833 805
13.1 804
13.1167 804
13.1333 803
13.15 802
13.1667 802
13.1833 801
13.2 800
13.2167 800
13.2333 799
13.25 798
13.2667 798
13.2833 797
13.3 796
13.3167 795
13.3333 794
13.35 793
13.3667 793
13.3833 792
13.4 791
13.4167 790
13.4333 789
13.45 788
13.4667 787
13.4833 786
13.5 785
13.5167 784
13.5333 783
13.55 782
13.5667 781
13.5833 780
13.6 778
13.6167 777
13.6333 776
13.65 775
13.6667 774
13.6833 772
13.7 771
13.7167 770
13.7333 769
13.75 767
13.7667 766
13.7833 765
13.8 763
13.8167 762
13.8333 761
13.85 759
13.8667 758
13.8833 756
13.9 755
13.9167 753
13.9333 752
13.95 750
13.9667 749
13.9833 747
14.0 746
14.0167 744
14.0333 742
14.05 741
14.0667 739
14.0833 737
14.1 736
14.1167 734
14.1333 732
14.15 731
14.1667 729
14.1833 727
14.2 725
14.2167 723
14.2333 722
14.25 720
14.2667 718
14.2833 716
14.3 714
14.3167 712
14.3333 710
14.35 708
14.3667 706
14.3833 705
14.4 703
14.4167 701
14.4333 699
14.45 696
14.4667 694
14.4833 692
14.5 690
14.5167 688
14.5333 686
14.55 684
14.5667 682
14.5833 680
14.6 677
14.6167 675
14.6333 673
14.65 671
14.6667 669
14.6833 666
14.7 664
14.7167 662
14.7333 659
14.75 657
14.7667 655
14.7833 652
14.8 650
14.8167 648
14.8333 645
14.85 643
14.8667 640
14.8833 638
14.9 636
14.9167 633
14.9333 631
14.95 628
14.9667 626
14.9833 623
15.0 620
15.0167 617
15.0333 615
15.05 612
15.0667 609
15.0833 607
15.1 604
15.1167 601
15.1333 599
15.15 596
15.1667 594
15.1833 591
15.2 588
15.2167 585
15.2333 583
15.25 580
15.2667 577
15.2833 574
15.3 572
15.3167 569
15.3333 566
15.35 563
15.3667 560
15.3833 558
15.4 555
15.4167 552
15.4333 549
15.45 546
15.4667 543
15.4833 540
15.5 537
15.5167 534
15.5333 532
15.55 529
15.5667 526
15.5833 523
15.6 520
15.6167 517
15.6333 514
15.65 511
15.6667 508
15.6833 505
15.7 502
15.7167 499
15.7333 496
15.75 492
15.7667 489
15.7833 486
15.8 483
15.8167 480
15.8333 477
15.85 474
15.8667 471
15.8833 468
15.9 464
15.9167 461
15.9333 458
15.95 455
15.9667 452
15.9833 449
