9.0 372
9.0167 374
9.0333 377
9.05 381
9.0667 384
9.0833 387
9.1 390
9.1167 393
9.1333 396
9.15 399
9.1667 403
9.1833 406
9.2 409
9.2167 412
9.2333 415
9.25 418
9.2667 421
9.2833 424
9.3 427
9.3167 430
9.3333 433
9.35 436
9.3667 439
9.3833 442
9.4 445
9.4167 448
9.4333 451
9.45 454
9.4667 457
9.4833 460
9.5 463
9.5167 466
9.5333 469
9.55 472
9.5667 475
9.5833 478
9.6 481
9.6167 484
9.6333 487
9.65 490
9.6667 492
9.6833 495
9.7 498
9.7167 501
9.7333 504
9.75 506
9.7667 509
9.7833 512
9.8 515
9.8167 518
9.8333 520
9.85 523
9.8667 526
9.8833 528
9.9 531
9.9167 534
9.9333 537
9.95 539
9.9667 542
9.9833 544
10.0 547
10.0167 550
10.0333 552
10.05 555
10.0667 557
10.0833 560
10.1 562
10.1167 565
10.1333 568
10.15 570
10.1667 573
10.1833 575
10.2 577
10.2167 580
10.2333 582
10.25 585
10.2667 587
10.2833 589
10.3 592
10.3167 594
10.3333 597
10.35 599
10.3667 601
10.3833 603
10.4 606
10.4167 608
10.4333 610
10.45 612
10.4667 615
10.4833 617
10.5 619
10.5167 621
10.5333 623
10.55 626
10.5667 628
10.5833 630
10.6 632
10.6167 634
10.6333 636
10.65 638
10.6667 640
10.6833 642
10.7 644
10.7167 646
10.7333 648
10.75 650
10.7667 652
10.7833 654
10.8 656
10.8167 658
10.8333 659
10.85 661
10.8667 663
10.8833 665
10.9 667
10.9167 668
10.9333 670
10.95 672
10.9667 674
10.9833 675
11.0 677
11.0167 679
11.0333 680
11.05 682
11.0667 684
11.0833 685
11.1 687
11.1167 688
11.1333 690
11.15 691
11.1667 693
11.1833 694
11.2 696
11.2167 697
11.2333 699
11.25 700
11.2667 702
11.2833 703
11.3 704
11.3167 706
11.3333 707
11.35 708
11.3667 710
11.3833 711
11.4 712
11.4167 713
11.4333 715
11.45 716
11.4667 717
11.4833 718
11.5 719
11.5167 720
11.5333 722
11.55 723
11.5667 724
11.5833 725
11.6 726
11.6167 727
11.6333 728
11.65 729
11.6667 730
11.6833 731
11.7 732
11.7167 732
11.7333 733
11.75 734
11.7667 735
11.7833 736
11.8 737
11.8167 737
11.8333 738
11.85 739
11.8667 740
11.8833 740
11.9 741
11.9167 742
11.9333 742
11.95 743
11.9667 744
11.9833 744
12.0 745
12.0167 745
12.0333 746
12.05 746
12.0667 747
12.0833 747
12.1 748
12.1167 748
12.1333 749
12.15 749
12.1667 749
12.1833 750
12.2 750
12.2167 750
12.2333 751
12.25 751
12.2667 751
12.2833 752
12.3 752
12.3167 752
12.3333 752
12.35 752
12.3667 752
12.3833 753
12.4 753
12.4167 753
12.4333 753
12.45 753
12.4667 753
12.4833 753
12.5 753
12.5167 753
12.5333 753
12.55 753
12.5667 753
12.5833 752
12.6 752
12.6167 752
12.6333 752
12.65 752
12.6667 752
12.6833 751
12.7 751
12.7167 751
12.7333 751
12.75 750
12.7667 750
12.7833 750
12.8 749
12.8167 749
12.8333 748
12.85 748
12.8667 748
12.8833 747
12.9 747
12.9167 746
12.9333 746
12.95 745
12.9667 744
12.9833 744
13.0 743
13.0167 743
13.0333 742
13.05 741
13.0667 741
13.0833 740
13.1 739
13.1167 738
13.1333 738
13.15 737
13.1667 736
13.1833 735
13.2 735
13.2167 734
13.2333 733
13.25 732
13.2667 731
13.2833 730
13.3 729
13.3167 728
13.3333 727
13.35 726
13.3667 725
13.3833 724
13.4 723
13.4167 722
13.4333 721
13.45 720
13.4667 719
13.4833 717
13.5 716
13.5167 715
13.5333 714
13.55 713
13.5667 711
13.5833 710
13.6 709
13.6167 708
13.6333 706
13.65 705
13.6667 703
13.6833 702
13.7 701
13.7167 699
13.7333 698
13.75 696
13.7667 695
13.7833 693
13.8 692
13.8167 690
13.8333 689
13.85 687
13.8667 686
13.8833 684
13.9 683
13.9167 681
13.9333 679
13.95 678
13.9667 676
13.9833 674
14.0 673
14.0167 671
14.0333 669
14.05 667
14.0667 666
14.0833 664
14.1 662
14.1167 660
14.1333 658
14.15 656
14.1667 654
14.1833 653
14.2 651
14.2167 649
14.2333 647
14.25 645
14.2667 643
14.2833 641
14.3 639
14.3167 637
14.3333 635
14.35 633
14.3667 631
14.3833 628
14.4 626
14.4167 624
14.4333 622
14.45 620
14.4667 618
14.4833 615
14.5 613
14.5167 611
14.5333 609
14.55 607
14.5667 604
14.5833 602
14.6 600
14.6167 597
14.6333 595
14.65 593
14.6667 590
14.6833 588
14.7 586
14.7167 583
14.7333 581
14.75 578
14.7667 576
14.7833 573
14.8 571
14.8167 568
14.8333 566
14.85 563
14.8667 561
14.8833 558
14.9 556
14.9167 553
14.9333 551
14.95 548
14.9667 545
14.9833 543
15.0 539
15.0167 536
15.0333 534
15.05 531
15.0667 528
15.0833 526
15.1 523
15.1167 520
15.1333 518
15.15 515
15.1667 512
15.1833 509
15.2 506
15.2167 504
15.2333 501
15.25 498
15.2667 495
15.2833 492
15.3 490
15.3167 487
15.3333 484
15.35 481
15.3667 478
15.3833 475
15.4 472
15.4167 469
15.4333 466
15.45 463
15.4667 460
15.4833 457
15.5 454
15.5167 451
15.5333 448
15.55 445
15.5667 442
15.5833 439
15.6 436
15.6167 433
15.6333 430
15.65 427
15.6667 424
15.6833 421
15.7 418
15.7167 415
15.7333 412
15.75 409
15.7667 406
15.7833 403
15.8 399
15.8167 396
15.8333 393
15.85 390
15.8667 387
15.8833 384
15.9 381
15.9167 377
15.9333 374
15.95 371
15.9667 368
15.9833 365
