9.0 268
9.0167 272
9.0333 275
9.05 278
9.0667 281
9.0833 284
9.1 287
9.1167 290
9.1333 293
9.15 296
9.1667 300
9.1833 303
9.2 306
9.2167 309
9.2333 312
9.25 315
9.2667 318
9.2833 321
9.3 324
9.3167 327
9.3333 330
9.35 333
9.3667 336
9.3833 339
9.4 342
9.4167 345
9.4333 349
9.45 352
9.4667 355
9.4833 358
9.5 361
9.5167 364
9.5333 367
9.55 370
9.5667 373
9.5833 376
9.6 379
9.6167 382
9.6333 385
9.65 388
9.6667 391
9.6833 394
9.7 397
9.7167 399
9.7333 402
9.75 405
9.7667 408
9.7833 411
9.8 414
9.8167 417
9.8333 420
9.85 423
9.8667 426
9.8833 429
9.9 431
9.9167 434
9.9333 437
9.95 440
9.9667 443
9.9833 446
10.0 448
10.0167 451
10.0333 454
10.05 457
10.0667 460
10.0833 462
10.1 465
10.1167 468
10.1333 471
10.15 473
10.1667 476
10.1833 479
10.2 481
10.2167 484
10.2333 487
10.25 490
10.2667 492
10.2833 495
10.3 497
10.3167 500
10.3333 503
10.35 505
10.3667 508
10.3833 510
10.4 513
10.4167 515
10.4333 518
10.45 521
10.4667 523
10.4833 526
10.5 528
10.5167 530
10.5333 533
10.55 535
10.5667 538
10.5833 540
10.6 543
10.6167 545
10.6333 547
10.65 550
10.6667 552
10.6833 554
10.7 557
10.7167 559
10.7333 561
10.75 564
10.7667 566
10.7833 568
10.8 570
10.8167 573
10.8333 575
10.85 577
10.8667 579
10.8833 581
10.9 583
10.9167 586
10.9333 588
10.95 590
10.9667 592
10.9833 594
11.0 596
11.0167 598
11.0333 600
11.05 602
11.0667 604
11.0833 606
11.1 608
11.1167 610
11.1333 612
11.15 614
11.1667 616
11.1833 618
11.2 619
11.2167 621
11.2333 623
11.25 625
11.2667 627
11.2833 629
11.3 630
11.3167 632
11.3333 634
11.35 636
11.3667 637
11.3833 639
11.4 641
11.4167 642
11.4333 644
11.45 645
11.4667 647
11.4833 649
11.5 650
11.5167 652
11.5333 653
11.55 655
11.5667 656
11.5833 658
11.6 659
11.6167 661
11.6333 662
11.65 664
11.6667 665
11.6833 666
11.7 668
11.7167 669
11.7333 670
11.75 672
11.7667 673
11.7833 674
11.8 675
11.8167 677
11.8333 678
11.85 679
11.8667 680
11.8833 681
11.9 682
11.9167 684
11.9333 685
11.95 686
11.9667 687
11.9833 688
12.0 689
12.0167 690
12.0333 691
12.05 692
12.0667 693
12.0833 694
12.1 695
12.1167 696
12.1333 696
12.15 697
12.1667 698
12.1833 699
12.2 700
12.2167 700
12.2333 701
12.25 702
12.2667 703
12.2833 703
12.3 704
12.3167 705
12.3333 705
12.35 706
12.3667 707
12.3833 707
12.4 708
12.4167 708
12.4333 709
12.45 709
12.4667 710
12.4833 710
12.5 711
12.5167 711
12.5333 712
12.55 712
12.5667 712
12.5833 713
12.6 713
12.6167 713
12.6333 714
12.65 714
12.6667 714
12.6833 715
12.7 715
12.7167 715
12.7333 715
12.75 715
12.7667 716
12.7833 716
12.8 716
12.8167 716
12.8333 716
12.85 716
12.8667 716
12.8833 716
12.9 716
12.9167 716
12.9333 716
12.95 716
12.9667 716
12.9833 716
13.0 716
13.0167 715
13.0333 715
13.05 715
13.0667 715
13.0833 715
13.1 714
13.1167 714
13.1333 714
13.15 714
13.1667 713
13.1833 713
13.2 713
13.2167 712
13.2333 712
13.25 711
13.2667 711
13.2833 710
13.3 710
13.3167 710
13.3333 709
13.35 708
13.3667 708
13.3833 707
13.4 707
13.4167 706
13.4333 706
13.45 705
13.4667 704
13.4833 704
13.5 703
13.5167 702
13.5333 701
13.55 701
13.5667 700
13.5833 699
13.6 698
13.6167 697
13.6333 697
13.65 696
13.6667 695
13.6833 694
13.7 693
13.7167 692
13.7333 691
13.75 690
13.7667 689
13.7833 688
13.8 687
13.8167 686
13.8333 685
13.85 684
13.8667 683
13.8833 682
13.9 680
13.9167 679
13.9333 678
13.95 677
13.9667 676
13.9833 674
14.0 673
14.0167 672
14.0333 671
14.05 669
14.0667 668
14.0833 667
14.1 665
14.1167 664
14.1333 662
14.15 661
14.1667 660
14.1833 658
14.2 657
14.2167 655
14.2333 654
14.25 652
14.2667 651
14.2833 649
14.3 647
14.3167 646
14.3333 644
14.35 643
14.3667 641
14.3833 639
14.4 638
14.4167 636
14.4333 634
14.45 632
14.4667 631
14.4833 629
14.5 627
14.5167 625
14.5333 624
14.55 622
14.5667 620
14.5833 618
14.6 616
14.6167 614
14.6333 612
14.65 610
14.6667 608
14.6833 607
14.7 605
14.7167 603
14.7333 601
14.75 599
14.7667 596
14.7833 594
14.8 592
14.8167 590
14.8333 588
14.85 586
14.8667 584
14.8833 582
14.9 580
14.9167 577
14.9333 575
14.95 573
14.9667 571
14.9833 569
15.0 567
15.0167 565
15.0333 563
15.05 560
15.0667 558
15.0833 556
15.1 553
15.1167 551
15.1333 549
15.15 546
15.1667 544
15.1833 541
15.2 539
15.2167 537
15.2333 534
15.25 532
15.2667 529
15.2833 527
15.3 524
15.3167 522
15.3333 519
15.35 517
15.3667 514
15.3833 512
15.4 509
15.4167 507
15.4333 504
15.45 501
15.4667 499
15.4833 496
15.5 493
15.5167 491
15.5333 488
15.55 485
15.5667 483
15.5833 480
15.6 477
15.6167 475
15.6333 472
15.65 469
15.6667 466
15.6833 464
15.7 461
15.7167 458
15.7333 455
15.75 453
15.7667 450
15.7833 447
15.8 444
15.8167 441
15.8333 438
15.85 436
15.8667 433
15.8833 430
15.9 427
15.9167 424
15.9333 421
15.95 418
15.9667 415
15.9833 412
