9.0 281
9.0167 285
9.0333 289
9.05 292
9.0667 295
9.0833 298
9.1 301
9.1167 305
9.1333 308
9.15 311
9.1667 314
9.1833 318
9.2 321
9.2167 324
9.2333 327
9.25 330
9.2667 334
9.2833 337
9.3 340
9.3167 343
9.3333 346
9.35 350
9.3667 353
9.3833 356
9.4 359
9.4167 362
9.4333 366
9.45 369
9.4667 372
9.4833 375
9.5 378
9.5167 381
9.5333 384
9.55 388
9.5667 391
9.5833 394
9.6 397
9.6167 400
9.6333 403
9.65 406
9.6667 409
9.6833 413
9.7 416
9.7167 419
9.7333 422
9.75 425
9.7667 428
9.7833 431
9.8 434
9.8167 437
9.8333 440
9.85 443
9.8667 446
9.8833 449
9.9 452
9.9167 455
9.9333 458
9.95 461
9.9667 464
9.9833 467
10.0 470
10.0167 472
10.0333 475
10.05 478
10.0667 481
10.0833 484
10.1 487
10.1167 490
10.1333 493
10.15 495
10.1667 498
10.1833 501
10.2 504
10.2167 507
10.2333 509
10.25 512
10.2667 515
10.2833 518
10.3 520
10.3167 523
10.3333 526
10.35 528
10.3667 531
10.3833 534
10.4 536
10.4167 539
10.4333 542
10.45 544
10.4667 547
10.4833 549
10.5 552
10.5167 554
10.5333 557
10.55 560
10.5667 562
10.5833 565
10.6 567
10.6167 569
10.6333 572
10.65 574
10.6667 577
10.6833 579
10.7 582
10.7167 584
10.7333 586
10.75 589
10.7667 591
10.7833 593
10.8 596
10.8167 598
10.8333 600
10.85 602
10.8667 605
10.8833 607
10.9 609
10.9167 611
10.9333 614
10.95 616
10.9667 618
10.9833 620
11.0 622
11.0167 624
11.0333 626
11.05 628
11.0667 630
11.0833 632
11.1 634
11.1167 636
11.1333 638
11.15 640
11.1667 642
11.1833 644
11.2 646
11.2167 648
11.2333 650
11.25 652
11.2667 654
11.2833 656
11.3 657
11.3167 659
11.3333 661
11.35 663
11.3667 665
11.3833 666
11.4 668
11.4167 670
11.4333 671
11.45 673
11.4667 675
11.4833 676
11.5 678
11.5167 680
11.5333 681
11.55 683
11.5667 684
11.5833 686
11.6 687
11.6167 689
11.6333 690
11.65 692
11.6667 693
11.6833 694
11.7 696
11.7167 697
11.7333 699
11.75 700
11.7667 701
11.7833 703
11.8 704
11.8167 705
11.8333 706
11.85 708
11.8667 709
11.8833 710
11.9 711
11.9167 712
11.9333 713
11.95 714
11.9667 716
11.9833 717
12.0 718
12.0167 719
12.0333 720
12.05 721
12.0667 722
12.0833 723
12.1 724
12.1167 725
12.1333 725
12.15 726
12.1667 727
12.1833 728
12.2 729
12.2167 730
12.2333 730
12.25 731
12.2667 732
12.2833 733
12.3 733
12.3167 734
12.3333 735
12.35 735
12.3667 736
12.3833 737
12.4 737
12.4167 738
12.4333 738
12.45 739
12.4667 739
12.4833 740
12.5 740
12.5167 741
12.5333 741
12.55 742
12.5667 742
12.5833 743
12.6 743
12.6167 743
12.6333 744
12.65 744
12.6667 744
12.6833 744
12.7 745
12.7167 745
12.7333 745
12.75 745
12.7667 745
12.7833 745
12.8 746
12.8167 746
12.8333 746
12.85 746
12.8667 746
12.8833 746
12.9 746
12.9167 746
12.9333 746
12.95 746
12.9667 746
12.9833 746
13.0 746
13.0167 745
13.0333 745
13.05 745
13.0667 745
13.0833 745
13.1 744
13.1167 744
13.1333 744
13.15 744
13.1667 743
13.1833 743
13.2 743
13.2167 742
13.2333 742
13.25 741
13.2667 741
13.2833 740
13.3 740
13.3167 740
13.3333 739
13.35 738
13.3667 738
13.3833 737
13.4 737
13.4167 736
13.4333 736
13.45 735
13.4667 734
13.4833 734
13.5 733
13.5167 732
13.5333 731
13.55 731
13.5667 730
13.5833 729
13.6 728
13.6167 727
13.6333 726
13.65 726
13.6667 725
13.6833 724
13.7 723
13.7167 722
13.7333 721
13.75 720
13.7667 719
13.7833 718
13.8 717
13.8167 716
13.8333 715
13.85 713
13.8667 712
13.8833 711
13.9 710
13.9167 709
13.9333 708
13.95 706
13.9667 705
13.9833 704
14.0 703
14.0167 701
14.0333 700
14.05 699
14.0667 697
14.0833 696
14.1 695
14.1167 693
14.1333 692
14.15 690
14.1667 689
14.1833 687
14.2 686
14.2167 684
14.2333 683
14.25 681
14.2667 680
14.2833 678
14.3 676
14.3167 675
14.3333 673
14.35 671
14.3667 670
14.3833 668
14.4 666
14.4167 665
14.4333 663
14.45 661
14.4667 659
14.4833 658
14.5 656
14.5167 654
14.5333 652
14.55 650
14.5667 648
14.5833 646
14.6 644
14.6167 643
14.6333 641
14.65 639
14.6667 637
14.6833 635
14.7 633
14.7167 631
14.7333 629
14.75 626
14.7667 624
14.7833 622
14.8 620
14.8167 618
14.8333 616
14.85 614
14.8667 612
14.8833 609
14.9 607
14.9167 605
14.9333 603
14.95 600
14.9667 598
14.9833 596
15.0 594
15.0167 592
15.0333 590
15.05 587
15.0667 585
15.0833 583
15.1 580
15.1167 578
15.1333 575
15.15 573
15.1667 570
15.1833 568
15.2 565
15.2167 563
15.2333 560
15.25 558
15.2667 555
15.2833 553
15.3 550
15.3167 548
15.3333 545
15.35 543
15.3667 540
15.3833 537
15.4 535
15.4167 532
15.4333 529
15.45 527
15.4667 524
15.4833 521
15.5 518
15.5167 516
15.5333 513
15.55 510
15.5667 507
15.5833 505
15.6 502
15.6167 499
15.6333 496
15.65 493
15.6667 491
15.6833 488
15.7 485
15.7167 482
15.7333 479
15.75 476
15.7667 473
15.7833 470
15.8 468
15.8167 465
15.8333 462
15.85 459
15.8667 456
15.8833 453
15.9 450
15.9167 447
15.9333 444
15.95 441
15.9667 438
15.9833 435
