9.0 487
9.0167 490
9.0333 493
9.05 497
9.0667 500
9.0833 503
9.1 506
9.1167 509
9.1333 512
9.15 515
9.1667 518
9.1833 521
9.2 524
9.2167 527
9.2333 530
9.25 533
9.2667 536
9.2833 539
9.3 542
9.3167 545
9.3333 548
9.35 551
9.3667 554
9.3833 557
9.4 560
9.4167 563
9.4333 566
9.45 569
9.4667 572
9.4833 575
9.5 577
9.5167 580
9.5333 583
9.55 586
9.5667 589
9.5833 592
9.6 594
9.6167 597
9.6333 600
9.65 603
9.6667 606
9.6833 608
9.7 611
9.7167 614
9.7333 617
9.75 619
9.7667 622
9.7833 625
9.8 628
9.8167 630
9.8333 633
9.85 636
9.8667 638
9.8833 641
9.9 644
9.9167 646
9.9333 649
9.95 651
9.9667 654
9.9833 657
10.0 659
10.0167 662
10.0333 664
10.05 667
10.0667 669
10.0833 672
10.1 674
10.1167 677
10.1333 679
10.15 682
10.1667 684
10.1833 686
10.2 689
10.2167 691
10.2333 694
10.25 696
10.2667 698
10.2833 701
10.3 703
10.3167 705
10.3333 708
10.35 710
10.3667 712
10.3833 714
10.4 717
10.4167 719
10.4333 721
10.45 723
10.4667 725
10.4833 728
10.5 730
10.5167 732
10.5333 734
10.55 736
10.5667 738
10.5833 740
10.6 742
10.6167 745
10.6333 747
10.65 749
10.6667 751
10.6833 753
10.7 755
10.7167 757
10.7333 759
10.75 760
10.7667 762
10.7833 764
10.8 766
10.8167 768
10.8333 770
10.85 772
10.8667 774
10.8833 775
10.9 777
10.9167 779
10.9333 781
10.95 783
10.9667 784
10.9833 786
11.0 788
11.0167 789
11.0333 791
11.05 793
11.0667 794
11.0833 796
11.1 798
11.1167 799
11.1333 801
11.15 802
11.1667 804
11.1833 805
11.2 807
11.2167 808
11.2333 810
11.25 811
11.2667 813
11.2833 814
11.3 816
11.3167 817
11.3333 818
11.35 820
11.3667 821
11.3833 823
11.4 824
11.4167 825
11.4333 826
11.45 828
11.4667 829
11.4833 830
11.5 831
11.5167 833
11.5333 834
11.55 835
11.5667 836
11.5833 837
11.6 838
11.6167 839
11.6333 840
11.65 842
11.6667 843
11.6833 844
11.7 845
11.7167 846
11.7333 847
11.75 848
11.7667 848
11.7833 849
11.8 850
11.8167 851
11.8333 852
11.85 853
11.8667 854
11.8833 855
11.9 855
11.9167 856
11.9333 857
11.95 858
11.9667 858
11.9833 859
12.0 860
12.0167 860
12.0333 861
12.05 862
12.0667 862
12.0833 863
12.1 864
12.1167 864
12.1333 865
12.15 865
12.1667 866
12.1833 866
12.2 867
12.2167 867
12.2333 868
12.25 868
12.2667 868
12.2833 869
12.3 869
12.3167 870
12.3333 870
12.35 870
12.3667 870
12.3833 871
12.4 871
12.4167 871
12.4333 871
12.45 872
12.4667 872
12.4833 872
12.5 872
12.5167 872
12.5333 872
12.55 873
12.5667 873
12.5833 873
12.6 873
12.6167 873
12.6333 873
12.65 873
12.6667 873
12.6833 873
12.7 873
12.7167 873
12.7333 872
12.75 872
12.7667 872
12.7833 872
12.8 872
12.8167 872
12.8333 871
12.85 871
12.8667 871
12.8833 871
12.9 870
12.9167 870
12.9333 870
12.95 870
12.9667 869
12.9833 869
13.0 868
13.0167 868
13.0333 868
13.05 867
13.0667 867
13.0833 866
13.1 866
13.1167 865
13.1333 865
13.15 864
13.1667 864
13.1833 863
13.2 862
13.2167 862
13.2333 861
13.25 860
13.2667 860
13.2833 859
13.3 858
13.3167 858
13.3333 857
13.35 856
13.3667 855
13.3833 855
13.4 854
13.4167 853
13.4333 852
13.45 851
13.4667 850
13.4833 849
13.5 849
13.5167 848
13.5333 847
13.55 846
13.5667 845
13.5833 844
13.6 843
13.6167 842
13.6333 841
13.65 840
13.6667 838
13.6833 837
13.7 836
13.7167 835
13.7333 834
13.75 833
13.7667 831
13.7833 830
13.8 829
13.8167 828
13.8333 827
13.85 825
13.8667 824
13.8833 823
13.9 821
13.9167 820
13.9333 819
13.95 817
13.9667 816
13.9833 814
14.0 813
14.0167 812
14.0333 810
14.05 809
14.0667 807
14.0833 806
14.1 804
14.1167 803
14.1333 801
14.15 799
14.1667 798
14.1833 796
14.2 795
14.2167 793
14.2333 791
14.25 790
14.2667 788
14.2833 786
14.3 784
14.3167 783
14.3333 781
14.35 779
14.3667 777
14.3833 776
14.4 774
14.4167 772
14.4333 770
14.45 768
14.4667 766
14.4833 765
14.5 763
14.5167 761
14.5333 759
14.55 757
14.5667 755
14.5833 753
14.6 751
14.6167 749
14.6333 747
14.65 745
14.6667 743
14.6833 741
14.7 739
14.7167 736
14.7333 734
14.75 732
14.7667 730
14.7833 728
14.8 726
14.8167 724
14.8333 721
14.85 719
14.8667 717
14.8833 715
14.9 712
14.9167 710
14.9333 708
14.95 706
14.9667 703
14.9833 701
15.0 699
15.0167 696
15.0333 694
15.05 692
15.0667 689
15.0833 687
15.1 684
15.1167 682
15.1333 679
15.15 677
15.1667 675
15.1833 672
15.2 670
15.2167 667
15.2333 665
15.25 662
15.2667 659
15.2833 657
15.3 654
15.3167 652
15.3333 649
15.35 647
15.3667 644
15.3833 641
15.4 639
15.4167 636
15.4333 633
15.45 631
15.4667 628
15.4833 625
15.5 623
15.5167 620
15.5333 617
15.55 614
15.5667 612
15.5833 609
15.6 606
15.6167 603
15.6333 601
15.65 598
15.6667 595
15.6833 592
15.7 589
15.7167 586
15.7333 584
15.75 581
15.7667 578
15.7833 575
15.8 572
15.8167 569
15.8333 566
15.85 563
15.8667 560
15.8833 558
15.9 555
15.9167 552
15.9333 549
15.95 546
15.9667 543
15.9833 540
