9.0 413
9.0167 416
9.0333 419
9.05 423
9.0667 426
9.0833 429
9.1 432
9.1167 435
9.1333 439
9.15 442
9.1667 445
9.1833 448
9.2 451
9.2167 455
9.2333 458
9.25 461
9.2667 464
9.2833 467
9.3 470
9.3167 473
9.3333 477
9.35 480
9.3667 483
9.3833 486
9.4 489
9.4167 492
9.4333 495
9.45 498
9.4667 501
9.4833 504
9.5 507
9.5167 510
9.5333 513
9.55 516
9.5667 520
9.5833 522
9.6 525
9.6167 528
9.6333 531
9.65 534
9.6667 537
9.6833 540
9.7 543
9.7167 546
9.7333 549
9.75 552
9.7667 555
9.7833 558
9.8 561
9.8167 563
9.8333 566
9.85 569
9.8667 572
9.8833 575
9.9 578
9.9167 580
9.9333 583
9.95 586
9.9667 589
9.9833 591
10.0 594
10.0167 597
10.0333 600
10.05 602
10.0667 605
10.0833 608
10.1 610
10.1167 613
10.1333 616
10.15 618
10.1667 621
10.1833 624
10.2 626
10.2167 629
10.2333 631
10.25 634
10.2667 636
10.2833 639
10.3 641
10.3167 644
10.3333 646
10.35 649
10.3667 651
10.3833 654
10.4 656
10.4167 659
10.4333 661
10.45 663
10.4667 666
10.4833 668
10.5 670
10.5167 673
10.5333 675
10.55 677
10.5667 680
10.5833 682
10.6 684
10.6167 686
10.6333 689
10.65 691
10.6667 693
10.6833 695
10.7 697
10.7167 699
10.7333 702
10.75 704
10.7667 706
10.7833 708
10.8 710
10.8167 712
10.8333 714
10.85 716
10.8667 718
10.8833 720
10.9 722
10.9167 724
10.9333 726
10.95 728
10.9667 730
10.9833 732
11.0 734
11.0167 735
11.0333 737
11.05 739
11.0667 741
11.0833 743
11.1 745
11.1167 746
11.1333 748
11.15 750
11.1667 751
11.1833 753
11.2 755
11.2167 757
11.2333 758
11.25 760
11.2667 761
11.2833 763
11.3 765
11.3167 766
11.3333 768
11.35 769
11.3667 771
11.3833 772
11.4 774
11.4167 775
11.4333 777
11.45 778
11.4667 779
11.4833 781
11.5 782
11.5167 784
11.5333 785
11.55 786
11.5667 787
11.5833 789
11.6 790
11.6167 791
11.6333 792
11.65 794
11.6667 795
11.6833 796
11.7 797
11.7167 798
11.7333 799
11.75 801
11.7667 802
11.7833 803
11.8 804
11.8167 805
11.8333 806
11.85 807
11.8667 808
11.8833 809
11.9 810
11.9167 811
11.9333 811
11.95 812
11.9667 813
11.9833 814
12.0 815
12.0167 816
12.0333 816
12.05 817
12.0667 818
12.0833 819
12.1 819
12.1167 820
12.1333 821
12.15 821
12.1667 822
12.1833 823
12.2 823
12.2167 824
12.2333 824
12.25 825
12.2667 826
12.2833 826
12.3 827
12.3167 827
12.3333 827
12.35 828
12.3667 828
12.3833 829
12.4 829
12.4167 829
12.4333 830
12.45 830
12.4667 830
12.4833 831
12.5 831
12.5167 831
12.5333 831
12.55 832
12.5667 832
12.5833 832
12.6 832
12.6167 832
12.6333 832
12.65 832
12.6667 832
12.6833 833
12.7 833
12.7167 833
12.7333 833
12.75 833
12.7667 832
12.7833 832
12.8 832
12.8167 832
12.8333 832
12.85 832
12.8667 832
12.8833 832
12.9 831
12.9167 831
12.9333 831
12.95 831
12.9667 830
12.9833 830
13.0 830
13.0167 830
13.0333 829
13.05 829
13.0667 828
13.0833 828
13.1 828
13.1167 827
13.1333 827
13.15 826
13.1667 826
13.1833 825
13.2 825
13.2167 824
13.2333 824
13.25 823
13.2667 822
13.2833 822
13.3 821
13.3167 820
13.3333 820
13.35 819
13.3667 818
13.3833 818
13.4 817
13.4167 816
13.4333 815
13.45 814
13.4667 814
13.4833 813
13.5 812
13.5167 811
13.5333 810
13.55 809
13.5667 808
13.5833 807
13.6 806
13.6167 805
13.6333 804
13.65 803
13.6667 802
13.6833 801
13.7 800
13.7167 799
13.7333 798
13.75 797
13.7667 795
13.7833 794
13.8 793
13.8167 792
13.8333 791
13.85 789
13.8667 788
13.8833 787
13.9 785
13.9167 784
13.9333 783
13.95 781
13.9667 780
13.9833 779
14.0 777
14.0167 776
14.0333 774
14.05 773
14.0667 771
14.0833 770
14.1 768
14.1167 767
14.1333 765
14.15 764
14.1667 762
14.1833 760
14.2 759
14.2167 757
14.2333 756
14.25 754
14.2667 752
14.2833 750
14.3 749
14.3167 747
14.3333 745
14.35 743
14.3667 742
14.3833 740
14.4 738
14.4167 736
14.4333 734
14.45 732
14.4667 731
14.4833 729
14.5 727
14.5167 725
14.5333 723
14.55 721
14.5667 719
14.5833 717
14.6 715
14.6167 713
14.6333 711
14.65 709
14.6667 707
14.6833 705
14.7 702
14.7167 700
14.7333 698
14.75 696
14.7667 694
14.7833 692
14.8 689
14.8167 687
14.8333 685
14.85 683
14.8667 681
14.8833 678
14.9 676
14.9167 674
14.9333 671
14.95 669
14.9667 667
14.9833 664
15.0 661
15.0167 659
15.0333 657
15.05 654
15.0667 652
15.0833 649
15.1 647
15.1167 644
15.1333 642
15.15 639
15.1667 637
15.1833 634
15.2 632
15.2167 629
15.2333 627
15.25 624
15.2667 621
15.2833 619
15.3 616
15.3167 613
15.3333 611
15.35 608
15.3667 606
15.3833 603
15.4 600
15.4167 597
15.4333 595
15.45 592
15.4667 589
15.4833 586
15.5 584
15.5167 581
15.5333 578
15.55 575
15.5667 572
15.5833 570
15.6 567
15.6167 564
15.6333 561
15.65 558
15.6667 555
15.6833 552
15.7 550
15.7167 547
15.7333 544
15.75 541
15.7667 538
15.7833 535
15.8 532
15.8167 529
15.8333 526
15.85 523
15.8667 520
15.8833 517
15.9 514
15.9167 511
15.9333 508
15.95 505
15.9667 502
15.9833 499
