9.0 439
9.0167 442
9.0333 445
9.05 449
9.0667 452
9.0833 455
9.1 458
9.1167 462
9.1333 465
9.15 468
9.1667 471
9.1833 474
9.2 478
9.2167 481
9.2333 484
9.25 487
9.2667 490
9.2833 493
9.3 497
9.3167 500
9.3333 503
9.35 506
9.3667 509
9.3833 512
9.4 515
9.4167 518
9.4333 522
9.45 525
9.4667 528
9.4833 531
9.5 534
9.5167 537
9.5333 540
9.55 543
9.5667 546
9.5833 549
9.6 552
9.6167 555
9.6333 558
9.65 561
9.6667 564
9.6833 567
9.7 570
9.7167 573
9.7333 576
9.75 579
9.7667 581
9.7833 584
9.8 587
9.8167 590
9.8333 593
9.85 596
9.8667 599
9.8833 601
9.9 604
9.9167 607
9.9333 610
9.95 613
9.9667 615
9.9833 618
10.0 621
10.0167 624
10.0333 626
10.05 629
10.0667 632
10.0833 634
10.1 637
10.1167 640
10.1333 642
10.15 645
10.1667 648
10.1833 650
10.2 653
10.2167 655
10.2333 658
10.25 661
10.2667 663
10.2833 666
10.3 668
10.3167 671
10.3333 673
10.35 676
10.3667 678
10.3833 681
10.4 683
10.4167 685
10.4333 688
10.45 690
10.4667 693
10.4833 695
10.5 697
10.5167 700
10.5333 702
10.55 704
10.5667 707
10.5833 709
10.6 711
10.6167 713
10.6333 716
10.65 718
10.6667 720
10.6833 722
10.7 725
10.7167 727
10.7333 729
10.75 731
10.7667 733
10.7833 735
10.8 737
10.8167 739
10.8333 741
10.85 743
10.8667 745
10.8833 747
10.9 749
10.9167 751
10.9333 753
10.95 755
10.9667 757
10.9833 759
11.0 761
11.0167 763
11.0333 765
11.05 767
11.0667 769
11.0833 770
11.1 772
11.1167 774
11.1333 776
11.15 778
11.1667 779
11.1833 781
11.2 783
11.2167 784
11.2333 786
11.25 788
11.2667 789
11.2833 791
11.3 793
11.3167 794
11.3333 796
11.35 797
11.3667 799
11.3833 800
11.4 802
11.4167 803
11.4333 805
11.45 806
11.4667 808
11.4833 809
11.5 811
11.5167 812
11.5333 813
11.55 815
11.5667 816
11.5833 817
11.6 819
11.6167 820
11.6333 821
11.65 822
11.6667 824
11.6833 825
11.7 826
11.7167 827
11.7333 828
11.75 829
11.7667 831
11.7833 832
11.8 833
11.8167 834
11.8333 835
11.85 836
11.8667 837
11.8833 838
11.9 839
11.9167 840
11.9333 841
11.95 842
11.9667 843
11.9833 843
12.0 844
12.0167 845
12.0333 846
12.05 847
12.0667 848
12.0833 848
12.1 849
12.1167 850
12.1333 851
12.15 851
12.1667 852
12.1833 853
12.2 853
12.2167 854
12.2333 855
12.25 855
12.2667 856
12.2833 856
12.3 857
12.3167 857
12.3333 858
12.35 858
12.3667 859
12.3833 859
12.4 860
12.4167 860
12.4333 860
12.45 861
12.4667 861
12.4833 862
12.5 862
12.5167 862
12.5333 862
12.55 863
12.5667 863
12.5833 863
12.6 863
12.6167 864
12.6333 864
12.65 864
12.6667 864
12.6833 864
12.7 864
12.7167 864
12.7333 864
12.75 864
12.7667 864
12.7833 864
12.8 864
12.8167 864
12.8333 864
12.85 864
12.8667 864
12.8833 864
12.9 864
12.9167 864
12.9333 863
12.95 863
12.9667 863
12.9833 863
13.0 863
13.0167 862
13.0333 862
13.05 862
13.0667 861
13.0833 861
13.1 861
13.1167 860
13.1333 860
13.15 860
13.1667 859
13.1833 859
13.2 858
13.2167 858
13.2333 857
13.25 857
13.2667 856
13.2833 856
13.3 855
13.3167 854
13.3333 854
13.35 853
13.3667 852
13.3833 852
13.4 851
13.4167 850
13.4333 850
13.45 849
13.4667 848
13.4833 847
13.5 847
13.5167 846
13.5333 845
13.55 844
13.5667 843
13.5833 842
13.6 841
13.6167 840
13.6333 839
13.65 839
13.6667 838
13.6833 837
13.7 836
13.7167 834
13.7333 833
13.75 832
13.7667 831
13.7833 830
13.8 829
13.8167 828
13.8333 827
13.85 826
13.8667 824
13.8833 823
13.9 822
13.9167 821
13.9333 819
13.95 818
13.9667 817
13.9833 815
14.0 814
14.0167 813
14.0333 811
14.05 810
14.0667 809
14.0833 807
14.1 806
14.1167 804
14.1333 803
14.15 801
14.1667 800
14.1833 798
14.2 797
14.2167 795
14.2333 794
14.25 792
14.2667 790
14.2833 789
14.3 787
14.3167 785
14.3333 784
14.35 782
14.3667 780
14.3833 779
14.4 777
14.4167 775
14.4333 773
14.45 772
14.4667 770
14.4833 768
14.5 766
14.5167 764
14.5333 762
14.55 760
14.5667 759
14.5833 757
14.6 755
14.6167 753
14.6333 751
14.65 749
14.6667 747
14.6833 745
14.7 743
14.7167 741
14.7333 739
14.75 737
14.7667 734
14.7833 732
14.8 730
14.8167 728
14.8333 726
14.85 724
14.8667 722
14.8833 719
14.9 717
14.9167 715
14.9333 713
14.95 710
14.9667 708
14.9833 706
15.0 703
15.0167 701
15.0333 699
15.05 696
15.0667 694
15.0833 691
15.1 689
15.1167 687
15.1333 684
15.15 682
15.1667 679
15.1833 677
15.2 674
15.2167 672
15.2333 669
15.25 667
15.2667 664
15.2833 662
15.3 659
15.3167 657
15.3333 654
15.35 652
15.3667 649
15.3833 646
15.4 644
15.4167 641
15.4333 638
15.45 636
15.4667 633
15.4833 630
15.5 628
15.5167 625
15.5333 622
15.55 620
15.5667 617
15.5833 614
15.6 611
15.6167 608
15.6333 606
15.65 603
15.6667 600
15.6833 597
15.7 594
15.7167 591
15.7333 589
15.75 586
15.7667 583
15.7833 580
15.8 577
15.8167 574
15.8333 571
15.85 568
15.8667 565
15.8833 562
15.9 559
15.9167 556
15.9333 553
15.95 550
15.9667 547
15.9833 544
