9.0 194
9.0167 196
9.0333 199
9.05 201
9.0667 204
9.0833 206
9.1 209
9.1167 211
9.1333 214
9.15 216
9.1667 219
9.1833 221
9.2 224
9.2167 226
9.2333 229
9.25 231
9.2667 234
9.2833 236
9.3 239
9.3167 241
9.3333 244
9.35 246
9.3667 249
9.3833 251
9.4 254
9.4167 256
9.4333 259
9.45 261
9.4667 264
9.4833 266
9.5 269
9.5167 271
9.5333 274
9.55 276
9.5667 279
9.5833 281
9.6 284
9.6167 286
9.6333 288
9.65 291
9.6667 293
9.6833 296
9.7 298
9.7167 301
9.7333 303
9.75 305
9.7667 308
9.7833 310
9.8 312
9.8167 315
9.8333 317
9.85 320
9.8667 322
9.8833 324
9.9 327
9.9167 329
9.9333 331
9.95 334
9.9667 336
9.9833 338
10.0 340
10.0167 343
10.0333 345
10.05 347
10.0667 349
10.0833 352
10.1 354
10.1167 356
10.1333 358
10.15 361
10.1667 363
10.1833 365
10.2 367
10.2167 369
10.2333 371
10.25 374
10.2667 376
10.2833 378
10.3 380
10.3167 382
10.3333 384
10.35 386
10.3667 388
10.3833 390
10.4 392
10.4167 394
10.4333 396
10.45 398
10.4667 400
10.4833 402
10.5 404
10.5167 406
10.5333 408
10.55 410
10.5667 412
10.5833 414
10.6 416
10.6167 418
10.6333 420
10.65 421
10.6667 423
10.6833 425
10.7 427
10.7167 429
10.7333 431
10.75 432
10.7667 434
10.7833 436
10.8 438
10.8167 439
10.8333 441
10.85 443
10.8667 444
10.8833 446
10.9 448
10.9167 449
10.9333 451
10.95 453
10.9667 454
10.9833 456
11.0 457
11.0167 459
11.0333 460
11.05 462
11.0667 463
11.0833 465
11.1 466
11.1167 468
11.1333 469
11.15 471
11.1667 472
11.1833 473
11.2 475
11.2167 476
11.2333 478
11.25 479
11.2667 480
11.2833 482
11.3 483
11.3167 484
11.3333 485
11.35 487
11.3667 488
11.3833 489
11.4 490
11.4167 491
11.4333 493
11.45 494
11.4667 495
11.4833 496
11.5 497
11.5167 498
11.5333 499
11.55 500
11.5667 501
11.5833 502
11.6 503
11.6167 504
11.6333 505
11.65 506
11.6667 507
11.6833 508
11.7 509
11.7167 510
11.7333 511
11.75 512
11.7667 513
11.7833 513
11.8 514
11.8167 515
11.8333 516
11.85 516
11.8667 517
11.8833 518
11.9 519
11.9167 519
11.9333 520
11.95 521
11.9667 521
11.9833 522
12.0 522
12.0167 523
12.0333 524
12.05 524
12.0667 525
12.0833 525
12.1 526
12.1167 526
12.1333 527
12.15 527
12.1667 528
12.1833 528
12.2 528
12.2167 529
12.2333 529
12.25 529
12.2667 530
12.2833 530
12.3 530
12.3167 531
12.3333 531
12.35 531
12.3667 531
12.3833 531
12.4 532
12.4167 532
12.4333 532
12.45 532
12.4667 532
12.4833 532
12.5 532
12.5167 532
12.5333 532
12.55 532
12.5667 532
12.5833 532
12.6 532
12.6167 532
12.6333 532
12.65 532
12.6667 532
12.6833 532
12.7 532
12.7167 532
12.7333 532
12.75 531
12.7667 531
12.7833 531
12.8 531
12.8167 530
12.8333 530
12.85 530
12.8667 530
12.8833 529
12.9 529
12.9167 529
12.9333 528
12.95 528
12.9667 527
12.9833 527
13.0 527
13.0167 526
13.0333 526
13.05 525
13.0667 525
13.0833 524
13.1 523
13.1167 523
13.1333 522
13.15 522
13.1667 521
13.1833 520
13.2 520
13.2167 519
13.2333 518
13.25 518
13.2667 517
13.2833 516
13.3 515
13.3167 515
13.3333 514
13.35 513
13.3667 512
13.3833 511
13.4 511
13.4167 510
13.4333 509
13.45 508
13.4667 507
13.4833 506
13.5 505
13.5167 504
13.5333 503
13.55 502
13.5667 501
13.5833 500
13.6 499
13.6167 498
13.6333 497
13.65 496
13.6667 495
13.6833 493
13.7 492
13.7167 491
13.7333 490
13.75 489
13.7667 488
13.7833 486
13.8 485
13.8167 484
13.8333 483
13.85 481
13.8667 480
13.8833 479
13.9 477
13.9167 476
13.9333 474
13.95 473
13.9667 472
13.9833 470
14.0 469
14.0167 467
14.0333 466
14.05 464
14.0667 463
14.0833 461
14.1 460
14.1167 458
14.1333 457
14.15 455
14.1667 454
14.1833 452
14.2 450
14.2167 449
14.2333 447
14.25 446
14.2667 444
14.2833 442
14.3 440
14.3167 439
14.3333 437
14.35 435
14.3667 434
14.3833 432
14.4 430
14.4167 428
14.4333 426
14.45 425
14.4667 423
14.4833 421
14.5 419
14.5167 417
14.5333 415
14.55 413
14.5667 411
14.5833 410
14.6 408
14.6167 406
14.6333 404
14.65 402
14.6667 400
14.6833 398
14.7 396
14.7167 394
14.7333 392
14.75 390
14.7667 388
14.7833 386
14.8 383
14.8167 381
14.8333 379
14.85 377
14.8667 375
14.8833 373
14.9 371
14.9167 369
14.9333 366
14.95 364
14.9667 362
14.9833 360
15.0 358
15.0167 356
15.0333 353
15.05 351
15.0667 349
15.0833 347
15.1 344
15.1167 342
15.1333 340
15.15 338
15.1667 335
15.1833 333
15.2 331
15.2167 328
15.2333 326
15.25 324
15.2667 321
15.2833 319
15.3 317
15.3167 314
15.3333 312
15.35 309
15.3667 307
15.3833 305
15.4 302
15.4167 300
15.4333 298
15.45 295
15.4667 293
15.4833 290
15.5 288
15.5167 285
15.5333 283
15.55 280
15.5667 278
15.5833 276
15.6 273
15.6167 271
15.6333 268
15.65 266
15.6667 263
15.6833 261
15.7 258
15.7167 256
15.7333 253
15.75 251
15.7667 248
15.7833 246
15.8 243
15.8167 241
15.8333 238
15.85 236
15.8667 233
15.8833 231
15.9 228
15.9167 226
15.9333 223
15.95 221
15.9667 218
15.9833 216
