9.0 216
9.0167 220
9.0333 223
9.05 226
9.0667 228
9.0833 231
9.1 234
9.1167 237
9.1333 240
9.15 243
9.1667 246
9.1833 248
9.2 251
9.2167 254
9.2333 257
9.25 260
9.2667 263
9.2833 266
9.3 269
9.3167 271
9.3333 274
9.35 277
9.3667 280
9.3833 283
9.4 286
9.4167 289
9.4333 291
9.45 294
9.4667 297
9.4833 300
9.5 303
9.5167 306
9.5333 309
9.55 311
9.5667 314
9.5833 317
9.6 320
9.6167 323
9.6333 326
9.65 328
9.6667 331
9.6833 334
9.7 337
9.7167 340
9.7333 342
9.75 345
9.7667 348
9.7833 351
9.8 354
9.8167 356
9.8333 359
9.85 362
9.8667 365
9.8833 367
9.9 370
9.9167 373
9.9333 376
9.95 378
9.9667 381
9.9833 384
10.0 387
10.0167 389
10.0333 392
10.05 395
10.0667 397
10.0833 400
10.1 403
10.1167 405
10.1333 408
10.15 410
10.1667 413
10.1833 416
10.2 418
10.2167 421
10.2333 423
10.25 426
10.2667 429
10.2833 431
10.3 434
10.3167 436
10.3333 439
10.35 441
10.3667 444
10.3833 446
10.4 449
10.4167 451
10.4333 454
10.45 456
10.4667 458
10.4833 461
10.5 463
10.5167 466
10.5333 468
10.55 470
10.5667 473
10.5833 475
10.6 477
10.6167 480
10.6333 482
10.65 484
10.6667 487
10.6833 489
10.7 491
10.7167 493
10.7333 496
10.75 498
10.7667 500
10.7833 502
10.8 504
10.8167 507
10.8333 509
10.85 511
10.8667 513
10.8833 515
10.9 517
10.9167 519
10.9333 521
10.95 523
10.9667 525
10.9833 528
11.0 530
11.0167 532
11.0333 533
11.05 535
11.0667 537
11.0833 539
11.1 541
11.1167 543
11.1333 545
11.15 547
11.1667 549
11.1833 551
11.2 553
11.2167 554
11.2333 556
11.25 558
11.2667 560
11.2833 561
11.3 563
11.3167 565
11.3333 567
11.35 568
11.3667 570
11.3833 572
11.4 573
11.4167 575
11.4333 577
11.45 578
11.4667 580
11.4833 581
11.5 583
11.5167 584
11.5333 586
11.55 587
11.5667 589
11.5833 590
11.6 592
11.6167 593
11.6333 595
11.65 596
11.6667 597
11.6833 599
11.7 600
11.7167 601
11.7333 603
11.75 604
11.7667 605
11.7833 606
11.8 608
11.8167 609
11.8333 610
11.85 611
11.8667 613
11.8833 614
11.9 615
11.9167 616
11.9333 617
11.95 618
11.9667 619
11.9833 620
12.0 621
12.0167 622
12.0333 623
12.05 624
12.0667 625
12.0833 626
12.1 627
12.1167 628
12.1333 629
12.15 630
12.1667 631
12.1833 631
12.2 632
12.2167 633
12.2333 634
12.25 634
12.2667 635
12.2833 636
12.3 637
12.3167 637
12.3333 638
12.35 639
12.3667 639
12.3833 640
12.4 640
12.4167 641
12.4333 642
12.45 642
12.4667 643
12.4833 643
12.5 644
12.5167 644
12.5333 644
12.55 645
12.5667 645
12.5833 646
12.6 646
12.6167 646
12.6333 647
12.65 647
12.6667 647
12.6833 648
12.7 648
12.7167 648
12.7333 648
12.75 649
12.7667 649
12.7833 649
12.8 649
12.8167 649
12.8333 649
12.85 649
12.8667 649
12.8833 649
12.9 649
12.9167 649
12.9333 649
12.95 649
12.9667 649
12.9833 649
13.0 649
13.0167 649
13.0333 649
13.05 649
13.0667 649
13.0833 649
13.1 648
13.1167 648
13.1333 648
13.15 648
13.1667 647
13.1833 647
13.2 647
13.2167 646
13.2333 646
13.25 646
13.2667 645
13.2833 645
13.3 644
13.3167 644
13.3333 644
13.35 643
13.3667 643
13.3833 642
13.4 642
13.4167 641
13.4333 640
13.45 640
13.4667 639
13.4833 639
13.5 638
13.5167 637
13.5333 637
13.55 636
13.5667 635
13.5833 634
13.6 634
13.6167 633
13.6333 632
13.65 631
13.6667 630
13.6833 630
13.7 629
13.7167 628
13.7333 627
13.75 626
13.7667 625
13.7833 624
13.8 623
13.8167 622
13.8333 621
13.85 620
13.8667 619
13.8833 618
13.9 617
13.9167 616
13.9333 615
13.95 614
13.9667 612
13.9833 611
14.0 610
14.0167 609
14.0333 608
14.05 606
14.0667 605
14.0833 604
14.1 603
14.1167 601
14.1333 600
14.15 599
14.1667 597
14.1833 596
14.2 594
14.2167 593
14.2333 592
14.25 590
14.2667 589
14.2833 587
14.3 586
14.3167 584
14.3333 583
14.35 581
14.3667 580
14.3833 578
14.4 576
14.4167 575
14.4333 573
14.45 572
14.4667 570
14.4833 568
14.5 567
14.5167 565
14.5333 563
14.55 561
14.5667 560
14.5833 558
14.6 556
14.6167 554
14.6333 552
14.65 551
14.6667 549
14.6833 547
14.7 545
14.7167 543
14.7333 541
14.75 539
14.7667 537
14.7833 535
14.8 533
14.8167 531
14.8333 529
14.85 527
14.8667 525
14.8833 523
14.9 521
14.9167 519
14.9333 517
14.95 515
14.9667 513
14.9833 511
15.0 509
15.0167 507
15.0333 505
15.05 503
15.0667 501
15.0833 499
15.1 496
15.1167 494
15.1333 492
15.15 490
15.1667 487
15.1833 485
15.2 483
15.2167 480
15.2333 478
15.25 476
15.2667 473
15.2833 471
15.3 469
15.3167 466
15.3333 464
15.35 462
15.3667 459
15.3833 457
15.4 454
15.4167 452
15.4333 449
15.45 447
15.4667 444
15.4833 442
15.5 439
15.5167 437
15.5333 434
15.55 432
15.5667 429
15.5833 427
15.6 424
15.6167 421
15.6333 419
15.65 416
15.6667 414
15.6833 411
15.7 408
15.7167 406
15.7333 403
15.75 401
15.7667 398
15.7833 395
15.8 392
15.8167 390
15.8333 387
15.85 384
15.8667 382
15.8833 379
15.9 376
15.9167 374
15.9333 371
15.95 368
15.9667 365
15.9833 363
