9.0 448
9.0167 451
9.0333 454
9.05 457
9.0667 459
9.0833 462
9.1 465
9.1167 468
9.1333 471
9.15 474
9.1667 477
9.1833 480
9.2 483
9.2167 486
9.2333 488
9.25 491
9.2667 494
9.2833 497
9.3 500
9.3167 503
9.3333 506
9.35 508
9.3667 511
9.3833 514
9.4 517
9.4167 520
9.4333 522
9.45 525
9.4667 528
9.4833 531
9.5 533
9.5167 536
9.5333 539
9.55 542
9.5667 544
9.5833 547
9.6 550
9.6167 553
9.6333 555
9.65 558
9.6667 561
9.6833 563
9.7 566
9.7167 568
9.7333 571
9.75 574
9.7667 576
9.7833 579
9.8 582
9.8167 584
9.8333 587
9.85 589
9.8667 592
9.8833 594
9.9 597
9.9167 599
9.9333 602
9.95 604
9.9667 607
9.9833 609
10.0 612
10.0167 614
10.0333 617
10.05 619
10.0667 622
10.0833 624
10.1 626
10.1167 629
10.1333 631
10.15 634
10.1667 636
10.1833 638
10.2 641
10.2167 643
10.2333 645
10.25 647
10.2667 650
10.2833 652
10.3 654
10.3167 657
10.3333 659
10.35 661
10.3667 663
10.3833 665
10.4 668
10.4167 670
10.4333 672
10.45 674
10.4667 676
10.4833 678
10.5 680
10.5167 682
10.5333 685
10.55 687
10.5667 689
10.5833 691
10.6 693
10.6167 695
10.6333 697
10.65 699
10.6667 701
10.6833 703
10.7 705
10.7167 706
10.7333 708
10.75 710
10.7667 712
10.7833 714
10.8 716
10.8167 718
10.8333 720
10.85 721
10.8667 723
10.8833 725
10.9 727
10.9167 728
10.9333 730
10.95 732
10.9667 734
10.9833 735
11.0 737
11.0167 739
11.0333 740
11.05 742
11.0667 744
11.0833 745
11.1 747
11.1167 748
11.1333 750
11.15 751
11.1667 753
11.1833 754
11.2 756
11.2167 757
11.2333 759
11.25 760
11.2667 762
11.2833 763
11.3 765
11.3167 766
11.3333 767
11.35 769
11.3667 770
11.3833 771
11.4 773
11.4167 774
11.4333 775
11.45 777
11.4667 778
11.4833 779
11.5 780
11.5167 782
11.5333 783
11.55 784
11.5667 785
11.5833 786
11.6 787
11.6167 788
11.6333 789
11.65 791
11.6667 792
11.6833 793
11.7 794
11.7167 795
11.7333 796
11.75 797
11.7667 798
11.7833 798
11.8 799
11.8167 800
11.8333 801
11.85 802
11.8667 803
11.8833 804
11.9 805
11.9167 805
11.9333 806
11.95 807
11.9667 808
11.9833 808
12.0 809
12.0167 810
12.0333 811
12.05 811
12.0667 812
12.0833 812
12.1 813
12.1167 814
12.1333 814
12.15 815
12.1667 815
12.1833 816
12.2 816
12.2167 817
12.2333 817
12.25 818
12.2667 818
12.2833 819
12.3 819
12.3167 820
12.3333 820
12.35 820
12.3667 821
12.3833 821
12.4 821
12.4167 822
12.4333 822
12.45 822
12.4667 822
12.4833 823
12.5 823
12.5167 823
12.5333 823
12.55 823
12.5667 823
12.5833 824
12.6 824
12.6167 824
12.6333 824
12.65 824
12.6667 824
12.6833 824
12.7 824
12.7167 824
12.7333 824
12.75 824
12.7667 824
12.7833 824
12.8 824
12.8167 823
12.8333 823
12.85 823
12.8667 823
12.8833 823
12.9 823
12.9167 822
12.9333 822
12.95 822
12.9667 822
12.9833 821
13.0 821
13.0167 821
13.0333 820
13.05 820
13.0667 820
13.0833 819
13.1 819
13.1167 818
13.1333 818
13.15 817
13.1667 817
13.1833 816
13.2 816
13.2167 815
13.2333 815
13.25 814
13.2667 814
13.2833 813
13.3 812
13.3167 812
13.3333 811
13.35 810
13.3667 810
13.3833 809
13.4 808
13.4167 808
13.4333 807
13.45 806
13.4667 805
13.4833 805
13.5 804
13.5167 803
13.5333 802
13.55 801
13.5667 800
13.5833 799
13.6 798
13.6167 797
13.6333 797
13.65 796
13.6667 795
13.6833 794
13.7 793
13.7167 792
13.7333 790
13.75 789
13.7667 788
13.7833 787
13.8 786
13.8167 785
13.8333 784
13.85 783
13.8667 781
13.8833 780
13.9 779
13.9167 778
13.9333 777
13.95 775
13.9667 774
13.9833 773
14.0 771
14.0167 770
14.0333 769
14.05 767
14.0667 766
14.0833 765
14.1 763
14.1167 762
14.1333 760
14.15 759
14.1667 757
14.1833 756
14.2 754
14.2167 753
14.2333 751
14.25 750
14.2667 748
14.2833 747
14.3 745
14.3167 744
14.3333 742
14.35 740
14.3667 739
14.3833 737
14.4 735
14.4167 734
14.4333 732
14.45 730
14.4667 728
14.4833 727
14.5 725
14.5167 723
14.5333 721
14.55 719
14.5667 718
14.5833 716
14.6 714
14.6167 712
14.6333 710
14.65 708
14.6667 706
14.6833 704
14.7 703
14.7167 701
14.7333 699
14.75 697
14.7667 695
14.7833 693
14.8 691
14.8167 689
14.8333 686
14.85 684
14.8667 682
14.8833 680
14.9 678
14.9167 676
14.9333 674
14.95 672
14.9667 670
14.9833 667
15.0 665
15.0167 663
15.0333 661
15.05 659
15.0667 657
15.0833 654
15.1 652
15.1167 650
15.1333 647
15.15 645
15.1667 643
15.1833 641
15.2 638
15.2167 636
15.2333 634
15.25 631
15.2667 629
15.2833 626
15.3 624
15.3167 622
15.3333 619
15.35 617
15.3667 614
15.3833 612
15.4 609
15.4167 607
15.4333 604
15.45 602
15.4667 599
15.4833 597
15.5 594
15.5167 592
15.5333 589
15.55 587
15.5667 584
15.5833 582
15.6 579
15.6167 576
15.6333 574
15.65 571
15.6667 569
15.6833 566
15.7 563
15.7167 561
15.7333 558
15.75 555
15.7667 553
15.7833 550
15.8 547
15.8167 544
15.8333 542
15.85 539
15.8667 536
15.8833 534
15.9 531
15.9167 528
15.9333 525
15.95 522
15.9667 520
15.9833 517
