9.0 386
9.0167 389
9.0333 392
9.05 396
9.0667 399
9.0833 402
9.1 406
9.1167 409
9.1333 412
9.15 415
9.1667 419
9.1833 422
9.2 425
9.2167 428
9.2333 431
9.25 435
9.2667 438
9.2833 441
9.3 444
9.3167 447
9.3333 451
9.35 454
9.3667 457
9.3833 460
9.4 463
9.4167 466
9.4333 469
9.45 472
9.4667 475
9.4833 478
9.5 481
9.5167 485
9.5333 488
9.55 491
9.5667 494
9.5833 497
9.6 500
9.6167 503
9.6333 505
9.65 508
9.6667 511
9.6833 514
9.7 517
9.7167 520
9.7333 523
9.75 526
9.7667 529
9.7833 532
9.8 534
9.8167 537
9.8333 540
9.85 543
9.8667 546
9.8833 548
9.9 551
9.9167 554
9.9333 557
9.95 559
9.9667 562
9.9833 565
10.0 567
10.0167 570
10.0333 573
10.05 575
10.0667 578
10.0833 580
10.1 583
10.1167 586
10.1333 588
10.15 591
10.1667 593
10.1833 596
10.2 598
10.2167 601
10.2333 603
10.25 606
10.2667 608
10.2833 610
10.3 613
10.3167 615
10.3333 618
10.35 620
10.3667 622
10.3833 625
10.4 627
10.4167 629
10.4333 632
10.45 634
10.4667 636
10.4833 638
10.5 640
10.5167 643
10.5333 645
10.55 647
10.5667 649
10.5833 651
10.6 653
10.6167 655
10.6333 658
10.65 660
10.6667 662
10.6833 664
10.7 666
10.7167 668
10.7333 670
10.75 672
10.7667 674
10.7833 675
10.8 677
10.8167 679
10.8333 681
10.85 683
10.8667 685
10.8833 687
10.9 688
10.9167 690
10.9333 692
10.95 694
10.9667 695
10.9833 697
11.0 699
11.0167 701
11.0333 702
11.05 704
11.0667 705
11.0833 707
11.1 709
11.1167 710
11.1333 712
11.15 713
11.1667 715
11.1833 716
11.2 718
11.2167 719
11.2333 721
11.25 722
11.2667 723
11.2833 725
11.3 726
11.3167 727
11.3333 729
11.35 730
11.3667 731
11.3833 733
11.4 734
11.4167 735
11.4333 736
11.45 737
11.4667 739
11.4833 740
11.5 741
11.5167 742
11.5333 743
11.55 744
11.5667 745
11.5833 746
11.6 747
11.6167 748
11.6333 749
11.65 750
11.6667 751
11.6833 752
11.7 753
11.7167 754
11.7333 755
11.75 755
11.7667 756
11.7833 757
11.8 758
11.8167 759
11.8333 759
11.85 760
11.8667 761
11.8833 761
11.9 762
11.9167 763
11.9333 763
11.95 764
11.9667 765
11.9833 765
12.0 766
12.0167 766
12.0333 767
12.05 767
12.0667 768
12.0833 768
12.1 768
12.1167 769
12.1333 769
12.15 770
12.1667 770
12.1833 770
12.2 771
12.2167 771
12.2333 771
12.25 771
12.2667 772
12.2833 772
12.3 772
12.3167 772
12.3333 772
12.35 772
12.3667 772
12.3833 773
12.4 773
12.4167 773
12.4333 773
12.45 773
12.4667 773
12.4833 773
12.5 773
12.5167 772
12.5333 772
12.55 772
12.5667 772
12.5833 772
12.6 772
12.6167 772
12.6333 771
12.65 771
12.6667 771
12.6833 771
12.7 770
12.7167 770
12.7333 770
12.75 769
12.7667 769
12.7833 768
12.8 768
12.8167 768
12.8333 767
12.85 767
12.8667 766
12.8833 766
12.9 765
12.9167 765
12.9333 764
12.95 763
12.9667 763
12.9833 762
13.0 761
13.0167 761
13.0333 760
13.05 759
13.0667 759
13.0833 758
13.1 757
13.1167 756
13.1333 755
13.15 755
13.1667 754
13.1833 753
13.2 752
13.2167 751
13.2333 750
13.25 749
13.2667 748
13.2833 747
13.3 746
13.3167 745
13.3333 744
13.35 743
13.3667 742
13.3833 741
13.4 740
13.4167 739
13.4333 737
13.45 736
13.4667 735
13.4833 734
13.5 733
13.5167 731
13.5333 730
13.55 729
13.5667 727
13.5833 726
13.6 725
13.6167 723
13.6333 722
13.65 720
13.6667 719
13.6833 718
13.7 716
13.7167 715
13.7333 713
13.75 712
13.7667 710
13.7833 708
13.8 707
13.8167 705
13.8333 704
13.85 702
13.8667 700
13.8833 699
13.9 697
13.9167 695
13.9333 694
13.95 692
13.9667 690
13.9833 688
14.0 687
14.0167 685
14.0333 683
14.05 681
14.0667 679
14.0833 677
14.1 675
14.1167 673
14.1333 671
14.15 670
14.1667 668
14.1833 666
14.2 664
14.2167 662
14.2333 659
14.25 657
14.2667 655
14.2833 653
14.3 651
14.3167 649
14.3333 647
14.35 645
14.3667 643
14.3833 640
14.4 638
14.4167 636
14.4333 634
14.45 631
14.4667 629
14.4833 627
14.5 625
14.5167 622
14.5333 620
14.55 617
14.5667 615
14.5833 613
14.6 610
14.6167 608
14.6333 605
14.65 603
14.6667 601
14.6833 598
14.7 596
14.7167 593
14.7333 591
14.75 588
14.7667 585
14.7833 583
14.8 580
14.8167 578
14.8333 575
14.85 572
14.8667 570
14.8833 567
14.9 564
14.9167 562
14.9333 559
14.95 556
14.9667 554
14.9833 551
15.0 547
15.0167 544
15.0333 542
15.05 539
15.0667 536
15.0833 533
15.1 530
15.1167 527
15.1333 525
15.15 522
15.1667 519
15.1833 516
15.2 513
15.2167 510
15.2333 507
15.25 504
15.2667 501
15.2833 498
15.3 495
15.3167 492
15.3333 489
15.35 486
15.3667 483
15.3833 480
15.4 477
15.4167 474
15.4333 471
15.45 468
15.4667 465
15.4833 462
15.5 459
15.5167 456
15.5333 452
15.55 449
15.5667 446
15.5833 443
15.6 440
15.6167 437
15.6333 433
15.65 430
15.6667 427
15.6833 424
15.7 421
15.7167 417
15.7333 414
15.75 411
15.7667 408
15.7833 404
15.8 401
15.8167 398
15.8333 394
15.85 391
15.8667 388
15.8833 385
15.9 381
15.9167 378
15.9333 375
15.95 371
15.9667 368
15.9833 365
