0.5 2.0000000949949026
1.5 2.0000000949949026
2.5 2.0000000949949026
3.5 2.0000000949949026
4.5 2.0000000949949026
5.5 2.0000000949949026
6.5 0.0
7.5 41.999999433755875
8.5 101.99999809265137
9.5 307.0000112056732
10.5 419.99998688697815
11.5 773.0000019073486
12.5 773.0000019073486
13.5 852.9999852180481
14.5 768.0000066757202
15.5 588.9999866485596
16.5 217.99999475479126
17.5 143.99999380111694
18.5 18.99999938905239
19.5 2.0000000949949026
20.5 2.0000000949949026
21.5 2.0000000949949026
22.5 2.0000000949949026
23.5 2.0000000949949026
