9.0 487
9.0167 491
9.0333 494
9.05 497
9.0667 501
9.0833 504
9.1 507
9.1167 511
9.1333 514
9.15 517
9.1667 520
9.1833 524
9.2 527
9.2167 530
9.2333 534
9.25 537
9.2667 540
9.2833 543
9.3 547
9.3167 550
9.3333 553
9.35 556
9.3667 559
9.3833 563
9.4 566
9.4167 569
9.4333 572
9.45 575
9.4667 578
9.4833 581
9.5 585
9.5167 588
9.5333 591
9.55 594
9.5667 597
9.5833 600
9.6 603
9.6167 606
9.6333 609
9.65 612
9.6667 615
9.6833 618
9.7 621
9.7167 624
9.7333 627
9.75 630
9.7667 633
9.7833 636
9.8 639
9.8167 642
9.8333 645
9.85 648
9.8667 651
9.8833 654
9.9 656
9.9167 659
9.9333 662
9.95 665
9.9667 668
9.9833 671
10.0 673
10.0167 676
10.0333 679
10.05 682
10.0667 684
10.0833 687
10.1 690
10.1167 693
10.1333 695
10.15 698
10.1667 701
10.1833 703
10.2 706
10.2167 709
10.2333 711
10.25 714
10.2667 716
10.2833 719
10.3 721
10.3167 724
10.3333 726
10.35 729
10.3667 732
10.3833 734
10.4 736
10.4167 739
10.4333 741
10.45 744
10.4667 746
10.4833 749
10.5 751
10.5167 753
10.5333 756
10.55 758
10.5667 760
10.5833 763
10.6 765
10.6167 767
10.6333 770
10.65 772
10.6667 774
10.6833 776
10.7 779
10.7167 781
10.7333 783
10.75 785
10.7667 787
10.7833 789
10.8 792
10.8167 794
10.8333 796
10.85 798
10.8667 800
10.8833 802
10.9 804
10.9167 806
10.9333 808
10.95 810
10.9667 812
10.9833 814
11.0 816
11.0167 818
11.0333 820
11.05 821
11.0667 823
11.0833 825
11.1 827
11.1167 829
11.1333 831
11.15 832
11.1667 834
11.1833 836
11.2 838
11.2167 839
11.2333 841
11.25 843
11.2667 844
11.2833 846
11.3 848
11.3167 849
11.3333 851
11.35 853
11.3667 854
11.3833 856
11.4 857
11.4167 859
11.4333 860
11.45 862
11.4667 863
11.4833 865
11.5 866
11.5167 867
11.5333 869
11.55 870
11.5667 872
11.5833 873
11.6 874
11.6167 876
11.6333 877
11.65 878
11.6667 879
11.6833 881
11.7 882
11.7167 883
11.7333 884
11.75 885
11.7667 887
11.7833 888
11.8 889
11.8167 890
11.8333 891
11.85 892
11.8667 893
11.8833 894
11.9 895
11.9167 896
11.9333 897
11.95 898
11.9667 899
11.9833 900
12.0 901
12.0167 902
12.0333 903
12.05 903
12.0667 904
12.0833 905
12.1 906
12.1167 907
12.1333 907
12.15 908
12.1667 909
12.1833 909
12.2 910
12.2167 911
12.2333 911
12.25 912
12.2667 913
12.2833 913
12.3 914
12.3167 914
12.3333 915
12.35 915
12.3667 916
12.3833 916
12.4 917
12.4167 917
12.4333 918
12.45 918
12.4667 919
12.4833 919
12.5 919
12.5167 920
12.5333 920
12.55 920
12.5667 920
12.5833 921
12.6 921
12.6167 921
12.6333 921
12.65 922
12.6667 922
12.6833 922
12.7 922
12.7167 922
12.7333 922
12.75 922
12.7667 922
12.7833 922
12.8 922
12.8167 922
12.8333 922
12.85 922
12.8667 922
12.8833 922
12.9 922
12.9167 922
12.9333 922
12.95 921
12.9667 921
12.9833 921
13.0 921
13.0167 921
13.0333 920
13.05 920
13.0667 920
13.0833 920
13.1 919
13.1167 919
13.1333 918
13.15 918
13.1667 918
13.1833 917
13.2 917
13.2167 916
13.2333 916
13.25 915
13.2667 915
13.2833 914
13.3 914
13.3167 913
13.3333 913
13.35 912
13.3667 911
13.3833 911
13.4 910
13.4167 909
13.4333 909
13.45 908
13.4667 907
13.4833 907
13.5 906
13.5167 905
13.5333 904
13.55 903
13.5667 902
13.5833 902
13.6 901
13.6167 900
13.6333 899
13.65 898
13.6667 897
13.6833 896
13.7 895
13.7167 894
13.7333 893
13.75 892
13.7667 891
13.7833 890
13.8 889
13.8167 888
13.8333 886
13.85 885
13.8667 884
13.8833 883
13.9 882
13.9167 881
13.9333 879
13.95 878
13.9667 877
13.9833 875
14.0 874
14.0167 873
14.0333 871
14.05 870
14.0667 869
14.0833 867
14.1 866
14.1167 864
14.1333 863
14.15 862
14.1667 860
14.1833 859
14.2 857
14.2167 856
14.2333 854
14.25 852
14.2667 851
14.2833 849
14.3 848
14.3167 846
14.3333 844
14.35 843
14.3667 841
14.3833 839
14.4 837
14.4167 836
14.4333 834
14.45 832
14.4667 830
14.4833 829
14.5 827
14.5167 825
14.5333 823
14.55 821
14.5667 819
14.5833 817
14.6 816
14.6167 814
14.6333 812
14.65 810
14.6667 808
14.6833 806
14.7 804
14.7167 802
14.7333 800
14.75 798
14.7667 795
14.7833 793
14.8 791
14.8167 789
14.8333 787
14.85 785
14.8667 783
14.8833 781
14.9 778
14.9167 776
14.9333 774
14.95 772
14.9667 769
14.9833 767
15.0 765
15.0167 762
15.0333 760
15.05 758
15.0667 755
15.0833 753
15.1 751
15.1167 748
15.1333 746
15.15 743
15.1667 741
15.1833 738
15.2 736
15.2167 734
15.2333 731
15.25 729
15.2667 726
15.2833 723
15.3 721
15.3167 718
15.3333 716
15.35 713
15.3667 711
15.3833 708
15.4 705
15.4167 703
15.4333 700
15.45 697
15.4667 695
15.4833 692
15.5 689
15.5167 687
15.5333 684
15.55 681
15.5667 678
15.5833 676
15.6 673
15.6167 670
15.6333 667
15.65 664
15.6667 662
15.6833 659
15.7 656
15.7167 653
15.7333 650
15.75 647
15.7667 644
15.7833 641
15.8 638
15.8167 636
15.8333 633
15.85 630
15.8667 627
15.8833 624
15.9 621
15.9167 618
15.9333 615
15.95 612
15.9667 609
15.9833 606
