9.0 529
9.0167 532
9.0333 536
9.05 539
9.0667 543
9.0833 546
9.1 549
9.1167 553
9.1333 556
9.15 559
9.1667 562
9.1833 566
9.2 569
9.2167 572
9.2333 576
9.25 579
9.2667 582
9.2833 585
9.3 589
9.3167 592
9.3333 595
9.35 598
9.3667 601
9.3833 605
9.4 608
9.4167 611
9.4333 614
9.45 617
9.4667 620
9.4833 624
9.5 627
9.5167 630
9.5333 633
9.55 636
9.5667 639
9.5833 642
9.6 645
9.6167 648
9.6333 651
9.65 654
9.6667 657
9.6833 660
9.7 663
9.7167 666
9.7333 669
9.75 672
9.7667 675
9.7833 678
9.8 681
9.8167 684
9.8333 687
9.85 690
9.8667 692
9.8833 695
9.9 698
9.9167 701
9.9333 704
9.95 707
9.9667 709
9.9833 712
10.0 715
10.0167 718
10.0333 721
10.05 723
10.0667 726
10.0833 729
10.1 731
10.1167 734
10.1333 737
10.15 739
10.1667 742
10.1833 745
10.2 747
10.2167 750
10.2333 753
10.25 755
10.2667 758
10.2833 760
10.3 763
10.3167 765
10.3333 768
10.35 770
10.3667 773
10.3833 775
10.4 778
10.4167 780
10.4333 783
10.45 785
10.4667 787
10.4833 790
10.5 792
10.5167 794
10.5333 797
10.55 799
10.5667 801
10.5833 804
10.6 806
10.6167 808
10.6333 810
10.65 813
10.6667 815
10.6833 817
10.7 819
10.7167 822
10.7333 824
10.75 826
10.7667 828
10.7833 830
10.8 832
10.8167 834
10.8333 836
10.85 838
10.8667 840
10.8833 842
10.9 844
10.9167 846
10.9333 848
10.95 850
10.9667 852
10.9833 854
11.0 856
11.0167 858
11.0333 860
11.05 862
11.0667 864
11.0833 865
11.1 867
11.1167 869
11.1333 871
11.15 873
11.1667 874
11.1833 876
11.2 878
11.2167 879
11.2333 881
11.25 883
11.2667 884
11.2833 886
11.3 888
11.3167 889
11.3333 891
11.35 892
11.3667 894
11.3833 895
11.4 897
11.4167 898
11.4333 900
11.45 901
11.4667 903
11.4833 904
11.5 906
11.5167 907
11.5333 908
11.55 910
11.5667 911
11.5833 912
11.6 914
11.6167 915
11.6333 916
11.65 918
11.6667 919
11.6833 920
11.7 921
11.7167 922
11.7333 924
11.75 925
11.7667 926
11.7833 927
11.8 928
11.8167 929
11.8333 930
11.85 931
11.8667 932
11.8833 933
11.9 934
11.9167 935
11.9333 936
11.95 937
11.9667 938
11.9833 939
12.0 940
12.0167 941
12.0333 941
12.05 942
12.0667 943
12.0833 944
12.1 945
12.1167 945
12.1333 946
12.15 947
12.1667 948
12.1833 948
12.2 949
12.2167 950
12.2333 950
12.25 951
12.2667 951
12.2833 952
12.3 953
12.3167 953
12.3333 954
12.35 954
12.3667 955
12.3833 955
12.4 955
12.4167 956
12.4333 956
12.45 957
12.4667 957
12.4833 957
12.5 958
12.5167 958
12.5333 958
12.55 959
12.5667 959
12.5833 959
12.6 959
12.6167 960
12.6333 960
12.65 960
12.6667 960
12.6833 960
12.7 960
12.7167 960
12.7333 960
12.75 960
12.7667 961
12.7833 961
12.8 961
12.8167 961
12.8333 960
12.85 960
12.8667 960
12.8833 960
12.9 960
12.9167 960
12.9333 960
12.95 960
12.9667 959
12.9833 959
13.0 959
13.0167 959
13.0333 959
13.05 958
13.0667 958
13.0833 958
13.1 957
13.1167 957
13.1333 957
13.15 956
13.1667 956
13.1833 955
13.2 955
13.2167 954
13.2333 954
13.25 953
13.2667 953
13.2833 952
13.3 952
13.3167 951
13.3333 951
13.35 950
13.3667 949
13.3833 949
13.4 948
13.4167 947
13.4333 947
13.45 946
13.4667 945
13.4833 944
13.5 944
13.5167 943
13.5333 942
13.55 941
13.5667 940
13.5833 939
13.6 939
13.6167 938
13.6333 937
13.65 936
13.6667 935
13.6833 934
13.7 933
13.7167 932
13.7333 931
13.75 930
13.7667 929
13.7833 928
13.8 927
13.8167 925
13.8333 924
13.85 923
13.8667 922
13.8833 921
13.9 920
13.9167 918
13.9333 917
13.95 916
13.9667 915
13.9833 913
14.0 912
14.0167 911
14.0333 909
14.05 908
14.0667 907
14.0833 905
14.1 904
14.1167 902
14.1333 901
14.15 899
14.1667 898
14.1833 896
14.2 895
14.2167 893
14.2333 892
14.25 890
14.2667 889
14.2833 887
14.3 885
14.3167 884
14.3333 882
14.35 881
14.3667 879
14.3833 877
14.4 875
14.4167 874
14.4333 872
14.45 870
14.4667 868
14.4833 867
14.5 865
14.5167 863
14.5333 861
14.55 859
14.5667 857
14.5833 855
14.6 854
14.6167 852
14.6333 850
14.65 848
14.6667 846
14.6833 844
14.7 842
14.7167 840
14.7333 838
14.75 836
14.7667 834
14.7833 831
14.8 829
14.8167 827
14.8333 825
14.85 823
14.8667 821
14.8833 819
14.9 816
14.9167 814
14.9333 812
14.95 810
14.9667 807
14.9833 805
15.0 803
15.0167 801
15.0333 798
15.05 796
15.0667 794
15.0833 791
15.1 789
15.1167 786
15.1333 784
15.15 782
15.1667 779
15.1833 777
15.2 774
15.2167 772
15.2333 769
15.25 767
15.2667 764
15.2833 762
15.3 759
15.3167 757
15.3333 754
15.35 752
15.3667 749
15.3833 746
15.4 744
15.4167 741
15.4333 738
15.45 736
15.4667 733
15.4833 730
15.5 728
15.5167 725
15.5333 722
15.55 720
15.5667 717
15.5833 714
15.6 711
15.6167 708
15.6333 706
15.65 703
15.6667 700
15.6833 697
15.7 694
15.7167 691
15.7333 689
15.75 686
15.7667 683
15.7833 680
15.8 677
15.8167 674
15.8333 671
15.85 668
15.8667 665
15.8833 662
15.9 659
15.9167 656
15.9333 653
15.95 650
15.9667 647
15.9833 644
