9.0 216
9.0167 219
9.0333 223
9.05 226
9.0667 229
9.0833 232
9.1 235
9.1167 238
9.1333 241
9.15 245
9.1667 248
9.1833 251
9.2 254
9.2167 257
9.2333 260
9.25 263
9.2667 266
9.2833 269
9.3 273
9.3167 276
9.3333 279
9.35 282
9.3667 285
9.3833 288
9.4 291
9.4167 294
9.4333 297
9.45 300
9.4667 303
9.4833 307
9.5 310
9.5167 313
9.5333 316
9.55 319
9.5667 322
9.5833 325
9.6 328
9.6167 331
9.6333 334
9.65 337
9.6667 340
9.6833 343
9.7 346
9.7167 349
9.7333 352
9.75 355
9.7667 358
9.7833 360
9.8 363
9.8167 366
9.8333 369
9.85 372
9.8667 375
9.8833 378
9.9 381
9.9167 384
9.9333 386
9.95 389
9.9667 392
9.9833 395
10.0 398
10.0167 400
10.0333 403
10.05 406
10.0667 409
10.0833 412
10.1 414
10.1167 417
10.1333 420
10.15 422
10.1667 425
10.1833 428
10.2 430
10.2167 433
10.2333 436
10.25 438
10.2667 441
10.2833 444
10.3 446
10.3167 449
10.3333 451
10.35 454
10.3667 456
10.3833 459
10.4 461
10.4167 464
10.4333 466
10.45 469
10.4667 471
10.4833 474
10.5 476
10.5167 479
10.5333 481
10.55 483
10.5667 486
10.5833 488
10.6 491
10.6167 493
10.6333 495
10.65 498
10.6667 500
10.6833 502
10.7 504
10.7167 507
10.7333 509
10.75 511
10.7667 513
10.7833 515
10.8 518
10.8167 520
10.8333 522
10.85 524
10.8667 526
10.8833 528
10.9 530
10.9167 532
10.9333 534
10.95 536
10.9667 539
10.9833 541
11.0 543
11.0167 544
11.0333 546
11.05 548
11.0667 550
11.0833 552
11.1 554
11.1167 556
11.1333 558
11.15 560
11.1667 561
11.1833 563
11.2 565
11.2167 567
11.2333 569
11.25 570
11.2667 572
11.2833 574
11.3 575
11.3167 577
11.3333 579
11.35 580
11.3667 582
11.3833 584
11.4 585
11.4167 587
11.4333 588
11.45 590
11.4667 591
11.4833 593
11.5 594
11.5167 596
11.5333 597
11.55 599
11.5667 600
11.5833 601
11.6 603
11.6167 604
11.6333 606
11.65 607
11.6667 608
11.6833 609
11.7 611
11.7167 612
11.7333 613
11.75 614
11.7667 616
11.7833 617
11.8 618
11.8167 619
11.8333 620
11.85 621
11.8667 622
11.8833 623
11.9 624
11.9167 626
11.9333 627
11.95 628
11.9667 629
11.9833 629
12.0 630
12.0167 631
12.0333 632
12.05 633
12.0667 634
12.0833 635
12.1 636
12.1167 636
12.1333 637
12.15 638
12.1667 639
12.1833 639
12.2 640
12.2167 641
12.2333 642
12.25 642
12.2667 643
12.2833 643
12.3 644
12.3167 645
12.3333 645
12.35 646
12.3667 646
12.3833 647
12.4 647
12.4167 648
12.4333 648
12.45 649
12.4667 649
12.4833 649
12.5 650
12.5167 650
12.5333 650
12.55 651
12.5667 651
12.5833 651
12.6 652
12.6167 652
12.6333 652
12.65 652
12.6667 652
12.6833 653
12.7 653
12.7167 653
12.7333 653
12.75 653
12.7667 653
12.7833 653
12.8 653
12.8167 653
12.8333 653
12.85 653
12.8667 653
12.8833 653
12.9 653
12.9167 653
12.9333 653
12.95 653
12.9667 652
12.9833 652
13.0 652
13.0167 652
13.0333 651
13.05 651
13.0667 651
13.0833 651
13.1 650
13.1167 650
13.1333 650
13.15 649
13.1667 649
13.1833 648
13.2 648
13.2167 648
13.2333 647
13.25 647
13.2667 646
13.2833 646
13.3 645
13.3167 644
13.3333 644
13.35 643
13.3667 643
13.3833 642
13.4 641
13.4167 641
13.4333 640
13.45 639
13.4667 638
13.4833 638
13.5 637
13.5167 636
13.5333 635
13.55 634
13.5667 634
13.5833 633
13.6 632
13.6167 631
13.6333 630
13.65 629
13.6667 628
13.6833 627
13.7 626
13.7167 625
13.7333 624
13.75 623
13.7667 622
13.7833 621
13.8 620
13.8167 619
13.8333 617
13.85 616
13.8667 615
13.8833 614
13.9 613
13.9167 611
13.9333 610
13.95 609
13.9667 608
13.9833 606
14.0 605
14.0167 604
14.0333 602
14.05 601
14.0667 600
14.0833 598
14.1 597
14.1167 595
14.1333 594
14.15 592
14.1667 591
14.1833 589
14.2 588
14.2167 586
14.2333 585
14.25 583
14.2667 581
14.2833 580
14.3 578
14.3167 576
14.3333 575
14.35 573
14.3667 571
14.3833 570
14.4 568
14.4167 566
14.4333 564
14.45 563
14.4667 561
14.4833 559
14.5 557
14.5167 555
14.5333 553
14.55 551
14.5667 550
14.5833 548
14.6 546
14.6167 544
14.6333 542
14.65 540
14.6667 538
14.6833 536
14.7 534
14.7167 532
14.7333 530
14.75 527
14.7667 525
14.7833 523
14.8 521
14.8167 519
14.8333 517
14.85 515
14.8667 512
14.8833 510
14.9 508
14.9167 506
14.9333 503
14.95 501
14.9667 499
14.9833 497
15.0 495
15.0167 493
15.0333 490
15.05 488
15.0667 486
15.0833 483
15.1 481
15.1167 479
15.1333 476
15.15 474
15.1667 471
15.1833 469
15.2 466
15.2167 464
15.2333 461
15.25 459
15.2667 456
15.2833 454
15.3 451
15.3167 449
15.3333 446
15.35 443
15.3667 441
15.3833 438
15.4 435
15.4167 433
15.4333 430
15.45 427
15.4667 425
15.4833 422
15.5 419
15.5167 417
15.5333 414
15.55 411
15.5667 408
15.5833 406
15.6 403
15.6167 400
15.6333 397
15.65 395
15.6667 392
15.6833 389
15.7 386
15.7167 383
15.7333 380
15.75 377
15.7667 375
15.7833 372
15.8 369
15.8167 366
15.8333 363
15.85 360
15.8667 357
15.8833 354
15.9 351
15.9167 348
15.9333 345
15.95 342
15.9667 339
15.9833 336
