9.0 306
9.0167 311
9.0333 315
9.05 318
9.0667 322
9.0833 326
9.1 329
9.1167 333
9.1333 337
9.15 340
9.1667 344
9.1833 348
9.2 351
9.2167 355
9.2333 359
9.25 362
9.2667 366
9.2833 370
9.3 373
9.3167 377
9.3333 380
9.35 384
9.3667 388
9.3833 391
9.4 395
9.4167 398
9.4333 402
9.45 405
9.4667 409
9.4833 412
9.5 416
9.5167 419
9.5333 423
9.55 426
9.5667 430
9.5833 433
9.6 437
9.6167 440
9.6333 444
9.65 447
9.6667 450
9.6833 454
9.7 457
9.7167 461
9.7333 464
9.75 467
9.7667 471
9.7833 474
9.8 477
9.8167 481
9.8333 484
9.85 487
9.8667 490
9.8833 494
9.9 497
9.9167 500
9.9333 503
9.95 507
9.9667 510
9.9833 513
10.0 516
10.0167 519
10.0333 523
10.05 526
10.0667 529
10.0833 532
10.1 535
10.1167 538
10.1333 541
10.15 544
10.1667 547
10.1833 550
10.2 553
10.2167 556
10.2333 559
10.25 562
10.2667 565
10.2833 568
10.3 571
10.3167 574
10.3333 577
10.35 580
10.3667 583
10.3833 585
10.4 588
10.4167 591
10.4333 594
10.45 597
10.4667 600
10.4833 602
10.5 605
10.5167 608
10.5333 611
10.55 613
10.5667 616
10.5833 619
10.6 621
10.6167 624
10.6333 627
10.65 629
10.6667 632
10.6833 634
10.7 637
10.7167 639
10.7333 642
10.75 644
10.7667 647
10.7833 649
10.8 652
10.8167 654
10.8333 657
10.85 659
10.8667 662
10.8833 664
10.9 666
10.9167 669
10.9333 671
10.95 673
10.9667 676
10.9833 678
11.0 680
11.0167 682
11.0333 685
11.05 687
11.0667 689
11.0833 691
11.1 693
11.1167 695
11.1333 698
11.15 700
11.1667 702
11.1833 704
11.2 706
11.2167 708
11.2333 710
11.25 712
11.2667 714
11.2833 716
11.3 718
11.3167 720
11.3333 722
11.35 723
11.3667 725
11.3833 727
11.4 729
11.4167 731
11.4333 733
11.45 734
11.4667 736
11.4833 738
11.5 740
11.5167 741
11.5333 743
11.55 745
11.5667 746
11.5833 748
11.6 750
11.6167 751
11.6333 753
11.65 754
11.6667 756
11.6833 757
11.7 759
11.7167 760
11.7333 762
11.75 763
11.7667 765
11.7833 766
11.8 767
11.8167 769
11.8333 770
11.85 771
11.8667 773
11.8833 774
11.9 775
11.9167 776
11.9333 778
11.95 779
11.9667 780
11.9833 781
12.0 782
12.0167 783
12.0333 784
12.05 786
12.0667 787
12.0833 788
12.1 789
12.1167 790
12.1333 791
12.15 792
12.1667 793
12.1833 793
12.2 794
12.2167 795
12.2333 796
12.25 797
12.2667 798
12.2833 799
12.3 799
12.3167 800
12.3333 801
12.35 802
12.3667 802
12.3833 803
12.4 804
12.4167 804
12.4333 805
12.45 805
12.4667 806
12.4833 807
12.5 807
12.5167 808
12.5333 808
12.55 809
12.5667 809
12.5833 809
12.6 810
12.6167 810
12.6333 811
12.65 811
12.6667 811
12.6833 812
12.7 812
12.7167 812
12.7333 812
12.75 813
12.7667 813
12.7833 813
12.8 813
12.8167 813
12.8333 813
12.85 814
12.8667 814
12.8833 814
12.9 814
12.9167 814
12.9333 814
12.95 814
12.9667 814
12.9833 814
13.0 814
13.0167 813
13.0333 813
13.05 813
13.0667 813
13.0833 813
13.1 813
13.1167 812
13.1333 812
13.15 812
13.1667 812
13.1833 811
13.2 811
13.2167 811
13.2333 810
13.25 810
13.2667 810
13.2833 809
13.3 809
13.3167 808
13.3333 808
13.35 807
13.3667 807
13.3833 806
13.4 806
13.4167 805
13.4333 804
13.45 804
13.4667 803
13.4833 802
13.5 802
13.5167 801
13.5333 800
13.55 800
13.5667 799
13.5833 798
13.6 797
13.6167 796
13.6333 795
13.65 795
13.6667 794
13.6833 793
13.7 792
13.7167 791
13.7333 790
13.75 789
13.7667 788
13.7833 787
13.8 786
13.8167 785
13.8333 784
13.85 783
13.8667 781
13.8833 780
13.9 779
13.9167 778
13.9333 777
13.95 775
13.9667 774
13.9833 773
14.0 772
14.0167 770
14.0333 769
14.05 768
14.0667 766
14.0833 765
14.1 764
14.1167 762
14.1333 761
14.15 759
14.1667 758
14.1833 756
14.2 755
14.2167 753
14.2333 752
14.25 750
14.2667 748
14.2833 747
14.3 745
14.3167 744
14.3333 742
14.35 740
14.3667 738
14.3833 737
14.4 735
14.4167 733
14.4333 731
14.45 730
14.4667 728
14.4833 726
14.5 724
14.5167 722
14.5333 720
14.55 718
14.5667 716
14.5833 715
14.6 713
14.6167 711
14.6333 709
14.65 707
14.6667 704
14.6833 702
14.7 700
14.7167 698
14.7333 696
14.75 694
14.7667 692
14.7833 690
14.8 687
14.8167 685
14.8333 683
14.85 681
14.8667 679
14.8833 676
14.9 674
14.9167 672
14.9333 669
14.95 667
14.9667 665
14.9833 662
15.0 661
15.0167 659
15.0333 656
15.05 654
15.0667 651
15.0833 649
15.1 646
15.1167 644
15.1333 641
15.15 639
15.1667 636
15.1833 634
15.2 631
15.2167 628
15.2333 626
15.25 623
15.2667 620
15.2833 618
15.3 615
15.3167 612
15.3333 610
15.35 607
15.3667 604
15.3833 601
15.4 599
15.4167 596
15.4333 593
15.45 590
15.4667 587
15.4833 585
15.5 582
15.5167 579
15.5333 576
15.55 573
15.5667 570
15.5833 567
15.6 564
15.6167 561
15.6333 558
15.65 555
15.6667 552
15.6833 549
15.7 546
15.7167 543
15.7333 540
15.75 537
15.7667 534
15.7833 531
15.8 528
15.8167 524
15.8333 521
15.85 518
15.8667 515
15.8833 512
15.9 509
15.9167 505
15.9333 502
15.95 499
15.9667 496
15.9833 492
