9.0 343
9.0167 347
9.0333 351
9.05 355
9.0667 358
9.0833 362
9.1 365
9.1167 369
9.1333 373
9.15 376
9.1667 380
9.1833 383
9.2 387
9.2167 391
9.2333 394
9.25 398
9.2667 401
9.2833 405
9.3 409
9.3167 412
9.3333 416
9.35 419
9.3667 423
9.3833 426
9.4 430
9.4167 433
9.4333 437
9.45 440
9.4667 444
9.4833 447
9.5 451
9.5167 454
9.5333 458
9.55 461
9.5667 464
9.5833 468
9.6 471
9.6167 475
9.6333 478
9.65 481
9.6667 485
9.6833 488
9.7 491
9.7167 495
9.7333 498
9.75 501
9.7667 505
9.7833 508
9.8 511
9.8167 515
9.8333 518
9.85 521
9.8667 524
9.8833 528
9.9 531
9.9167 534
9.9333 537
9.95 540
9.9667 544
9.9833 547
10.0 550
10.0167 553
10.0333 556
10.05 559
10.0667 562
10.0833 565
10.1 568
10.1167 571
10.1333 574
10.15 577
10.1667 580
10.1833 583
10.2 586
10.2167 589
10.2333 592
10.25 595
10.2667 598
10.2833 601
10.3 604
10.3167 607
10.3333 610
10.35 613
10.3667 615
10.3833 618
10.4 621
10.4167 624
10.4333 627
10.45 629
10.4667 632
10.4833 635
10.5 638
10.5167 640
10.5333 643
10.55 646
10.5667 648
10.5833 651
10.6 654
10.6167 656
10.6333 659
10.65 661
10.6667 664
10.6833 666
10.7 669
10.7167 671
10.7333 674
10.75 676
10.7667 679
10.7833 681
10.8 684
10.8167 686
10.8333 688
10.85 691
10.8667 693
10.8833 696
10.9 698
10.9167 700
10.9333 703
10.95 705
10.9667 707
10.9833 709
11.0 711
11.0167 714
11.0333 716
11.05 718
11.0667 720
11.0833 722
11.1 724
11.1167 727
11.1333 729
11.15 731
11.1667 733
11.1833 735
11.2 737
11.2167 739
11.2333 741
11.25 743
11.2667 745
11.2833 747
11.3 748
11.3167 750
11.3333 752
11.35 754
11.3667 756
11.3833 758
11.4 759
11.4167 761
11.4333 763
11.45 765
11.4667 766
11.4833 768
11.5 770
11.5167 771
11.5333 773
11.55 775
11.5667 776
11.5833 778
11.6 779
11.6167 781
11.6333 783
11.65 784
11.6667 786
11.6833 787
11.7 788
11.7167 790
11.7333 791
11.75 793
11.7667 794
11.7833 795
11.8 797
11.8167 798
11.8333 799
11.85 801
11.8667 802
11.8833 803
11.9 804
11.9167 806
11.9333 807
11.95 808
11.9667 809
11.9833 810
12.0 811
12.0167 812
12.0333 813
12.05 814
12.0667 815
12.0833 816
12.1 817
12.1167 818
12.1333 819
12.15 820
12.1667 821
12.1833 822
12.2 823
12.2167 824
12.2333 824
12.25 825
12.2667 826
12.2833 827
12.3 827
12.3167 828
12.3333 829
12.35 830
12.3667 830
12.3833 831
12.4 831
12.4167 832
12.4333 833
12.45 833
12.4667 834
12.4833 834
12.5 835
12.5167 835
12.5333 836
12.55 836
12.5667 836
12.5833 837
12.6 837
12.6167 837
12.6333 838
12.65 838
12.6667 838
12.6833 839
12.7 839
12.7167 839
12.7333 839
12.75 839
12.7667 840
12.7833 840
12.8 840
12.8167 840
12.8333 840
12.85 840
12.8667 840
12.8833 840
12.9 840
12.9167 840
12.9333 840
12.95 840
12.9667 840
12.9833 840
13.0 840
13.0167 840
13.0333 839
13.05 839
13.0667 839
13.0833 839
13.1 838
13.1167 838
13.1333 838
13.15 838
13.1667 837
13.1833 837
13.2 837
13.2167 836
13.2333 836
13.25 835
13.2667 835
13.2833 834
13.3 834
13.3167 833
13.3333 833
13.35 832
13.3667 832
13.3833 831
13.4 830
13.4167 830
13.4333 829
13.45 828
13.4667 828
13.4833 827
13.5 826
13.5167 825
13.5333 825
13.55 824
13.5667 823
13.5833 822
13.6 821
13.6167 820
13.6333 820
13.65 819
13.6667 818
13.6833 817
13.7 816
13.7167 815
13.7333 814
13.75 813
13.7667 812
13.7833 810
13.8 809
13.8167 808
13.8333 807
13.85 806
13.8667 805
13.8833 804
13.9 802
13.9167 801
13.9333 800
13.95 799
13.9667 797
13.9833 796
14.0 795
14.0167 793
14.0333 792
14.05 790
14.0667 789
14.0833 788
14.1 786
14.1167 785
14.1333 783
14.15 782
14.1667 780
14.1833 778
14.2 777
14.2167 775
14.2333 774
14.25 772
14.2667 770
14.2833 769
14.3 767
14.3167 765
14.3333 764
14.35 762
14.3667 760
14.3833 758
14.4 757
14.4167 755
14.4333 753
14.45 751
14.4667 749
14.4833 747
14.5 745
14.5167 743
14.5333 741
14.55 739
14.5667 737
14.5833 735
14.6 733
14.6167 731
14.6333 729
14.65 727
14.6667 725
14.6833 723
14.7 721
14.7167 719
14.7333 717
14.75 714
14.7667 712
14.7833 710
14.8 708
14.8167 706
14.8333 703
14.85 701
14.8667 699
14.8833 696
14.9 694
14.9167 692
14.9333 689
14.95 687
14.9667 685
14.9833 682
15.0 681
15.0167 678
15.0333 676
15.05 673
15.0667 671
15.0833 668
15.1 666
15.1167 663
15.1333 660
15.15 658
15.1667 655
15.1833 653
15.2 650
15.2167 647
15.2333 645
15.25 642
15.2667 639
15.2833 637
15.3 634
15.3167 631
15.3333 628
15.35 626
15.3667 623
15.3833 620
15.4 617
15.4167 614
15.4333 612
15.45 609
15.4667 606
15.4833 603
15.5 600
15.5167 597
15.5333 594
15.55 591
15.5667 588
15.5833 585
15.6 582
15.6167 579
15.6333 576
15.65 573
15.6667 570
15.6833 567
15.7 564
15.7167 561
15.7333 558
15.75 555
15.7667 552
15.7833 549
15.8 545
15.8167 542
15.8333 539
15.85 536
15.8667 533
15.8833 529
15.9 526
15.9167 523
15.9333 520
15.95 517
15.9667 513
15.9833 510
