9.0 368
9.0167 371
9.0333 374
9.05 377
9.0667 380
9.0833 384
9.1 387
9.1167 390
9.1333 393
9.15 396
9.1667 399
9.1833 402
9.2 406
9.2167 409
9.2333 412
9.25 415
9.2667 418
9.2833 421
9.3 424
9.3167 427
9.3333 430
9.35 433
9.3667 437
9.3833 440
9.4 443
9.4167 446
9.4333 449
9.45 452
9.4667 455
9.4833 458
9.5 461
9.5167 464
9.5333 466
9.55 469
9.5667 472
9.5833 475
9.6 478
9.6167 481
9.6333 484
9.65 487
9.6667 490
9.6833 492
9.7 495
9.7167 498
9.7333 501
9.75 504
9.7667 507
9.7833 509
9.8 512
9.8167 515
9.8333 518
9.85 520
9.8667 523
9.8833 526
9.9 528
9.9167 531
9.9333 534
9.95 536
9.9667 539
9.9833 542
10.0 544
10.0167 547
10.0333 549
10.05 552
10.0667 554
10.0833 557
10.1 560
10.1167 562
10.1333 565
10.15 567
10.1667 569
10.1833 572
10.2 574
10.2167 577
10.2333 579
10.25 582
10.2667 584
10.2833 586
10.3 589
10.3167 591
10.3333 593
10.35 596
10.3667 598
10.3833 600
10.4 602
10.4167 605
10.4333 607
10.45 609
10.4667 611
10.4833 613
10.5 616
10.5167 618
10.5333 620
10.55 622
10.5667 624
10.5833 626
10.6 628
10.6167 630
10.6333 632
10.65 634
10.6667 636
10.6833 638
10.7 640
10.7167 642
10.7333 644
10.75 646
10.7667 648
10.7833 650
10.8 652
10.8167 653
10.8333 655
10.85 657
10.8667 659
10.8833 661
10.9 662
10.9167 664
10.9333 666
10.95 668
10.9667 669
10.9833 671
11.0 673
11.0167 674
11.0333 676
11.05 677
11.0667 679
11.0833 681
11.1 682
11.1167 684
11.1333 685
11.15 687
11.1667 688
11.1833 690
11.2 691
11.2167 692
11.2333 694
11.25 695
11.2667 697
11.2833 698
11.3 699
11.3167 701
11.3333 702
11.35 703
11.3667 704
11.3833 706
11.4 707
11.4167 708
11.4333 709
11.45 710
11.4667 711
11.4833 713
11.5 714
11.5167 715
11.5333 716
11.55 717
11.5667 718
11.5833 719
11.6 720
11.6167 721
11.6333 722
11.65 723
11.6667 724
11.6833 725
11.7 725
11.7167 726
11.7333 727
11.75 728
11.7667 729
11.7833 729
11.8 730
11.8167 731
11.8333 732
11.85 732
11.8667 733
11.8833 734
11.9 734
11.9167 735
11.9333 736
11.95 736
11.9667 737
11.9833 737
12.0 738
12.0167 738
12.0333 739
12.05 739
12.0667 740
12.0833 740
12.1 740
12.1167 741
12.1333 741
12.15 742
12.1667 742
12.1833 742
12.2 742
12.2167 743
12.2333 743
12.25 743
12.2667 743
12.2833 744
12.3 744
12.3167 744
12.3333 744
12.35 744
12.3667 744
12.3833 744
12.4 744
12.4167 744
12.4333 744
12.45 744
12.4667 744
12.4833 744
12.5 744
12.5167 744
12.5333 744
12.55 744
12.5667 744
12.5833 744
12.6 743
12.6167 743
12.6333 743
12.65 743
12.6667 742
12.6833 742
12.7 742
12.7167 742
12.7333 741
12.75 741
12.7667 740
12.7833 740
12.8 740
12.8167 739
12.8333 739
12.85 738
12.8667 738
12.8833 737
12.9 737
12.9167 736
12.9333 736
12.95 735
12.9667 734
12.9833 734
13.0 733
13.0167 732
13.0333 732
13.05 731
13.0667 730
13.0833 729
13.1 729
13.1167 728
13.1333 727
13.15 726
13.1667 725
13.1833 725
13.2 724
13.2167 723
13.2333 722
13.25 721
13.2667 720
13.2833 719
13.3 718
13.3167 717
13.3333 716
13.35 715
13.3667 714
13.3833 713
13.4 711
13.4167 710
13.4333 709
13.45 708
13.4667 707
13.4833 706
13.5 704
13.5167 703
13.5333 702
13.55 701
13.5667 699
13.5833 698
13.6 697
13.6167 695
13.6333 694
13.65 692
13.6667 691
13.6833 690
13.7 688
13.7167 687
13.7333 685
13.75 684
13.7667 682
13.7833 681
13.8 679
13.8167 677
13.8333 676
13.85 674
13.8667 673
13.8833 671
13.9 669
13.9167 668
13.9333 666
13.95 664
13.9667 662
13.9833 661
14.0 659
14.0167 657
14.0333 655
14.05 654
14.0667 652
14.0833 650
14.1 648
14.1167 646
14.1333 644
14.15 642
14.1667 640
14.1833 638
14.2 636
14.2167 634
14.2333 632
14.25 630
14.2667 628
14.2833 626
14.3 624
14.3167 622
14.3333 620
14.35 618
14.3667 616
14.3833 613
14.4 611
14.4167 609
14.4333 607
14.45 605
14.4667 602
14.4833 600
14.5 598
14.5167 596
14.5333 593
14.55 591
14.5667 589
14.5833 586
14.6 584
14.6167 582
14.6333 579
14.65 577
14.6667 574
14.6833 572
14.7 570
14.7167 567
14.7333 565
14.75 562
14.7667 560
14.7833 557
14.8 555
14.8167 552
14.8333 549
14.85 547
14.8667 544
14.8833 542
14.9 539
14.9167 536
14.9333 534
14.95 531
14.9667 528
14.9833 526
15.0 522
15.0167 519
15.0333 517
15.05 514
15.0667 511
15.0833 508
15.1 506
15.1167 503
15.1333 500
15.15 497
15.1667 494
15.1833 492
15.2 489
15.2167 486
15.2333 483
15.25 480
15.2667 477
15.2833 474
15.3 471
15.3167 468
15.3333 465
15.35 463
15.3667 460
15.3833 457
15.4 454
15.4167 451
15.4333 448
15.45 445
15.4667 442
15.4833 439
15.5 436
15.5167 433
15.5333 429
15.55 426
15.5667 423
15.5833 420
15.6 417
15.6167 414
15.6333 411
15.65 408
15.6667 405
15.6833 402
15.7 398
15.7167 395
15.7333 392
15.75 389
15.7667 386
15.7833 383
15.8 379
15.8167 376
15.8333 373
15.85 370
15.8667 367
15.8833 363
15.9 360
15.9167 357
15.9333 354
15.95 351
15.9667 347
15.9833 344
