9.0 400
9.0167 404
9.0333 408
9.05 411
9.0667 415
9.0833 418
9.1 421
9.1167 425
9.1333 428
9.15 432
9.1667 435
9.1833 438
9.2 442
9.2167 445
9.2333 449
9.25 452
9.2667 455
9.2833 459
9.3 462
9.3167 465
9.3333 469
9.35 472
9.3667 475
9.3833 479
9.4 482
9.4167 485
9.4333 488
9.45 492
9.4667 495
9.4833 498
9.5 502
9.5167 505
9.5333 508
9.55 511
9.5667 514
9.5833 518
9.6 521
9.6167 524
9.6333 527
9.65 530
9.6667 534
9.6833 537
9.7 540
9.7167 543
9.7333 546
9.75 549
9.7667 552
9.7833 555
9.8 558
9.8167 561
9.8333 564
9.85 567
9.8667 570
9.8833 573
9.9 576
9.9167 579
9.9333 582
9.95 585
9.9667 588
9.9833 591
10.0 594
10.0167 597
10.0333 600
10.05 603
10.0667 606
10.0833 609
10.1 611
10.1167 614
10.1333 617
10.15 620
10.1667 623
10.1833 625
10.2 628
10.2167 631
10.2333 634
10.25 636
10.2667 639
10.2833 642
10.3 645
10.3167 647
10.3333 650
10.35 653
10.3667 655
10.3833 658
10.4 660
10.4167 663
10.4333 665
10.45 668
10.4667 671
10.4833 673
10.5 676
10.5167 678
10.5333 681
10.55 683
10.5667 685
10.5833 688
10.6 690
10.6167 693
10.6333 695
10.65 697
10.6667 700
10.6833 702
10.7 704
10.7167 707
10.7333 709
10.75 711
10.7667 714
10.7833 716
10.8 718
10.8167 720
10.8333 722
10.85 725
10.8667 727
10.8833 729
10.9 731
10.9167 733
10.9333 735
10.95 737
10.9667 739
10.9833 741
11.0 743
11.0167 745
11.0333 747
11.05 749
11.0667 751
11.0833 753
11.1 755
11.1167 757
11.1333 759
11.15 761
11.1667 763
11.1833 765
11.2 766
11.2167 768
11.2333 770
11.25 772
11.2667 773
11.2833 775
11.3 777
11.3167 779
11.3333 780
11.35 782
11.3667 783
11.3833 785
11.4 787
11.4167 788
11.4333 790
11.45 791
11.4667 793
11.4833 794
11.5 796
11.5167 797
11.5333 799
11.55 800
11.5667 802
11.5833 803
11.6 804
11.6167 806
11.6333 807
11.65 808
11.6667 810
11.6833 811
11.7 812
11.7167 813
11.7333 815
11.75 816
11.7667 817
11.7833 818
11.8 819
11.8167 821
11.8333 822
11.85 823
11.8667 824
11.8833 825
11.9 826
11.9167 827
11.9333 828
11.95 829
11.9667 830
11.9833 831
12.0 832
12.0167 833
12.0333 833
12.05 834
12.0667 835
12.0833 836
12.1 837
12.1167 838
12.1333 838
12.15 839
12.1667 840
12.1833 840
12.2 841
12.2167 842
12.2333 842
12.25 843
12.2667 844
12.2833 844
12.3 845
12.3167 845
12.3333 846
12.35 846
12.3667 847
12.3833 847
12.4 848
12.4167 848
12.4333 849
12.45 849
12.4667 849
12.4833 850
12.5 850
12.5167 850
12.5333 851
12.55 851
12.5667 851
12.5833 851
12.6 851
12.6167 852
12.6333 852
12.65 852
12.6667 852
12.6833 852
12.7 852
12.7167 852
12.7333 852
12.75 852
12.7667 852
12.7833 852
12.8 852
12.8167 852
12.8333 852
12.85 852
12.8667 852
12.8833 852
12.9 852
12.9167 852
12.9333 851
12.95 851
12.9667 851
12.9833 851
13.0 850
13.0167 850
13.0333 850
13.05 849
13.0667 849
13.0833 849
13.1 848
13.1167 848
13.1333 847
13.15 847
13.1667 846
13.1833 846
13.2 845
13.2167 845
13.2333 844
13.25 844
13.2667 843
13.2833 843
13.3 842
13.3167 841
13.3333 841
13.35 840
13.3667 839
13.3833 838
13.4 838
13.4167 837
13.4333 836
13.45 835
13.4667 834
13.4833 834
13.5 833
13.5167 832
13.5333 831
13.55 830
13.5667 829
13.5833 828
13.6 827
13.6167 826
13.6333 825
13.65 824
13.6667 823
13.6833 822
13.7 821
13.7167 820
13.7333 819
13.75 817
13.7667 816
13.7833 815
13.8 814
13.8167 813
13.8333 811
13.85 810
13.8667 809
13.8833 807
13.9 806
13.9167 805
13.9333 803
13.95 802
13.9667 801
13.9833 799
14.0 798
14.0167 796
14.0333 795
14.05 793
14.0667 792
14.0833 790
14.1 789
14.1167 787
14.1333 785
14.15 784
14.1667 782
14.1833 781
14.2 779
14.2167 777
14.2333 776
14.25 774
14.2667 772
14.2833 770
14.3 769
14.3167 767
14.3333 765
14.35 763
14.3667 761
14.3833 759
14.4 758
14.4167 756
14.4333 754
14.45 752
14.4667 750
14.4833 748
14.5 746
14.5167 744
14.5333 742
14.55 740
14.5667 738
14.5833 736
14.6 734
14.6167 732
14.6333 729
14.65 727
14.6667 725
14.6833 723
14.7 721
14.7167 719
14.7333 716
14.75 714
14.7667 712
14.7833 710
14.8 707
14.8167 705
14.8333 703
14.85 700
14.8667 698
14.8833 696
14.9 693
14.9167 691
14.9333 688
14.95 686
14.9667 684
14.9833 681
15.0 679
15.0167 677
15.0333 674
15.05 672
15.0667 669
15.0833 667
15.1 664
15.1167 661
15.1333 659
15.15 656
15.1667 654
15.1833 651
15.2 648
15.2167 646
15.2333 643
15.25 640
15.2667 638
15.2833 635
15.3 632
15.3167 629
15.3333 627
15.35 624
15.3667 621
15.3833 618
15.4 615
15.4167 613
15.4333 610
15.45 607
15.4667 604
15.4833 601
15.5 598
15.5167 595
15.5333 592
15.55 589
15.5667 587
15.5833 584
15.6 581
15.6167 578
15.6333 575
15.65 572
15.6667 569
15.6833 566
15.7 563
15.7167 559
15.7333 556
15.75 553
15.7667 550
15.7833 547
15.8 544
15.8167 541
15.8333 538
15.85 535
15.8667 532
15.8833 528
15.9 525
15.9167 522
15.9333 519
15.95 516
15.9667 512
15.9833 509
