9.0 450
9.0167 454
9.0333 457
9.05 460
9.0667 464
9.0833 467
9.1 470
9.1167 473
9.1333 477
9.15 480
9.1667 483
9.1833 486
9.2 490
9.2167 493
9.2333 496
9.25 499
9.2667 503
9.2833 506
9.3 509
9.3167 512
9.3333 515
9.35 519
9.3667 522
9.3833 525
9.4 528
9.4167 531
9.4333 534
9.45 537
9.4667 541
9.4833 544
9.5 547
9.5167 550
9.5333 553
9.55 556
9.5667 559
9.5833 562
9.6 565
9.6167 568
9.6333 571
9.65 574
9.6667 577
9.6833 580
9.7 583
9.7167 586
9.7333 589
9.75 592
9.7667 595
9.7833 598
9.8 601
9.8167 604
9.8333 606
9.85 609
9.8667 612
9.8833 615
9.9 618
9.9167 621
9.9333 623
9.95 626
9.9667 629
9.9833 632
10.0 635
10.0167 637
10.0333 640
10.05 643
10.0667 645
10.0833 648
10.1 651
10.1167 654
10.1333 656
10.15 659
10.1667 661
10.1833 664
10.2 667
10.2167 669
10.2333 672
10.25 674
10.2667 677
10.2833 679
10.3 682
10.3167 684
10.3333 687
10.35 689
10.3667 692
10.3833 694
10.4 697
10.4167 699
10.4333 702
10.45 704
10.4667 706
10.4833 709
10.5 711
10.5167 713
10.5333 716
10.55 718
10.5667 720
10.5833 722
10.6 725
10.6167 727
10.6333 729
10.65 731
10.6667 733
10.6833 736
10.7 738
10.7167 740
10.7333 742
10.75 744
10.7667 746
10.7833 748
10.8 750
10.8167 752
10.8333 754
10.85 756
10.8667 758
10.8833 760
10.9 762
10.9167 764
10.9333 766
10.95 768
10.9667 770
10.9833 772
11.0 774
11.0167 776
11.0333 777
11.05 779
11.0667 781
11.0833 783
11.1 785
11.1167 786
11.1333 788
11.15 790
11.1667 791
11.1833 793
11.2 795
11.2167 796
11.2333 798
11.25 800
11.2667 801
11.2833 803
11.3 804
11.3167 806
11.3333 807
11.35 809
11.3667 810
11.3833 812
11.4 813
11.4167 815
11.4333 816
11.45 817
11.4667 819
11.4833 820
11.5 822
11.5167 823
11.5333 824
11.55 825
11.5667 827
11.5833 828
11.6 829
11.6167 830
11.6333 832
11.65 833
11.6667 834
11.6833 835
11.7 836
11.7167 837
11.7333 838
11.75 839
11.7667 840
11.7833 841
11.8 842
11.8167 843
11.8333 844
11.85 845
11.8667 846
11.8833 847
11.9 848
11.9167 849
11.9333 850
11.95 851
11.9667 851
11.9833 852
12.0 853
12.0167 854
12.0333 855
12.05 855
12.0667 856
12.0833 857
12.1 857
12.1167 858
12.1333 859
12.15 859
12.1667 860
12.1833 860
12.2 861
12.2167 861
12.2333 862
12.25 862
12.2667 863
12.2833 863
12.3 864
12.3167 864
12.3333 865
12.35 865
12.3667 865
12.3833 866
12.4 866
12.4167 866
12.4333 867
12.45 867
12.4667 867
12.4833 867
12.5 868
12.5167 868
12.5333 868
12.55 868
12.5667 868
12.5833 868
12.6 868
12.6167 868
12.6333 868
12.65 868
12.6667 868
12.6833 868
12.7 868
12.7167 868
12.7333 868
12.75 868
12.7667 868
12.7833 868
12.8 868
12.8167 868
12.8333 868
12.85 867
12.8667 867
12.8833 867
12.9 867
12.9167 866
12.9333 866
12.95 866
12.9667 865
12.9833 865
13.0 865
13.0167 864
13.0333 864
13.05 863
13.0667 863
13.0833 862
13.1 862
13.1167 861
13.1333 861
13.15 860
13.1667 860
13.1833 859
13.2 859
13.2167 858
13.2333 857
13.25 857
13.2667 856
13.2833 855
13.3 855
13.3167 854
13.3333 853
13.35 852
13.3667 851
13.3833 851
13.4 850
13.4167 849
13.4333 848
13.45 847
13.4667 846
13.4833 845
13.5 844
13.5167 843
13.5333 842
13.55 841
13.5667 840
13.5833 839
13.6 838
13.6167 837
13.6333 836
13.65 835
13.6667 834
13.6833 833
13.7 832
13.7167 830
13.7333 829
13.75 828
13.7667 827
13.7833 825
13.8 824
13.8167 823
13.8333 822
13.85 820
13.8667 819
13.8833 818
13.9 816
13.9167 815
13.9333 813
13.95 812
13.9667 810
13.9833 809
14.0 807
14.0167 806
14.0333 804
14.05 803
14.0667 801
14.0833 800
14.1 798
14.1167 796
14.1333 795
14.15 793
14.1667 792
14.1833 790
14.2 788
14.2167 786
14.2333 785
14.25 783
14.2667 781
14.2833 779
14.3 778
14.3167 776
14.3333 774
14.35 772
14.3667 770
14.3833 768
14.4 766
14.4167 764
14.4333 762
14.45 761
14.4667 759
14.4833 757
14.5 755
14.5167 752
14.5333 750
14.55 748
14.5667 746
14.5833 744
14.6 742
14.6167 740
14.6333 738
14.65 736
14.6667 734
14.6833 731
14.7 729
14.7167 727
14.7333 725
14.75 722
14.7667 720
14.7833 718
14.8 716
14.8167 713
14.8333 711
14.85 709
14.8667 706
14.8833 704
14.9 702
14.9167 699
14.9333 697
14.95 694
14.9667 692
14.9833 689
15.0 687
15.0167 685
15.0333 682
15.05 680
15.0667 677
15.0833 675
15.1 672
15.1167 670
15.1333 667
15.15 664
15.1667 662
15.1833 659
15.2 657
15.2167 654
15.2333 651
15.25 649
15.2667 646
15.2833 643
15.3 640
15.3167 638
15.3333 635
15.35 632
15.3667 629
15.3833 627
15.4 624
15.4167 621
15.4333 618
15.45 615
15.4667 613
15.4833 610
15.5 607
15.5167 604
15.5333 601
15.55 598
15.5667 595
15.5833 592
15.6 589
15.6167 586
15.6333 583
15.65 581
15.6667 578
15.6833 575
15.7 572
15.7167 569
15.7333 566
15.75 562
15.7667 559
15.7833 556
15.8 553
15.8167 550
15.8333 547
15.85 544
15.8667 541
15.8833 538
15.9 535
15.9167 532
15.9333 528
15.95 525
15.9667 522
15.9833 519
