9.0 449
9.0167 453
9.0333 456
9.05 459
9.0667 462
9.0833 466
9.1 469
9.1167 472
9.1333 476
9.15 479
9.1667 482
9.1833 485
9.2 489
9.2167 492
9.2333 495
9.25 498
9.2667 502
9.2833 505
9.3 508
9.3167 511
9.3333 514
9.35 517
9.3667 521
9.3833 524
9.4 527
9.4167 530
9.4333 533
9.45 536
9.4667 539
9.4833 543
9.5 546
9.5167 549
9.5333 552
9.55 555
9.5667 558
9.5833 561
9.6 564
9.6167 567
9.6333 570
9.65 573
9.6667 576
9.6833 579
9.7 582
9.7167 585
9.7333 588
9.75 591
9.7667 594
9.7833 597
9.8 600
9.8167 603
9.8333 606
9.85 608
9.8667 611
9.8833 614
9.9 617
9.9167 620
9.9333 623
9.95 625
9.9667 628
9.9833 631
10.0 634
10.0167 637
10.0333 639
10.05 642
10.0667 645
10.0833 648
10.1 650
10.1167 653
10.1333 656
10.15 658
10.1667 661
10.1833 664
10.2 666
10.2167 669
10.2333 671
10.25 674
10.2667 677
10.2833 679
10.3 682
10.3167 684
10.3333 687
10.35 689
10.3667 692
10.3833 694
10.4 697
10.4167 699
10.4333 701
10.45 704
10.4667 706
10.4833 709
10.5 711
10.5167 713
10.5333 716
10.55 718
10.5667 720
10.5833 723
10.6 725
10.6167 727
10.6333 730
10.65 732
10.6667 734
10.6833 736
10.7 738
10.7167 741
10.7333 743
10.75 745
10.7667 747
10.7833 749
10.8 751
10.8167 753
10.8333 755
10.85 757
10.8667 760
10.8833 762
10.9 764
10.9167 766
10.9333 768
10.95 769
10.9667 771
10.9833 773
11.0 775
11.0167 777
11.0333 779
11.05 781
11.0667 783
11.0833 785
11.1 786
11.1167 788
11.1333 790
11.15 792
11.1667 794
11.1833 795
11.2 797
11.2167 799
11.2333 800
11.25 802
11.2667 804
11.2833 805
11.3 807
11.3167 809
11.3333 810
11.35 812
11.3667 813
11.3833 815
11.4 816
11.4167 818
11.4333 819
11.45 821
11.4667 822
11.4833 824
11.5 825
11.5167 826
11.5333 828
11.55 829
11.5667 830
11.5833 832
11.6 833
11.6167 834
11.6333 836
11.65 837
11.6667 838
11.6833 839
11.7 840
11.7167 842
11.7333 843
11.75 844
11.7667 845
11.7833 846
11.8 847
11.8167 848
11.8333 849
11.85 850
11.8667 851
11.8833 852
11.9 853
11.9167 854
11.9333 855
11.95 856
11.9667 857
11.9833 858
12.0 859
12.0167 860
12.0333 861
12.05 861
12.0667 862
12.0833 863
12.1 864
12.1167 864
12.1333 865
12.15 866
12.1667 867
12.1833 867
12.2 868
12.2167 868
12.2333 869
12.25 870
12.2667 870
12.2833 871
12.3 871
12.3167 872
12.3333 872
12.35 873
12.3667 873
12.3833 874
12.4 874
12.4167 875
12.4333 875
12.45 875
12.4667 876
12.4833 876
12.5 876
12.5167 877
12.5333 877
12.55 877
12.5667 877
12.5833 878
12.6 878
12.6167 878
12.6333 878
12.65 878
12.6667 878
12.6833 878
12.7 878
12.7167 879
12.7333 879
12.75 879
12.7667 879
12.7833 879
12.8 879
12.8167 879
12.8333 878
12.85 878
12.8667 878
12.8833 878
12.9 878
12.9167 878
12.9333 878
12.95 877
12.9667 877
12.9833 877
13.0 877
13.0167 876
13.0333 876
13.05 876
13.0667 875
13.0833 875
13.1 875
13.1167 874
13.1333 874
13.15 874
13.1667 873
13.1833 873
13.2 872
13.2167 872
13.2333 871
13.25 871
13.2667 870
13.2833 869
13.3 869
13.3167 868
13.3333 868
13.35 867
13.3667 866
13.3833 866
13.4 865
13.4167 864
13.4333 863
13.45 863
13.4667 862
13.4833 861
13.5 860
13.5167 859
13.5333 858
13.55 858
13.5667 857
13.5833 856
13.6 855
13.6167 854
13.6333 853
13.65 852
13.6667 851
13.6833 850
13.7 849
13.7167 848
13.7333 847
13.75 846
13.7667 845
13.7833 843
13.8 842
13.8167 841
13.8333 840
13.85 839
13.8667 837
13.8833 836
13.9 835
13.9167 834
13.9333 832
13.95 831
13.9667 830
13.9833 828
14.0 827
14.0167 826
14.0333 824
14.05 823
14.0667 821
14.0833 820
14.1 819
14.1167 817
14.1333 816
14.15 814
14.1667 812
14.1833 811
14.2 809
14.2167 808
14.2333 806
14.25 805
14.2667 803
14.2833 801
14.3 800
14.3167 798
14.3333 796
14.35 794
14.3667 793
14.3833 791
14.4 789
14.4167 787
14.4333 786
14.45 784
14.4667 782
14.4833 780
14.5 778
14.5167 776
14.5333 774
14.55 772
14.5667 771
14.5833 769
14.6 767
14.6167 765
14.6333 763
14.65 761
14.6667 759
14.6833 757
14.7 754
14.7167 752
14.7333 750
14.75 748
14.7667 746
14.7833 744
14.8 742
14.8167 740
14.8333 737
14.85 735
14.8667 733
14.8833 731
14.9 728
14.9167 726
14.9333 724
14.95 722
14.9667 719
14.9833 717
15.0 714
15.0167 712
15.0333 710
15.05 707
15.0667 705
15.0833 702
15.1 700
15.1167 697
15.1333 695
15.15 693
15.1667 690
15.1833 688
15.2 685
15.2167 683
15.2333 680
15.25 677
15.2667 675
15.2833 672
15.3 670
15.3167 667
15.3333 665
15.35 662
15.3667 659
15.3833 657
15.4 654
15.4167 651
15.4333 649
15.45 646
15.4667 643
15.4833 640
15.5 638
15.5167 635
15.5333 632
15.55 629
15.5667 627
15.5833 624
15.6 621
15.6167 618
15.6333 615
15.65 612
15.6667 610
15.6833 607
15.7 604
15.7167 601
15.7333 598
15.75 595
15.7667 592
15.7833 589
15.8 586
15.8167 583
15.8333 580
15.85 577
15.8667 574
15.8833 571
15.9 568
15.9167 565
15.9333 562
15.95 559
15.9667 556
15.9833 553
