9.0 443
9.0167 446
9.0333 449
9.05 452
9.0667 456
9.0833 459
9.1 462
9.1167 466
9.1333 469
9.15 472
9.1667 475
9.1833 479
9.2 482
9.2167 485
9.2333 488
9.25 492
9.2667 495
9.2833 498
9.3 501
9.3167 505
9.3333 508
9.35 511
9.3667 514
9.3833 517
9.4 521
9.4167 524
9.4333 527
9.45 530
9.4667 533
9.4833 536
9.5 539
9.5167 542
9.5333 546
9.55 549
9.5667 552
9.5833 555
9.6 558
9.6167 561
9.6333 564
9.65 567
9.6667 570
9.6833 573
9.7 576
9.7167 579
9.7333 582
9.75 585
9.7667 588
9.7833 591
9.8 594
9.8167 597
9.8333 600
9.85 602
9.8667 605
9.8833 608
9.9 611
9.9167 614
9.9333 617
9.95 620
9.9667 622
9.9833 625
10.0 628
10.0167 631
10.0333 634
10.05 636
10.0667 639
10.0833 642
10.1 644
10.1167 647
10.1333 650
10.15 653
10.1667 655
10.1833 658
10.2 661
10.2167 663
10.2333 666
10.25 668
10.2667 671
10.2833 673
10.3 676
10.3167 679
10.3333 681
10.35 684
10.3667 686
10.3833 689
10.4 691
10.4167 694
10.4333 696
10.45 698
10.4667 701
10.4833 703
10.5 706
10.5167 708
10.5333 710
10.55 713
10.5667 715
10.5833 717
10.6 720
10.6167 722
10.6333 724
10.65 726
10.6667 729
10.6833 731
10.7 733
10.7167 735
10.7333 737
10.75 740
10.7667 742
10.7833 744
10.8 746
10.8167 748
10.8333 750
10.85 752
10.8667 754
10.8833 756
10.9 758
10.9167 760
10.9333 762
10.95 764
10.9667 766
10.9833 768
11.0 770
11.0167 772
11.0333 774
11.05 776
11.0667 778
11.0833 779
11.1 781
11.1167 783
11.1333 785
11.15 787
11.1667 788
11.1833 790
11.2 792
11.2167 794
11.2333 795
11.25 797
11.2667 799
11.2833 800
11.3 802
11.3167 803
11.3333 805
11.35 807
11.3667 808
11.3833 810
11.4 811
11.4167 813
11.4333 814
11.45 816
11.4667 817
11.4833 818
11.5 820
11.5167 821
11.5333 823
11.55 824
11.5667 825
11.5833 827
11.6 828
11.6167 829
11.6333 830
11.65 832
11.6667 833
11.6833 834
11.7 835
11.7167 837
11.7333 838
11.75 839
11.7667 840
11.7833 841
11.8 842
11.8167 843
11.8333 844
11.85 845
11.8667 846
11.8833 847
11.9 848
11.9167 849
11.9333 850
11.95 851
11.9667 852
11.9833 853
12.0 854
12.0167 855
12.0333 855
12.05 856
12.0667 857
12.0833 858
12.1 858
12.1167 859
12.1333 860
12.15 861
12.1667 861
12.1833 862
12.2 863
12.2167 863
12.2333 864
12.25 864
12.2667 865
12.2833 865
12.3 866
12.3167 867
12.3333 867
12.35 867
12.3667 868
12.3833 868
12.4 869
12.4167 869
12.4333 870
12.45 870
12.4667 870
12.4833 871
12.5 871
12.5167 871
12.5333 871
12.55 872
12.5667 872
12.5833 872
12.6 872
12.6167 872
12.6333 872
12.65 873
12.6667 873
12.6833 873
12.7 873
12.7167 873
12.7333 873
12.75 873
12.7667 873
12.7833 873
12.8 873
12.8167 873
12.8333 873
12.85 873
12.8667 872
12.8833 872
12.9 872
12.9167 872
12.9333 872
12.95 872
12.9667 871
12.9833 871
13.0 871
13.0167 870
13.0333 870
13.05 870
13.0667 869
13.0833 869
13.1 869
13.1167 868
13.1333 868
13.15 867
13.1667 867
13.1833 866
13.2 866
13.2167 865
13.2333 865
13.25 864
13.2667 864
13.2833 863
13.3 863
13.3167 862
13.3333 861
13.35 861
13.3667 860
13.3833 859
13.4 858
13.4167 858
13.4333 857
13.45 856
13.4667 855
13.4833 854
13.5 854
13.5167 853
13.5333 852
13.55 851
13.5667 850
13.5833 849
13.6 848
13.6167 847
13.6333 846
13.65 845
13.6667 844
13.6833 843
13.7 842
13.7167 841
13.7333 840
13.75 839
13.7667 838
13.7833 836
13.8 835
13.8167 834
13.8333 833
13.85 832
13.8667 830
13.8833 829
13.9 828
13.9167 827
13.9333 825
13.95 824
13.9667 823
13.9833 821
14.0 820
14.0167 818
14.0333 817
14.05 816
14.0667 814
14.0833 813
14.1 811
14.1167 810
14.1333 808
14.15 806
14.1667 805
14.1833 803
14.2 802
14.2167 800
14.2333 798
14.25 797
14.2667 795
14.2833 793
14.3 792
14.3167 790
14.3333 788
14.35 787
14.3667 785
14.3833 783
14.4 781
14.4167 779
14.4333 778
14.45 776
14.4667 774
14.4833 772
14.5 770
14.5167 768
14.5333 766
14.55 764
14.5667 762
14.5833 760
14.6 758
14.6167 756
14.6333 754
14.65 752
14.6667 750
14.6833 748
14.7 746
14.7167 744
14.7333 742
14.75 739
14.7667 737
14.7833 735
14.8 733
14.8167 731
14.8333 729
14.85 726
14.8667 724
14.8833 722
14.9 719
14.9167 717
14.9333 715
14.95 713
14.9667 710
14.9833 708
15.0 705
15.0167 703
15.0333 700
15.05 698
15.0667 695
15.0833 693
15.1 690
15.1167 688
15.1333 685
15.15 683
15.1667 680
15.1833 678
15.2 675
15.2167 673
15.2333 670
15.25 668
15.2667 665
15.2833 662
15.3 660
15.3167 657
15.3333 655
15.35 652
15.3667 649
15.3833 647
15.4 644
15.4167 641
15.4333 638
15.45 636
15.4667 633
15.4833 630
15.5 627
15.5167 624
15.5333 622
15.55 619
15.5667 616
15.5833 613
15.6 610
15.6167 607
15.6333 605
15.65 602
15.6667 599
15.6833 596
15.7 593
15.7167 590
15.7333 587
15.75 584
15.7667 581
15.7833 578
15.8 575
15.8167 572
15.8333 569
15.85 566
15.8667 563
15.8833 560
15.9 557
15.9167 554
15.9333 551
15.95 548
15.9667 545
15.9833 542
