9.0 406
9.0167 409
9.0333 413
9.05 416
9.0667 419
9.0833 422
9.1 426
9.1167 429
9.1333 432
9.15 435
9.1667 438
9.1833 442
9.2 445
9.2167 448
9.2333 451
9.25 454
9.2667 458
9.2833 461
9.3 464
9.3167 467
9.3333 470
9.35 473
9.3667 477
9.3833 480
9.4 483
9.4167 486
9.4333 489
9.45 492
9.4667 495
9.4833 498
9.5 501
9.5167 504
9.5333 507
9.55 510
9.5667 513
9.5833 516
9.6 519
9.6167 522
9.6333 525
9.65 528
9.6667 531
9.6833 534
9.7 537
9.7167 540
9.7333 543
9.75 546
9.7667 549
9.7833 552
9.8 555
9.8167 557
9.8333 560
9.85 563
9.8667 566
9.8833 569
9.9 572
9.9167 574
9.9333 577
9.95 580
9.9667 583
9.9833 585
10.0 588
10.0167 591
10.0333 593
10.05 596
10.0667 599
10.0833 601
10.1 604
10.1167 607
10.1333 609
10.15 612
10.1667 614
10.1833 617
10.2 620
10.2167 622
10.2333 625
10.25 627
10.2667 630
10.2833 632
10.3 635
10.3167 637
10.3333 640
10.35 642
10.3667 644
10.3833 647
10.4 649
10.4167 652
10.4333 654
10.45 656
10.4667 659
10.4833 661
10.5 663
10.5167 666
10.5333 668
10.55 670
10.5667 672
10.5833 675
10.6 677
10.6167 679
10.6333 681
10.65 683
10.6667 685
10.6833 687
10.7 690
10.7167 692
10.7333 694
10.75 696
10.7667 698
10.7833 700
10.8 702
10.8167 704
10.8333 706
10.85 708
10.8667 710
10.8833 712
10.9 714
10.9167 716
10.9333 717
10.95 719
10.9667 721
10.9833 723
11.0 725
11.0167 727
11.0333 728
11.05 730
11.0667 732
11.0833 734
11.1 735
11.1167 737
11.1333 739
11.15 740
11.1667 742
11.1833 744
11.2 745
11.2167 747
11.2333 748
11.25 750
11.2667 751
11.2833 753
11.3 754
11.3167 756
11.3333 757
11.35 759
11.3667 760
11.3833 762
11.4 763
11.4167 764
11.4333 766
11.45 767
11.4667 768
11.4833 770
11.5 771
11.5167 772
11.5333 774
11.55 775
11.5667 776
11.5833 777
11.6 778
11.6167 779
11.6333 781
11.65 782
11.6667 783
11.6833 784
11.7 785
11.7167 786
11.7333 787
11.75 788
11.7667 789
11.7833 790
11.8 791
11.8167 792
11.8333 793
11.85 794
11.8667 794
11.8833 795
11.9 796
11.9167 797
11.9333 798
11.95 799
11.9667 799
11.9833 800
12.0 801
12.0167 801
12.0333 802
12.05 803
12.0667 803
12.0833 804
12.1 805
12.1167 805
12.1333 806
12.15 806
12.1667 807
12.1833 807
12.2 808
12.2167 808
12.2333 809
12.25 809
12.2667 810
12.2833 810
12.3 810
12.3167 811
12.3333 811
12.35 811
12.3667 812
12.3833 812
12.4 812
12.4167 812
12.4333 813
12.45 813
12.4667 813
12.4833 813
12.5 813
12.5167 813
12.5333 813
12.55 813
12.5667 814
12.5833 814
12.6 814
12.6167 814
12.6333 814
12.65 814
12.6667 813
12.6833 813
12.7 813
12.7167 813
12.7333 813
12.75 813
12.7667 813
12.7833 813
12.8 812
12.8167 812
12.8333 812
12.85 812
12.8667 811
12.8833 811
12.9 811
12.9167 810
12.9333 810
12.95 809
12.9667 809
12.9833 809
13.0 808
13.0167 808
13.0333 807
13.05 807
13.0667 806
13.0833 806
13.1 805
13.1167 804
13.1333 804
13.15 803
13.1667 803
13.1833 802
13.2 801
13.2167 801
13.2333 800
13.25 799
13.2667 798
13.2833 798
13.3 797
13.3167 796
13.3333 795
13.35 794
13.3667 793
13.3833 792
13.4 792
13.4167 791
13.4333 790
13.45 789
13.4667 788
13.4833 787
13.5 786
13.5167 785
13.5333 784
13.55 783
13.5667 781
13.5833 780
13.6 779
13.6167 778
13.6333 777
13.65 776
13.6667 774
13.6833 773
13.7 772
13.7167 771
13.7333 769
13.75 768
13.7667 767
13.7833 765
13.8 764
13.8167 763
13.8333 761
13.85 760
13.8667 759
13.8833 757
13.9 756
13.9167 754
13.9333 753
13.95 751
13.9667 750
13.9833 748
14.0 746
14.0167 745
14.0333 743
14.05 742
14.0667 740
14.0833 738
14.1 737
14.1167 735
14.1333 733
14.15 731
14.1667 730
14.1833 728
14.2 726
14.2167 724
14.2333 723
14.25 721
14.2667 719
14.2833 717
14.3 715
14.3167 713
14.3333 711
14.35 709
14.3667 707
14.3833 705
14.4 703
14.4167 701
14.4333 699
14.45 697
14.4667 695
14.4833 693
14.5 691
14.5167 689
14.5333 687
14.55 685
14.5667 683
14.5833 681
14.6 678
14.6167 676
14.6333 674
14.65 672
14.6667 670
14.6833 667
14.7 665
14.7167 663
14.7333 660
14.75 658
14.7667 656
14.7833 653
14.8 651
14.8167 649
14.8333 646
14.85 644
14.8667 641
14.8833 639
14.9 637
14.9167 634
14.9333 632
14.95 629
14.9667 627
14.9833 624
15.0 621
15.0167 618
15.0333 616
15.05 613
15.0667 610
15.0833 608
15.1 605
15.1167 603
15.1333 600
15.15 597
15.1667 595
15.1833 592
15.2 589
15.2167 586
15.2333 584
15.25 581
15.2667 578
15.2833 576
15.3 573
15.3167 570
15.3333 567
15.35 564
15.3667 562
15.3833 559
15.4 556
15.4167 553
15.4333 550
15.45 547
15.4667 544
15.4833 541
15.5 539
15.5167 536
15.5333 533
15.55 530
15.5667 527
15.5833 524
15.6 521
15.6167 518
15.6333 515
15.65 512
15.6667 509
15.6833 506
15.7 503
15.7167 500
15.7333 497
15.75 494
15.7667 490
15.7833 487
15.8 484
15.8167 481
15.8333 478
15.85 475
15.8667 472
15.8833 469
15.9 466
15.9167 462
15.9333 459
15.95 456
15.9667 453
15.9833 450
