9.0 369
9.0167 371
9.0333 375
9.05 378
9.0667 381
9.0833 384
9.1 388
9.1167 391
9.1333 394
9.15 397
9.1667 400
9.1833 404
9.2 407
9.2167 410
9.2333 413
9.25 416
9.2667 420
9.2833 423
9.3 426
9.3167 429
9.3333 432
9.35 435
9.3667 438
9.3833 441
9.4 444
9.4167 447
9.4333 450
9.45 453
9.4667 457
9.4833 460
9.5 463
9.5167 466
9.5333 468
9.55 471
9.5667 474
9.5833 477
9.6 480
9.6167 483
9.6333 486
9.65 489
9.6667 492
9.6833 495
9.7 498
9.7167 501
9.7333 503
9.75 506
9.7667 509
9.7833 512
9.8 515
9.8167 517
9.8333 520
9.85 523
9.8667 526
9.8833 528
9.9 531
9.9167 534
9.9333 536
9.95 539
9.9667 542
9.9833 544
10.0 547
10.0167 550
10.0333 552
10.05 555
10.0667 557
10.0833 560
10.1 563
10.1167 565
10.1333 568
10.15 570
10.1667 573
10.1833 575
10.2 577
10.2167 580
10.2333 582
10.25 585
10.2667 587
10.2833 589
10.3 592
10.3167 594
10.3333 597
10.35 599
10.3667 601
10.3833 603
10.4 606
10.4167 608
10.4333 610
10.45 612
10.4667 615
10.4833 617
10.5 619
10.5167 621
10.5333 623
10.55 625
10.5667 627
10.5833 630
10.6 632
10.6167 634
10.6333 636
10.65 638
10.6667 640
10.6833 642
10.7 644
10.7167 646
10.7333 648
10.75 649
10.7667 651
10.7833 653
10.8 655
10.8167 657
10.8333 659
10.85 661
10.8667 662
10.8833 664
10.9 666
10.9167 668
10.9333 669
10.95 671
10.9667 673
10.9833 674
11.0 676
11.0167 678
11.0333 679
11.05 681
11.0667 683
11.0833 684
11.1 686
11.1167 687
11.1333 689
11.15 690
11.1667 692
11.1833 693
11.2 695
11.2167 696
11.2333 697
11.25 699
11.2667 700
11.2833 701
11.3 703
11.3167 704
11.3333 705
11.35 707
11.3667 708
11.3833 709
11.4 710
11.4167 711
11.4333 713
11.45 714
11.4667 715
11.4833 716
11.5 717
11.5167 718
11.5333 719
11.55 720
11.5667 721
11.5833 722
11.6 723
11.6167 724
11.6333 725
11.65 726
11.6667 727
11.6833 728
11.7 729
11.7167 730
11.7333 730
11.75 731
11.7667 732
11.7833 733
11.8 734
11.8167 734
11.8333 735
11.85 736
11.8667 736
11.8833 737
11.9 738
11.9167 738
11.9333 739
11.95 739
11.9667 740
11.9833 741
12.0 741
12.0167 742
12.0333 742
12.05 742
12.0667 743
12.0833 743
12.1 744
12.1167 744
12.1333 744
12.15 745
12.1667 745
12.1833 745
12.2 746
12.2167 746
12.2333 746
12.25 746
12.2667 747
12.2833 747
12.3 747
12.3167 747
12.3333 747
12.35 747
12.3667 747
12.3833 747
12.4 747
12.4167 747
12.4333 747
12.45 747
12.4667 747
12.4833 747
12.5 747
12.5167 747
12.5333 747
12.55 747
12.5667 747
12.5833 747
12.6 746
12.6167 746
12.6333 746
12.65 746
12.6667 745
12.6833 745
12.7 745
12.7167 744
12.7333 744
12.75 744
12.7667 743
12.7833 743
12.8 742
12.8167 742
12.8333 741
12.85 741
12.8667 740
12.8833 740
12.9 739
12.9167 739
12.9333 738
12.95 738
12.9667 737
12.9833 736
13.0 736
13.0167 735
13.0333 734
13.05 733
13.0667 733
13.0833 732
13.1 731
13.1167 730
13.1333 729
13.15 729
13.1667 728
13.1833 727
13.2 726
13.2167 725
13.2333 724
13.25 723
13.2667 722
13.2833 721
13.3 720
13.3167 719
13.3333 718
13.35 717
13.3667 716
13.3833 715
13.4 714
13.4167 712
13.4333 711
13.45 710
13.4667 709
13.4833 708
13.5 706
13.5167 705
13.5333 704
13.55 702
13.5667 701
13.5833 700
13.6 698
13.6167 697
13.6333 696
13.65 694
13.6667 693
13.6833 691
13.7 690
13.7167 688
13.7333 687
13.75 685
13.7667 684
13.7833 682
13.8 681
13.8167 679
13.8333 677
13.85 676
13.8667 674
13.8833 672
13.9 671
13.9167 669
13.9333 667
13.95 665
13.9667 664
13.9833 662
14.0 660
14.0167 658
14.0333 656
14.05 655
14.0667 653
14.0833 651
14.1 649
14.1167 647
14.1333 645
14.15 643
14.1667 641
14.1833 639
14.2 637
14.2167 635
14.2333 633
14.25 631
14.2667 629
14.2833 627
14.3 625
14.3167 623
14.3333 621
14.35 618
14.3667 616
14.3833 614
14.4 612
14.4167 610
14.4333 607
14.45 605
14.4667 603
14.4833 601
14.5 598
14.5167 596
14.5333 594
14.55 591
14.5667 589
14.5833 587
14.6 584
14.6167 582
14.6333 579
14.65 577
14.6667 574
14.6833 572
14.7 569
14.7167 567
14.7333 564
14.75 562
14.7667 559
14.7833 557
14.8 554
14.8167 552
14.8333 549
14.85 546
14.8667 544
14.8833 541
14.9 538
14.9167 536
14.9333 533
14.95 530
14.9667 528
14.9833 525
15.0 521
15.0167 518
15.0333 516
15.05 513
15.0667 510
15.0833 507
15.1 505
15.1167 502
15.1333 499
15.15 496
15.1667 493
15.1833 490
15.2 487
15.2167 484
15.2333 482
15.25 479
15.2667 476
15.2833 473
15.3 470
15.3167 467
15.3333 464
15.35 461
15.3667 458
15.3833 455
15.4 452
15.4167 449
15.4333 446
15.45 443
15.4667 440
15.4833 436
15.5 433
15.5167 430
15.5333 427
15.55 424
15.5667 421
15.5833 418
15.6 415
15.6167 411
15.6333 408
15.65 405
15.6667 402
15.6833 399
15.7 396
15.7167 392
15.7333 389
15.75 386
15.7667 383
15.7833 379
15.8 376
15.8167 373
15.8333 370
15.85 366
15.8667 363
15.8833 360
15.9 357
15.9167 353
15.9333 350
15.95 347
15.9667 343
15.9833 340
