9.0 378
9.0167 381
9.0333 384
9.05 387
9.0667 391
9.0833 394
9.1 397
9.1167 400
9.1333 403
9.15 406
9.1667 410
9.1833 413
9.2 416
9.2167 419
9.2333 422
9.25 425
9.2667 428
9.2833 431
9.3 435
9.3167 438
9.3333 441
9.35 444
9.3667 447
9.3833 450
9.4 453
9.4167 456
9.4333 459
9.45 462
9.4667 465
9.4833 468
9.5 471
9.5167 474
9.5333 477
9.55 480
9.5667 483
9.5833 486
9.6 489
9.6167 492
9.6333 495
9.65 497
9.6667 500
9.6833 503
9.7 506
9.7167 509
9.7333 512
9.75 515
9.7667 517
9.7833 520
9.8 523
9.8167 526
9.8333 528
9.85 531
9.8667 534
9.8833 537
9.9 539
9.9167 542
9.9333 545
9.95 547
9.9667 550
9.9833 553
10.0 555
10.0167 558
10.0333 561
10.05 563
10.0667 566
10.0833 568
10.1 571
10.1167 573
10.1333 576
10.15 578
10.1667 581
10.1833 583
10.2 586
10.2167 588
10.2333 591
10.25 593
10.2667 596
10.2833 598
10.3 600
10.3167 603
10.3333 605
10.35 607
10.3667 610
10.3833 612
10.4 614
10.4167 617
10.4333 619
10.45 621
10.4667 623
10.4833 625
10.5 628
10.5167 630
10.5333 632
10.55 634
10.5667 636
10.5833 638
10.6 640
10.6167 642
10.6333 645
10.65 647
10.6667 649
10.6833 651
10.7 653
10.7167 655
10.7333 657
10.75 659
10.7667 660
10.7833 662
10.8 664
10.8167 666
10.8333 668
10.85 670
10.8667 672
10.8833 673
10.9 675
10.9167 677
10.9333 679
10.95 681
10.9667 682
10.9833 684
11.0 686
11.0167 687
11.0333 689
11.05 691
11.0667 692
11.0833 694
11.1 695
11.1167 697
11.1333 699
11.15 700
11.1667 702
11.1833 703
11.2 705
11.2167 706
11.2333 707
11.25 709
11.2667 710
11.2833 712
11.3 713
11.3167 714
11.3333 716
11.35 717
11.3667 718
11.3833 720
11.4 721
11.4167 722
11.4333 723
11.45 724
11.4667 726
11.4833 727
11.5 728
11.5167 729
11.5333 730
11.55 731
11.5667 732
11.5833 733
11.6 734
11.6167 735
11.6333 736
11.65 737
11.6667 738
11.6833 739
11.7 740
11.7167 741
11.7333 742
11.75 743
11.7667 744
11.7833 744
11.8 745
11.8167 746
11.8333 747
11.85 748
11.8667 748
11.8833 749
11.9 750
11.9167 750
11.9333 751
11.95 752
11.9667 752
11.9833 753
12.0 753
12.0167 754
12.0333 754
12.05 755
12.0667 755
12.0833 756
12.1 756
12.1167 757
12.1333 757
12.15 758
12.1667 758
12.1833 758
12.2 759
12.2167 759
12.2333 759
12.25 760
12.2667 760
12.2833 760
12.3 760
12.3167 760
12.3333 761
12.35 761
12.3667 761
12.3833 761
12.4 761
12.4167 761
12.4333 761
12.45 761
12.4667 761
12.4833 761
12.5 761
12.5167 761
12.5333 761
12.55 761
12.5667 761
12.5833 761
12.6 761
12.6167 761
12.6333 760
12.65 760
12.6667 760
12.6833 760
12.7 759
12.7167 759
12.7333 759
12.75 759
12.7667 758
12.7833 758
12.8 758
12.8167 757
12.8333 757
12.85 756
12.8667 756
12.8833 755
12.9 755
12.9167 754
12.9333 754
12.95 753
12.9667 753
12.9833 752
13.0 751
13.0167 751
13.0333 750
13.05 750
13.0667 749
13.0833 748
13.1 747
13.1167 747
13.1333 746
13.15 745
13.1667 744
13.1833 744
13.2 743
13.2167 742
13.2333 741
13.25 740
13.2667 739
13.2833 738
13.3 737
13.3167 736
13.3333 735
13.35 734
13.3667 733
13.3833 732
13.4 731
13.4167 730
13.4333 729
13.45 728
13.4667 727
13.4833 725
13.5 724
13.5167 723
13.5333 722
13.55 721
13.5667 719
13.5833 718
13.6 717
13.6167 715
13.6333 714
13.65 713
13.6667 711
13.6833 710
13.7 709
13.7167 707
13.7333 706
13.75 704
13.7667 703
13.7833 701
13.8 700
13.8167 698
13.8333 697
13.85 695
13.8667 694
13.8833 692
13.9 690
13.9167 689
13.9333 687
13.95 685
13.9667 684
13.9833 682
14.0 680
14.0167 678
14.0333 677
14.05 675
14.0667 673
14.0833 671
14.1 669
14.1167 668
14.1333 666
14.15 664
14.1667 662
14.1833 660
14.2 658
14.2167 656
14.2333 654
14.25 652
14.2667 650
14.2833 648
14.3 646
14.3167 644
14.3333 642
14.35 640
14.3667 638
14.3833 636
14.4 634
14.4167 632
14.4333 629
14.45 627
14.4667 625
14.4833 623
14.5 621
14.5167 618
14.5333 616
14.55 614
14.5667 611
14.5833 609
14.6 607
14.6167 605
14.6333 602
14.65 600
14.6667 597
14.6833 595
14.7 593
14.7167 590
14.7333 588
14.75 585
14.7667 583
14.7833 580
14.8 578
14.8167 575
14.8333 573
14.85 570
14.8667 568
14.8833 565
14.9 563
14.9167 560
14.9333 557
14.95 555
14.9667 552
14.9833 550
15.0 546
15.0167 543
15.0333 540
15.05 538
15.0667 535
15.0833 532
15.1 530
15.1167 527
15.1333 524
15.15 521
15.1667 519
15.1833 516
15.2 513
15.2167 510
15.2333 507
15.25 504
15.2667 502
15.2833 499
15.3 496
15.3167 493
15.3333 490
15.35 487
15.3667 484
15.3833 481
15.4 478
15.4167 475
15.4333 472
15.45 469
15.4667 466
15.4833 463
15.5 460
15.5167 457
15.5333 454
15.55 451
15.5667 448
15.5833 445
15.6 442
15.6167 439
15.6333 436
15.65 433
15.6667 430
15.6833 427
15.7 424
15.7167 420
15.7333 417
15.75 414
15.7667 411
15.7833 408
15.8 405
15.8167 402
15.8333 398
15.85 395
15.8667 392
15.8833 389
15.9 386
15.9167 382
15.9333 379
15.95 376
15.9667 373
15.9833 370
