9.0 442
9.0167 445
9.0333 448
9.05 451
9.0667 454
9.0833 457
9.1 460
9.1167 463
9.1333 466
9.15 469
9.1667 472
9.1833 475
9.2 478
9.2167 481
9.2333 484
9.25 486
9.2667 489
9.2833 492
9.3 495
9.3167 498
9.3333 501
9.35 504
9.3667 507
9.3833 510
9.4 513
9.4167 516
9.4333 518
9.45 521
9.4667 524
9.4833 527
9.5 530
9.5167 533
9.5333 535
9.55 538
9.5667 541
9.5833 544
9.6 547
9.6167 549
9.6333 552
9.65 555
9.6667 558
9.6833 560
9.7 563
9.7167 566
9.7333 569
9.75 571
9.7667 574
9.7833 577
9.8 579
9.8167 582
9.8333 585
9.85 587
9.8667 590
9.8833 593
9.9 595
9.9167 598
9.9333 600
9.95 603
9.9667 606
9.9833 608
10.0 611
10.0167 613
10.0333 616
10.05 618
10.0667 621
10.0833 623
10.1 626
10.1167 628
10.1333 631
10.15 633
10.1667 635
10.1833 638
10.2 640
10.2167 643
10.2333 645
10.25 647
10.2667 650
10.2833 652
10.3 655
10.3167 657
10.3333 659
10.35 661
10.3667 664
10.3833 666
10.4 668
10.4167 671
10.4333 673
10.45 675
10.4667 677
10.4833 679
10.5 682
10.5167 684
10.5333 686
10.55 688
10.5667 690
10.5833 692
10.6 694
10.6167 697
10.6333 699
10.65 701
10.6667 703
10.6833 705
10.7 707
10.7167 709
10.7333 711
10.75 713
10.7667 715
10.7833 717
10.8 719
10.8167 721
10.8333 722
10.85 724
10.8667 726
10.8833 728
10.9 730
10.9167 732
10.9333 734
10.95 735
10.9667 737
10.9833 739
11.0 741
11.0167 742
11.0333 744
11.05 746
11.0667 748
11.0833 749
11.1 751
11.1167 753
11.1333 754
11.15 756
11.1667 758
11.1833 759
11.2 761
11.2167 762
11.2333 764
11.25 765
11.2667 767
11.2833 768
11.3 770
11.3167 771
11.3333 773
11.35 774
11.3667 776
11.3833 777
11.4 779
11.4167 780
11.4333 781
11.45 783
11.4667 784
11.4833 785
11.5 787
11.5167 788
11.5333 789
11.55 790
11.5667 792
11.5833 793
11.6 794
11.6167 795
11.6333 796
11.65 798
11.6667 799
11.6833 800
11.7 801
11.7167 802
11.7333 803
11.75 804
11.7667 805
11.7833 806
11.8 807
11.8167 808
11.8333 809
11.85 810
11.8667 811
11.8833 812
11.9 813
11.9167 814
11.9333 815
11.95 815
11.9667 816
11.9833 817
12.0 818
12.0167 819
12.0333 819
12.05 820
12.0667 821
12.0833 822
12.1 822
12.1167 823
12.1333 824
12.15 824
12.1667 825
12.1833 826
12.2 826
12.2167 827
12.2333 827
12.25 828
12.2667 828
12.2833 829
12.3 829
12.3167 830
12.3333 830
12.35 831
12.3667 831
12.3833 832
12.4 832
12.4167 832
12.4333 833
12.45 833
12.4667 833
12.4833 834
12.5 834
12.5167 834
12.5333 835
12.55 835
12.5667 835
12.5833 835
12.6 835
12.6167 836
12.6333 836
12.65 836
12.6667 836
12.6833 836
12.7 836
12.7167 836
12.7333 836
12.75 836
12.7667 836
12.7833 836
12.8 836
12.8167 836
12.8333 836
12.85 836
12.8667 836
12.8833 836
12.9 836
12.9167 835
12.9333 835
12.95 835
12.9667 835
12.9833 835
13.0 834
13.0167 834
13.0333 834
13.05 834
13.0667 833
13.0833 833
13.1 833
13.1167 832
13.1333 832
13.15 832
13.1667 831
13.1833 831
13.2 830
13.2167 830
13.2333 829
13.25 829
13.2667 828
13.2833 828
13.3 827
13.3167 827
13.3333 826
13.35 825
13.3667 825
13.3833 824
13.4 824
13.4167 823
13.4333 822
13.45 822
13.4667 821
13.4833 820
13.5 819
13.5167 819
13.5333 818
13.55 817
13.5667 816
13.5833 815
13.6 814
13.6167 814
13.6333 813
13.65 812
13.6667 811
13.6833 810
13.7 809
13.7167 808
13.7333 807
13.75 806
13.7667 805
13.7833 804
13.8 803
13.8167 802
13.8333 801
13.85 800
13.8667 798
13.8833 797
13.9 796
13.9167 795
13.9333 794
13.95 793
13.9667 791
13.9833 790
14.0 789
14.0167 788
14.0333 786
14.05 785
14.0667 784
14.0833 782
14.1 781
14.1167 780
14.1333 778
14.15 777
14.1667 776
14.1833 774
14.2 773
14.2167 771
14.2333 770
14.25 768
14.2667 767
14.2833 765
14.3 764
14.3167 762
14.3333 761
14.35 759
14.3667 757
14.3833 756
14.4 754
14.4167 752
14.4333 751
14.45 749
14.4667 747
14.4833 746
14.5 744
14.5167 742
14.5333 740
14.55 739
14.5667 737
14.5833 735
14.6 733
14.6167 731
14.6333 730
14.65 728
14.6667 726
14.6833 724
14.7 722
14.7167 720
14.7333 718
14.75 716
14.7667 714
14.7833 712
14.8 710
14.8167 708
14.8333 706
14.85 704
14.8667 702
14.8833 700
14.9 698
14.9167 696
14.9333 694
14.95 692
14.9667 690
14.9833 688
15.0 686
15.0167 683
15.0333 681
15.05 679
15.0667 677
15.0833 675
15.1 672
15.1167 670
15.1333 668
15.15 666
15.1667 663
15.1833 661
15.2 659
15.2167 657
15.2333 654
15.25 652
15.2667 650
15.2833 647
15.3 645
15.3167 642
15.3333 640
15.35 638
15.3667 635
15.3833 633
15.4 630
15.4167 628
15.4333 625
15.45 623
15.4667 620
15.4833 618
15.5 615
15.5167 613
15.5333 610
15.55 608
15.5667 605
15.5833 603
15.6 600
15.6167 597
15.6333 595
15.65 592
15.6667 590
15.6833 587
15.7 584
15.7167 582
15.7333 579
15.75 576
15.7667 574
15.7833 571
15.8 568
15.8167 566
15.8333 563
15.85 560
15.8667 557
15.8833 555
15.9 552
15.9167 549
15.9333 546
15.95 544
15.9667 541
15.9833 538
