9.0 449
9.0167 452
9.0333 456
9.05 459
9.0667 462
9.0833 465
9.1 469
9.1167 472
9.1333 475
9.15 478
9.1667 481
9.1833 485
9.2 488
9.2167 491
9.2333 494
9.25 497
9.2667 500
9.2833 504
9.3 507
9.3167 510
9.3333 513
9.35 516
9.3667 519
9.3833 522
9.4 525
9.4167 529
9.4333 532
9.45 535
9.4667 538
9.4833 541
9.5 544
9.5167 547
9.5333 550
9.55 553
9.5667 556
9.5833 559
9.6 562
9.6167 565
9.6333 568
9.65 571
9.6667 574
9.6833 577
9.7 580
9.7167 583
9.7333 585
9.75 588
9.7667 591
9.7833 594
9.8 597
9.8167 600
9.8333 603
9.85 606
9.8667 608
9.8833 611
9.9 614
9.9167 617
9.9333 620
9.95 622
9.9667 625
9.9833 628
10.0 631
10.0167 633
10.0333 636
10.05 639
10.0667 641
10.0833 644
10.1 647
10.1167 649
10.1333 652
10.15 655
10.1667 657
10.1833 660
10.2 662
10.2167 665
10.2333 668
10.25 670
10.2667 673
10.2833 675
10.3 678
10.3167 680
10.3333 683
10.35 685
10.3667 688
10.3833 690
10.4 693
10.4167 695
10.4333 697
10.45 700
10.4667 702
10.4833 704
10.5 707
10.5167 709
10.5333 711
10.55 714
10.5667 716
10.5833 718
10.6 721
10.6167 723
10.6333 725
10.65 727
10.6667 730
10.6833 732
10.7 734
10.7167 736
10.7333 738
10.75 740
10.7667 742
10.7833 745
10.8 747
10.8167 749
10.8333 751
10.85 753
10.8667 755
10.8833 757
10.9 759
10.9167 761
10.9333 763
10.95 765
10.9667 767
10.9833 769
11.0 770
11.0167 772
11.0333 774
11.05 776
11.0667 778
11.0833 780
11.1 782
11.1167 783
11.1333 785
11.15 787
11.1667 789
11.1833 790
11.2 792
11.2167 794
11.2333 795
11.25 797
11.2667 799
11.2833 800
11.3 802
11.3167 804
11.3333 805
11.35 807
11.3667 808
11.3833 810
11.4 811
11.4167 813
11.4333 814
11.45 816
11.4667 817
11.4833 819
11.5 820
11.5167 821
11.5333 823
11.55 824
11.5667 825
11.5833 827
11.6 828
11.6167 829
11.6333 831
11.65 832
11.6667 833
11.6833 834
11.7 836
11.7167 837
11.7333 838
11.75 839
11.7667 840
11.7833 841
11.8 842
11.8167 844
11.8333 845
11.85 846
11.8667 847
11.8833 848
11.9 849
11.9167 850
11.9333 851
11.95 851
11.9667 852
11.9833 853
12.0 854
12.0167 855
12.0333 856
12.05 857
12.0667 858
12.0833 858
12.1 859
12.1167 860
12.1333 861
12.15 861
12.1667 862
12.1833 863
12.2 863
12.2167 864
12.2333 865
12.25 865
12.2667 866
12.2833 866
12.3 867
12.3167 868
12.3333 868
12.35 869
12.3667 869
12.3833 870
12.4 870
12.4167 870
12.4333 871
12.45 871
12.4667 872
12.4833 872
12.5 872
12.5167 873
12.5333 873
12.55 873
12.5667 873
12.5833 874
12.6 874
12.6167 874
12.6333 874
12.65 874
12.6667 875
12.6833 875
12.7 875
12.7167 875
12.7333 875
12.75 875
12.7667 875
12.7833 875
12.8 875
12.8167 875
12.8333 875
12.85 875
12.8667 875
12.8833 875
12.9 875
12.9167 875
12.9333 875
12.95 874
12.9667 874
12.9833 874
13.0 874
13.0167 874
13.0333 873
13.05 873
13.0667 873
13.0833 872
13.1 872
13.1167 872
13.1333 871
13.15 871
13.1667 871
13.1833 870
13.2 870
13.2167 869
13.2333 869
13.25 868
13.2667 868
13.2833 867
13.3 867
13.3167 866
13.3333 866
13.35 865
13.3667 864
13.3833 864
13.4 863
13.4167 862
13.4333 862
13.45 861
13.4667 860
13.4833 859
13.5 859
13.5167 858
13.5333 857
13.55 856
13.5667 855
13.5833 855
13.6 854
13.6167 853
13.6333 852
13.65 851
13.6667 850
13.6833 849
13.7 848
13.7167 847
13.7333 846
13.75 845
13.7667 844
13.7833 843
13.8 842
13.8167 841
13.8333 840
13.85 838
13.8667 837
13.8833 836
13.9 835
13.9167 834
13.9333 832
13.95 831
13.9667 830
13.9833 829
14.0 827
14.0167 826
14.0333 825
14.05 823
14.0667 822
14.0833 821
14.1 819
14.1167 818
14.1333 816
14.15 815
14.1667 813
14.1833 812
14.2 810
14.2167 809
14.2333 807
14.25 806
14.2667 804
14.2833 803
14.3 801
14.3167 799
14.3333 798
14.35 796
14.3667 794
14.3833 793
14.4 791
14.4167 789
14.4333 788
14.45 786
14.4667 784
14.4833 782
14.5 781
14.5167 779
14.5333 777
14.55 775
14.5667 773
14.5833 771
14.6 769
14.6167 767
14.6333 766
14.65 764
14.6667 762
14.6833 760
14.7 758
14.7167 756
14.7333 754
14.75 752
14.7667 750
14.7833 748
14.8 745
14.8167 743
14.8333 741
14.85 739
14.8667 737
14.8833 735
14.9 733
14.9167 730
14.9333 728
14.95 726
14.9667 724
14.9833 722
15.0 719
15.0167 717
15.0333 715
15.05 712
15.0667 710
15.0833 708
15.1 705
15.1167 703
15.1333 701
15.15 698
15.1667 696
15.1833 693
15.2 691
15.2167 688
15.2333 686
15.25 684
15.2667 681
15.2833 679
15.3 676
15.3167 674
15.3333 671
15.35 668
15.3667 666
15.3833 663
15.4 661
15.4167 658
15.4333 656
15.45 653
15.4667 650
15.4833 648
15.5 645
15.5167 642
15.5333 640
15.55 637
15.5667 634
15.5833 631
15.6 629
15.6167 626
15.6333 623
15.65 620
15.6667 618
15.6833 615
15.7 612
15.7167 609
15.7333 606
15.75 604
15.7667 601
15.7833 598
15.8 595
15.8167 592
15.8333 589
15.85 586
15.8667 584
15.8833 581
15.9 578
15.9167 575
15.9333 572
15.95 569
15.9667 566
15.9833 563
