9.0 392
9.0167 396
9.0333 399
9.05 402
9.0667 405
9.0833 409
9.1 412
9.1167 415
9.1333 418
9.15 421
9.1667 425
9.1833 428
9.2 431
9.2167 434
9.2333 437
9.25 441
9.2667 444
9.2833 447
9.3 450
9.3167 453
9.3333 456
9.35 460
9.3667 463
9.3833 466
9.4 469
9.4167 472
9.4333 475
9.45 478
9.4667 481
9.4833 484
9.5 488
9.5167 491
9.5333 494
9.55 497
9.5667 500
9.5833 503
9.6 506
9.6167 509
9.6333 512
9.65 515
9.6667 518
9.6833 521
9.7 524
9.7167 527
9.7333 530
9.75 533
9.7667 535
9.7833 538
9.8 541
9.8167 544
9.8333 547
9.85 550
9.8667 553
9.8833 556
9.9 558
9.9167 561
9.9333 564
9.95 567
9.9667 570
9.9833 572
10.0 575
10.0167 578
10.0333 581
10.05 584
10.0667 586
10.0833 589
10.1 592
10.1167 594
10.1333 597
10.15 600
10.1667 602
10.1833 605
10.2 608
10.2167 610
10.2333 613
10.25 615
10.2667 618
10.2833 620
10.3 623
10.3167 625
10.3333 628
10.35 631
10.3667 633
10.3833 635
10.4 638
10.4167 640
10.4333 643
10.45 645
10.4667 648
10.4833 650
10.5 652
10.5167 655
10.5333 657
10.55 659
10.5667 662
10.5833 664
10.6 666
10.6167 669
10.6333 671
10.65 673
10.6667 675
10.6833 677
10.7 680
10.7167 682
10.7333 684
10.75 686
10.7667 688
10.7833 690
10.8 693
10.8167 695
10.8333 697
10.85 699
10.8667 701
10.8833 703
10.9 705
10.9167 707
10.9333 709
10.95 711
10.9667 713
10.9833 715
11.0 716
11.0167 718
11.0333 720
11.05 722
11.0667 724
11.0833 726
11.1 728
11.1167 729
11.1333 731
11.15 733
11.1667 735
11.1833 736
11.2 738
11.2167 740
11.2333 741
11.25 743
11.2667 745
11.2833 746
11.3 748
11.3167 750
11.3333 751
11.35 753
11.3667 754
11.3833 756
11.4 757
11.4167 759
11.4333 760
11.45 762
11.4667 763
11.4833 764
11.5 766
11.5167 767
11.5333 768
11.55 770
11.5667 771
11.5833 772
11.6 774
11.6167 775
11.6333 776
11.65 777
11.6667 779
11.6833 780
11.7 781
11.7167 782
11.7333 783
11.75 784
11.7667 786
11.7833 787
11.8 788
11.8167 789
11.8333 790
11.85 791
11.8667 792
11.8833 793
11.9 794
11.9167 795
11.9333 796
11.95 796
11.9667 797
11.9833 798
12.0 799
12.0167 800
12.0333 801
12.05 801
12.0667 802
12.0833 803
12.1 804
12.1167 804
12.1333 805
12.15 806
12.1667 806
12.1833 807
12.2 808
12.2167 808
12.2333 809
12.25 809
12.2667 810
12.2833 810
12.3 811
12.3167 811
12.3333 812
12.35 812
12.3667 813
12.3833 813
12.4 813
12.4167 814
12.4333 814
12.45 815
12.4667 815
12.4833 815
12.5 815
12.5167 816
12.5333 816
12.55 816
12.5667 816
12.5833 816
12.6 817
12.6167 817
12.6333 817
12.65 817
12.6667 817
12.6833 817
12.7 817
12.7167 817
12.7333 817
12.75 817
12.7667 817
12.7833 817
12.8 817
12.8167 817
12.8333 817
12.85 816
12.8667 816
12.8833 816
12.9 816
12.9167 816
12.9333 816
12.95 815
12.9667 815
12.9833 815
13.0 814
13.0167 814
13.0333 814
13.05 813
13.0667 813
13.0833 813
13.1 812
13.1167 812
13.1333 811
13.15 811
13.1667 810
13.1833 810
13.2 809
13.2167 809
13.2333 808
13.25 807
13.2667 807
13.2833 806
13.3 805
13.3167 805
13.3333 804
13.35 803
13.3667 803
13.3833 802
13.4 801
13.4167 800
13.4333 800
13.45 799
13.4667 798
13.4833 797
13.5 796
13.5167 795
13.5333 794
13.55 793
13.5667 792
13.5833 791
13.6 790
13.6167 789
13.6333 788
13.65 787
13.6667 786
13.6833 785
13.7 784
13.7167 783
13.7333 782
13.75 781
13.7667 779
13.7833 778
13.8 777
13.8167 776
13.8333 775
13.85 773
13.8667 772
13.8833 771
13.9 769
13.9167 768
13.9333 767
13.95 765
13.9667 764
13.9833 762
14.0 761
14.0167 760
14.0333 758
14.05 757
14.0667 755
14.0833 754
14.1 752
14.1167 750
14.1333 749
14.15 747
14.1667 746
14.1833 744
14.2 742
14.2167 741
14.2333 739
14.25 737
14.2667 736
14.2833 734
14.3 732
14.3167 730
14.3333 729
14.35 727
14.3667 725
14.3833 723
14.4 721
14.4167 720
14.4333 718
14.45 716
14.4667 714
14.4833 712
14.5 710
14.5167 708
14.5333 706
14.55 704
14.5667 702
14.5833 700
14.6 698
14.6167 696
14.6333 694
14.65 692
14.6667 690
14.6833 688
14.7 685
14.7167 683
14.7333 681
14.75 679
14.7667 677
14.7833 674
14.8 672
14.8167 670
14.8333 668
14.85 665
14.8667 663
14.8833 661
14.9 659
14.9167 656
14.9333 654
14.95 651
14.9667 649
14.9833 647
15.0 645
15.0167 642
15.0333 640
15.05 637
15.0667 635
15.0833 632
15.1 630
15.1167 627
15.1333 625
15.15 622
15.1667 620
15.1833 617
15.2 615
15.2167 612
15.2333 610
15.25 607
15.2667 604
15.2833 602
15.3 599
15.3167 596
15.3333 594
15.35 591
15.3667 588
15.3833 586
15.4 583
15.4167 580
15.4333 577
15.45 575
15.4667 572
15.4833 569
15.5 566
15.5167 563
15.5333 561
15.55 558
15.5667 555
15.5833 552
15.6 549
15.6167 546
15.6333 543
15.65 541
15.6667 538
15.6833 535
15.7 532
15.7167 529
15.7333 526
15.75 523
15.7667 520
15.7833 517
15.8 514
15.8167 511
15.8333 508
15.85 505
15.8667 502
15.8833 499
15.9 496
15.9167 493
15.9333 490
15.95 487
15.9667 484
15.9833 481
