9.0 406
9.0167 409
9.0333 412
9.05 415
9.0667 418
9.0833 421
9.1 424
9.1167 427
9.1333 430
9.15 433
9.1667 436
9.1833 439
9.2 442
9.2167 445
9.2333 448
9.25 451
9.2667 454
9.2833 457
9.3 460
9.3167 463
9.3333 466
9.35 469
9.3667 472
9.3833 475
9.4 477
9.4167 480
9.4333 483
9.45 486
9.4667 489
9.4833 492
9.5 495
9.5167 498
9.5333 500
9.55 503
9.5667 506
9.5833 509
9.6 512
9.6167 515
9.6333 517
9.65 520
9.6667 523
9.6833 526
9.7 529
9.7167 531
9.7333 534
9.75 537
9.7667 540
9.7833 542
9.8 545
9.8167 548
9.8333 550
9.85 553
9.8667 556
9.8833 558
9.9 561
9.9167 564
9.9333 566
9.95 569
9.9667 572
9.9833 574
10.0 577
10.0167 579
10.0333 582
10.05 584
10.0667 587
10.0833 590
10.1 592
10.1167 595
10.1333 597
10.15 600
10.1667 602
10.1833 605
10.2 607
10.2167 609
10.2333 612
10.25 614
10.2667 617
10.2833 619
10.3 621
10.3167 624
10.3333 626
10.35 629
10.3667 631
10.3833 633
10.4 636
10.4167 638
10.4333 640
10.45 642
10.4667 645
10.4833 647
10.5 649
10.5167 651
10.5333 654
10.55 656
10.5667 658
10.5833 660
10.6 662
10.6167 664
10.6333 667
10.65 669
10.6667 671
10.6833 673
10.7 675
10.7167 677
10.7333 679
10.75 681
10.7667 683
10.7833 685
10.8 687
10.8167 689
10.8333 691
10.85 693
10.8667 695
10.8833 697
10.9 699
10.9167 701
10.9333 703
10.95 704
10.9667 706
10.9833 708
11.0 710
11.0167 712
11.0333 714
11.05 715
11.0667 717
11.0833 719
11.1 721
11.1167 722
11.1333 724
11.15 726
11.1667 727
11.1833 729
11.2 731
11.2167 732
11.2333 734
11.25 735
11.2667 737
11.2833 739
11.3 740
11.3167 742
11.3333 743
11.35 745
11.3667 746
11.3833 748
11.4 749
11.4167 750
11.4333 752
11.45 753
11.4667 755
11.4833 756
11.5 757
11.5167 759
11.5333 760
11.55 761
11.5667 763
11.5833 764
11.6 765
11.6167 766
11.6333 768
11.65 769
11.6667 770
11.6833 771
11.7 772
11.7167 773
11.7333 775
11.75 776
11.7667 777
11.7833 778
11.8 779
11.8167 780
11.8333 781
11.85 782
11.8667 783
11.8833 784
11.9 785
11.9167 786
11.9333 787
11.95 788
11.9667 789
11.9833 789
12.0 790
12.0167 791
12.0333 792
12.05 793
12.0667 793
12.0833 794
12.1 795
12.1167 796
12.1333 796
12.15 797
12.1667 798
12.1833 798
12.2 799
12.2167 800
12.2333 800
12.25 801
12.2667 802
12.2833 802
12.3 803
12.3167 803
12.3333 804
12.35 804
12.3667 805
12.3833 805
12.4 805
12.4167 806
12.4333 806
12.45 807
12.4667 807
12.4833 807
12.5 808
12.5167 808
12.5333 808
12.55 809
12.5667 809
12.5833 809
12.6 809
12.6167 809
12.6333 810
12.65 810
12.6667 810
12.6833 810
12.7 810
12.7167 810
12.7333 810
12.75 810
12.7667 811
12.7833 811
12.8 811
12.8167 811
12.8333 811
12.85 810
12.8667 810
12.8833 810
12.9 810
12.9167 810
12.9333 810
12.95 810
12.9667 810
12.9833 809
13.0 809
13.0167 809
13.0333 809
13.05 809
13.0667 808
13.0833 808
13.1 808
13.1167 807
13.1333 807
13.15 807
13.1667 806
13.1833 806
13.2 805
13.2167 805
13.2333 805
13.25 804
13.2667 804
13.2833 803
13.3 803
13.3167 802
13.3333 801
13.35 801
13.3667 800
13.3833 800
13.4 799
13.4167 798
13.4333 798
13.45 797
13.4667 796
13.4833 796
13.5 795
13.5167 794
13.5333 793
13.55 793
13.5667 792
13.5833 791
13.6 790
13.6167 789
13.6333 788
13.65 788
13.6667 787
13.6833 786
13.7 785
13.7167 784
13.7333 783
13.75 782
13.7667 781
13.7833 780
13.8 779
13.8167 778
13.8333 777
13.85 776
13.8667 775
13.8833 773
13.9 772
13.9167 771
13.9333 770
13.95 769
13.9667 768
13.9833 766
14.0 765
14.0167 764
14.0333 763
14.05 761
14.0667 760
14.0833 759
14.1 757
14.1167 756
14.1333 755
14.15 753
14.1667 752
14.1833 750
14.2 749
14.2167 748
14.2333 746
14.25 745
14.2667 743
14.2833 742
14.3 740
14.3167 739
14.3333 737
14.35 735
14.3667 734
14.3833 732
14.4 731
14.4167 729
14.4333 727
14.45 726
14.4667 724
14.4833 722
14.5 720
14.5167 719
14.5333 717
14.55 715
14.5667 713
14.5833 712
14.6 710
14.6167 708
14.6333 706
14.65 704
14.6667 703
14.6833 701
14.7 699
14.7167 697
14.7333 695
14.75 693
14.7667 691
14.7833 689
14.8 687
14.8167 685
14.8333 683
14.85 681
14.8667 679
14.8833 677
14.9 675
14.9167 673
14.9333 671
14.95 669
14.9667 667
14.9833 664
15.0 662
15.0167 660
15.0333 658
15.05 656
15.0667 653
15.0833 651
15.1 649
15.1167 647
15.1333 644
15.15 642
15.1667 640
15.1833 638
15.2 635
15.2167 633
15.2333 631
15.25 628
15.2667 626
15.2833 624
15.3 621
15.3167 619
15.3333 616
15.35 614
15.3667 612
15.3833 609
15.4 607
15.4167 604
15.4333 602
15.45 599
15.4667 597
15.4833 594
15.5 592
15.5167 589
15.5333 587
15.55 584
15.5667 582
15.5833 579
15.6 576
15.6167 574
15.6333 571
15.65 569
15.6667 566
15.6833 563
15.7 561
15.7167 558
15.7333 555
15.75 553
15.7667 550
15.7833 547
15.8 545
15.8167 542
15.8333 539
15.85 536
15.8667 534
15.8833 531
15.9 528
15.9167 525
15.9333 523
15.95 520
15.9667 517
15.9833 514
