9.0 416
9.0167 418
9.0333 421
9.05 424
9.0667 427
9.0833 430
9.1 433
9.1167 436
9.1333 439
9.15 442
9.1667 445
9.1833 448
9.2 451
9.2167 454
9.2333 457
9.25 460
9.2667 463
9.2833 466
9.3 469
9.3167 471
9.3333 474
9.35 477
9.3667 480
9.3833 483
9.4 486
9.4167 489
9.4333 492
9.45 494
9.4667 497
9.4833 500
9.5 503
9.5167 506
9.5333 508
9.55 511
9.5667 514
9.5833 517
9.6 520
9.6167 522
9.6333 525
9.65 528
9.6667 531
9.6833 533
9.7 536
9.7167 539
9.7333 542
9.75 544
9.7667 547
9.7833 550
9.8 552
9.8167 555
9.8333 558
9.85 560
9.8667 563
9.8833 565
9.9 568
9.9167 571
9.9333 573
9.95 576
9.9667 578
9.9833 581
10.0 584
10.0167 586
10.0333 589
10.05 591
10.0667 594
10.0833 596
10.1 599
10.1167 601
10.1333 604
10.15 606
10.1667 608
10.1833 611
10.2 613
10.2167 616
10.2333 618
10.25 620
10.2667 623
10.2833 625
10.3 628
10.3167 630
10.3333 632
10.35 635
10.3667 637
10.3833 639
10.4 641
10.4167 644
10.4333 646
10.45 648
10.4667 650
10.4833 653
10.5 655
10.5167 657
10.5333 659
10.55 661
10.5667 663
10.5833 666
10.6 668
10.6167 670
10.6333 672
10.65 674
10.6667 676
10.6833 678
10.7 680
10.7167 682
10.7333 684
10.75 686
10.7667 688
10.7833 690
10.8 692
10.8167 694
10.8333 696
10.85 698
10.8667 700
10.8833 702
10.9 703
10.9167 705
10.9333 707
10.95 709
10.9667 711
10.9833 713
11.0 714
11.0167 716
11.0333 718
11.05 720
11.0667 721
11.0833 723
11.1 725
11.1167 726
11.1333 728
11.15 730
11.1667 731
11.1833 733
11.2 735
11.2167 736
11.2333 738
11.25 739
11.2667 741
11.2833 742
11.3 744
11.3167 745
11.3333 747
11.35 748
11.3667 750
11.3833 751
11.4 753
11.4167 754
11.4333 755
11.45 757
11.4667 758
11.4833 759
11.5 761
11.5167 762
11.5333 763
11.55 765
11.5667 766
11.5833 767
11.6 768
11.6167 770
11.6333 771
11.65 772
11.6667 773
11.6833 774
11.7 775
11.7167 776
11.7333 778
11.75 779
11.7667 780
11.7833 781
11.8 782
11.8167 783
11.8333 784
11.85 785
11.8667 786
11.8833 787
11.9 788
11.9167 788
11.9333 789
11.95 790
11.9667 791
11.9833 792
12.0 793
12.0167 794
12.0333 794
12.05 795
12.0667 796
12.0833 797
12.1 797
12.1167 798
12.1333 799
12.15 799
12.1667 800
12.1833 801
12.2 801
12.2167 802
12.2333 803
12.25 803
12.2667 804
12.2833 804
12.3 805
12.3167 805
12.3333 806
12.35 806
12.3667 807
12.3833 807
12.4 807
12.4167 808
12.4333 808
12.45 809
12.4667 809
12.4833 809
12.5 810
12.5167 810
12.5333 810
12.55 810
12.5667 811
12.5833 811
12.6 811
12.6167 811
12.6333 811
12.65 812
12.6667 812
12.6833 812
12.7 812
12.7167 812
12.7333 812
12.75 812
12.7667 812
12.7833 812
12.8 812
12.8167 812
12.8333 812
12.85 812
12.8667 812
12.8833 812
12.9 812
12.9167 812
12.9333 811
12.95 811
12.9667 811
12.9833 811
13.0 811
13.0167 811
13.0333 810
13.05 810
13.0667 810
13.0833 809
13.1 809
13.1167 809
13.1333 808
13.15 808
13.1667 808
13.1833 807
13.2 807
13.2167 806
13.2333 806
13.25 805
13.2667 805
13.2833 804
13.3 804
13.3167 803
13.3333 803
13.35 802
13.3667 802
13.3833 801
13.4 800
13.4167 800
13.4333 799
13.45 798
13.4667 798
13.4833 797
13.5 796
13.5167 795
13.5333 795
13.55 794
13.5667 793
13.5833 792
13.6 792
13.6167 791
13.6333 790
13.65 789
13.6667 788
13.6833 787
13.7 786
13.7167 785
13.7333 784
13.75 783
13.7667 782
13.7833 781
13.8 780
13.8167 779
13.8333 778
13.85 777
13.8667 776
13.8833 775
13.9 774
13.9167 772
13.9333 771
13.95 770
13.9667 769
13.9833 768
14.0 766
14.0167 765
14.0333 764
14.05 763
14.0667 761
14.0833 760
14.1 759
14.1167 757
14.1333 756
14.15 755
14.1667 753
14.1833 752
14.2 750
14.2167 749
14.2333 748
14.25 746
14.2667 745
14.2833 743
14.3 742
14.3167 740
14.3333 739
14.35 737
14.3667 735
14.3833 734
14.4 732
14.4167 731
14.4333 729
14.45 727
14.4667 726
14.4833 724
14.5 722
14.5167 720
14.5333 719
14.55 717
14.5667 715
14.5833 713
14.6 712
14.6167 710
14.6333 708
14.65 706
14.6667 704
14.6833 702
14.7 701
14.7167 699
14.7333 697
14.75 695
14.7667 693
14.7833 691
14.8 689
14.8167 687
14.8333 685
14.85 683
14.8667 681
14.8833 679
14.9 677
14.9167 675
14.9333 673
14.95 671
14.9667 669
14.9833 667
15.0 664
15.0167 662
15.0333 660
15.05 658
15.0667 656
15.0833 654
15.1 651
15.1167 649
15.1333 647
15.15 645
15.1667 642
15.1833 640
15.2 638
15.2167 636
15.2333 633
15.25 631
15.2667 629
15.2833 626
15.3 624
15.3167 622
15.3333 619
15.35 617
15.3667 614
15.3833 612
15.4 610
15.4167 607
15.4333 605
15.45 602
15.4667 600
15.4833 597
15.5 595
15.5167 592
15.5333 590
15.55 587
15.5667 585
15.5833 582
15.6 580
15.6167 577
15.6333 574
15.65 572
15.6667 569
15.6833 567
15.7 564
15.7167 561
15.7333 559
15.75 556
15.7667 554
15.7833 551
15.8 548
15.8167 545
15.8333 543
15.85 540
15.8667 537
15.8833 535
15.9 532
15.9167 529
15.9333 526
15.95 524
15.9667 521
15.9833 518
