9.0 410
9.0167 413
9.0333 416
9.05 419
9.0667 422
9.0833 425
9.1 428
9.1167 431
9.1333 434
9.15 437
9.1667 440
9.1833 443
9.2 446
9.2167 449
9.2333 452
9.25 455
9.2667 458
9.2833 461
9.3 464
9.3167 467
9.3333 470
9.35 473
9.3667 476
9.3833 479
9.4 482
9.4167 485
9.4333 488
9.45 491
9.4667 494
9.4833 497
9.5 500
9.5167 503
9.5333 505
9.55 508
9.5667 511
9.5833 514
9.6 517
9.6167 520
9.6333 523
9.65 525
9.6667 528
9.6833 531
9.7 534
9.7167 537
9.7333 539
9.75 542
9.7667 545
9.7833 548
9.8 550
9.8167 553
9.8333 556
9.85 559
9.8667 561
9.8833 564
9.9 567
9.9167 569
9.9333 572
9.95 575
9.9667 577
9.9833 580
10.0 583
10.0167 585
10.0333 588
10.05 590
10.0667 593
10.0833 596
10.1 598
10.1167 601
10.1333 603
10.15 606
10.1667 608
10.1833 611
10.2 613
10.2167 616
10.2333 618
10.25 621
10.2667 623
10.2833 625
10.3 628
10.3167 630
10.3333 633
10.35 635
10.3667 637
10.3833 640
10.4 642
10.4167 644
10.4333 647
10.45 649
10.4667 651
10.4833 654
10.5 656
10.5167 658
10.5333 660
10.55 662
10.5667 665
10.5833 667
10.6 669
10.6167 671
10.6333 673
10.65 676
10.6667 678
10.6833 680
10.7 682
10.7167 684
10.7333 686
10.75 688
10.7667 690
10.7833 692
10.8 694
10.8167 696
10.8333 698
10.85 700
10.8667 702
10.8833 704
10.9 706
10.9167 708
10.9333 710
10.95 712
10.9667 713
10.9833 715
11.0 717
11.0167 719
11.0333 721
11.05 723
11.0667 724
11.0833 726
11.1 728
11.1167 730
11.1333 731
11.15 733
11.1667 735
11.1833 736
11.2 738
11.2167 740
11.2333 741
11.25 743
11.2667 744
11.2833 746
11.3 747
11.3167 749
11.3333 751
11.35 752
11.3667 754
11.3833 755
11.4 756
11.4167 758
11.4333 759
11.45 761
11.4667 762
11.4833 763
11.5 765
11.5167 766
11.5333 767
11.55 769
11.5667 770
11.5833 771
11.6 773
11.6167 774
11.6333 775
11.65 776
11.6667 777
11.6833 779
11.7 780
11.7167 781
11.7333 782
11.75 783
11.7667 784
11.7833 785
11.8 786
11.8167 787
11.8333 788
11.85 789
11.8667 790
11.8833 791
11.9 792
11.9167 793
11.9333 794
11.95 795
11.9667 796
11.9833 797
12.0 798
12.0167 799
12.0333 799
12.05 800
12.0667 801
12.0833 802
12.1 802
12.1167 803
12.1333 804
12.15 805
12.1667 805
12.1833 806
12.2 807
12.2167 807
12.2333 808
12.25 808
12.2667 809
12.2833 809
12.3 810
12.3167 811
12.3333 811
12.35 812
12.3667 812
12.3833 812
12.4 813
12.4167 813
12.4333 814
12.45 814
12.4667 814
12.4833 815
12.5 815
12.5167 815
12.5333 816
12.55 816
12.5667 816
12.5833 816
12.6 817
12.6167 817
12.6333 817
12.65 817
12.6667 817
12.6833 817
12.7 817
12.7167 818
12.7333 818
12.75 818
12.7667 818
12.7833 818
12.8 818
12.8167 818
12.8333 818
12.85 818
12.8667 817
12.8833 817
12.9 817
12.9167 817
12.9333 817
12.95 817
12.9667 817
12.9833 816
13.0 816
13.0167 816
13.0333 816
13.05 815
13.0667 815
13.0833 815
13.1 815
13.1167 814
13.1333 814
13.15 813
13.1667 813
13.1833 813
13.2 812
13.2167 812
13.2333 811
13.25 811
13.2667 810
13.2833 810
13.3 809
13.3167 809
13.3333 808
13.35 808
13.3667 807
13.3833 806
13.4 806
13.4167 805
13.4333 804
13.45 804
13.4667 803
13.4833 802
13.5 801
13.5167 801
13.5333 800
13.55 799
13.5667 798
13.5833 797
13.6 796
13.6167 796
13.6333 795
13.65 794
13.6667 793
13.6833 792
13.7 791
13.7167 790
13.7333 789
13.75 788
13.7667 787
13.7833 786
13.8 785
13.8167 784
13.8333 783
13.85 782
13.8667 780
13.8833 779
13.9 778
13.9167 777
13.9333 776
13.95 775
13.9667 773
13.9833 772
14.0 771
14.0167 770
14.0333 768
14.05 767
14.0667 766
14.0833 764
14.1 763
14.1167 761
14.1333 760
14.15 759
14.1667 757
14.1833 756
14.2 754
14.2167 753
14.2333 751
14.25 750
14.2667 748
14.2833 747
14.3 745
14.3167 744
14.3333 742
14.35 740
14.3667 739
14.3833 737
14.4 735
14.4167 734
14.4333 732
14.45 730
14.4667 729
14.4833 727
14.5 725
14.5167 723
14.5333 722
14.55 720
14.5667 718
14.5833 716
14.6 714
14.6167 713
14.6333 711
14.65 709
14.6667 707
14.6833 705
14.7 703
14.7167 701
14.7333 699
14.75 697
14.7667 695
14.7833 693
14.8 691
14.8167 689
14.8333 687
14.85 685
14.8667 683
14.8833 681
14.9 679
14.9167 677
14.9333 675
14.95 672
14.9667 670
14.9833 668
15.0 666
15.0167 663
15.0333 661
15.05 659
15.0667 657
15.0833 655
15.1 652
15.1167 650
15.1333 648
15.15 645
15.1667 643
15.1833 641
15.2 638
15.2167 636
15.2333 634
15.25 631
15.2667 629
15.2833 626
15.3 624
15.3167 622
15.3333 619
15.35 617
15.3667 614
15.3833 612
15.4 609
15.4167 607
15.4333 604
15.45 602
15.4667 599
15.4833 597
15.5 594
15.5167 592
15.5333 589
15.55 586
15.5667 584
15.5833 581
15.6 578
15.6167 576
15.6333 573
15.65 571
15.6667 568
15.6833 565
15.7 562
15.7167 560
15.7333 557
15.75 554
15.7667 552
15.7833 549
15.8 546
15.8167 543
15.8333 541
15.85 538
15.8667 535
15.8833 532
15.9 529
15.9167 527
15.9333 524
15.95 521
15.9667 518
15.9833 515
