9.0 501
9.0167 505
9.0333 508
9.05 511
9.0667 514
9.0833 518
9.1 521
9.1167 524
9.1333 527
9.15 531
9.1667 534
9.1833 537
9.2 540
9.2167 543
9.2333 547
9.25 550
9.2667 553
9.2833 556
9.3 559
9.3167 562
9.3333 565
9.35 569
9.3667 572
9.3833 575
9.4 578
9.4167 581
9.4333 584
9.45 587
9.4667 590
9.4833 593
9.5 596
9.5167 599
9.5333 602
9.55 605
9.5667 608
9.5833 611
9.6 614
9.6167 617
9.6333 620
9.65 623
9.6667 626
9.6833 629
9.7 632
9.7167 635
9.7333 638
9.75 640
9.7667 643
9.7833 646
9.8 649
9.8167 652
9.8333 655
9.85 657
9.8667 660
9.8833 663
9.9 666
9.9167 668
9.9333 671
9.95 674
9.9667 677
9.9833 679
10.0 682
10.0167 685
10.0333 687
10.05 690
10.0667 693
10.0833 695
10.1 698
10.1167 700
10.1333 703
10.15 705
10.1667 708
10.1833 711
10.2 713
10.2167 716
10.2333 718
10.25 721
10.2667 723
10.2833 725
10.3 728
10.3167 730
10.3333 733
10.35 735
10.3667 737
10.3833 740
10.4 742
10.4167 744
10.4333 747
10.45 749
10.4667 751
10.4833 754
10.5 756
10.5167 758
10.5333 760
10.55 763
10.5667 765
10.5833 767
10.6 769
10.6167 771
10.6333 773
10.65 776
10.6667 778
10.6833 780
10.7 782
10.7167 784
10.7333 786
10.75 788
10.7667 790
10.7833 792
10.8 794
10.8167 796
10.8333 798
10.85 800
10.8667 802
10.8833 804
10.9 805
10.9167 807
10.9333 809
10.95 811
10.9667 813
10.9833 815
11.0 816
11.0167 818
11.0333 820
11.05 822
11.0667 823
11.0833 825
11.1 827
11.1167 828
11.1333 830
11.15 832
11.1667 833
11.1833 835
11.2 836
11.2167 838
11.2333 840
11.25 841
11.2667 843
11.2833 844
11.3 846
11.3167 847
11.3333 848
11.35 850
11.3667 851
11.3833 853
11.4 854
11.4167 855
11.4333 857
11.45 858
11.4667 859
11.4833 861
11.5 862
11.5167 863
11.5333 864
11.55 865
11.5667 867
11.5833 868
11.6 869
11.6167 870
11.6333 871
11.65 872
11.6667 873
11.6833 875
11.7 876
11.7167 877
11.7333 878
11.75 879
11.7667 880
11.7833 881
11.8 881
11.8167 882
11.8333 883
11.85 884
11.8667 885
11.8833 886
11.9 887
11.9167 887
11.9333 888
11.95 889
11.9667 890
11.9833 891
12.0 891
12.0167 892
12.0333 893
12.05 893
12.0667 894
12.0833 895
12.1 895
12.1167 896
12.1333 896
12.15 897
12.1667 897
12.1833 898
12.2 898
12.2167 899
12.2333 899
12.25 900
12.2667 900
12.2833 901
12.3 901
12.3167 901
12.3333 902
12.35 902
12.3667 902
12.3833 903
12.4 903
12.4167 903
12.4333 903
12.45 904
12.4667 904
12.4833 904
12.5 904
12.5167 904
12.5333 904
12.55 904
12.5667 904
12.5833 904
12.6 905
12.6167 905
12.6333 905
12.65 905
12.6667 904
12.6833 904
12.7 904
12.7167 904
12.7333 904
12.75 904
12.7667 904
12.7833 904
12.8 904
12.8167 903
12.8333 903
12.85 903
12.8667 903
12.8833 902
12.9 902
12.9167 902
12.9333 901
12.95 901
12.9667 901
12.9833 900
13.0 900
13.0167 899
13.0333 899
13.05 898
13.0667 898
13.0833 897
13.1 897
13.1167 896
13.1333 896
13.15 895
13.1667 895
13.1833 894
13.2 893
13.2167 893
13.2333 892
13.25 891
13.2667 891
13.2833 890
13.3 889
13.3167 888
13.3333 887
13.35 887
13.3667 886
13.3833 885
13.4 884
13.4167 883
13.4333 882
13.45 881
13.4667 881
13.4833 880
13.5 879
13.5167 878
13.5333 877
13.55 876
13.5667 875
13.5833 873
13.6 872
13.6167 871
13.6333 870
13.65 869
13.6667 868
13.6833 867
13.7 866
13.7167 864
13.7333 863
13.75 862
13.7667 861
13.7833 859
13.8 858
13.8167 857
13.8333 855
13.85 854
13.8667 853
13.8833 851
13.9 850
13.9167 848
13.9333 847
13.95 846
13.9667 844
13.9833 843
14.0 841
14.0167 840
14.0333 838
14.05 836
14.0667 835
14.0833 833
14.1 832
14.1167 830
14.1333 828
14.15 827
14.1667 825
14.1833 823
14.2 822
14.2167 820
14.2333 818
14.25 816
14.2667 815
14.2833 813
14.3 811
14.3167 809
14.3333 807
14.35 805
14.3667 804
14.3833 802
14.4 800
14.4167 798
14.4333 796
14.45 794
14.4667 792
14.4833 790
14.5 788
14.5167 786
14.5333 784
14.55 782
14.5667 780
14.5833 778
14.6 776
14.6167 773
14.6333 771
14.65 769
14.6667 767
14.6833 765
14.7 763
14.7167 760
14.7333 758
14.75 756
14.7667 754
14.7833 751
14.8 749
14.8167 747
14.8333 744
14.85 742
14.8667 740
14.8833 737
14.9 735
14.9167 733
14.9333 730
14.95 728
14.9667 725
14.9833 723
15.0 721
15.0167 718
15.0333 716
15.05 713
15.0667 711
15.0833 708
15.1 706
15.1167 703
15.1333 700
15.15 698
15.1667 695
15.1833 693
15.2 690
15.2167 687
15.2333 685
15.25 682
15.2667 679
15.2833 677
15.3 674
15.3167 671
15.3333 669
15.35 666
15.3667 663
15.3833 660
15.4 658
15.4167 655
15.4333 652
15.45 649
15.4667 646
15.4833 643
15.5 641
15.5167 638
15.5333 635
15.55 632
15.5667 629
15.5833 626
15.6 623
15.6167 620
15.6333 617
15.65 614
15.6667 611
15.6833 608
15.7 605
15.7167 602
15.7333 599
15.75 596
15.7667 593
15.7833 590
15.8 587
15.8167 584
15.8333 581
15.85 578
15.8667 575
15.8833 572
15.9 569
15.9167 566
15.9333 563
15.95 559
15.9667 556
15.9833 553
