9.0 463
9.0167 466
9.0333 469
9.05 472
9.0667 475
9.0833 478
9.1 481
9.1167 485
9.1333 488
9.15 491
9.1667 494
9.1833 497
9.2 500
9.2167 503
9.2333 506
9.25 509
9.2667 512
9.2833 515
9.3 518
9.3167 521
9.3333 524
9.35 527
9.3667 530
9.3833 533
9.4 536
9.4167 539
9.4333 542
9.45 545
9.4667 548
9.4833 551
9.5 554
9.5167 557
9.5333 560
9.55 562
9.5667 565
9.5833 568
9.6 571
9.6167 574
9.6333 577
9.65 580
9.6667 582
9.6833 585
9.7 588
9.7167 591
9.7333 594
9.75 596
9.7667 599
9.7833 602
9.8 605
9.8167 607
9.8333 610
9.85 613
9.8667 616
9.8833 618
9.9 621
9.9167 624
9.9333 626
9.95 629
9.9667 632
9.9833 634
10.0 637
10.0167 639
10.0333 642
10.05 645
10.0667 647
10.0833 650
10.1 652
10.1167 655
10.1333 657
10.15 660
10.1667 662
10.1833 665
10.2 667
10.2167 670
10.2333 672
10.25 675
10.2667 677
10.2833 680
10.3 682
10.3167 684
10.3333 687
10.35 689
10.3667 691
10.3833 694
10.4 696
10.4167 698
10.4333 701
10.45 703
10.4667 705
10.4833 708
10.5 710
10.5167 712
10.5333 714
10.55 716
10.5667 719
10.5833 721
10.6 723
10.6167 725
10.6333 727
10.65 729
10.6667 731
10.6833 734
10.7 736
10.7167 738
10.7333 740
10.75 742
10.7667 744
10.7833 746
10.8 748
10.8167 750
10.8333 752
10.85 754
10.8667 756
10.8833 757
10.9 759
10.9167 761
10.9333 763
10.95 765
10.9667 767
10.9833 769
11.0 770
11.0167 772
11.0333 774
11.05 776
11.0667 778
11.0833 779
11.1 781
11.1167 783
11.1333 784
11.15 786
11.1667 788
11.1833 789
11.2 791
11.2167 793
11.2333 794
11.25 796
11.2667 797
11.2833 799
11.3 800
11.3167 802
11.3333 803
11.35 805
11.3667 806
11.3833 808
11.4 809
11.4167 811
11.4333 812
11.45 813
11.4667 815
11.4833 816
11.5 818
11.5167 819
11.5333 820
11.55 821
11.5667 823
11.5833 824
11.6 825
11.6167 826
11.6333 828
11.65 829
11.6667 830
11.6833 831
11.7 832
11.7167 833
11.7333 834
11.75 836
11.7667 837
11.7833 838
11.8 839
11.8167 840
11.8333 841
11.85 842
11.8667 843
11.8833 844
11.9 845
11.9167 845
11.9333 846
11.95 847
11.9667 848
11.9833 849
12.0 850
12.0167 851
12.0333 851
12.05 852
12.0667 853
12.0833 854
12.1 854
12.1167 855
12.1333 856
12.15 856
12.1667 857
12.1833 858
12.2 858
12.2167 859
12.2333 860
12.25 860
12.2667 861
12.2833 861
12.3 862
12.3167 862
12.3333 863
12.35 863
12.3667 864
12.3833 864
12.4 864
12.4167 865
12.4333 865
12.45 866
12.4667 866
12.4833 866
12.5 866
12.5167 867
12.5333 867
12.55 867
12.5667 867
12.5833 868
12.6 868
12.6167 868
12.6333 868
12.65 868
12.6667 869
12.6833 869
12.7 869
12.7167 869
12.7333 869
12.75 869
12.7667 869
12.7833 869
12.8 869
12.8167 869
12.8333 869
12.85 869
12.8667 869
12.8833 868
12.9 868
12.9167 868
12.9333 868
12.95 868
12.9667 868
12.9833 867
13.0 867
13.0167 867
13.0333 867
13.05 866
13.0667 866
13.0833 866
13.1 865
13.1167 865
13.1333 865
13.15 864
13.1667 864
13.1833 863
13.2 863
13.2167 863
13.2333 862
13.25 862
13.2667 861
13.2833 860
13.3 860
13.3167 859
13.3333 859
13.35 858
13.3667 858
13.3833 857
13.4 856
13.4167 856
13.4333 855
13.45 854
13.4667 853
13.4833 853
13.5 852
13.5167 851
13.5333 850
13.55 850
13.5667 849
13.5833 848
13.6 847
13.6167 846
13.6333 845
13.65 844
13.6667 843
13.6833 842
13.7 841
13.7167 840
13.7333 839
13.75 838
13.7667 837
13.7833 836
13.8 835
13.8167 834
13.8333 833
13.85 832
13.8667 831
13.8833 830
13.9 828
13.9167 827
13.9333 826
13.95 825
13.9667 824
13.9833 822
14.0 821
14.0167 820
14.0333 818
14.05 817
14.0667 816
14.0833 814
14.1 813
14.1167 812
14.1333 810
14.15 809
14.1667 807
14.1833 806
14.2 804
14.2167 803
14.2333 801
14.25 800
14.2667 798
14.2833 797
14.3 795
14.3167 794
14.3333 792
14.35 791
14.3667 789
14.3833 787
14.4 786
14.4167 784
14.4333 782
14.45 780
14.4667 779
14.4833 777
14.5 775
14.5167 774
14.5333 772
14.55 770
14.5667 768
14.5833 766
14.6 764
14.6167 763
14.6333 761
14.65 759
14.6667 757
14.6833 755
14.7 753
14.7167 751
14.7333 749
14.75 747
14.7667 745
14.7833 743
14.8 741
14.8167 739
14.8333 737
14.85 735
14.8667 733
14.8833 731
14.9 729
14.9167 727
14.9333 724
14.95 722
14.9667 720
14.9833 718
15.0 716
15.0167 714
15.0333 711
15.05 709
15.0667 707
15.0833 705
15.1 702
15.1167 700
15.1333 698
15.15 695
15.1667 693
15.1833 691
15.2 688
15.2167 686
15.2333 684
15.25 681
15.2667 679
15.2833 676
15.3 674
15.3167 672
15.3333 669
15.35 667
15.3667 664
15.3833 662
15.4 659
15.4167 657
15.4333 654
15.45 652
15.4667 649
15.4833 646
15.5 644
15.5167 641
15.5333 639
15.55 636
15.5667 633
15.5833 631
15.6 628
15.6167 626
15.6333 623
15.65 620
15.6667 617
15.6833 615
15.7 612
15.7167 609
15.7333 607
15.75 604
15.7667 601
15.7833 598
15.8 596
15.8167 593
15.8333 590
15.85 587
15.8667 584
15.8833 582
15.9 579
15.9167 576
15.9333 573
15.95 570
15.9667 567
15.9833 564
