9.0 459
9.0167 463
9.0333 466
9.05 469
9.0667 473
9.0833 476
9.1 479
9.1167 482
9.1333 486
9.15 489
9.1667 492
9.1833 496
9.2 499
9.2167 502
9.2333 505
9.25 509
9.2667 512
9.2833 515
9.3 518
9.3167 522
9.3333 525
9.35 528
9.3667 531
9.3833 534
9.4 538
9.4167 541
9.4333 544
9.45 547
9.4667 550
9.4833 553
9.5 556
9.5167 559
9.5333 563
9.55 566
9.5667 569
9.5833 572
9.6 575
9.6167 578
9.6333 581
9.65 584
9.6667 587
9.6833 590
9.7 593
9.7167 596
9.7333 599
9.75 602
9.7667 605
9.7833 608
9.8 611
9.8167 614
9.8333 617
9.85 620
9.8667 622
9.8833 625
9.9 628
9.9167 631
9.9333 634
9.95 637
9.9667 639
9.9833 642
10.0 645
10.0167 648
10.0333 651
10.05 653
10.0667 656
10.0833 659
10.1 662
10.1167 664
10.1333 667
10.15 670
10.1667 672
10.1833 675
10.2 678
10.2167 680
10.2333 683
10.25 685
10.2667 688
10.2833 691
10.3 693
10.3167 696
10.3333 698
10.35 701
10.3667 703
10.3833 706
10.4 708
10.4167 711
10.4333 713
10.45 716
10.4667 718
10.4833 720
10.5 723
10.5167 725
10.5333 727
10.55 730
10.5667 732
10.5833 734
10.6 737
10.6167 739
10.6333 741
10.65 744
10.6667 746
10.6833 748
10.7 750
10.7167 752
10.7333 755
10.75 757
10.7667 759
10.7833 761
10.8 763
10.8167 765
10.8333 767
10.85 769
10.8667 771
10.8833 773
10.9 776
10.9167 778
10.9333 780
10.95 781
10.9667 783
10.9833 785
11.0 787
11.0167 789
11.0333 791
11.05 793
11.0667 795
11.0833 797
11.1 799
11.1167 800
11.1333 802
11.15 804
11.1667 806
11.1833 807
11.2 809
11.2167 811
11.2333 813
11.25 814
11.2667 816
11.2833 817
11.3 819
11.3167 821
11.3333 822
11.35 824
11.3667 825
11.3833 827
11.4 829
11.4167 830
11.4333 831
11.45 833
11.4667 834
11.4833 836
11.5 837
11.5167 839
11.5333 840
11.55 841
11.5667 843
11.5833 844
11.6 845
11.6167 847
11.6333 848
11.65 849
11.6667 850
11.6833 852
11.7 853
11.7167 854
11.7333 855
11.75 856
11.7667 858
11.7833 859
11.8 860
11.8167 861
11.8333 862
11.85 863
11.8667 864
11.8833 865
11.9 866
11.9167 867
11.9333 868
11.95 869
11.9667 870
11.9833 871
12.0 871
12.0167 872
12.0333 873
12.05 874
12.0667 875
12.0833 876
12.1 876
12.1167 877
12.1333 878
12.15 878
12.1667 879
12.1833 880
12.2 880
12.2167 881
12.2333 882
12.25 882
12.2667 883
12.2833 883
12.3 884
12.3167 885
12.3333 885
12.35 886
12.3667 886
12.3833 886
12.4 887
12.4167 887
12.4333 888
12.45 888
12.4667 888
12.4833 889
12.5 889
12.5167 889
12.5333 890
12.55 890
12.5667 890
12.5833 890
12.6 891
12.6167 891
12.6333 891
12.65 891
12.6667 891
12.6833 891
12.7 891
12.7167 891
12.7333 891
12.75 891
12.7667 891
12.7833 891
12.8 891
12.8167 891
12.8333 891
12.85 891
12.8667 891
12.8833 891
12.9 891
12.9167 891
12.9333 891
12.95 890
12.9667 890
12.9833 890
13.0 890
13.0167 889
13.0333 889
13.05 889
13.0667 888
13.0833 888
13.1 888
13.1167 887
13.1333 887
13.15 887
13.1667 886
13.1833 886
13.2 885
13.2167 885
13.2333 884
13.25 884
13.2667 883
13.2833 882
13.3 882
13.3167 881
13.3333 881
13.35 880
13.3667 879
13.3833 879
13.4 878
13.4167 877
13.4333 876
13.45 876
13.4667 875
13.4833 874
13.5 873
13.5167 872
13.5333 872
13.55 871
13.5667 870
13.5833 869
13.6 868
13.6167 867
13.6333 866
13.65 865
13.6667 864
13.6833 863
13.7 862
13.7167 861
13.7333 860
13.75 859
13.7667 858
13.7833 857
13.8 855
13.8167 854
13.8333 853
13.85 852
13.8667 851
13.8833 849
13.9 848
13.9167 847
13.9333 846
13.95 844
13.9667 843
13.9833 842
14.0 840
14.0167 839
14.0333 838
14.05 836
14.0667 835
14.0833 833
14.1 832
14.1167 830
14.1333 829
14.15 827
14.1667 826
14.1833 824
14.2 823
14.2167 821
14.2333 819
14.25 818
14.2667 816
14.2833 814
14.3 813
14.3167 811
14.3333 809
14.35 808
14.3667 806
14.3833 804
14.4 802
14.4167 801
14.4333 799
14.45 797
14.4667 795
14.4833 793
14.5 791
14.5167 790
14.5333 788
14.55 786
14.5667 784
14.5833 782
14.6 780
14.6167 778
14.6333 776
14.65 774
14.6667 772
14.6833 770
14.7 768
14.7167 766
14.7333 764
14.75 761
14.7667 759
14.7833 757
14.8 755
14.8167 753
14.8333 751
14.85 748
14.8667 746
14.8833 744
14.9 742
14.9167 739
14.9333 737
14.95 735
14.9667 733
14.9833 730
15.0 727
15.0167 725
15.0333 723
15.05 720
15.0667 718
15.0833 716
15.1 713
15.1167 711
15.1333 708
15.15 706
15.1667 703
15.1833 701
15.2 698
15.2167 696
15.2333 693
15.25 691
15.2667 688
15.2833 685
15.3 683
15.3167 680
15.3333 678
15.35 675
15.3667 672
15.3833 670
15.4 667
15.4167 664
15.4333 662
15.45 659
15.4667 656
15.4833 653
15.5 651
15.5167 648
15.5333 645
15.55 642
15.5667 640
15.5833 637
15.6 634
15.6167 631
15.6333 628
15.65 625
15.6667 622
15.6833 620
15.7 617
15.7167 614
15.7333 611
15.75 608
15.7667 605
15.7833 602
15.8 599
15.8167 596
15.8333 593
15.85 590
15.8667 587
15.8833 584
15.9 581
15.9167 578
15.9333 575
15.95 572
15.9667 569
15.9833 566
