9.0 408
9.0167 411
9.0333 414
9.05 417
9.0667 421
9.0833 424
9.1 427
9.1167 431
9.1333 434
9.15 437
9.1667 441
9.1833 444
9.2 447
9.2167 450
9.2333 454
9.25 457
9.2667 460
9.2833 463
9.3 466
9.3167 470
9.3333 473
9.35 476
9.3667 479
9.3833 482
9.4 486
9.4167 489
9.4333 492
9.45 495
9.4667 498
9.4833 501
9.5 504
9.5167 507
9.5333 510
9.55 513
9.5667 516
9.5833 519
9.6 522
9.6167 525
9.6333 528
9.65 531
9.6667 534
9.6833 537
9.7 540
9.7167 543
9.7333 546
9.75 549
9.7667 552
9.7833 555
9.8 558
9.8167 561
9.8333 563
9.85 566
9.8667 569
9.8833 572
9.9 575
9.9167 577
9.9333 580
9.95 583
9.9667 586
9.9833 588
10.0 591
10.0167 594
10.0333 596
10.05 599
10.0667 602
10.0833 604
10.1 607
10.1167 610
10.1333 612
10.15 615
10.1667 617
10.1833 620
10.2 622
10.2167 625
10.2333 627
10.25 630
10.2667 632
10.2833 635
10.3 637
10.3167 640
10.3333 642
10.35 644
10.3667 647
10.3833 649
10.4 651
10.4167 654
10.4333 656
10.45 658
10.4667 661
10.4833 663
10.5 665
10.5167 667
10.5333 669
10.55 672
10.5667 674
10.5833 676
10.6 678
10.6167 680
10.6333 682
10.65 684
10.6667 687
10.6833 689
10.7 691
10.7167 693
10.7333 695
10.75 697
10.7667 699
10.7833 701
10.8 703
10.8167 704
10.8333 706
10.85 708
10.8667 710
10.8833 712
10.9 714
10.9167 716
10.9333 717
10.95 719
10.9667 721
10.9833 723
11.0 724
11.0167 726
11.0333 728
11.05 729
11.0667 731
11.0833 733
11.1 734
11.1167 736
11.1333 737
11.15 739
11.1667 741
11.1833 742
11.2 744
11.2167 745
11.2333 746
11.25 748
11.2667 749
11.2833 751
11.3 752
11.3167 754
11.3333 755
11.35 756
11.3667 758
11.3833 759
11.4 760
11.4167 761
11.4333 763
11.45 764
11.4667 765
11.4833 766
11.5 767
11.5167 768
11.5333 770
11.55 771
11.5667 772
11.5833 773
11.6 774
11.6167 775
11.6333 776
11.65 777
11.6667 778
11.6833 779
11.7 780
11.7167 781
11.7333 782
11.75 782
11.7667 783
11.7833 784
11.8 785
11.8167 786
11.8333 786
11.85 787
11.8667 788
11.8833 789
11.9 789
11.9167 790
11.9333 791
11.95 791
11.9667 792
11.9833 792
12.0 793
12.0167 794
12.0333 794
12.05 795
12.0667 795
12.0833 796
12.1 796
12.1167 797
12.1333 797
12.15 797
12.1667 798
12.1833 798
12.2 798
12.2167 799
12.2333 799
12.25 799
12.2667 800
12.2833 800
12.3 800
12.3167 800
12.3333 800
12.35 800
12.3667 801
12.3833 801
12.4 801
12.4167 801
12.4333 801
12.45 801
12.4667 801
12.4833 801
12.5 801
12.5167 801
12.5333 801
12.55 801
12.5667 801
12.5833 800
12.6 800
12.6167 800
12.6333 800
12.65 800
12.6667 800
12.6833 799
12.7 799
12.7167 799
12.7333 798
12.75 798
12.7667 798
12.7833 797
12.8 797
12.8167 797
12.8333 796
12.85 796
12.8667 795
12.8833 795
12.9 794
12.9167 794
12.9333 793
12.95 793
12.9667 792
12.9833 791
13.0 791
13.0167 790
13.0333 789
13.05 789
13.0667 788
13.0833 787
13.1 787
13.1167 786
13.1333 785
13.15 784
13.1667 783
13.1833 782
13.2 782
13.2167 781
13.2333 780
13.25 779
13.2667 778
13.2833 777
13.3 776
13.3167 775
13.3333 774
13.35 773
13.3667 772
13.3833 771
13.4 770
13.4167 769
13.4333 767
13.45 766
13.4667 765
13.4833 764
13.5 763
13.5167 761
13.5333 760
13.55 759
13.5667 758
13.5833 756
13.6 755
13.6167 754
13.6333 752
13.65 751
13.6667 750
13.6833 748
13.7 747
13.7167 745
13.7333 744
13.75 742
13.7667 741
13.7833 739
13.8 738
13.8167 736
13.8333 734
13.85 733
13.8667 731
13.8833 730
13.9 728
13.9167 726
13.9333 725
13.95 723
13.9667 721
13.9833 719
14.0 718
14.0167 716
14.0333 714
14.05 712
14.0667 710
14.0833 708
14.1 707
14.1167 705
14.1333 703
14.15 701
14.1667 699
14.1833 697
14.2 695
14.2167 693
14.2333 691
14.25 689
14.2667 687
14.2833 685
14.3 683
14.3167 680
14.3333 678
14.35 676
14.3667 674
14.3833 672
14.4 670
14.4167 668
14.4333 665
14.45 663
14.4667 661
14.4833 659
14.5 656
14.5167 654
14.5333 652
14.55 649
14.5667 647
14.5833 645
14.6 642
14.6167 640
14.6333 637
14.65 635
14.6667 632
14.6833 630
14.7 628
14.7167 625
14.7333 623
14.75 620
14.7667 617
14.7833 615
14.8 612
14.8167 610
14.8333 607
14.85 605
14.8667 602
14.8833 599
14.9 597
14.9167 594
14.9333 591
14.95 589
14.9667 586
14.9833 583
15.0 579
15.0167 577
15.0333 574
15.05 571
15.0667 568
15.0833 565
15.1 563
15.1167 560
15.1333 557
15.15 554
15.1667 551
15.1833 548
15.2 545
15.2167 542
15.2333 540
15.25 537
15.2667 534
15.2833 531
15.3 528
15.3167 525
15.3333 522
15.35 519
15.3667 516
15.3833 513
15.4 510
15.4167 506
15.4333 503
15.45 500
15.4667 497
15.4833 494
15.5 491
15.5167 488
15.5333 485
15.55 482
15.5667 478
15.5833 475
15.6 472
15.6167 469
15.6333 466
15.65 463
15.6667 459
15.6833 456
15.7 453
15.7167 450
15.7333 446
15.75 443
15.7667 440
15.7833 437
15.8 433
15.8167 430
15.8333 427
15.85 423
15.8667 420
15.8833 417
15.9 413
15.9167 410
15.9333 407
15.95 403
15.9667 400
15.9833 396
