9.0 507
9.0167 510
9.0333 514
9.05 517
9.0667 521
9.0833 524
9.1 528
9.1167 531
9.1333 535
9.15 538
9.1667 542
9.1833 545
9.2 549
9.2167 552
9.2333 556
9.25 559
9.2667 563
9.2833 566
9.3 569
9.3167 573
9.3333 576
9.35 580
9.3667 583
9.3833 586
9.4 590
9.4167 593
9.4333 596
9.45 600
9.4667 603
9.4833 606
9.5 610
9.5167 613
9.5333 616
9.55 620
9.5667 623
9.5833 626
9.6 629
9.6167 632
9.6333 636
9.65 639
9.6667 642
9.6833 645
9.7 648
9.7167 651
9.7333 655
9.75 658
9.7667 661
9.7833 664
9.8 667
9.8167 670
9.8333 673
9.85 676
9.8667 679
9.8833 682
9.9 685
9.9167 688
9.9333 691
9.95 694
9.9667 697
9.9833 700
10.0 703
10.0167 706
10.0333 709
10.05 711
10.0667 714
10.0833 717
10.1 720
10.1167 723
10.1333 726
10.15 728
10.1667 731
10.1833 734
10.2 737
10.2167 739
10.2333 742
10.25 745
10.2667 747
10.2833 750
10.3 753
10.3167 755
10.3333 758
10.35 761
10.3667 763
10.3833 766
10.4 768
10.4167 771
10.4333 773
10.45 776
10.4667 778
10.4833 781
10.5 783
10.5167 786
10.5333 788
10.55 791
10.5667 793
10.5833 795
10.6 798
10.6167 800
10.6333 802
10.65 805
10.6667 807
10.6833 809
10.7 812
10.7167 814
10.7333 816
10.75 818
10.7667 821
10.7833 823
10.8 825
10.8167 827
10.8333 829
10.85 831
10.8667 833
10.8833 835
10.9 837
10.9167 840
10.9333 842
10.95 844
10.9667 846
10.9833 848
11.0 849
11.0167 851
11.0333 853
11.05 855
11.0667 857
11.0833 859
11.1 861
11.1167 863
11.1333 864
11.15 866
11.1667 868
11.1833 870
11.2 872
11.2167 873
11.2333 875
11.25 877
11.2667 878
11.2833 880
11.3 882
11.3167 883
11.3333 885
11.35 886
11.3667 888
11.3833 890
11.4 891
11.4167 893
11.4333 894
11.45 896
11.4667 897
11.4833 898
11.5 900
11.5167 901
11.5333 903
11.55 904
11.5667 905
11.5833 907
11.6 908
11.6167 909
11.6333 910
11.65 912
11.6667 913
11.6833 914
11.7 915
11.7167 916
11.7333 918
11.75 919
11.7667 920
11.7833 921
11.8 922
11.8167 923
11.8333 924
11.85 925
11.8667 926
11.8833 927
11.9 928
11.9167 929
11.9333 930
11.95 931
11.9667 932
11.9833 932
12.0 933
12.0167 934
12.0333 935
12.05 936
12.0667 936
12.0833 937
12.1 938
12.1167 939
12.1333 939
12.15 940
12.1667 941
12.1833 941
12.2 942
12.2167 942
12.2333 943
12.25 943
12.2667 944
12.2833 944
12.3 945
12.3167 945
12.3333 946
12.35 946
12.3667 947
12.3833 947
12.4 947
12.4167 948
12.4333 948
12.45 948
12.4667 949
12.4833 949
12.5 949
12.5167 949
12.5333 950
12.55 950
12.5667 950
12.5833 950
12.6 950
12.6167 950
12.6333 950
12.65 950
12.6667 950
12.6833 951
12.7 951
12.7167 951
12.7333 950
12.75 950
12.7667 950
12.7833 950
12.8 950
12.8167 950
12.8333 950
12.85 950
12.8667 949
12.8833 949
12.9 949
12.9167 949
12.9333 948
12.95 948
12.9667 948
12.9833 948
13.0 947
13.0167 947
13.0333 946
13.05 946
13.0667 946
13.0833 945
13.1 945
13.1167 944
13.1333 944
13.15 943
13.1667 943
13.1833 942
13.2 941
13.2167 941
13.2333 940
13.25 939
13.2667 939
13.2833 938
13.3 937
13.3167 937
13.3333 936
13.35 935
13.3667 934
13.3833 933
13.4 933
13.4167 932
13.4333 931
13.45 930
13.4667 929
13.4833 928
13.5 927
13.5167 926
13.5333 925
13.55 924
13.5667 923
13.5833 922
13.6 921
13.6167 920
13.6333 919
13.65 918
13.6667 917
13.6833 916
13.7 914
13.7167 913
13.7333 912
13.75 911
13.7667 909
13.7833 908
13.8 907
13.8167 906
13.8333 904
13.85 903
13.8667 902
13.8833 900
13.9 899
13.9167 897
13.9333 896
13.95 894
13.9667 893
13.9833 891
14.0 890
14.0167 888
14.0333 887
14.05 885
14.0667 884
14.0833 882
14.1 880
14.1167 879
14.1333 877
14.15 875
14.1667 874
14.1833 872
14.2 870
14.2167 869
14.2333 867
14.25 865
14.2667 863
14.2833 861
14.3 859
14.3167 858
14.3333 856
14.35 854
14.3667 852
14.3833 850
14.4 848
14.4167 846
14.4333 844
14.45 842
14.4667 840
14.4833 838
14.5 836
14.5167 834
14.5333 832
14.55 830
14.5667 828
14.5833 825
14.6 823
14.6167 821
14.6333 819
14.65 817
14.6667 814
14.6833 812
14.7 810
14.7167 808
14.7333 805
14.75 803
14.7667 801
14.7833 798
14.8 796
14.8167 794
14.8333 791
14.85 789
14.8667 786
14.8833 784
14.9 781
14.9167 779
14.9333 777
14.95 774
14.9667 772
14.9833 769
15.0 766
15.0167 763
15.0333 761
15.05 758
15.0667 755
15.0833 753
15.1 750
15.1167 747
15.1333 745
15.15 742
15.1667 739
15.1833 737
15.2 734
15.2167 731
15.2333 728
15.25 726
15.2667 723
15.2833 720
15.3 717
15.3167 714
15.3333 711
15.35 709
15.3667 706
15.3833 703
15.4 700
15.4167 697
15.4333 694
15.45 691
15.4667 688
15.4833 685
15.5 682
15.5167 679
15.5333 676
15.55 673
15.5667 670
15.5833 667
15.6 664
15.6167 661
15.6333 658
15.65 655
15.6667 652
15.6833 648
15.7 645
15.7167 642
15.7333 639
15.75 636
15.7667 633
15.7833 629
15.8 626
15.8167 623
15.8333 620
15.85 616
15.8667 613
15.8833 610
15.9 607
15.9167 603
15.9333 600
15.95 597
15.9667 593
15.9833 590
