9.0 495
9.0167 498
9.0333 501
9.05 505
9.0667 508
9.0833 511
9.1 515
9.1167 518
9.1333 521
9.15 525
9.1667 528
9.1833 531
9.2 535
9.2167 538
9.2333 541
9.25 545
9.2667 548
9.2833 551
9.3 554
9.3167 558
9.3333 561
9.35 564
9.3667 567
9.3833 571
9.4 574
9.4167 577
9.4333 580
9.45 583
9.4667 587
9.4833 590
9.5 593
9.5167 596
9.5333 599
9.55 602
9.5667 605
9.5833 609
9.6 612
9.6167 615
9.6333 618
9.65 621
9.6667 624
9.6833 627
9.7 630
9.7167 633
9.7333 636
9.75 639
9.7667 642
9.7833 645
9.8 648
9.8167 651
9.8333 654
9.85 657
9.8667 660
9.8833 663
9.9 666
9.9167 668
9.9333 671
9.95 674
9.9667 677
9.9833 680
10.0 683
10.0167 685
10.0333 688
10.05 691
10.0667 694
10.0833 697
10.1 699
10.1167 702
10.1333 705
10.15 707
10.1667 710
10.1833 713
10.2 715
10.2167 718
10.2333 721
10.25 723
10.2667 726
10.2833 729
10.3 731
10.3167 734
10.3333 736
10.35 739
10.3667 741
10.3833 744
10.4 746
10.4167 749
10.4333 751
10.45 754
10.4667 756
10.4833 759
10.5 761
10.5167 763
10.5333 766
10.55 768
10.5667 770
10.5833 773
10.6 775
10.6167 777
10.6333 780
10.65 782
10.6667 784
10.6833 786
10.7 789
10.7167 791
10.7333 793
10.75 795
10.7667 797
10.7833 800
10.8 802
10.8167 804
10.8333 806
10.85 808
10.8667 810
10.8833 812
10.9 814
10.9167 816
10.9333 818
10.95 820
10.9667 822
10.9833 824
11.0 826
11.0167 828
11.0333 830
11.05 832
11.0667 834
11.0833 836
11.1 837
11.1167 839
11.1333 841
11.15 843
11.1667 845
11.1833 846
11.2 848
11.2167 850
11.2333 852
11.25 853
11.2667 855
11.2833 857
11.3 858
11.3167 860
11.3333 861
11.35 863
11.3667 865
11.3833 866
11.4 868
11.4167 869
11.4333 871
11.45 872
11.4667 874
11.4833 875
11.5 877
11.5167 878
11.5333 879
11.55 881
11.5667 882
11.5833 883
11.6 885
11.6167 886
11.6333 887
11.65 889
11.6667 890
11.6833 891
11.7 892
11.7167 894
11.7333 895
11.75 896
11.7667 897
11.7833 898
11.8 899
11.8167 900
11.8333 902
11.85 903
11.8667 904
11.8833 905
11.9 906
11.9167 907
11.9333 908
11.95 909
11.9667 909
11.9833 910
12.0 911
12.0167 912
12.0333 913
12.05 914
12.0667 915
12.0833 915
12.1 916
12.1167 917
12.1333 918
12.15 919
12.1667 919
12.1833 920
12.2 921
12.2167 921
12.2333 922
12.25 922
12.2667 923
12.2833 924
12.3 924
12.3167 925
12.3333 925
12.35 926
12.3667 926
12.3833 927
12.4 927
12.4167 928
12.4333 928
12.45 928
12.4667 929
12.4833 929
12.5 929
12.5167 930
12.5333 930
12.55 930
12.5667 931
12.5833 931
12.6 931
12.6167 931
12.6333 931
12.65 932
12.6667 932
12.6833 932
12.7 932
12.7167 932
12.7333 932
12.75 932
12.7667 932
12.7833 932
12.8 932
12.8167 932
12.8333 932
12.85 932
12.8667 932
12.8833 932
12.9 932
12.9167 932
12.9333 931
12.95 931
12.9667 931
12.9833 931
13.0 931
13.0167 930
13.0333 930
13.05 930
13.0667 930
13.0833 929
13.1 929
13.1167 928
13.1333 928
13.15 928
13.1667 927
13.1833 927
13.2 926
13.2167 926
13.2333 925
13.25 925
13.2667 924
13.2833 924
13.3 923
13.3167 923
13.3333 922
13.35 921
13.3667 921
13.3833 920
13.4 919
13.4167 919
13.4333 918
13.45 917
13.4667 916
13.4833 916
13.5 915
13.5167 914
13.5333 913
13.55 912
13.5667 911
13.5833 911
13.6 910
13.6167 909
13.6333 908
13.65 907
13.6667 906
13.6833 905
13.7 904
13.7167 903
13.7333 902
13.75 901
13.7667 900
13.7833 898
13.8 897
13.8167 896
13.8333 895
13.85 894
13.8667 893
13.8833 891
13.9 890
13.9167 889
13.9333 888
13.95 886
13.9667 885
13.9833 884
14.0 882
14.0167 881
14.0333 880
14.05 878
14.0667 877
14.0833 875
14.1 874
14.1167 873
14.1333 871
14.15 870
14.1667 868
14.1833 866
14.2 865
14.2167 863
14.2333 862
14.25 860
14.2667 859
14.2833 857
14.3 855
14.3167 854
14.3333 852
14.35 850
14.3667 848
14.3833 847
14.4 845
14.4167 843
14.4333 841
14.45 840
14.4667 838
14.4833 836
14.5 834
14.5167 832
14.5333 830
14.55 828
14.5667 826
14.5833 825
14.6 823
14.6167 821
14.6333 819
14.65 817
14.6667 815
14.6833 813
14.7 811
14.7167 808
14.7333 806
14.75 804
14.7667 802
14.7833 800
14.8 798
14.8167 796
14.8333 794
14.85 791
14.8667 789
14.8833 787
14.9 785
14.9167 782
14.9333 780
14.95 778
14.9667 776
14.9833 773
15.0 771
15.0167 768
15.0333 766
15.05 764
15.0667 761
15.0833 759
15.1 756
15.1167 754
15.1333 751
15.15 749
15.1667 747
15.1833 744
15.2 742
15.2167 739
15.2333 736
15.25 734
15.2667 731
15.2833 729
15.3 726
15.3167 724
15.3333 721
15.35 718
15.3667 716
15.3833 713
15.4 710
15.4167 708
15.4333 705
15.45 702
15.4667 699
15.4833 697
15.5 694
15.5167 691
15.5333 688
15.55 686
15.5667 683
15.5833 680
15.6 677
15.6167 674
15.6333 672
15.65 669
15.6667 666
15.6833 663
15.7 660
15.7167 657
15.7333 654
15.75 651
15.7667 648
15.7833 645
15.8 642
15.8167 639
15.8333 636
15.85 633
15.8667 630
15.8833 627
15.9 624
15.9167 621
15.9333 618
15.95 615
15.9667 612
15.9833 609
