9.0 439
9.0167 442
9.0333 446
9.05 449
9.0667 453
9.0833 456
9.1 460
9.1167 463
9.1333 466
9.15 470
9.1667 473
9.1833 476
9.2 480
9.2167 483
9.2333 487
9.25 490
9.2667 493
9.2833 496
9.3 500
9.3167 503
9.3333 506
9.35 510
9.3667 513
9.3833 516
9.4 519
9.4167 523
9.4333 526
9.45 529
9.4667 532
9.4833 535
9.5 538
9.5167 542
9.5333 545
9.55 548
9.5667 551
9.5833 554
9.6 557
9.6167 560
9.6333 563
9.65 566
9.6667 569
9.6833 572
9.7 575
9.7167 578
9.7333 581
9.75 584
9.7667 587
9.7833 590
9.8 593
9.8167 596
9.8333 599
9.85 602
9.8667 605
9.8833 607
9.9 610
9.9167 613
9.9333 616
9.95 619
9.9667 622
9.9833 624
10.0 627
10.0167 630
10.0333 632
10.05 635
10.0667 638
10.0833 641
10.1 643
10.1167 646
10.1333 648
10.15 651
10.1667 654
10.1833 656
10.2 659
10.2167 661
10.2333 664
10.25 666
10.2667 669
10.2833 671
10.3 674
10.3167 676
10.3333 679
10.35 681
10.3667 683
10.3833 686
10.4 688
10.4167 691
10.4333 693
10.45 695
10.4667 698
10.4833 700
10.5 702
10.5167 704
10.5333 707
10.55 709
10.5667 711
10.5833 713
10.6 715
10.6167 717
10.6333 720
10.65 722
10.6667 724
10.6833 726
10.7 728
10.7167 730
10.7333 732
10.75 734
10.7667 736
10.7833 738
10.8 740
10.8167 742
10.8333 744
10.85 746
10.8667 747
10.8833 749
10.9 751
10.9167 753
10.9333 755
10.95 757
10.9667 758
10.9833 760
11.0 762
11.0167 763
11.0333 765
11.05 767
11.0667 769
11.0833 770
11.1 772
11.1167 773
11.1333 775
11.15 777
11.1667 778
11.1833 780
11.2 781
11.2167 783
11.2333 784
11.25 785
11.2667 787
11.2833 788
11.3 790
11.3167 791
11.3333 792
11.35 794
11.3667 795
11.3833 796
11.4 798
11.4167 799
11.4333 800
11.45 801
11.4667 803
11.4833 804
11.5 805
11.5167 806
11.5333 807
11.55 808
11.5667 809
11.5833 810
11.6 811
11.6167 812
11.6333 813
11.65 814
11.6667 815
11.6833 816
11.7 817
11.7167 818
11.7333 819
11.75 820
11.7667 821
11.7833 821
11.8 822
11.8167 823
11.8333 824
11.85 825
11.8667 825
11.8833 826
11.9 827
11.9167 827
11.9333 828
11.95 829
11.9667 829
11.9833 830
12.0 830
12.0167 831
12.0333 831
12.05 832
12.0667 832
12.0833 833
12.1 833
12.1167 834
12.1333 834
12.15 834
12.1667 835
12.1833 835
12.2 835
12.2167 836
12.2333 836
12.25 836
12.2667 836
12.2833 837
12.3 837
12.3167 837
12.3333 837
12.35 837
12.3667 837
12.3833 838
12.4 838
12.4167 838
12.4333 838
12.45 838
12.4667 838
12.4833 838
12.5 838
12.5167 838
12.5333 837
12.55 837
12.5667 837
12.5833 837
12.6 837
12.6167 837
12.6333 836
12.65 836
12.6667 836
12.6833 836
12.7 835
12.7167 835
12.7333 835
12.75 834
12.7667 834
12.7833 834
12.8 833
12.8167 833
12.8333 832
12.85 832
12.8667 831
12.8833 831
12.9 830
12.9167 830
12.9333 829
12.95 829
12.9667 828
12.9833 827
13.0 827
13.0167 826
13.0333 825
13.05 825
13.0667 824
13.0833 823
13.1 822
13.1167 821
13.1333 821
13.15 820
13.1667 819
13.1833 818
13.2 817
13.2167 816
13.2333 815
13.25 814
13.2667 813
13.2833 812
13.3 811
13.3167 810
13.3333 809
13.35 808
13.3667 807
13.3833 806
13.4 805
13.4167 804
13.4333 803
13.45 801
13.4667 800
13.4833 799
13.5 798
13.5167 796
13.5333 795
13.55 794
13.5667 792
13.5833 791
13.6 790
13.6167 788
13.6333 787
13.65 785
13.6667 784
13.6833 783
13.7 781
13.7167 780
13.7333 778
13.75 777
13.7667 775
13.7833 773
13.8 772
13.8167 770
13.8333 769
13.85 767
13.8667 765
13.8833 764
13.9 762
13.9167 760
13.9333 758
13.95 757
13.9667 755
13.9833 753
14.0 751
14.0167 749
14.0333 747
14.05 746
14.0667 744
14.0833 742
14.1 740
14.1167 738
14.1333 736
14.15 734
14.1667 732
14.1833 730
14.2 728
14.2167 726
14.2333 724
14.25 722
14.2667 720
14.2833 717
14.3 715
14.3167 713
14.3333 711
14.35 709
14.3667 707
14.3833 704
14.4 702
14.4167 700
14.4333 698
14.45 695
14.4667 693
14.4833 691
14.5 688
14.5167 686
14.5333 684
14.55 681
14.5667 679
14.5833 676
14.6 674
14.6167 671
14.6333 669
14.65 666
14.6667 664
14.6833 661
14.7 659
14.7167 656
14.7333 654
14.75 651
14.7667 648
14.7833 646
14.8 643
14.8167 641
14.8333 638
14.85 635
14.8667 632
14.8833 630
14.9 627
14.9167 624
14.9333 622
14.95 619
14.9667 616
14.9833 613
15.0 609
15.0167 606
15.0333 604
15.05 601
15.0667 598
15.0833 595
15.1 592
15.1167 589
15.1333 586
15.15 583
15.1667 580
15.1833 577
15.2 574
15.2167 571
15.2333 568
15.25 565
15.2667 562
15.2833 559
15.3 556
15.3167 553
15.3333 550
15.35 547
15.3667 544
15.3833 541
15.4 537
15.4167 534
15.4333 531
15.45 528
15.4667 525
15.4833 522
15.5 518
15.5167 515
15.5333 512
15.55 509
15.5667 505
15.5833 502
15.6 499
15.6167 495
15.6333 492
15.65 489
15.6667 485
15.6833 482
15.7 479
15.7167 475
15.7333 472
15.75 469
15.7667 465
15.7833 462
15.8 458
15.8167 455
15.8333 452
15.85 448
15.8667 445
15.8833 441
15.9 438
15.9167 434
15.9333 431
15.95 427
15.9667 424
15.9833 420
