9.0 437
9.0167 442
9.0333 446
9.05 449
9.0667 453
9.0833 457
9.1 461
9.1167 465
9.1333 468
9.15 472
9.1667 476
9.1833 480
9.2 483
9.2167 487
9.2333 491
9.25 495
9.2667 498
9.2833 502
9.3 506
9.3167 510
9.3333 513
9.35 517
9.3667 521
9.3833 524
9.4 528
9.4167 531
9.4333 535
9.45 539
9.4667 542
9.4833 546
9.5 549
9.5167 553
9.5333 557
9.55 560
9.5667 564
9.5833 567
9.6 571
9.6167 574
9.6333 578
9.65 581
9.6667 585
9.6833 588
9.7 591
9.7167 595
9.7333 598
9.75 602
9.7667 605
9.7833 608
9.8 612
9.8167 615
9.8333 618
9.85 622
9.8667 625
9.8833 628
9.9 632
9.9167 635
9.9333 638
9.95 641
9.9667 645
9.9833 648
10.0 651
10.0167 654
10.0333 657
10.05 661
10.0667 664
10.0833 667
10.1 670
10.1167 673
10.1333 676
10.15 679
10.1667 682
10.1833 685
10.2 688
10.2167 691
10.2333 694
10.25 697
10.2667 700
10.2833 703
10.3 706
10.3167 709
10.3333 712
10.35 715
10.3667 718
10.3833 720
10.4 723
10.4167 726
10.4333 729
10.45 732
10.4667 734
10.4833 737
10.5 740
10.5167 743
10.5333 745
10.55 748
10.5667 751
10.5833 753
10.6 756
10.6167 759
10.6333 761
10.65 764
10.6667 766
10.6833 769
10.7 771
10.7167 774
10.7333 776
10.75 779
10.7667 781
10.7833 784
10.8 786
10.8167 789
10.8333 791
10.85 793
10.8667 796
10.8833 798
10.9 801
10.9167 803
10.9333 805
10.95 807
10.9667 810
10.9833 812
11.0 814
11.0167 816
11.0333 818
11.05 821
11.0667 823
11.0833 825
11.1 827
11.1167 829
11.1333 831
11.15 833
11.1667 835
11.1833 837
11.2 839
11.2167 841
11.2333 843
11.25 845
11.2667 847
11.2833 849
11.3 851
11.3167 853
11.3333 855
11.35 856
11.3667 858
11.3833 860
11.4 862
11.4167 864
11.4333 865
11.45 867
11.4667 869
11.4833 870
11.5 872
11.5167 874
11.5333 875
11.55 877
11.5667 878
11.5833 880
11.6 882
11.6167 883
11.6333 885
11.65 886
11.6667 888
11.6833 889
11.7 890
11.7167 892
11.7333 893
11.75 895
11.7667 896
11.7833 897
11.8 898
11.8167 900
11.8333 901
11.85 902
11.8667 903
11.8833 905
11.9 906
11.9167 907
11.9333 908
11.95 909
11.9667 910
11.9833 911
12.0 913
12.0167 914
12.0333 915
12.05 916
12.0667 917
12.0833 917
12.1 918
12.1167 919
12.1333 920
12.15 921
12.1667 922
12.1833 923
12.2 924
12.2167 924
12.2333 925
12.25 926
12.2667 927
12.2833 927
12.3 928
12.3167 929
12.3333 929
12.35 930
12.3667 931
12.3833 931
12.4 932
12.4167 932
12.4333 933
12.45 933
12.4667 934
12.4833 934
12.5 935
12.5167 935
12.5333 936
12.55 936
12.5667 936
12.5833 937
12.6 937
12.6167 937
12.6333 937
12.65 938
12.6667 938
12.6833 938
12.7 938
12.7167 939
12.7333 939
12.75 939
12.7667 939
12.7833 939
12.8 939
12.8167 939
12.8333 939
12.85 939
12.8667 939
12.8833 939
12.9 939
12.9167 939
12.9333 939
12.95 939
12.9667 939
12.9833 938
13.0 938
13.0167 938
13.0333 938
13.05 937
13.0667 937
13.0833 937
13.1 937
13.1167 936
13.1333 936
13.15 936
13.1667 935
13.1833 935
13.2 934
13.2167 934
13.2333 933
13.25 933
13.2667 932
13.2833 932
13.3 931
13.3167 931
13.3333 930
13.35 929
13.3667 929
13.3833 928
13.4 927
13.4167 927
13.4333 926
13.45 925
13.4667 924
13.4833 924
13.5 923
13.5167 922
13.5333 921
13.55 920
13.5667 919
13.5833 919
13.6 918
13.6167 917
13.6333 916
13.65 915
13.6667 914
13.6833 913
13.7 912
13.7167 910
13.7333 909
13.75 908
13.7667 907
13.7833 906
13.8 905
13.8167 904
13.8333 902
13.85 901
13.8667 900
13.8833 899
13.9 897
13.9167 896
13.9333 895
13.95 893
13.9667 892
13.9833 890
14.0 889
14.0167 888
14.0333 886
14.05 885
14.0667 883
14.0833 882
14.1 880
14.1167 879
14.1333 877
14.15 875
14.1667 874
14.1833 872
14.2 871
14.2167 869
14.2333 867
14.25 865
14.2667 864
14.2833 862
14.3 860
14.3167 858
14.3333 857
14.35 855
14.3667 853
14.3833 851
14.4 849
14.4167 847
14.4333 845
14.45 843
14.4667 841
14.4833 839
14.5 837
14.5167 835
14.5333 833
14.55 831
14.5667 829
14.5833 827
14.6 825
14.6167 823
14.6333 821
14.65 819
14.6667 816
14.6833 814
14.7 812
14.7167 810
14.7333 808
14.75 805
14.7667 803
14.7833 801
14.8 798
14.8167 796
14.8333 794
14.85 791
14.8667 789
14.8833 787
14.9 784
14.9167 782
14.9333 779
14.95 777
14.9667 774
14.9833 772
15.0 770
15.0167 767
15.0333 765
15.05 762
15.0667 760
15.0833 757
15.1 754
15.1167 752
15.1333 749
15.15 746
15.1667 744
15.1833 741
15.2 738
15.2167 735
15.2333 733
15.25 730
15.2667 727
15.2833 724
15.3 721
15.3167 718
15.3333 716
15.35 713
15.3667 710
15.3833 707
15.4 704
15.4167 701
15.4333 698
15.45 695
15.4667 692
15.4833 689
15.5 686
15.5167 683
15.5333 680
15.55 677
15.5667 674
15.5833 671
15.6 668
15.6167 665
15.6333 661
15.65 658
15.6667 655
15.6833 652
15.7 649
15.7167 646
15.7333 642
15.75 639
15.7667 636
15.7833 633
15.8 629
15.8167 626
15.8333 623
15.85 619
15.8667 616
15.8833 613
15.9 609
15.9167 606
15.9333 603
15.95 599
15.9667 596
15.9833 592
