9.0 561
9.0167 565
9.0333 569
9.05 572
9.0667 575
9.0833 579
9.1 582
9.1167 586
9.1333 589
9.15 592
9.1667 596
9.1833 599
9.2 603
9.2167 606
9.2333 609
9.25 612
9.2667 616
9.2833 619
9.3 622
9.3167 626
9.3333 629
9.35 632
9.3667 635
9.3833 639
9.4 642
9.4167 645
9.4333 648
9.45 651
9.4667 655
9.4833 658
9.5 661
9.5167 664
9.5333 667
9.55 670
9.5667 673
9.5833 677
9.6 680
9.6167 683
9.6333 686
9.65 689
9.6667 692
9.6833 695
9.7 698
9.7167 701
9.7333 704
9.75 707
9.7667 710
9.7833 713
9.8 716
9.8167 719
9.8333 722
9.85 724
9.8667 727
9.8833 730
9.9 733
9.9167 736
9.9333 739
9.95 742
9.9667 744
9.9833 747
10.0 750
10.0167 753
10.0333 755
10.05 758
10.0667 761
10.0833 764
10.1 766
10.1167 769
10.1333 772
10.15 774
10.1667 777
10.1833 779
10.2 782
10.2167 785
10.2333 787
10.25 790
10.2667 792
10.2833 795
10.3 797
10.3167 800
10.3333 802
10.35 805
10.3667 807
10.3833 810
10.4 812
10.4167 814
10.4333 817
10.45 819
10.4667 822
10.4833 824
10.5 826
10.5167 829
10.5333 831
10.55 833
10.5667 835
10.5833 838
10.6 840
10.6167 842
10.6333 844
10.65 846
10.6667 849
10.6833 851
10.7 853
10.7167 855
10.7333 857
10.75 859
10.7667 861
10.7833 863
10.8 865
10.8167 867
10.8333 869
10.85 871
10.8667 873
10.8833 875
10.9 877
10.9167 879
10.9333 881
10.95 883
10.9667 885
10.9833 887
11.0 888
11.0167 890
11.0333 892
11.05 894
11.0667 896
11.0833 897
11.1 899
11.1167 901
11.1333 902
11.15 904
11.1667 906
11.1833 907
11.2 909
11.2167 911
11.2333 912
11.25 914
11.2667 915
11.2833 917
11.3 918
11.3167 920
11.3333 921
11.35 923
11.3667 924
11.3833 926
11.4 927
11.4167 929
11.4333 930
11.45 931
11.4667 933
11.4833 934
11.5 935
11.5167 936
11.5333 938
11.55 939
11.5667 940
11.5833 941
11.6 943
11.6167 944
11.6333 945
11.65 946
11.6667 947
11.6833 948
11.7 949
11.7167 950
11.7333 951
11.75 952
11.7667 953
11.7833 954
11.8 955
11.8167 956
11.8333 957
11.85 958
11.8667 959
11.8833 960
11.9 961
11.9167 962
11.9333 962
11.95 963
11.9667 964
11.9833 965
12.0 965
12.0167 966
12.0333 967
12.05 967
12.0667 968
12.0833 969
12.1 969
12.1167 970
12.1333 971
12.15 971
12.1667 972
12.1833 972
12.2 973
12.2167 973
12.2333 974
12.25 974
12.2667 975
12.2833 975
12.3 975
12.3167 976
12.3333 976
12.35 976
12.3667 977
12.3833 977
12.4 977
12.4167 978
12.4333 978
12.45 978
12.4667 978
12.4833 978
12.5 979
12.5167 979
12.5333 979
12.55 979
12.5667 979
12.5833 979
12.6 979
12.6167 979
12.6333 979
12.65 979
12.6667 979
12.6833 979
12.7 979
12.7167 979
12.7333 979
12.75 979
12.7667 978
12.7833 978
12.8 978
12.8167 978
12.8333 978
12.85 977
12.8667 977
12.8833 977
12.9 976
12.9167 976
12.9333 976
12.95 975
12.9667 975
12.9833 975
13.0 974
13.0167 974
13.0333 973
13.05 973
13.0667 972
13.0833 972
13.1 971
13.1167 971
13.1333 970
13.15 969
13.1667 969
13.1833 968
13.2 968
13.2167 967
13.2333 966
13.25 965
13.2667 965
13.2833 964
13.3 963
13.3167 962
13.3333 962
13.35 961
13.3667 960
13.3833 959
13.4 958
13.4167 957
13.4333 956
13.45 955
13.4667 954
13.4833 954
13.5 953
13.5167 951
13.5333 950
13.55 949
13.5667 948
13.5833 947
13.6 946
13.6167 945
13.6333 944
13.65 943
13.6667 942
13.6833 940
13.7 939
13.7167 938
13.7333 937
13.75 935
13.7667 934
13.7833 933
13.8 931
13.8167 930
13.8333 929
13.85 927
13.8667 926
13.8833 924
13.9 923
13.9167 922
13.9333 920
13.95 919
13.9667 917
13.9833 916
14.0 914
14.0167 912
14.0333 911
14.05 909
14.0667 908
14.0833 906
14.1 904
14.1167 903
14.1333 901
14.15 899
14.1667 898
14.1833 896
14.2 894
14.2167 892
14.2333 891
14.25 889
14.2667 887
14.2833 885
14.3 883
14.3167 881
14.3333 879
14.35 877
14.3667 876
14.3833 874
14.4 872
14.4167 870
14.4333 868
14.45 866
14.4667 864
14.4833 862
14.5 859
14.5167 857
14.5333 855
14.55 853
14.5667 851
14.5833 849
14.6 847
14.6167 845
14.6333 842
14.65 840
14.6667 838
14.6833 836
14.7 833
14.7167 831
14.7333 829
14.75 827
14.7667 824
14.7833 822
14.8 820
14.8167 817
14.8333 815
14.85 812
14.8667 810
14.8833 808
14.9 805
14.9167 803
14.9333 800
14.95 798
14.9667 795
14.9833 793
15.0 790
15.0167 788
15.0333 785
15.05 782
15.0667 780
15.0833 777
15.1 775
15.1167 772
15.1333 769
15.15 767
15.1667 764
15.1833 761
15.2 759
15.2167 756
15.2333 753
15.25 750
15.2667 748
15.2833 745
15.3 742
15.3167 739
15.3333 736
15.35 734
15.3667 731
15.3833 728
15.4 725
15.4167 722
15.4333 719
15.45 716
15.4667 713
15.4833 710
15.5 707
15.5167 704
15.5333 701
15.55 698
15.5667 695
15.5833 692
15.6 689
15.6167 686
15.6333 683
15.65 680
15.6667 677
15.6833 674
15.7 671
15.7167 668
15.7333 665
15.75 662
15.7667 658
15.7833 655
15.8 652
15.8167 649
15.8333 646
15.85 642
15.8667 639
15.8833 636
15.9 633
15.9167 630
15.9333 626
15.95 623
15.9667 620
15.9833 616
