9.0 411
9.0167 414
9.0333 417
9.05 421
9.0667 424
9.0833 427
9.1 430
9.1167 434
9.1333 437
9.15 440
9.1667 444
9.1833 447
9.2 450
9.2167 453
9.2333 456
9.25 460
9.2667 463
9.2833 466
9.3 469
9.3167 472
9.3333 476
9.35 479
9.3667 482
9.3833 485
9.4 488
9.4167 491
9.4333 494
9.45 498
9.4667 501
9.4833 504
9.5 507
9.5167 510
9.5333 513
9.55 516
9.5667 519
9.5833 522
9.6 525
9.6167 528
9.6333 531
9.65 534
9.6667 537
9.6833 540
9.7 543
9.7167 546
9.7333 549
9.75 552
9.7667 555
9.7833 557
9.8 560
9.8167 563
9.8333 566
9.85 569
9.8667 572
9.8833 575
9.9 577
9.9167 580
9.9333 583
9.95 586
9.9667 588
9.9833 591
10.0 594
10.0167 597
10.0333 599
10.05 602
10.0667 605
10.0833 607
10.1 610
10.1167 612
10.1333 615
10.15 618
10.1667 620
10.1833 623
10.2 625
10.2167 628
10.2333 630
10.25 633
10.2667 635
10.2833 638
10.3 640
10.3167 643
10.3333 645
10.35 648
10.3667 650
10.3833 652
10.4 655
10.4167 657
10.4333 660
10.45 662
10.4667 664
10.4833 666
10.5 669
10.5167 671
10.5333 673
10.55 676
10.5667 678
10.5833 680
10.6 682
10.6167 684
10.6333 686
10.65 689
10.6667 691
10.6833 693
10.7 695
10.7167 697
10.7333 699
10.75 701
10.7667 703
10.7833 705
10.8 707
10.8167 709
10.8333 711
10.85 713
10.8667 715
10.8833 717
10.9 719
10.9167 720
10.9333 722
10.95 724
10.9667 726
10.9833 728
11.0 730
11.0167 731
11.0333 733
11.05 735
11.0667 737
11.0833 738
11.1 740
11.1167 742
11.1333 743
11.15 745
11.1667 746
11.1833 748
11.2 750
11.2167 751
11.2333 753
11.25 754
11.2667 756
11.2833 757
11.3 759
11.3167 760
11.3333 761
11.35 763
11.3667 764
11.3833 766
11.4 767
11.4167 768
11.4333 770
11.45 771
11.4667 772
11.4833 773
11.5 775
11.5167 776
11.5333 777
11.55 778
11.5667 779
11.5833 781
11.6 782
11.6167 783
11.6333 784
11.65 785
11.6667 786
11.6833 787
11.7 788
11.7167 789
11.7333 790
11.75 791
11.7667 792
11.7833 793
11.8 794
11.8167 795
11.8333 795
11.85 796
11.8667 797
11.8833 798
11.9 799
11.9167 799
11.9333 800
11.95 801
11.9667 802
11.9833 802
12.0 803
12.0167 804
12.0333 804
12.05 805
12.0667 805
12.0833 806
12.1 806
12.1167 807
12.1333 807
12.15 808
12.1667 808
12.1833 809
12.2 809
12.2167 810
12.2333 810
12.25 810
12.2667 811
12.2833 811
12.3 811
12.3167 812
12.3333 812
12.35 812
12.3667 812
12.3833 813
12.4 813
12.4167 813
12.4333 813
12.45 813
12.4667 813
12.4833 814
12.5 814
12.5167 814
12.5333 814
12.55 814
12.5667 814
12.5833 814
12.6 814
12.6167 814
12.6333 813
12.65 813
12.6667 813
12.6833 813
12.7 813
12.7167 813
12.7333 813
12.75 812
12.7667 812
12.7833 812
12.8 811
12.8167 811
12.8333 811
12.85 811
12.8667 810
12.8833 810
12.9 809
12.9167 809
12.9333 809
12.95 808
12.9667 808
12.9833 807
13.0 807
13.0167 806
13.0333 805
13.05 805
13.0667 804
13.0833 804
13.1 803
13.1167 802
13.1333 802
13.15 801
13.1667 800
13.1833 800
13.2 799
13.2167 798
13.2333 797
13.25 796
13.2667 796
13.2833 795
13.3 794
13.3167 793
13.3333 792
13.35 791
13.3667 790
13.3833 789
13.4 788
13.4167 787
13.4333 786
13.45 785
13.4667 784
13.4833 783
13.5 782
13.5167 781
13.5333 780
13.55 778
13.5667 777
13.5833 776
13.6 775
13.6167 774
13.6333 772
13.65 771
13.6667 770
13.6833 769
13.7 767
13.7167 766
13.7333 765
13.75 763
13.7667 762
13.7833 760
13.8 759
13.8167 757
13.8333 756
13.85 754
13.8667 753
13.8833 751
13.9 750
13.9167 748
13.9333 747
13.95 745
13.9667 744
13.9833 742
14.0 740
14.0167 739
14.0333 737
14.05 735
14.0667 733
14.0833 732
14.1 730
14.1167 728
14.1333 726
14.15 725
14.1667 723
14.1833 721
14.2 719
14.2167 717
14.2333 715
14.25 713
14.2667 711
14.2833 709
14.3 707
14.3167 705
14.3333 703
14.35 701
14.3667 699
14.3833 697
14.4 695
14.4167 693
14.4333 691
14.45 689
14.4667 687
14.4833 685
14.5 683
14.5167 680
14.5333 678
14.55 676
14.5667 674
14.5833 672
14.6 669
14.6167 667
14.6333 665
14.65 662
14.6667 660
14.6833 658
14.7 655
14.7167 653
14.7333 651
14.75 648
14.7667 646
14.7833 643
14.8 641
14.8167 638
14.8333 636
14.85 633
14.8667 631
14.8833 628
14.9 626
14.9167 623
14.9333 621
14.95 618
14.9667 616
14.9833 613
15.0 609
15.0167 607
15.0333 604
15.05 601
15.0667 599
15.0833 596
15.1 593
15.1167 591
15.1333 588
15.15 585
15.1667 582
15.1833 580
15.2 577
15.2167 574
15.2333 571
15.25 568
15.2667 566
15.2833 563
15.3 560
15.3167 557
15.3333 554
15.35 551
15.3667 548
15.3833 545
15.4 543
15.4167 540
15.4333 537
15.45 534
15.4667 531
15.4833 528
15.5 525
15.5167 522
15.5333 519
15.55 516
15.5667 513
15.5833 510
15.6 506
15.6167 503
15.6333 500
15.65 497
15.6667 494
15.6833 491
15.7 488
15.7167 485
15.7333 482
15.75 478
15.7667 475
15.7833 472
15.8 469
15.8167 466
15.8333 463
15.85 459
15.8667 456
15.8833 453
15.9 450
15.9167 446
15.9333 443
15.95 440
15.9667 437
15.9833 433
