9.0 262
9.0167 264
9.0333 266
9.05 269
9.0667 272
9.0833 274
9.1 277
9.1167 279
9.1333 282
9.15 285
9.1667 287
9.1833 290
9.2 292
9.2167 295
9.2333 298
9.25 300
9.2667 303
9.2833 305
9.3 308
9.3167 310
9.3333 313
9.35 315
9.3667 318
9.3833 321
9.4 323
9.4167 326
9.4333 328
9.45 331
9.4667 333
9.4833 336
9.5 338
9.5167 341
9.5333 343
9.55 346
9.5667 348
9.5833 351
9.6 353
9.6167 355
9.6333 358
9.65 360
9.6667 363
9.6833 365
9.7 368
9.7167 370
9.7333 372
9.75 375
9.7667 377
9.7833 380
9.8 382
9.8167 384
9.8333 387
9.85 389
9.8667 391
9.8833 394
9.9 396
9.9167 398
9.9333 400
9.95 403
9.9667 405
9.9833 407
10.0 409
10.0167 412
10.0333 414
10.05 416
10.0667 418
10.0833 421
10.1 423
10.1167 425
10.1333 427
10.15 429
10.1667 431
10.1833 433
10.2 436
10.2167 438
10.2333 440
10.25 442
10.2667 444
10.2833 446
10.3 448
10.3167 450
10.3333 452
10.35 454
10.3667 456
10.3833 458
10.4 460
10.4167 462
10.4333 464
10.45 466
10.4667 468
10.4833 469
10.5 471
10.5167 473
10.5333 475
10.55 477
10.5667 479
10.5833 481
10.6 482
10.6167 484
10.6333 486
10.65 488
10.6667 489
10.6833 491
10.7 493
10.7167 495
10.7333 496
10.75 498
10.7667 500
10.7833 501
10.8 503
10.8167 505
10.8333 506
10.85 508
10.8667 509
10.8833 511
10.9 512
10.9167 514
10.9333 515
10.95 517
10.9667 518
10.9833 520
11.0 521
11.0167 523
11.0333 524
11.05 526
11.0667 527
11.0833 528
11.1 530
11.1167 531
11.1333 532
11.15 534
11.1667 535
11.1833 536
11.2 537
11.2167 539
11.2333 540
11.25 541
11.2667 542
11.2833 544
11.3 545
11.3167 546
11.3333 547
11.35 548
11.3667 549
11.3833 550
11.4 551
11.4167 552
11.4333 553
11.45 554
11.4667 555
11.4833 556
11.5 557
11.5167 558
11.5333 559
11.55 560
11.5667 561
11.5833 562
11.6 563
11.6167 564
11.6333 564
11.65 565
11.6667 566
11.6833 567
11.7 568
11.7167 568
11.7333 569
11.75 570
11.7667 570
11.7833 571
11.8 572
11.8167 572
11.8333 573
11.85 574
11.8667 574
11.8833 575
11.9 575
11.9167 576
11.9333 576
11.95 577
11.9667 577
11.9833 578
12.0 578
12.0167 579
12.0333 579
12.05 580
12.0667 580
12.0833 580
12.1 581
12.1167 581
12.1333 581
12.15 582
12.1667 582
12.1833 582
12.2 582
12.2167 582
12.2333 583
12.25 583
12.2667 583
12.2833 583
12.3 583
12.3167 583
12.3333 584
12.35 584
12.3667 584
12.3833 584
12.4 584
12.4167 584
12.4333 584
12.45 584
12.4667 584
12.4833 584
12.5 583
12.5167 583
12.5333 583
12.55 583
12.5667 583
12.5833 583
12.6 583
12.6167 582
12.6333 582
12.65 582
12.6667 582
12.6833 581
12.7 581
12.7167 581
12.7333 580
12.75 580
12.7667 580
12.7833 579
12.8 579
12.8167 578
12.8333 578
12.85 578
12.8667 577
12.8833 577
12.9 576
12.9167 576
12.9333 575
12.95 574
12.9667 574
12.9833 573
13.0 573
13.0167 572
13.0333 571
13.05 571
13.0667 570
13.0833 569
13.1 569
13.1167 568
13.1333 567
13.15 566
13.1667 566
13.1833 565
13.2 564
13.2167 563
13.2333 562
13.25 561
13.2667 560
13.2833 560
13.3 559
13.3167 558
13.3333 557
13.35 556
13.3667 555
13.3833 554
13.4 553
13.4167 552
13.4333 551
13.45 550
13.4667 548
13.4833 547
13.5 546
13.5167 545
13.5333 544
13.55 543
13.5667 542
13.5833 540
13.6 539
13.6167 538
13.6333 537
13.65 535
13.6667 534
13.6833 533
13.7 531
13.7167 530
13.7333 529
13.75 527
13.7667 526
13.7833 525
13.8 523
13.8167 522
13.8333 520
13.85 519
13.8667 517
13.8833 516
13.9 514
13.9167 513
13.9333 511
13.95 510
13.9667 508
13.9833 507
14.0 505
14.0167 503
14.0333 502
14.05 500
14.0667 499
14.0833 497
14.1 495
14.1167 493
14.1333 492
14.15 490
14.1667 488
14.1833 487
14.2 485
14.2167 483
14.2333 481
14.25 479
14.2667 478
14.2833 476
14.3 474
14.3167 472
14.3333 470
14.35 468
14.3667 466
14.3833 464
14.4 462
14.4167 461
14.4333 459
14.45 457
14.4667 455
14.4833 453
14.5 451
14.5167 449
14.5333 447
14.55 445
14.5667 442
14.5833 440
14.6 438
14.6167 436
14.6333 434
14.65 432
14.6667 430
14.6833 428
14.7 426
14.7167 423
14.7333 421
14.75 419
14.7667 417
14.7833 415
14.8 412
14.8167 410
14.8333 408
14.85 406
14.8667 403
14.8833 401
14.9 399
14.9167 397
14.9333 394
14.95 392
14.9667 390
14.9833 387
15.0 384
15.0167 382
15.0333 380
15.05 377
15.0667 375
15.0833 372
15.1 370
15.1167 368
15.1333 365
15.15 363
15.1667 360
15.1833 358
15.2 355
15.2167 353
15.2333 351
15.25 348
15.2667 346
15.2833 343
15.3 341
15.3167 338
15.3333 336
15.35 333
15.3667 331
15.3833 328
15.4 326
15.4167 323
15.4333 321
15.45 318
15.4667 316
15.4833 313
15.5 310
15.5167 308
15.5333 305
15.55 303
15.5667 300
15.5833 298
15.6 295
15.6167 292
15.6333 290
15.65 287
15.6667 285
15.6833 282
15.7 280
15.7167 277
15.7333 274
15.75 272
15.7667 269
15.7833 266
15.8 264
15.8167 261
15.8333 259
15.85 256
15.8667 253
15.8833 251
15.9 248
15.9167 246
15.9333 243
15.95 240
15.9667 238
15.9833 235
