9.0 372
9.0167 375
9.0333 378
9.05 381
9.0667 385
9.0833 388
9.1 391
9.1167 394
9.1333 397
9.15 400
9.1667 404
9.1833 407
9.2 410
9.2167 413
9.2333 416
9.25 419
9.2667 422
9.2833 425
9.3 428
9.3167 431
9.3333 434
9.35 438
9.3667 441
9.3833 444
9.4 447
9.4167 450
9.4333 453
9.45 456
9.4667 459
9.4833 462
9.5 465
9.5167 468
9.5333 470
9.55 473
9.5667 476
9.5833 479
9.6 482
9.6167 485
9.6333 488
9.65 491
9.6667 494
9.6833 496
9.7 499
9.7167 502
9.7333 505
9.75 508
9.7667 511
9.7833 513
9.8 516
9.8167 519
9.8333 522
9.85 524
9.8667 527
9.8833 530
9.9 532
9.9167 535
9.9333 538
9.95 540
9.9667 543
9.9833 546
10.0 548
10.0167 551
10.0333 553
10.05 556
10.0667 559
10.0833 561
10.1 564
10.1167 566
10.1333 569
10.15 571
10.1667 574
10.1833 576
10.2 578
10.2167 581
10.2333 583
10.25 586
10.2667 588
10.2833 590
10.3 593
10.3167 595
10.3333 597
10.35 600
10.3667 602
10.3833 604
10.4 607
10.4167 609
10.4333 611
10.45 613
10.4667 615
10.4833 618
10.5 620
10.5167 622
10.5333 624
10.55 626
10.5667 628
10.5833 630
10.6 632
10.6167 634
10.6333 636
10.65 639
10.6667 641
10.6833 642
10.7 644
10.7167 646
10.7333 648
10.75 650
10.7667 652
10.7833 654
10.8 656
10.8167 658
10.8333 660
10.85 661
10.8667 663
10.8833 665
10.9 667
10.9167 669
10.9333 670
10.95 672
10.9667 674
10.9833 675
11.0 677
11.0167 679
11.0333 680
11.05 682
11.0667 684
11.0833 685
11.1 687
11.1167 688
11.1333 690
11.15 691
11.1667 693
11.1833 694
11.2 696
11.2167 697
11.2333 698
11.25 700
11.2667 701
11.2833 703
11.3 704
11.3167 705
11.3333 707
11.35 708
11.3667 709
11.3833 710
11.4 712
11.4167 713
11.4333 714
11.45 715
11.4667 716
11.4833 717
11.5 718
11.5167 720
11.5333 721
11.55 722
11.5667 723
11.5833 724
11.6 725
11.6167 726
11.6333 727
11.65 728
11.6667 729
11.6833 730
11.7 730
11.7167 731
11.7333 732
11.75 733
11.7667 734
11.7833 735
11.8 735
11.8167 736
11.8333 737
11.85 738
11.8667 738
11.8833 739
11.9 740
11.9167 740
11.9333 741
11.95 741
11.9667 742
11.9833 743
12.0 743
12.0167 744
12.0333 744
12.05 745
12.0667 745
12.0833 745
12.1 746
12.1167 746
12.1333 747
12.15 747
12.1667 747
12.1833 748
12.2 748
12.2167 748
12.2333 749
12.25 749
12.2667 749
12.2833 749
12.3 749
12.3167 750
12.3333 750
12.35 750
12.3667 750
12.3833 750
12.4 750
12.4167 750
12.4333 750
12.45 750
12.4667 750
12.4833 750
12.5 750
12.5167 750
12.5333 750
12.55 750
12.5667 750
12.5833 750
12.6 749
12.6167 749
12.6333 749
12.65 749
12.6667 749
12.6833 748
12.7 748
12.7167 748
12.7333 747
12.75 747
12.7667 747
12.7833 746
12.8 746
12.8167 746
12.8333 745
12.85 745
12.8667 744
12.8833 744
12.9 743
12.9167 743
12.9333 742
12.95 741
12.9667 741
12.9833 740
13.0 740
13.0167 739
13.0333 738
13.05 738
13.0667 737
13.0833 736
13.1 735
13.1167 735
13.1333 734
13.15 733
13.1667 732
13.1833 731
13.2 730
13.2167 730
13.2333 729
13.25 728
13.2667 727
13.2833 726
13.3 725
13.3167 724
13.3333 723
13.35 722
13.3667 721
13.3833 720
13.4 719
13.4167 718
13.4333 716
13.45 715
13.4667 714
13.4833 713
13.5 712
13.5167 710
13.5333 709
13.55 708
13.5667 707
13.5833 705
13.6 704
13.6167 703
13.6333 701
13.65 700
13.6667 699
13.6833 697
13.7 696
13.7167 694
13.7333 693
13.75 691
13.7667 690
13.7833 688
13.8 687
13.8167 685
13.8333 684
13.85 682
13.8667 680
13.8833 679
13.9 677
13.9167 676
13.9333 674
13.95 672
13.9667 670
13.9833 669
14.0 667
14.0167 665
14.0333 663
14.05 662
14.0667 660
14.0833 658
14.1 656
14.1167 654
14.1333 652
14.15 650
14.1667 649
14.1833 647
14.2 645
14.2167 643
14.2333 641
14.25 639
14.2667 637
14.2833 635
14.3 633
14.3167 631
14.3333 628
14.35 626
14.3667 624
14.3833 622
14.4 620
14.4167 618
14.4333 616
14.45 613
14.4667 611
14.4833 609
14.5 607
14.5167 605
14.5333 602
14.55 600
14.5667 598
14.5833 595
14.6 593
14.6167 591
14.6333 588
14.65 586
14.6667 584
14.6833 581
14.7 579
14.7167 576
14.7333 574
14.75 571
14.7667 569
14.7833 566
14.8 564
14.8167 561
14.8333 559
14.85 556
14.8667 554
14.8833 551
14.9 549
14.9167 546
14.9333 543
14.95 541
14.9667 538
14.9833 535
15.0 532
15.0167 529
15.0333 526
15.05 524
15.0667 521
15.0833 518
15.1 515
15.1167 513
15.1333 510
15.15 507
15.1667 504
15.1833 501
15.2 499
15.2167 496
15.2333 493
15.25 490
15.2667 487
15.2833 484
15.3 481
15.3167 479
15.3333 476
15.35 473
15.3667 470
15.3833 467
15.4 464
15.4167 461
15.4333 458
15.45 455
15.4667 452
15.4833 449
15.5 446
15.5167 443
15.5333 440
15.55 437
15.5667 434
15.5833 431
15.6 428
15.6167 425
15.6333 422
15.65 418
15.6667 415
15.6833 412
15.7 409
15.7167 406
15.7333 403
15.75 400
15.7667 397
15.7833 393
15.8 390
15.8167 387
15.8333 384
15.85 381
15.8667 378
15.8833 374
15.9 371
15.9167 368
15.9333 365
15.95 362
15.9667 358
15.9833 355
