9.0 269
9.0167 274
9.0333 277
9.05 280
9.0667 284
9.0833 287
9.1 290
9.1167 293
9.1333 297
9.15 300
9.1667 303
9.1833 307
9.2 310
9.2167 313
9.2333 316
9.25 320
9.2667 323
9.2833 326
9.3 330
9.3167 333
9.3333 336
9.35 339
9.3667 343
9.3833 346
9.4 349
9.4167 352
9.4333 356
9.45 359
9.4667 362
9.4833 365
9.5 369
9.5167 372
9.5333 375
9.55 378
9.5667 381
9.5833 385
9.6 388
9.6167 391
9.6333 394
9.65 397
9.6667 400
9.6833 403
9.7 407
9.7167 410
9.7333 413
9.75 416
9.7667 419
9.7833 422
9.8 425
9.8167 428
9.8333 431
9.85 434
9.8667 437
9.8833 441
9.9 444
9.9167 447
9.9333 450
9.95 453
9.9667 456
9.9833 459
10.0 462
10.0167 464
10.0333 467
10.05 470
10.0667 473
10.0833 476
10.1 479
10.1167 482
10.1333 485
10.15 488
10.1667 491
10.1833 493
10.2 496
10.2167 499
10.2333 502
10.25 505
10.2667 507
10.2833 510
10.3 513
10.3167 516
10.3333 518
10.35 521
10.3667 524
10.3833 527
10.4 529
10.4167 532
10.4333 535
10.45 537
10.4667 540
10.4833 542
10.5 545
10.5167 548
10.5333 550
10.55 553
10.5667 555
10.5833 558
10.6 560
10.6167 563
10.6333 565
10.65 568
10.6667 570
10.6833 573
10.7 575
10.7167 578
10.7333 580
10.75 582
10.7667 585
10.7833 587
10.8 589
10.8167 592
10.8333 594
10.85 596
10.8667 599
10.8833 601
10.9 603
10.9167 605
10.9333 608
10.95 610
10.9667 612
10.9833 614
11.0 616
11.0167 618
11.0333 620
11.05 623
11.0667 625
11.0833 627
11.1 629
11.1167 631
11.1333 633
11.15 635
11.1667 637
11.1833 639
11.2 641
11.2167 643
11.2333 645
11.25 646
11.2667 648
11.2833 650
11.3 652
11.3167 654
11.3333 656
11.35 658
11.3667 659
11.3833 661
11.4 663
11.4167 665
11.4333 666
11.45 668
11.4667 670
11.4833 671
11.5 673
11.5167 675
11.5333 676
11.55 678
11.5667 679
11.5833 681
11.6 682
11.6167 684
11.6333 685
11.65 687
11.6667 688
11.6833 690
11.7 691
11.7167 693
11.7333 694
11.75 695
11.7667 697
11.7833 698
11.8 699
11.8167 701
11.8333 702
11.85 703
11.8667 704
11.8833 705
11.9 707
11.9167 708
11.9333 709
11.95 710
11.9667 711
11.9833 712
12.0 713
12.0167 715
12.0333 716
12.05 717
12.0667 718
12.0833 719
12.1 720
12.1167 720
12.1333 721
12.15 722
12.1667 723
12.1833 724
12.2 725
12.2167 726
12.2333 727
12.25 727
12.2667 728
12.2833 729
12.3 730
12.3167 730
12.3333 731
12.35 732
12.3667 732
12.3833 733
12.4 734
12.4167 734
12.4333 735
12.45 735
12.4667 736
12.4833 736
12.5 737
12.5167 737
12.5333 738
12.55 738
12.5667 739
12.5833 739
12.6 739
12.6167 740
12.6333 740
12.65 741
12.6667 741
12.6833 741
12.7 741
12.7167 742
12.7333 742
12.75 742
12.7667 742
12.7833 742
12.8 742
12.8167 743
12.8333 743
12.85 743
12.8667 743
12.8833 743
12.9 743
12.9167 743
12.9333 743
12.95 743
12.9667 743
12.9833 743
13.0 743
13.0167 743
13.0333 742
13.05 742
13.0667 742
13.0833 742
13.1 742
13.1167 741
13.1333 741
13.15 741
13.1667 741
13.1833 740
13.2 740
13.2167 740
13.2333 739
13.25 739
13.2667 738
13.2833 738
13.3 738
13.3167 737
13.3333 737
13.35 736
13.3667 736
13.3833 735
13.4 734
13.4167 734
13.4333 733
13.45 733
13.4667 732
13.4833 731
13.5 731
13.5167 730
13.5333 729
13.55 728
13.5667 728
13.5833 727
13.6 726
13.6167 725
13.6333 724
13.65 723
13.6667 723
13.6833 722
13.7 721
13.7167 720
13.7333 719
13.75 718
13.7667 717
13.7833 716
13.8 715
13.8167 714
13.8333 713
13.85 712
13.8667 710
13.8833 709
13.9 708
13.9167 707
13.9333 706
13.95 705
13.9667 703
13.9833 702
14.0 701
14.0167 700
14.0333 698
14.05 697
14.0667 696
14.0833 694
14.1 693
14.1167 692
14.1333 690
14.15 689
14.1667 687
14.1833 686
14.2 684
14.2167 683
14.2333 681
14.25 680
14.2667 678
14.2833 677
14.3 675
14.3167 673
14.3333 672
14.35 670
14.3667 668
14.3833 667
14.4 665
14.4167 663
14.4333 662
14.45 660
14.4667 658
14.4833 656
14.5 654
14.5167 653
14.5333 651
14.55 649
14.5667 647
14.5833 645
14.6 643
14.6167 641
14.6333 639
14.65 637
14.6667 635
14.6833 633
14.7 631
14.7167 629
14.7333 627
14.75 625
14.7667 623
14.7833 621
14.8 619
14.8167 617
14.8333 615
14.85 613
14.8667 610
14.8833 608
14.9 606
14.9167 604
14.9333 602
14.95 599
14.9667 597
14.9833 595
15.0 593
15.0167 591
15.0333 589
15.05 586
15.0667 584
15.0833 582
15.1 579
15.1167 577
15.1333 574
15.15 572
15.1667 569
15.1833 567
15.2 564
15.2167 562
15.2333 559
15.25 557
15.2667 554
15.2833 552
15.3 549
15.3167 547
15.3333 544
15.35 541
15.3667 539
15.3833 536
15.4 534
15.4167 531
15.4333 528
15.45 526
15.4667 523
15.4833 520
15.5 517
15.5167 515
15.5333 512
15.55 509
15.5667 506
15.5833 504
15.6 501
15.6167 498
15.6333 495
15.65 492
15.6667 489
15.6833 487
15.7 484
15.7167 481
15.7333 478
15.75 475
15.7667 472
15.7833 469
15.8 466
15.8167 463
15.8333 460
15.85 457
15.8667 454
15.8833 451
15.9 448
15.9167 445
15.9333 442
15.95 439
15.9667 436
15.9833 433
