9.0 376
9.0167 380
9.0333 384
9.05 387
9.0667 391
9.0833 394
9.1 398
9.1167 401
9.1333 405
9.15 408
9.1667 412
9.1833 415
9.2 419
9.2167 422
9.2333 426
9.25 429
9.2667 433
9.2833 436
9.3 440
9.3167 443
9.3333 446
9.35 450
9.3667 453
9.3833 457
9.4 460
9.4167 463
9.4333 467
9.45 470
9.4667 473
9.4833 477
9.5 480
9.5167 483
9.5333 487
9.55 490
9.5667 493
9.5833 497
9.6 500
9.6167 503
9.6333 506
9.65 510
9.6667 513
9.6833 516
9.7 519
9.7167 523
9.7333 526
9.75 529
9.7667 532
9.7833 535
9.8 538
9.8167 542
9.8333 545
9.85 548
9.8667 551
9.8833 554
9.9 557
9.9167 560
9.9333 563
9.95 566
9.9667 569
9.9833 572
10.0 575
10.0167 578
10.0333 581
10.05 584
10.0667 587
10.0833 590
10.1 593
10.1167 596
10.1333 599
10.15 602
10.1667 605
10.1833 608
10.2 610
10.2167 613
10.2333 616
10.25 619
10.2667 622
10.2833 624
10.3 627
10.3167 630
10.3333 633
10.35 635
10.3667 638
10.3833 641
10.4 644
10.4167 646
10.4333 649
10.45 651
10.4667 654
10.4833 657
10.5 659
10.5167 662
10.5333 664
10.55 667
10.5667 670
10.5833 672
10.6 675
10.6167 677
10.6333 679
10.65 682
10.6667 684
10.6833 687
10.7 689
10.7167 692
10.7333 694
10.75 696
10.7667 699
10.7833 701
10.8 703
10.8167 706
10.8333 708
10.85 710
10.8667 712
10.8833 715
10.9 717
10.9167 719
10.9333 721
10.95 723
10.9667 725
10.9833 728
11.0 730
11.0167 732
11.0333 734
11.05 736
11.0667 738
11.0833 740
11.1 742
11.1167 744
11.1333 746
11.15 748
11.1667 750
11.1833 752
11.2 754
11.2167 755
11.2333 757
11.25 759
11.2667 761
11.2833 763
11.3 765
11.3167 766
11.3333 768
11.35 770
11.3667 772
11.3833 773
11.4 775
11.4167 777
11.4333 778
11.45 780
11.4667 781
11.4833 783
11.5 785
11.5167 786
11.5333 788
11.55 789
11.5667 791
11.5833 792
11.6 794
11.6167 795
11.6333 796
11.65 798
11.6667 799
11.6833 801
11.7 802
11.7167 803
11.7333 805
11.75 806
11.7667 807
11.7833 808
11.8 810
11.8167 811
11.8333 812
11.85 813
11.8667 814
11.8833 815
11.9 817
11.9167 818
11.9333 819
11.95 820
11.9667 821
11.9833 822
12.0 823
12.0167 824
12.0333 825
12.05 826
12.0667 827
12.0833 827
12.1 828
12.1167 829
12.1333 830
12.15 831
12.1667 832
12.1833 832
12.2 833
12.2167 834
12.2333 835
12.25 835
12.2667 836
12.2833 837
12.3 837
12.3167 838
12.3333 838
12.35 839
12.3667 840
12.3833 840
12.4 841
12.4167 841
12.4333 842
12.45 842
12.4667 843
12.4833 843
12.5 843
12.5167 844
12.5333 844
12.55 844
12.5667 845
12.5833 845
12.6 845
12.6167 846
12.6333 846
12.65 846
12.6667 846
12.6833 846
12.7 846
12.7167 847
12.7333 847
12.75 847
12.7667 847
12.7833 847
12.8 847
12.8167 847
12.8333 847
12.85 847
12.8667 847
12.8833 847
12.9 847
12.9167 847
12.9333 846
12.95 846
12.9667 846
12.9833 846
13.0 846
13.0167 845
13.0333 845
13.05 845
13.0667 845
13.0833 844
13.1 844
13.1167 844
13.1333 843
13.15 843
13.1667 842
13.1833 842
13.2 842
13.2167 841
13.2333 841
13.25 840
13.2667 840
13.2833 839
13.3 838
13.3167 838
13.3333 837
13.35 837
13.3667 836
13.3833 835
13.4 835
13.4167 834
13.4333 833
13.45 832
13.4667 832
13.4833 831
13.5 830
13.5167 829
13.5333 828
13.55 827
13.5667 826
13.5833 826
13.6 825
13.6167 824
13.6333 823
13.65 822
13.6667 821
13.6833 820
13.7 819
13.7167 817
13.7333 816
13.75 815
13.7667 814
13.7833 813
13.8 812
13.8167 811
13.8333 809
13.85 808
13.8667 807
13.8833 806
13.9 804
13.9167 803
13.9333 802
13.95 800
13.9667 799
13.9833 798
14.0 796
14.0167 795
14.0333 793
14.05 792
14.0667 790
14.0833 789
14.1 787
14.1167 786
14.1333 784
14.15 783
14.1667 781
14.1833 780
14.2 778
14.2167 776
14.2333 775
14.25 773
14.2667 771
14.2833 770
14.3 768
14.3167 766
14.3333 764
14.35 763
14.3667 761
14.3833 759
14.4 757
14.4167 755
14.4333 753
14.45 751
14.4667 749
14.4833 748
14.5 746
14.5167 744
14.5333 742
14.55 740
14.5667 738
14.5833 736
14.6 733
14.6167 731
14.6333 729
14.65 727
14.6667 725
14.6833 723
14.7 721
14.7167 719
14.7333 716
14.75 714
14.7667 712
14.7833 710
14.8 707
14.8167 705
14.8333 703
14.85 701
14.8667 698
14.8833 696
14.9 694
14.9167 691
14.9333 689
14.95 686
14.9667 684
14.9833 682
15.0 680
15.0167 677
15.0333 675
15.05 672
15.0667 670
15.0833 667
15.1 665
15.1167 662
15.1333 659
15.15 657
15.1667 654
15.1833 652
15.2 649
15.2167 646
15.2333 644
15.25 641
15.2667 638
15.2833 636
15.3 633
15.3167 630
15.3333 627
15.35 625
15.3667 622
15.3833 619
15.4 616
15.4167 613
15.4333 610
15.45 608
15.4667 605
15.4833 602
15.5 599
15.5167 596
15.5333 593
15.55 590
15.5667 587
15.5833 584
15.6 581
15.6167 578
15.6333 575
15.65 572
15.6667 569
15.6833 566
15.7 563
15.7167 560
15.7333 557
15.75 554
15.7667 551
15.7833 548
15.8 545
15.8167 542
15.8333 538
15.85 535
15.8667 532
15.8833 529
15.9 526
15.9167 523
15.9333 519
15.95 516
15.9667 513
15.9833 510
