9.0 364
9.0167 368
9.0333 372
9.05 375
9.0667 378
9.0833 382
9.1 385
9.1167 389
9.1333 392
9.15 395
9.1667 399
9.1833 402
9.2 405
9.2167 409
9.2333 412
9.25 415
9.2667 419
9.2833 422
9.3 425
9.3167 429
9.3333 432
9.35 435
9.3667 439
9.3833 442
9.4 445
9.4167 448
9.4333 452
9.45 455
9.4667 458
9.4833 461
9.5 465
9.5167 468
9.5333 471
9.55 474
9.5667 477
9.5833 481
9.6 484
9.6167 487
9.6333 490
9.65 493
9.6667 497
9.6833 500
9.7 503
9.7167 506
9.7333 509
9.75 512
9.7667 515
9.7833 518
9.8 521
9.8167 524
9.8333 527
9.85 530
9.8667 533
9.8833 536
9.9 539
9.9167 542
9.9333 545
9.95 548
9.9667 551
9.9833 554
10.0 557
10.0167 560
10.0333 563
10.05 566
10.0667 569
10.0833 572
10.1 575
10.1167 577
10.1333 580
10.15 583
10.1667 586
10.1833 589
10.2 591
10.2167 594
10.2333 597
10.25 600
10.2667 602
10.2833 605
10.3 608
10.3167 610
10.3333 613
10.35 616
10.3667 618
10.3833 621
10.4 624
10.4167 626
10.4333 629
10.45 631
10.4667 634
10.4833 636
10.5 639
10.5167 642
10.5333 644
10.55 647
10.5667 649
10.5833 651
10.6 654
10.6167 656
10.6333 659
10.65 661
10.6667 663
10.6833 666
10.7 668
10.7167 671
10.7333 673
10.75 675
10.7667 677
10.7833 680
10.8 682
10.8167 684
10.8333 686
10.85 689
10.8667 691
10.8833 693
10.9 695
10.9167 697
10.9333 699
10.95 701
10.9667 704
10.9833 706
11.0 708
11.0167 710
11.0333 712
11.05 714
11.0667 716
11.0833 718
11.1 720
11.1167 722
11.1333 723
11.15 725
11.1667 727
11.1833 729
11.2 731
11.2167 733
11.2333 735
11.25 736
11.2667 738
11.2833 740
11.3 742
11.3167 743
11.3333 745
11.35 747
11.3667 748
11.3833 750
11.4 752
11.4167 753
11.4333 755
11.45 757
11.4667 758
11.4833 760
11.5 761
11.5167 763
11.5333 764
11.55 766
11.5667 767
11.5833 769
11.6 770
11.6167 771
11.6333 773
11.65 774
11.6667 775
11.6833 777
11.7 778
11.7167 779
11.7333 781
11.75 782
11.7667 783
11.7833 784
11.8 785
11.8167 787
11.8333 788
11.85 789
11.8667 790
11.8833 791
11.9 792
11.9167 793
11.9333 794
11.95 795
11.9667 796
11.9833 797
12.0 798
12.0167 799
12.0333 800
12.05 801
12.0667 802
12.0833 803
12.1 804
12.1167 804
12.1333 805
12.15 806
12.1667 807
12.1833 807
12.2 808
12.2167 809
12.2333 810
12.25 810
12.2667 811
12.2833 812
12.3 812
12.3167 813
12.3333 813
12.35 814
12.3667 814
12.3833 815
12.4 815
12.4167 816
12.4333 816
12.45 817
12.4667 817
12.4833 817
12.5 818
12.5167 818
12.5333 819
12.55 819
12.5667 819
12.5833 819
12.6 820
12.6167 820
12.6333 820
12.65 820
12.6667 820
12.6833 821
12.7 821
12.7167 821
12.7333 821
12.75 821
12.7667 821
12.7833 821
12.8 821
12.8167 821
12.8333 821
12.85 821
12.8667 821
12.8833 821
12.9 821
12.9167 821
12.9333 820
12.95 820
12.9667 820
12.9833 820
13.0 820
13.0167 819
13.0333 819
13.05 819
13.0667 819
13.0833 818
13.1 818
13.1167 818
13.1333 817
13.15 817
13.1667 816
13.1833 816
13.2 815
13.2167 815
13.2333 814
13.25 814
13.2667 813
13.2833 813
13.3 812
13.3167 812
13.3333 811
13.35 810
13.3667 810
13.3833 809
13.4 808
13.4167 808
13.4333 807
13.45 806
13.4667 805
13.4833 804
13.5 804
13.5167 803
13.5333 802
13.55 801
13.5667 800
13.5833 799
13.6 798
13.6167 797
13.6333 796
13.65 795
13.6667 794
13.6833 793
13.7 792
13.7167 791
13.7333 790
13.75 789
13.7667 788
13.7833 787
13.8 786
13.8167 784
13.8333 783
13.85 782
13.8667 781
13.8833 779
13.9 778
13.9167 777
13.9333 775
13.95 774
13.9667 773
13.9833 771
14.0 770
14.0167 769
14.0333 767
14.05 766
14.0667 764
14.0833 763
14.1 761
14.1167 760
14.1333 758
14.15 757
14.1667 755
14.1833 753
14.2 752
14.2167 750
14.2333 749
14.25 747
14.2667 745
14.2833 743
14.3 742
14.3167 740
14.3333 738
14.35 736
14.3667 735
14.3833 733
14.4 731
14.4167 729
14.4333 727
14.45 725
14.4667 724
14.4833 722
14.5 720
14.5167 718
14.5333 716
14.55 714
14.5667 712
14.5833 710
14.6 708
14.6167 706
14.6333 704
14.65 702
14.6667 699
14.6833 697
14.7 695
14.7167 693
14.7333 691
14.75 689
14.7667 686
14.7833 684
14.8 682
14.8167 680
14.8333 678
14.85 675
14.8667 673
14.8833 671
14.9 668
14.9167 666
14.9333 664
14.95 661
14.9667 659
14.9833 656
15.0 655
15.0167 652
15.0333 650
15.05 647
15.0667 645
15.0833 642
15.1 640
15.1167 637
15.1333 635
15.15 632
15.1667 630
15.1833 627
15.2 624
15.2167 622
15.2333 619
15.25 616
15.2667 614
15.2833 611
15.3 608
15.3167 606
15.3333 603
15.35 600
15.3667 598
15.3833 595
15.4 592
15.4167 589
15.4333 586
15.45 584
15.4667 581
15.4833 578
15.5 575
15.5167 572
15.5333 569
15.55 567
15.5667 564
15.5833 561
15.6 558
15.6167 555
15.6333 552
15.65 549
15.6667 546
15.6833 543
15.7 540
15.7167 537
15.7333 534
15.75 531
15.7667 528
15.7833 525
15.8 522
15.8167 519
15.8333 516
15.85 513
15.8667 510
15.8833 507
15.9 503
15.9167 500
15.9333 497
15.95 494
15.9667 491
15.9833 488
