9.0 440
9.0167 444
9.0333 447
9.05 450
9.0667 453
9.0833 457
9.1 460
9.1167 463
9.1333 466
9.15 470
9.1667 473
9.1833 476
9.2 479
9.2167 482
9.2333 486
9.25 489
9.2667 492
9.2833 495
9.3 498
9.3167 501
9.3333 505
9.35 508
9.3667 511
9.3833 514
9.4 517
9.4167 520
9.4333 523
9.45 526
9.4667 529
9.4833 532
9.5 536
9.5167 539
9.5333 542
9.55 545
9.5667 548
9.5833 551
9.6 554
9.6167 557
9.6333 560
9.65 563
9.6667 566
9.6833 568
9.7 571
9.7167 574
9.7333 577
9.75 580
9.7667 583
9.7833 586
9.8 589
9.8167 592
9.8333 594
9.85 597
9.8667 600
9.8833 603
9.9 606
9.9167 609
9.9333 611
9.95 614
9.9667 617
9.9833 620
10.0 622
10.0167 625
10.0333 628
10.05 630
10.0667 633
10.0833 636
10.1 638
10.1167 641
10.1333 644
10.15 646
10.1667 649
10.1833 651
10.2 654
10.2167 657
10.2333 659
10.25 662
10.2667 664
10.2833 667
10.3 669
10.3167 672
10.3333 674
10.35 676
10.3667 679
10.3833 681
10.4 684
10.4167 686
10.4333 688
10.45 691
10.4667 693
10.4833 695
10.5 698
10.5167 700
10.5333 702
10.55 705
10.5667 707
10.5833 709
10.6 711
10.6167 714
10.6333 716
10.65 718
10.6667 720
10.6833 722
10.7 724
10.7167 727
10.7333 729
10.75 731
10.7667 733
10.7833 735
10.8 737
10.8167 739
10.8333 741
10.85 743
10.8667 745
10.8833 747
10.9 749
10.9167 751
10.9333 753
10.95 754
10.9667 756
10.9833 758
11.0 760
11.0167 762
11.0333 764
11.05 765
11.0667 767
11.0833 769
11.1 771
11.1167 772
11.1333 774
11.15 776
11.1667 778
11.1833 779
11.2 781
11.2167 782
11.2333 784
11.25 786
11.2667 787
11.2833 789
11.3 790
11.3167 792
11.3333 793
11.35 795
11.3667 796
11.3833 798
11.4 799
11.4167 801
11.4333 802
11.45 803
11.4667 805
11.4833 806
11.5 807
11.5167 809
11.5333 810
11.55 811
11.5667 812
11.5833 814
11.6 815
11.6167 816
11.6333 817
11.65 818
11.6667 820
11.6833 821
11.7 822
11.7167 823
11.7333 824
11.75 825
11.7667 826
11.7833 827
11.8 828
11.8167 829
11.8333 830
11.85 831
11.8667 832
11.8833 833
11.9 834
11.9167 835
11.9333 835
11.95 836
11.9667 837
11.9833 838
12.0 839
12.0167 839
12.0333 840
12.05 841
12.0667 841
12.0833 842
12.1 843
12.1167 843
12.1333 844
12.15 845
12.1667 845
12.1833 846
12.2 846
12.2167 847
12.2333 847
12.25 848
12.2667 848
12.2833 849
12.3 849
12.3167 850
12.3333 850
12.35 850
12.3667 851
12.3833 851
12.4 851
12.4167 852
12.4333 852
12.45 852
12.4667 852
12.4833 853
12.5 853
12.5167 853
12.5333 853
12.55 853
12.5667 854
12.5833 854
12.6 854
12.6167 854
12.6333 854
12.65 854
12.6667 854
12.6833 854
12.7 854
12.7167 854
12.7333 854
12.75 854
12.7667 854
12.7833 853
12.8 853
12.8167 853
12.8333 853
12.85 853
12.8667 853
12.8833 852
12.9 852
12.9167 852
12.9333 851
12.95 851
12.9667 851
12.9833 850
13.0 850
13.0167 850
13.0333 849
13.05 849
13.0667 848
13.0833 848
13.1 847
13.1167 847
13.1333 846
13.15 846
13.1667 845
13.1833 845
13.2 844
13.2167 843
13.2333 843
13.25 842
13.2667 841
13.2833 841
13.3 840
13.3167 839
13.3333 839
13.35 838
13.3667 837
13.3833 836
13.4 835
13.4167 835
13.4333 834
13.45 833
13.4667 832
13.4833 831
13.5 830
13.5167 829
13.5333 828
13.55 827
13.5667 826
13.5833 825
13.6 824
13.6167 823
13.6333 822
13.65 821
13.6667 820
13.6833 819
13.7 817
13.7167 816
13.7333 815
13.75 814
13.7667 813
13.7833 811
13.8 810
13.8167 809
13.8333 807
13.85 806
13.8667 805
13.8833 803
13.9 802
13.9167 801
13.9333 799
13.95 798
13.9667 796
13.9833 795
14.0 793
14.0167 792
14.0333 790
14.05 789
14.0667 787
14.0833 786
14.1 784
14.1167 783
14.1333 781
14.15 779
14.1667 778
14.1833 776
14.2 774
14.2167 773
14.2333 771
14.25 769
14.2667 767
14.2833 766
14.3 764
14.3167 762
14.3333 760
14.35 758
14.3667 756
14.3833 755
14.4 753
14.4167 751
14.4333 749
14.45 747
14.4667 745
14.4833 743
14.5 741
14.5167 739
14.5333 737
14.55 735
14.5667 733
14.5833 731
14.6 729
14.6167 727
14.6333 724
14.65 722
14.6667 720
14.6833 718
14.7 716
14.7167 714
14.7333 711
14.75 709
14.7667 707
14.7833 705
14.8 702
14.8167 700
14.8333 698
14.85 696
14.8667 693
14.8833 691
14.9 689
14.9167 686
14.9333 684
14.95 681
14.9667 679
14.9833 677
15.0 674
15.0167 672
15.0333 669
15.05 667
15.0667 664
15.0833 662
15.1 659
15.1167 657
15.1333 654
15.15 652
15.1667 649
15.1833 647
15.2 644
15.2167 641
15.2333 639
15.25 636
15.2667 633
15.2833 631
15.3 628
15.3167 625
15.3333 623
15.35 620
15.3667 617
15.3833 614
15.4 612
15.4167 609
15.4333 606
15.45 603
15.4667 600
15.4833 598
15.5 595
15.5167 592
15.5333 589
15.55 586
15.5667 583
15.5833 580
15.6 578
15.6167 575
15.6333 572
15.65 569
15.6667 566
15.6833 563
15.7 560
15.7167 557
15.7333 554
15.75 551
15.7667 548
15.7833 545
15.8 542
15.8167 539
15.8333 536
15.85 533
15.8667 530
15.8833 527
15.9 524
15.9167 521
15.9333 517
15.95 514
15.9667 511
15.9833 508
