9.0 448
9.0167 452
9.0333 455
9.05 458
9.0667 461
9.0833 464
9.1 467
9.1167 470
9.1333 473
9.15 476
9.1667 480
9.1833 483
9.2 486
9.2167 489
9.2333 492
9.25 495
9.2667 498
9.2833 501
9.3 504
9.3167 507
9.3333 510
9.35 513
9.3667 516
9.3833 519
9.4 522
9.4167 525
9.4333 528
9.45 531
9.4667 534
9.4833 536
9.5 539
9.5167 542
9.5333 545
9.55 548
9.5667 551
9.5833 554
9.6 557
9.6167 560
9.6333 562
9.65 565
9.6667 568
9.6833 571
9.7 574
9.7167 576
9.7333 579
9.75 582
9.7667 585
9.7833 587
9.8 590
9.8167 593
9.8333 596
9.85 598
9.8667 601
9.8833 604
9.9 606
9.9167 609
9.9333 612
9.95 614
9.9667 617
9.9833 619
10.0 622
10.0167 625
10.0333 627
10.05 630
10.0667 632
10.0833 635
10.1 637
10.1167 640
10.1333 642
10.15 645
10.1667 647
10.1833 650
10.2 652
10.2167 655
10.2333 657
10.25 659
10.2667 662
10.2833 664
10.3 667
10.3167 669
10.3333 671
10.35 674
10.3667 676
10.3833 678
10.4 680
10.4167 683
10.4333 685
10.45 687
10.4667 689
10.4833 692
10.5 694
10.5167 696
10.5333 698
10.55 700
10.5667 702
10.5833 705
10.6 707
10.6167 709
10.6333 711
10.65 713
10.6667 715
10.6833 717
10.7 719
10.7167 721
10.7333 723
10.75 725
10.7667 727
10.7833 729
10.8 731
10.8167 733
10.8333 735
10.85 737
10.8667 738
10.8833 740
10.9 742
10.9167 744
10.9333 746
10.95 747
10.9667 749
10.9833 751
11.0 753
11.0167 754
11.0333 756
11.05 758
11.0667 760
11.0833 761
11.1 763
11.1167 764
11.1333 766
11.15 768
11.1667 769
11.1833 771
11.2 772
11.2167 774
11.2333 775
11.25 777
11.2667 778
11.2833 780
11.3 781
11.3167 783
11.3333 784
11.35 785
11.3667 787
11.3833 788
11.4 789
11.4167 791
11.4333 792
11.45 793
11.4667 795
11.4833 796
11.5 797
11.5167 798
11.5333 800
11.55 801
11.5667 802
11.5833 803
11.6 804
11.6167 805
11.6333 806
11.65 807
11.6667 809
11.6833 810
11.7 811
11.7167 812
11.7333 813
11.75 814
11.7667 815
11.7833 815
11.8 816
11.8167 817
11.8333 818
11.85 819
11.8667 820
11.8833 821
11.9 822
11.9167 822
11.9333 823
11.95 824
11.9667 825
11.9833 825
12.0 826
12.0167 827
12.0333 827
12.05 828
12.0667 829
12.0833 829
12.1 830
12.1167 830
12.1333 831
12.15 832
12.1667 832
12.1833 833
12.2 833
12.2167 834
12.2333 834
12.25 834
12.2667 835
12.2833 835
12.3 836
12.3167 836
12.3333 836
12.35 837
12.3667 837
12.3833 837
12.4 837
12.4167 838
12.4333 838
12.45 838
12.4667 838
12.4833 838
12.5 839
12.5167 839
12.5333 839
12.55 839
12.5667 839
12.5833 839
12.6 839
12.6167 839
12.6333 839
12.65 839
12.6667 839
12.6833 839
12.7 839
12.7167 839
12.7333 839
12.75 839
12.7667 839
12.7833 838
12.8 838
12.8167 838
12.8333 838
12.85 838
12.8667 837
12.8833 837
12.9 837
12.9167 836
12.9333 836
12.95 836
12.9667 835
12.9833 835
13.0 835
13.0167 834
13.0333 834
13.05 833
13.0667 833
13.0833 832
13.1 832
13.1167 831
13.1333 831
13.15 830
13.1667 830
13.1833 829
13.2 828
13.2167 828
13.2333 827
13.25 826
13.2667 826
13.2833 825
13.3 824
13.3167 824
13.3333 823
13.35 822
13.3667 821
13.3833 820
13.4 820
13.4167 819
13.4333 818
13.45 817
13.4667 816
13.4833 815
13.5 814
13.5167 813
13.5333 812
13.55 811
13.5667 810
13.5833 809
13.6 808
13.6167 807
13.6333 806
13.65 805
13.6667 804
13.6833 803
13.7 802
13.7167 800
13.7333 799
13.75 798
13.7667 797
13.7833 795
13.8 794
13.8167 793
13.8333 792
13.85 790
13.8667 789
13.8833 788
13.9 786
13.9167 785
13.9333 784
13.95 782
13.9667 781
13.9833 779
14.0 778
14.0167 776
14.0333 775
14.05 773
14.0667 772
14.0833 770
14.1 769
14.1167 767
14.1333 765
14.15 764
14.1667 762
14.1833 761
14.2 759
14.2167 757
14.2333 756
14.25 754
14.2667 752
14.2833 750
14.3 749
14.3167 747
14.3333 745
14.35 743
14.3667 741
14.3833 740
14.4 738
14.4167 736
14.4333 734
14.45 732
14.4667 730
14.4833 728
14.5 726
14.5167 724
14.5333 722
14.55 720
14.5667 718
14.5833 716
14.6 714
14.6167 712
14.6333 710
14.65 708
14.6667 706
14.6833 704
14.7 702
14.7167 700
14.7333 697
14.75 695
14.7667 693
14.7833 691
14.8 689
14.8167 686
14.8333 684
14.85 682
14.8667 680
14.8833 677
14.9 675
14.9167 673
14.9333 670
14.95 668
14.9667 666
14.9833 663
15.0 661
15.0167 659
15.0333 656
15.05 654
15.0667 652
15.0833 649
15.1 647
15.1167 644
15.1333 642
15.15 639
15.1667 637
15.1833 634
15.2 632
15.2167 629
15.2333 626
15.25 624
15.2667 621
15.2833 619
15.3 616
15.3167 613
15.3333 611
15.35 608
15.3667 606
15.3833 603
15.4 600
15.4167 598
15.4333 595
15.45 592
15.4667 589
15.4833 587
15.5 584
15.5167 581
15.5333 578
15.55 576
15.5667 573
15.5833 570
15.6 567
15.6167 564
15.6333 562
15.65 559
15.6667 556
15.6833 553
15.7 550
15.7167 547
15.7333 544
15.75 541
15.7667 539
15.7833 536
15.8 533
15.8167 530
15.8333 527
15.85 524
15.8667 521
15.8833 518
15.9 515
15.9167 512
15.9333 509
15.95 506
15.9667 503
15.9833 500
