9.0 431
9.0167 434
9.0333 436
9.05 439
9.0667 442
9.0833 445
9.1 448
9.1167 451
9.1333 454
9.15 457
9.1667 460
9.1833 463
9.2 466
9.2167 469
9.2333 472
9.25 474
9.2667 477
9.2833 480
9.3 483
9.3167 486
9.3333 489
9.35 492
9.3667 495
9.3833 497
9.4 500
9.4167 503
9.4333 506
9.45 509
9.4667 511
9.4833 514
9.5 517
9.5167 520
9.5333 523
9.55 525
9.5667 528
9.5833 531
9.6 534
9.6167 536
9.6333 539
9.65 542
9.6667 544
9.6833 547
9.7 550
9.7167 552
9.7333 555
9.75 558
9.7667 560
9.7833 563
9.8 566
9.8167 568
9.8333 571
9.85 573
9.8667 576
9.8833 579
9.9 581
9.9167 584
9.9333 586
9.95 589
9.9667 591
9.9833 594
10.0 596
10.0167 599
10.0333 601
10.05 604
10.0667 606
10.0833 609
10.1 611
10.1167 614
10.1333 616
10.15 618
10.1667 621
10.1833 623
10.2 626
10.2167 628
10.2333 630
10.25 633
10.2667 635
10.2833 637
10.3 639
10.3167 642
10.3333 644
10.35 646
10.3667 649
10.3833 651
10.4 653
10.4167 655
10.4333 657
10.45 660
10.4667 662
10.4833 664
10.5 666
10.5167 668
10.5333 670
10.55 672
10.5667 675
10.5833 677
10.6 679
10.6167 681
10.6333 683
10.65 685
10.6667 687
10.6833 689
10.7 691
10.7167 693
10.7333 695
10.75 697
10.7667 699
10.7833 701
10.8 703
10.8167 704
10.8333 706
10.85 708
10.8667 710
10.8833 712
10.9 714
10.9167 715
10.9333 717
10.95 719
10.9667 721
10.9833 723
11.0 724
11.0167 726
11.0333 728
11.05 729
11.0667 731
11.0833 733
11.1 734
11.1167 736
11.1333 738
11.15 739
11.1667 741
11.1833 742
11.2 744
11.2167 745
11.2333 747
11.25 749
11.2667 750
11.2833 751
11.3 753
11.3167 754
11.3333 756
11.35 757
11.3667 759
11.3833 760
11.4 761
11.4167 763
11.4333 764
11.45 765
11.4667 767
11.4833 768
11.5 769
11.5167 771
11.5333 772
11.55 773
11.5667 774
11.5833 775
11.6 777
11.6167 778
11.6333 779
11.65 780
11.6667 781
11.6833 782
11.7 783
11.7167 784
11.7333 785
11.75 787
11.7667 788
11.7833 789
11.8 790
11.8167 790
11.8333 791
11.85 792
11.8667 793
11.8833 794
11.9 795
11.9167 796
11.9333 797
11.95 798
11.9667 798
11.9833 799
12.0 800
12.0167 801
12.0333 802
12.05 802
12.0667 803
12.0833 804
12.1 804
12.1167 805
12.1333 806
12.15 806
12.1667 807
12.1833 808
12.2 808
12.2167 809
12.2333 809
12.25 810
12.2667 810
12.2833 811
12.3 811
12.3167 812
12.3333 812
12.35 813
12.3667 813
12.3833 813
12.4 814
12.4167 814
12.4333 815
12.45 815
12.4667 815
12.4833 815
12.5 816
12.5167 816
12.5333 816
12.55 816
12.5667 817
12.5833 817
12.6 817
12.6167 817
12.6333 817
12.65 817
12.6667 818
12.6833 818
12.7 818
12.7167 818
12.7333 818
12.75 818
12.7667 818
12.7833 818
12.8 818
12.8167 818
12.8333 818
12.85 818
12.8667 817
12.8833 817
12.9 817
12.9167 817
12.9333 817
12.95 817
12.9667 816
12.9833 816
13.0 816
13.0167 816
13.0333 815
13.05 815
13.0667 815
13.0833 815
13.1 814
13.1167 814
13.1333 813
13.15 813
13.1667 813
13.1833 812
13.2 812
13.2167 811
13.2333 811
13.25 810
13.2667 810
13.2833 809
13.3 809
13.3167 808
13.3333 808
13.35 807
13.3667 806
13.3833 806
13.4 805
13.4167 804
13.4333 804
13.45 803
13.4667 802
13.4833 802
13.5 801
13.5167 800
13.5333 799
13.55 798
13.5667 798
13.5833 797
13.6 796
13.6167 795
13.6333 794
13.65 793
13.6667 792
13.6833 791
13.7 791
13.7167 790
13.7333 789
13.75 788
13.7667 787
13.7833 785
13.8 784
13.8167 783
13.8333 782
13.85 781
13.8667 780
13.8833 779
13.9 778
13.9167 777
13.9333 775
13.95 774
13.9667 773
13.9833 772
14.0 771
14.0167 769
14.0333 768
14.05 767
14.0667 765
14.0833 764
14.1 763
14.1167 761
14.1333 760
14.15 759
14.1667 757
14.1833 756
14.2 754
14.2167 753
14.2333 752
14.25 750
14.2667 749
14.2833 747
14.3 745
14.3167 744
14.3333 742
14.35 741
14.3667 739
14.3833 738
14.4 736
14.4167 734
14.4333 733
14.45 731
14.4667 729
14.4833 728
14.5 726
14.5167 724
14.5333 723
14.55 721
14.5667 719
14.5833 717
14.6 715
14.6167 714
14.6333 712
14.65 710
14.6667 708
14.6833 706
14.7 704
14.7167 703
14.7333 701
14.75 699
14.7667 697
14.7833 695
14.8 693
14.8167 691
14.8333 689
14.85 687
14.8667 685
14.8833 683
14.9 681
14.9167 679
14.9333 677
14.95 675
14.9667 672
14.9833 670
15.0 668
15.0167 666
15.0333 664
15.05 662
15.0667 660
15.0833 657
15.1 655
15.1167 653
15.1333 651
15.15 649
15.1667 646
15.1833 644
15.2 642
15.2167 640
15.2333 637
15.25 635
15.2667 633
15.2833 630
15.3 628
15.3167 626
15.3333 623
15.35 621
15.3667 618
15.3833 616
15.4 614
15.4167 611
15.4333 609
15.45 606
15.4667 604
15.4833 601
15.5 599
15.5167 596
15.5333 594
15.55 591
15.5667 589
15.5833 586
15.6 584
15.6167 581
15.6333 579
15.65 576
15.6667 573
15.6833 571
15.7 568
15.7167 566
15.7333 563
15.75 560
15.7667 558
15.7833 555
15.8 552
15.8167 550
15.8333 547
15.85 544
15.8667 542
15.8833 539
15.9 536
15.9167 534
15.9333 531
15.95 528
15.9667 525
15.9833 523
