9.0 309
9.0167 313
9.0333 317
9.05 320
9.0667 323
9.0833 327
9.1 330
9.1167 333
9.1333 337
9.15 340
9.1667 343
9.1833 347
9.2 350
9.2167 353
9.2333 357
9.25 360
9.2667 363
9.2833 366
9.3 370
9.3167 373
9.3333 376
9.35 380
9.3667 383
9.3833 386
9.4 389
9.4167 393
9.4333 396
9.45 399
9.4667 402
9.4833 405
9.5 409
9.5167 412
9.5333 415
9.55 418
9.5667 421
9.5833 425
9.6 428
9.6167 431
9.6333 434
9.65 437
9.6667 440
9.6833 444
9.7 447
9.7167 450
9.7333 453
9.75 456
9.7667 459
9.7833 462
9.8 465
9.8167 468
9.8333 471
9.85 474
9.8667 477
9.8833 480
9.9 483
9.9167 487
9.9333 489
9.95 492
9.9667 495
9.9833 498
10.0 501
10.0167 504
10.0333 507
10.05 510
10.0667 513
10.0833 516
10.1 519
10.1167 522
10.1333 525
10.15 527
10.1667 530
10.1833 533
10.2 536
10.2167 539
10.2333 541
10.25 544
10.2667 547
10.2833 550
10.3 552
10.3167 555
10.3333 558
10.35 561
10.3667 563
10.3833 566
10.4 568
10.4167 571
10.4333 574
10.45 576
10.4667 579
10.4833 582
10.5 584
10.5167 587
10.5333 589
10.55 592
10.5667 594
10.5833 597
10.6 599
10.6167 602
10.6333 604
10.65 607
10.6667 609
10.6833 611
10.7 614
10.7167 616
10.7333 619
10.75 621
10.7667 623
10.7833 626
10.8 628
10.8167 630
10.8333 632
10.85 635
10.8667 637
10.8833 639
10.9 641
10.9167 644
10.9333 646
10.95 648
10.9667 650
10.9833 652
11.0 654
11.0167 656
11.0333 658
11.05 660
11.0667 663
11.0833 665
11.1 667
11.1167 669
11.1333 670
11.15 672
11.1667 674
11.1833 676
11.2 678
11.2167 680
11.2333 682
11.25 684
11.2667 686
11.2833 688
11.3 689
11.3167 691
11.3333 693
11.35 695
11.3667 696
11.3833 698
11.4 700
11.4167 701
11.4333 703
11.45 705
11.4667 706
11.4833 708
11.5 710
11.5167 711
11.5333 713
11.55 714
11.5667 716
11.5833 717
11.6 719
11.6167 720
11.6333 722
11.65 723
11.6667 725
11.6833 726
11.7 727
11.7167 729
11.7333 730
11.75 731
11.7667 733
11.7833 734
11.8 735
11.8167 736
11.8333 738
11.85 739
11.8667 740
11.8833 741
11.9 742
11.9167 743
11.9333 744
11.95 746
11.9667 747
11.9833 748
12.0 749
12.0167 750
12.0333 751
12.05 752
12.0667 753
12.0833 754
12.1 755
12.1167 755
12.1333 756
12.15 757
12.1667 758
12.1833 759
12.2 760
12.2167 760
12.2333 761
12.25 762
12.2667 763
12.2833 763
12.3 764
12.3167 765
12.3333 765
12.35 766
12.3667 767
12.3833 767
12.4 768
12.4167 768
12.4333 769
12.45 769
12.4667 770
12.4833 770
12.5 771
12.5167 771
12.5333 771
12.55 772
12.5667 772
12.5833 773
12.6 773
12.6167 773
12.6333 774
12.65 774
12.6667 774
12.6833 774
12.7 774
12.7167 775
12.7333 775
12.75 775
12.7667 775
12.7833 775
12.8 775
12.8167 775
12.8333 775
12.85 775
12.8667 775
12.8833 775
12.9 775
12.9167 775
12.9333 775
12.95 775
12.9667 775
12.9833 775
13.0 775
13.0167 775
13.0333 774
13.05 774
13.0667 774
13.0833 774
13.1 773
13.1167 773
13.1333 773
13.15 773
13.1667 772
13.1833 772
13.2 771
13.2167 771
13.2333 771
13.25 770
13.2667 770
13.2833 769
13.3 769
13.3167 768
13.3333 768
13.35 767
13.3667 766
13.3833 766
13.4 765
13.4167 765
13.4333 764
13.45 763
13.4667 763
13.4833 762
13.5 761
13.5167 760
13.5333 760
13.55 759
13.5667 758
13.5833 757
13.6 756
13.6167 755
13.6333 754
13.65 754
13.6667 753
13.6833 752
13.7 751
13.7167 750
13.7333 749
13.75 748
13.7667 747
13.7833 745
13.8 744
13.8167 743
13.8333 742
13.85 741
13.8667 740
13.8833 739
13.9 737
13.9167 736
13.9333 735
13.95 734
13.9667 732
13.9833 731
14.0 730
14.0167 728
14.0333 727
14.05 726
14.0667 724
14.0833 723
14.1 722
14.1167 720
14.1333 719
14.15 717
14.1667 716
14.1833 714
14.2 713
14.2167 711
14.2333 709
14.25 708
14.2667 706
14.2833 705
14.3 703
14.3167 701
14.3333 700
14.35 698
14.3667 696
14.3833 694
14.4 693
14.4167 691
14.4333 689
14.45 687
14.4667 686
14.4833 684
14.5 682
14.5167 680
14.5333 678
14.55 676
14.5667 674
14.5833 672
14.6 670
14.6167 668
14.6333 666
14.65 664
14.6667 662
14.6833 660
14.7 658
14.7167 656
14.7333 654
14.75 652
14.7667 650
14.7833 648
14.8 645
14.8167 643
14.8333 641
14.85 639
14.8667 637
14.8833 634
14.9 632
14.9167 630
14.9333 628
14.95 625
14.9667 623
14.9833 621
15.0 619
15.0167 617
15.0333 614
15.05 612
15.0667 610
15.0833 607
15.1 605
15.1167 602
15.1333 600
15.15 597
15.1667 595
15.1833 592
15.2 590
15.2167 587
15.2333 585
15.25 582
15.2667 579
15.2833 577
15.3 574
15.3167 572
15.3333 569
15.35 566
15.3667 564
15.3833 561
15.4 558
15.4167 556
15.4333 553
15.45 550
15.4667 547
15.4833 545
15.5 542
15.5167 539
15.5333 536
15.55 533
15.5667 531
15.5833 528
15.6 525
15.6167 522
15.6333 519
15.65 516
15.6667 513
15.6833 511
15.7 508
15.7167 505
15.7333 502
15.75 499
15.7667 496
15.7833 493
15.8 490
15.8167 487
15.8333 484
15.85 481
15.8667 478
15.8833 475
15.9 472
15.9167 469
15.9333 466
15.95 463
15.9667 459
15.9833 456
