9.0 249
9.0167 253
9.0333 256
9.05 260
9.0667 263
9.0833 266
9.1 269
9.1167 272
9.1333 275
9.15 278
9.1667 281
9.1833 284
9.2 287
9.2167 290
9.2333 293
9.25 296
9.2667 300
9.2833 303
9.3 306
9.3167 309
9.3333 312
9.35 315
9.3667 318
9.3833 321
9.4 324
9.4167 327
9.4333 330
9.45 333
9.4667 336
9.4833 339
9.5 342
9.5167 345
9.5333 348
9.55 351
9.5667 354
9.5833 357
9.6 360
9.6167 363
9.6333 366
9.65 369
9.6667 372
9.6833 375
9.7 378
9.7167 381
9.7333 384
9.75 387
9.7667 390
9.7833 393
9.8 396
9.8167 399
9.8333 402
9.85 405
9.8667 408
9.8833 410
9.9 413
9.9167 416
9.9333 419
9.95 422
9.9667 425
9.9833 428
10.0 430
10.0167 433
10.0333 436
10.05 439
10.0667 442
10.0833 444
10.1 447
10.1167 450
10.1333 453
10.15 455
10.1667 458
10.1833 461
10.2 464
10.2167 466
10.2333 469
10.25 472
10.2667 474
10.2833 477
10.3 480
10.3167 482
10.3333 485
10.35 487
10.3667 490
10.3833 493
10.4 495
10.4167 498
10.4333 500
10.45 503
10.4667 505
10.4833 508
10.5 510
10.5167 513
10.5333 515
10.55 518
10.5667 520
10.5833 523
10.6 525
10.6167 527
10.6333 530
10.65 532
10.6667 535
10.6833 537
10.7 539
10.7167 541
10.7333 544
10.75 546
10.7667 548
10.7833 551
10.8 553
10.8167 555
10.8333 557
10.85 560
10.8667 562
10.8833 564
10.9 566
10.9167 568
10.9333 570
10.95 572
10.9667 575
10.9833 577
11.0 579
11.0167 581
11.0333 583
11.05 585
11.0667 587
11.0833 589
11.1 591
11.1167 593
11.1333 595
11.15 597
11.1667 598
11.1833 600
11.2 602
11.2167 604
11.2333 606
11.25 608
11.2667 610
11.2833 611
11.3 613
11.3167 615
11.3333 617
11.35 618
11.3667 620
11.3833 622
11.4 624
11.4167 625
11.4333 627
11.45 628
11.4667 630
11.4833 632
11.5 633
11.5167 635
11.5333 636
11.55 638
11.5667 639
11.5833 641
11.6 642
11.6167 644
11.6333 645
11.65 647
11.6667 648
11.6833 649
11.7 651
11.7167 652
11.7333 653
11.75 655
11.7667 656
11.7833 657
11.8 659
11.8167 660
11.8333 661
11.85 662
11.8667 663
11.8833 665
11.9 666
11.9167 667
11.9333 668
11.95 669
11.9667 670
11.9833 671
12.0 672
12.0167 673
12.0333 674
12.05 675
12.0667 676
12.0833 677
12.1 678
12.1167 679
12.1333 680
12.15 681
12.1667 682
12.1833 683
12.2 683
12.2167 684
12.2333 685
12.25 686
12.2667 686
12.2833 687
12.3 688
12.3167 689
12.3333 689
12.35 690
12.3667 690
12.3833 691
12.4 692
12.4167 692
12.4333 693
12.45 693
12.4667 694
12.4833 694
12.5 695
12.5167 695
12.5333 696
12.55 696
12.5667 697
12.5833 697
12.6 697
12.6167 698
12.6333 698
12.65 698
12.6667 699
12.6833 699
12.7 699
12.7167 699
12.7333 699
12.75 700
12.7667 700
12.7833 700
12.8 700
12.8167 700
12.8333 700
12.85 700
12.8667 700
12.8833 700
12.9 700
12.9167 700
12.9333 700
12.95 700
12.9667 700
12.9833 700
13.0 700
13.0167 700
13.0333 700
13.05 700
13.0667 700
13.0833 699
13.1 699
13.1167 699
13.1333 699
13.15 698
13.1667 698
13.1833 698
13.2 697
13.2167 697
13.2333 697
13.25 696
13.2667 696
13.2833 695
13.3 695
13.3167 695
13.3333 694
13.35 694
13.3667 693
13.3833 692
13.4 692
13.4167 691
13.4333 691
13.45 690
13.4667 689
13.4833 689
13.5 688
13.5167 687
13.5333 687
13.55 686
13.5667 685
13.5833 684
13.6 684
13.6167 683
13.6333 682
13.65 681
13.6667 680
13.6833 679
13.7 679
13.7167 678
13.7333 677
13.75 676
13.7667 675
13.7833 674
13.8 673
13.8167 672
13.8333 671
13.85 670
13.8667 668
13.8833 667
13.9 666
13.9167 665
13.9333 664
13.95 663
13.9667 662
13.9833 660
14.0 659
14.0167 658
14.0333 657
14.05 655
14.0667 654
14.0833 653
14.1 651
14.1167 650
14.1333 649
14.15 647
14.1667 646
14.1833 644
14.2 643
14.2167 641
14.2333 640
14.25 638
14.2667 637
14.2833 635
14.3 634
14.3167 632
14.3333 631
14.35 629
14.3667 627
14.3833 626
14.4 624
14.4167 622
14.4333 621
14.45 619
14.4667 617
14.4833 616
14.5 614
14.5167 612
14.5333 610
14.55 608
14.5667 607
14.5833 605
14.6 603
14.6167 601
14.6333 599
14.65 597
14.6667 595
14.6833 593
14.7 591
14.7167 589
14.7333 588
14.75 586
14.7667 583
14.7833 581
14.8 579
14.8167 577
14.8333 575
14.85 573
14.8667 571
14.8833 569
14.9 567
14.9167 565
14.9333 563
14.95 560
14.9667 558
14.9833 556
15.0 555
15.0167 552
15.0333 550
15.05 548
15.0667 545
15.0833 543
15.1 541
15.1167 539
15.1333 536
15.15 534
15.1667 531
15.1833 529
15.2 527
15.2167 524
15.2333 522
15.25 519
15.2667 517
15.2833 514
15.3 512
15.3167 510
15.3333 507
15.35 505
15.3667 502
15.3833 499
15.4 497
15.4167 494
15.4333 492
15.45 489
15.4667 487
15.4833 484
15.5 481
15.5167 479
15.5333 476
15.55 473
15.5667 471
15.5833 468
15.6 465
15.6167 463
15.6333 460
15.65 457
15.6667 454
15.6833 452
15.7 449
15.7167 446
15.7333 443
15.75 441
15.7667 438
15.7833 435
15.8 432
15.8167 429
15.8333 427
15.85 424
15.8667 421
15.8833 418
15.9 415
15.9167 412
15.9333 409
15.95 407
15.9667 404
15.9833 401
