9.0 419
9.0167 421
9.0333 424
9.05 427
9.0667 430
9.0833 433
9.1 436
9.1167 439
9.1333 442
9.15 445
9.1667 448
9.1833 451
9.2 454
9.2167 457
9.2333 460
9.25 463
9.2667 466
9.2833 469
9.3 472
9.3167 474
9.3333 477
9.35 480
9.3667 483
9.3833 486
9.4 489
9.4167 492
9.4333 495
9.45 497
9.4667 500
9.4833 503
9.5 506
9.5167 509
9.5333 512
9.55 514
9.5667 517
9.5833 520
9.6 523
9.6167 526
9.6333 528
9.65 531
9.6667 534
9.6833 537
9.7 539
9.7167 542
9.7333 545
9.75 547
9.7667 550
9.7833 553
9.8 555
9.8167 558
9.8333 561
9.85 563
9.8667 566
9.8833 569
9.9 571
9.9167 574
9.9333 576
9.95 579
9.9667 582
9.9833 584
10.0 587
10.0167 589
10.0333 592
10.05 594
10.0667 597
10.0833 599
10.1 602
10.1167 604
10.1333 607
10.15 609
10.1667 612
10.1833 614
10.2 617
10.2167 619
10.2333 621
10.25 624
10.2667 626
10.2833 628
10.3 631
10.3167 633
10.3333 635
10.35 638
10.3667 640
10.3833 642
10.4 645
10.4167 647
10.4333 649
10.45 651
10.4667 654
10.4833 656
10.5 658
10.5167 660
10.5333 662
10.55 665
10.5667 667
10.5833 669
10.6 671
10.6167 673
10.6333 675
10.65 677
10.6667 679
10.6833 681
10.7 683
10.7167 685
10.7333 687
10.75 689
10.7667 691
10.7833 693
10.8 695
10.8167 697
10.8333 699
10.85 701
10.8667 703
10.8833 705
10.9 707
10.9167 709
10.9333 710
10.95 712
10.9667 714
10.9833 716
11.0 718
11.0167 719
11.0333 721
11.05 723
11.0667 725
11.0833 726
11.1 728
11.1167 730
11.1333 731
11.15 733
11.1667 735
11.1833 736
11.2 738
11.2167 739
11.2333 741
11.25 743
11.2667 744
11.2833 746
11.3 747
11.3167 749
11.3333 750
11.35 752
11.3667 753
11.3833 755
11.4 756
11.4167 757
11.4333 759
11.45 760
11.4667 761
11.4833 763
11.5 764
11.5167 765
11.5333 767
11.55 768
11.5667 769
11.5833 770
11.6 772
11.6167 773
11.6333 774
11.65 775
11.6667 776
11.6833 778
11.7 779
11.7167 780
11.7333 781
11.75 782
11.7667 783
11.7833 784
11.8 785
11.8167 786
11.8333 787
11.85 788
11.8667 789
11.8833 790
11.9 791
11.9167 792
11.9333 793
11.95 794
11.9667 794
11.9833 795
12.0 796
12.0167 797
12.0333 798
12.05 798
12.0667 799
12.0833 800
12.1 801
12.1167 801
12.1333 802
12.15 803
12.1667 803
12.1833 804
12.2 805
12.2167 805
12.2333 806
12.25 806
12.2667 807
12.2833 808
12.3 808
12.3167 809
12.3333 809
12.35 809
12.3667 810
12.3833 810
12.4 811
12.4167 811
12.4333 812
12.45 812
12.4667 812
12.4833 813
12.5 813
12.5167 813
12.5333 813
12.55 814
12.5667 814
12.5833 814
12.6 814
12.6167 815
12.6333 815
12.65 815
12.6667 815
12.6833 815
12.7 815
12.7167 815
12.7333 815
12.75 815
12.7667 815
12.7833 816
12.8 815
12.8167 815
12.8333 815
12.85 815
12.8667 815
12.8833 815
12.9 815
12.9167 815
12.9333 815
12.95 815
12.9667 814
12.9833 814
13.0 814
13.0167 814
13.0333 814
13.05 813
13.0667 813
13.0833 813
13.1 812
13.1167 812
13.1333 812
13.15 811
13.1667 811
13.1833 811
13.2 810
13.2167 810
13.2333 809
13.25 809
13.2667 808
13.2833 808
13.3 807
13.3167 807
13.3333 806
13.35 806
13.3667 805
13.3833 804
13.4 804
13.4167 803
13.4333 802
13.45 802
13.4667 801
13.4833 800
13.5 800
13.5167 799
13.5333 798
13.55 797
13.5667 796
13.5833 796
13.6 795
13.6167 794
13.6333 793
13.65 792
13.6667 791
13.6833 790
13.7 789
13.7167 789
13.7333 788
13.75 787
13.7667 786
13.7833 785
13.8 784
13.8167 782
13.8333 781
13.85 780
13.8667 779
13.8833 778
13.9 777
13.9167 776
13.9333 775
13.95 773
13.9667 772
13.9833 771
14.0 770
14.0167 769
14.0333 767
14.05 766
14.0667 765
14.0833 763
14.1 762
14.1167 761
14.1333 759
14.15 758
14.1667 757
14.1833 755
14.2 754
14.2167 752
14.2333 751
14.25 749
14.2667 748
14.2833 746
14.3 745
14.3167 743
14.3333 742
14.35 740
14.3667 739
14.3833 737
14.4 735
14.4167 734
14.4333 732
14.45 731
14.4667 729
14.4833 727
14.5 725
14.5167 724
14.5333 722
14.55 720
14.5667 719
14.5833 717
14.6 715
14.6167 713
14.6333 711
14.65 710
14.6667 708
14.6833 706
14.7 704
14.7167 702
14.7333 700
14.75 698
14.7667 696
14.7833 694
14.8 692
14.8167 690
14.8333 688
14.85 686
14.8667 684
14.8833 682
14.9 680
14.9167 678
14.9333 676
14.95 674
14.9667 672
14.9833 670
15.0 668
15.0167 666
15.0333 663
15.05 661
15.0667 659
15.0833 657
15.1 655
15.1167 652
15.1333 650
15.15 648
15.1667 646
15.1833 643
15.2 641
15.2167 639
15.2333 637
15.25 634
15.2667 632
15.2833 630
15.3 627
15.3167 625
15.3333 622
15.35 620
15.3667 618
15.3833 615
15.4 613
15.4167 610
15.4333 608
15.45 605
15.4667 603
15.4833 601
15.5 598
15.5167 596
15.5333 593
15.55 590
15.5667 588
15.5833 585
15.6 583
15.6167 580
15.6333 578
15.65 575
15.6667 572
15.6833 570
15.7 567
15.7167 565
15.7333 562
15.75 559
15.7667 557
15.7833 554
15.8 551
15.8167 549
15.8333 546
15.85 543
15.8667 541
15.8833 538
15.9 535
15.9167 532
15.9333 530
15.95 527
15.9667 524
15.9833 521
