9.0 427
9.0167 429
9.0333 432
9.05 435
9.0667 438
9.0833 441
9.1 444
9.1167 447
9.1333 450
9.15 453
9.1667 456
9.1833 459
9.2 462
9.2167 465
9.2333 467
9.25 470
9.2667 473
9.2833 476
9.3 479
9.3167 482
9.3333 485
9.35 488
9.3667 491
9.3833 493
9.4 496
9.4167 499
9.4333 502
9.45 505
9.4667 507
9.4833 510
9.5 513
9.5167 516
9.5333 519
9.55 521
9.5667 524
9.5833 527
9.6 530
9.6167 532
9.6333 535
9.65 538
9.6667 541
9.6833 543
9.7 546
9.7167 549
9.7333 551
9.75 554
9.7667 557
9.7833 559
9.8 562
9.8167 565
9.8333 567
9.85 570
9.8667 572
9.8833 575
9.9 578
9.9167 580
9.9333 583
9.95 585
9.9667 588
9.9833 590
10.0 593
10.0167 595
10.0333 598
10.05 600
10.0667 603
10.0833 605
10.1 608
10.1167 610
10.1333 613
10.15 615
10.1667 617
10.1833 620
10.2 622
10.2167 625
10.2333 627
10.25 629
10.2667 632
10.2833 634
10.3 636
10.3167 639
10.3333 641
10.35 643
10.3667 645
10.3833 648
10.4 650
10.4167 652
10.4333 654
10.45 657
10.4667 659
10.4833 661
10.5 663
10.5167 665
10.5333 667
10.55 670
10.5667 672
10.5833 674
10.6 676
10.6167 678
10.6333 680
10.65 682
10.6667 684
10.6833 686
10.7 688
10.7167 690
10.7333 692
10.75 694
10.7667 696
10.7833 698
10.8 700
10.8167 702
10.8333 704
10.85 706
10.8667 707
10.8833 709
10.9 711
10.9167 713
10.9333 715
10.95 717
10.9667 718
10.9833 720
11.0 722
11.0167 724
11.0333 725
11.05 727
11.0667 729
11.0833 730
11.1 732
11.1167 734
11.1333 735
11.15 737
11.1667 739
11.1833 740
11.2 742
11.2167 743
11.2333 745
11.25 746
11.2667 748
11.2833 749
11.3 751
11.3167 752
11.3333 754
11.35 755
11.3667 757
11.3833 758
11.4 759
11.4167 761
11.4333 762
11.45 763
11.4667 765
11.4833 766
11.5 767
11.5167 769
11.5333 770
11.55 771
11.5667 772
11.5833 774
11.6 775
11.6167 776
11.6333 777
11.65 778
11.6667 779
11.6833 780
11.7 782
11.7167 783
11.7333 784
11.75 785
11.7667 786
11.7833 787
11.8 788
11.8167 789
11.8333 790
11.85 791
11.8667 792
11.8833 793
11.9 793
11.9167 794
11.9333 795
11.95 796
11.9667 797
11.9833 798
12.0 799
12.0167 799
12.0333 800
12.05 801
12.0667 802
12.0833 802
12.1 803
12.1167 804
12.1333 804
12.15 805
12.1667 806
12.1833 806
12.2 807
12.2167 807
12.2333 808
12.25 809
12.2667 809
12.2833 810
12.3 810
12.3167 811
12.3333 811
12.35 811
12.3667 812
12.3833 812
12.4 813
12.4167 813
12.4333 813
12.45 814
12.4667 814
12.4833 814
12.5 815
12.5167 815
12.5333 815
12.55 815
12.5667 816
12.5833 816
12.6 816
12.6167 816
12.6333 816
12.65 817
12.6667 817
12.6833 817
12.7 817
12.7167 817
12.7333 817
12.75 817
12.7667 817
12.7833 817
12.8 817
12.8167 817
12.8333 817
12.85 817
12.8667 817
12.8833 817
12.9 816
12.9167 816
12.9333 816
12.95 816
12.9667 816
12.9833 816
13.0 815
13.0167 815
13.0333 815
13.05 815
13.0667 814
13.0833 814
13.1 814
13.1167 813
13.1333 813
13.15 812
13.1667 812
13.1833 812
13.2 811
13.2167 811
13.2333 810
13.25 810
13.2667 809
13.2833 809
13.3 808
13.3167 808
13.3333 807
13.35 807
13.3667 806
13.3833 805
13.4 805
13.4167 804
13.4333 803
13.45 803
13.4667 802
13.4833 801
13.5 800
13.5167 800
13.5333 799
13.55 798
13.5667 797
13.5833 796
13.6 796
13.6167 795
13.6333 794
13.65 793
13.6667 792
13.6833 791
13.7 790
13.7167 789
13.7333 788
13.75 787
13.7667 786
13.7833 785
13.8 784
13.8167 783
13.8333 782
13.85 781
13.8667 780
13.8833 779
13.9 778
13.9167 776
13.9333 775
13.95 774
13.9667 773
13.9833 772
14.0 770
14.0167 769
14.0333 768
14.05 767
14.0667 765
14.0833 764
14.1 763
14.1167 761
14.1333 760
14.15 759
14.1667 757
14.1833 756
14.2 754
14.2167 753
14.2333 751
14.25 750
14.2667 749
14.2833 747
14.3 746
14.3167 744
14.3333 742
14.35 741
14.3667 739
14.3833 738
14.4 736
14.4167 734
14.4333 733
14.45 731
14.4667 729
14.4833 728
14.5 726
14.5167 724
14.5333 723
14.55 721
14.5667 719
14.5833 717
14.6 716
14.6167 714
14.6333 712
14.65 710
14.6667 708
14.6833 706
14.7 705
14.7167 703
14.7333 701
14.75 699
14.7667 697
14.7833 695
14.8 693
14.8167 691
14.8333 689
14.85 687
14.8667 685
14.8833 683
14.9 681
14.9167 679
14.9333 677
14.95 675
14.9667 673
14.9833 671
15.0 668
15.0167 666
15.0333 664
15.05 662
15.0667 660
15.0833 658
15.1 655
15.1167 653
15.1333 651
15.15 649
15.1667 647
15.1833 644
15.2 642
15.2167 640
15.2333 637
15.25 635
15.2667 633
15.2833 630
15.3 628
15.3167 626
15.3333 623
15.35 621
15.3667 619
15.3833 616
15.4 614
15.4167 611
15.4333 609
15.45 607
15.4667 604
15.4833 602
15.5 599
15.5167 597
15.5333 594
15.55 592
15.5667 589
15.5833 587
15.6 584
15.6167 581
15.6333 579
15.65 576
15.6667 574
15.6833 571
15.7 568
15.7167 566
15.7333 563
15.75 561
15.7667 558
15.7833 555
15.8 553
15.8167 550
15.8333 547
15.85 545
15.8667 542
15.8833 539
15.9 536
15.9167 534
15.9333 531
15.95 528
15.9667 526
15.9833 523
