9.0 568
9.0167 572
9.0333 575
9.05 579
9.0667 582
9.0833 586
9.1 589
9.1167 593
9.1333 596
9.15 600
9.1667 603
9.1833 607
9.2 610
9.2167 614
9.2333 617
9.25 621
9.2667 624
9.2833 628
9.3 631
9.3167 634
9.3333 638
9.35 641
9.3667 645
9.3833 648
9.4 651
9.4167 655
9.4333 658
9.45 661
9.4667 665
9.4833 668
9.5 671
9.5167 674
9.5333 678
9.55 681
9.5667 684
9.5833 687
9.6 691
9.6167 694
9.6333 697
9.65 700
9.6667 703
9.6833 706
9.7 709
9.7167 713
9.7333 716
9.75 719
9.7667 722
9.7833 725
9.8 728
9.8167 731
9.8333 734
9.85 737
9.8667 740
9.8833 743
9.9 746
9.9167 749
9.9333 752
9.95 755
9.9667 758
9.9833 760
10.0 763
10.0167 766
10.0333 769
10.05 772
10.0667 775
10.0833 777
10.1 780
10.1167 783
10.1333 786
10.15 789
10.1667 791
10.1833 794
10.2 797
10.2167 799
10.2333 802
10.25 805
10.2667 807
10.2833 810
10.3 813
10.3167 815
10.3333 818
10.35 820
10.3667 823
10.3833 825
10.4 828
10.4167 830
10.4333 833
10.45 835
10.4667 838
10.4833 840
10.5 843
10.5167 845
10.5333 847
10.55 850
10.5667 852
10.5833 854
10.6 857
10.6167 859
10.6333 861
10.65 864
10.6667 866
10.6833 868
10.7 870
10.7167 872
10.7333 875
10.75 877
10.7667 879
10.7833 881
10.8 883
10.8167 885
10.8333 887
10.85 889
10.8667 892
10.8833 894
10.9 896
10.9167 898
10.9333 900
10.95 901
10.9667 903
10.9833 905
11.0 907
11.0167 909
11.0333 911
11.05 913
11.0667 915
11.0833 916
11.1 918
11.1167 920
11.1333 922
11.15 924
11.1667 925
11.1833 927
11.2 929
11.2167 930
11.2333 932
11.25 934
11.2667 935
11.2833 937
11.3 938
11.3167 940
11.3333 942
11.35 943
11.3667 945
11.3833 946
11.4 947
11.4167 949
11.4333 950
11.45 952
11.4667 953
11.4833 955
11.5 956
11.5167 957
11.5333 959
11.55 960
11.5667 961
11.5833 962
11.6 964
11.6167 965
11.6333 966
11.65 967
11.6667 968
11.6833 970
11.7 971
11.7167 972
11.7333 973
11.75 974
11.7667 975
11.7833 976
11.8 977
11.8167 978
11.8333 979
11.85 980
11.8667 981
11.8833 982
11.9 983
11.9167 984
11.9333 984
11.95 985
11.9667 986
11.9833 987
12.0 988
12.0167 988
12.0333 989
12.05 990
12.0667 991
12.0833 991
12.1 992
12.1167 993
12.1333 993
12.15 994
12.1667 994
12.1833 995
12.2 995
12.2167 996
12.2333 996
12.25 997
12.2667 997
12.2833 998
12.3 998
12.3167 999
12.3333 999
12.35 999
12.3667 1000
12.3833 1000
12.4 1000
12.4167 1001
12.4333 1001
12.45 1001
12.4667 1001
12.4833 1002
12.5 1002
12.5167 1002
12.5333 1002
12.55 1002
12.5667 1002
12.5833 1002
12.6 1002
12.6167 1003
12.6333 1003
12.65 1003
12.6667 1003
12.6833 1002
12.7 1002
12.7167 1002
12.7333 1002
12.75 1002
12.7667 1002
12.7833 1002
12.8 1002
12.8167 1001
12.8333 1001
12.85 1001
12.8667 1001
12.8833 1001
12.9 1000
12.9167 1000
12.9333 1000
12.95 999
12.9667 999
12.9833 998
13.0 998
13.0167 998
13.0333 997
13.05 997
13.0667 996
13.0833 996
13.1 995
13.1167 995
13.1333 994
13.15 993
13.1667 993
13.1833 992
13.2 992
13.2167 991
13.2333 990
13.25 989
13.2667 989
13.2833 988
13.3 987
13.3167 986
13.3333 986
13.35 985
13.3667 984
13.3833 983
13.4 982
13.4167 981
13.4333 980
13.45 979
13.4667 978
13.4833 977
13.5 976
13.5167 975
13.5333 974
13.55 973
13.5667 972
13.5833 971
13.6 970
13.6167 969
13.6333 968
13.65 967
13.6667 965
13.6833 964
13.7 963
13.7167 962
13.7333 960
13.75 959
13.7667 958
13.7833 957
13.8 955
13.8167 954
13.8333 952
13.85 951
13.8667 950
13.8833 948
13.9 947
13.9167 945
13.9333 944
13.95 942
13.9667 941
13.9833 939
14.0 938
14.0167 936
14.0333 934
14.05 933
14.0667 931
14.0833 929
14.1 928
14.1167 926
14.1333 924
14.15 923
14.1667 921
14.1833 919
14.2 917
14.2167 915
14.2333 914
14.25 912
14.2667 910
14.2833 908
14.3 906
14.3167 904
14.3333 902
14.35 900
14.3667 898
14.3833 896
14.4 894
14.4167 892
14.4333 890
14.45 888
14.4667 886
14.4833 884
14.5 882
14.5167 880
14.5333 878
14.55 876
14.5667 873
14.5833 871
14.6 869
14.6167 867
14.6333 865
14.65 862
14.6667 860
14.6833 858
14.7 855
14.7167 853
14.7333 851
14.75 848
14.7667 846
14.7833 844
14.8 841
14.8167 839
14.8333 836
14.85 834
14.8667 831
14.8833 829
14.9 826
14.9167 824
14.9333 821
14.95 819
14.9667 816
14.9833 814
15.0 811
15.0167 809
15.0333 806
15.05 803
15.0667 801
15.0833 798
15.1 795
15.1167 793
15.1333 790
15.15 787
15.1667 784
15.1833 782
15.2 779
15.2167 776
15.2333 773
15.25 770
15.2667 768
15.2833 765
15.3 762
15.3167 759
15.3333 756
15.35 753
15.3667 750
15.3833 747
15.4 744
15.4167 741
15.4333 738
15.45 735
15.4667 732
15.4833 729
15.5 726
15.5167 723
15.5333 720
15.55 717
15.5667 714
15.5833 711
15.6 708
15.6167 705
15.6333 702
15.65 698
15.6667 695
15.6833 692
15.7 689
15.7167 686
15.7333 683
15.75 679
15.7667 676
15.7833 673
15.8 670
15.8167 666
15.8333 663
15.85 660
15.8667 656
15.8833 653
15.9 650
15.9167 646
15.9333 643
15.95 640
15.9667 636
15.9833 633
