9.0 347
9.0167 349
9.0333 353
9.05 356
9.0667 359
9.0833 363
9.1 366
9.1167 369
9.1333 373
9.15 376
9.1667 379
9.1833 382
9.2 386
9.2167 389
9.2333 392
9.25 395
9.2667 399
9.2833 402
9.3 405
9.3167 408
9.3333 411
9.35 415
9.3667 418
9.3833 421
9.4 424
9.4167 427
9.4333 430
9.45 433
9.4667 436
9.4833 439
9.5 443
9.5167 446
9.5333 449
9.55 452
9.5667 455
9.5833 458
9.6 461
9.6167 464
9.6333 467
9.65 470
9.6667 472
9.6833 475
9.7 478
9.7167 481
9.7333 484
9.75 487
9.7667 490
9.7833 493
9.8 496
9.8167 498
9.8333 501
9.85 504
9.8667 507
9.8833 510
9.9 512
9.9167 515
9.9333 518
9.95 520
9.9667 523
9.9833 526
10.0 528
10.0167 531
10.0333 534
10.05 536
10.0667 539
10.0833 542
10.1 544
10.1167 547
10.1333 549
10.15 552
10.1667 554
10.1833 557
10.2 559
10.2167 562
10.2333 564
10.25 567
10.2667 569
10.2833 572
10.3 574
10.3167 576
10.3333 579
10.35 581
10.3667 583
10.3833 586
10.4 588
10.4167 590
10.4333 593
10.45 595
10.4667 597
10.4833 599
10.5 601
10.5167 604
10.5333 606
10.55 608
10.5667 610
10.5833 612
10.6 614
10.6167 616
10.6333 618
10.65 620
10.6667 623
10.6833 625
10.7 627
10.7167 629
10.7333 630
10.75 632
10.7667 634
10.7833 636
10.8 638
10.8167 640
10.8333 642
10.85 644
10.8667 646
10.8833 647
10.9 649
10.9167 651
10.9333 653
10.95 654
10.9667 656
10.9833 658
11.0 660
11.0167 661
11.0333 663
11.05 664
11.0667 666
11.0833 668
11.1 669
11.1167 671
11.1333 672
11.15 674
11.1667 675
11.1833 677
11.2 678
11.2167 680
11.2333 681
11.25 683
11.2667 684
11.2833 685
11.3 687
11.3167 688
11.3333 689
11.35 691
11.3667 692
11.3833 693
11.4 694
11.4167 696
11.4333 697
11.45 698
11.4667 699
11.4833 700
11.5 702
11.5167 703
11.5333 704
11.55 705
11.5667 706
11.5833 707
11.6 708
11.6167 709
11.6333 710
11.65 711
11.6667 712
11.6833 713
11.7 714
11.7167 714
11.7333 715
11.75 716
11.7667 717
11.7833 718
11.8 719
11.8167 719
11.8333 720
11.85 721
11.8667 722
11.8833 722
11.9 723
11.9167 724
11.9333 724
11.95 725
11.9667 725
11.9833 726
12.0 726
12.0167 727
12.0333 728
12.05 728
12.0667 728
12.0833 729
12.1 729
12.1167 730
12.1333 730
12.15 731
12.1667 731
12.1833 731
12.2 732
12.2167 732
12.2333 732
12.25 732
12.2667 733
12.2833 733
12.3 733
12.3167 733
12.3333 733
12.35 734
12.3667 734
12.3833 734
12.4 734
12.4167 734
12.4333 734
12.45 734
12.4667 734
12.4833 734
12.5 734
12.5167 734
12.5333 734
12.55 734
12.5667 734
12.5833 733
12.6 733
12.6167 733
12.6333 733
12.65 733
12.6667 732
12.6833 732
12.7 732
12.7167 732
12.7333 731
12.75 731
12.7667 731
12.7833 730
12.8 730
12.8167 729
12.8333 729
12.85 728
12.8667 728
12.8833 728
12.9 727
12.9167 726
12.9333 726
12.95 725
12.9667 725
12.9833 724
13.0 724
13.0167 723
13.0333 722
13.05 722
13.0667 721
13.0833 720
13.1 719
13.1167 719
13.1333 718
13.15 717
13.1667 716
13.1833 715
13.2 714
13.2167 714
13.2333 713
13.25 712
13.2667 711
13.2833 710
13.3 709
13.3167 708
13.3333 707
13.35 706
13.3667 705
13.3833 704
13.4 703
13.4167 702
13.4333 700
13.45 699
13.4667 698
13.4833 697
13.5 696
13.5167 694
13.5333 693
13.55 692
13.5667 691
13.5833 689
13.6 688
13.6167 687
13.6333 685
13.65 684
13.6667 683
13.6833 681
13.7 680
13.7167 678
13.7333 677
13.75 675
13.7667 674
13.7833 672
13.8 671
13.8167 669
13.8333 668
13.85 666
13.8667 664
13.8833 663
13.9 661
13.9167 660
13.9333 658
13.95 656
13.9667 654
13.9833 653
14.0 651
14.0167 649
14.0333 647
14.05 646
14.0667 644
14.0833 642
14.1 640
14.1167 638
14.1333 636
14.15 634
14.1667 632
14.1833 631
14.2 629
14.2167 627
14.2333 625
14.25 623
14.2667 620
14.2833 618
14.3 616
14.3167 614
14.3333 612
14.35 610
14.3667 608
14.3833 606
14.4 604
14.4167 601
14.4333 599
14.45 597
14.4667 595
14.4833 593
14.5 590
14.5167 588
14.5333 586
14.55 583
14.5667 581
14.5833 579
14.6 576
14.6167 574
14.6333 572
14.65 569
14.6667 567
14.6833 564
14.7 562
14.7167 559
14.7333 557
14.75 554
14.7667 552
14.7833 549
14.8 547
14.8167 544
14.8333 542
14.85 539
14.8667 536
14.8833 534
14.9 531
14.9167 529
14.9333 526
14.95 523
14.9667 520
14.9833 518
15.0 515
15.0167 512
15.0333 509
15.05 506
15.0667 504
15.0833 501
15.1 498
15.1167 495
15.1333 492
15.15 489
15.1667 487
15.1833 484
15.2 481
15.2167 478
15.2333 475
15.25 472
15.2667 469
15.2833 466
15.3 463
15.3167 460
15.3333 457
15.35 454
15.3667 451
15.3833 448
15.4 445
15.4167 442
15.4333 439
15.45 436
15.4667 433
15.4833 430
15.5 427
15.5167 424
15.5333 421
15.55 417
15.5667 414
15.5833 411
15.6 408
15.6167 405
15.6333 402
15.65 398
15.6667 395
15.6833 392
15.7 389
15.7167 385
15.7333 382
15.75 379
15.7667 376
15.7833 372
15.8 369
15.8167 366
15.8333 362
15.85 359
15.8667 356
15.8833 352
15.9 349
15.9167 346
15.9333 342
15.95 339
15.9667 336
15.9833 332
