9.0 478
9.0167 481
9.0333 485
9.05 488
9.0667 492
9.0833 495
9.1 498
9.1167 502
9.1333 505
9.15 509
9.1667 512
9.1833 516
9.2 519
9.2167 522
9.2333 526
9.25 529
9.2667 533
9.2833 536
9.3 539
9.3167 543
9.3333 546
9.35 549
9.3667 553
9.3833 556
9.4 559
9.4167 563
9.4333 566
9.45 569
9.4667 572
9.4833 576
9.5 579
9.5167 582
9.5333 585
9.55 588
9.5667 592
9.5833 595
9.6 598
9.6167 601
9.6333 604
9.65 607
9.6667 611
9.6833 614
9.7 617
9.7167 620
9.7333 623
9.75 626
9.7667 629
9.7833 632
9.8 635
9.8167 638
9.8333 641
9.85 644
9.8667 647
9.8833 650
9.9 653
9.9167 656
9.9333 659
9.95 662
9.9667 665
9.9833 668
10.0 671
10.0167 673
10.0333 676
10.05 679
10.0667 682
10.0833 685
10.1 687
10.1167 690
10.1333 693
10.15 696
10.1667 698
10.1833 701
10.2 704
10.2167 707
10.2333 709
10.25 712
10.2667 715
10.2833 717
10.3 720
10.3167 722
10.3333 725
10.35 728
10.3667 730
10.3833 733
10.4 735
10.4167 738
10.4333 740
10.45 743
10.4667 745
10.4833 748
10.5 750
10.5167 752
10.5333 755
10.55 757
10.5667 760
10.5833 762
10.6 764
10.6167 767
10.6333 769
10.65 771
10.6667 774
10.6833 776
10.7 778
10.7167 780
10.7333 782
10.75 785
10.7667 787
10.7833 789
10.8 791
10.8167 793
10.8333 795
10.85 798
10.8667 800
10.8833 802
10.9 804
10.9167 806
10.9333 808
10.95 810
10.9667 812
10.9833 814
11.0 816
11.0167 818
11.0333 819
11.05 821
11.0667 823
11.0833 825
11.1 827
11.1167 829
11.1333 831
11.15 832
11.1667 834
11.1833 836
11.2 838
11.2167 839
11.2333 841
11.25 843
11.2667 844
11.2833 846
11.3 848
11.3167 849
11.3333 851
11.35 852
11.3667 854
11.3833 855
11.4 857
11.4167 858
11.4333 860
11.45 861
11.4667 863
11.4833 864
11.5 866
11.5167 867
11.5333 868
11.55 870
11.5667 871
11.5833 872
11.6 874
11.6167 875
11.6333 876
11.65 877
11.6667 879
11.6833 880
11.7 881
11.7167 882
11.7333 883
11.75 884
11.7667 886
11.7833 887
11.8 888
11.8167 889
11.8333 890
11.85 891
11.8667 892
11.8833 893
11.9 894
11.9167 895
11.9333 896
11.95 896
11.9667 897
11.9833 898
12.0 899
12.0167 900
12.0333 901
12.05 901
12.0667 902
12.0833 903
12.1 904
12.1167 904
12.1333 905
12.15 906
12.1667 906
12.1833 907
12.2 908
12.2167 908
12.2333 909
12.25 909
12.2667 910
12.2833 910
12.3 911
12.3167 911
12.3333 912
12.35 912
12.3667 913
12.3833 913
12.4 913
12.4167 914
12.4333 914
12.45 914
12.4667 915
12.4833 915
12.5 915
12.5167 915
12.5333 916
12.55 916
12.5667 916
12.5833 916
12.6 916
12.6167 916
12.6333 916
12.65 916
12.6667 916
12.6833 916
12.7 917
12.7167 917
12.7333 916
12.75 916
12.7667 916
12.7833 916
12.8 916
12.8167 916
12.8333 916
12.85 916
12.8667 916
12.8833 915
12.9 915
12.9167 915
12.9333 915
12.95 914
12.9667 914
12.9833 914
13.0 913
13.0167 913
13.0333 913
13.05 912
13.0667 912
13.0833 911
13.1 911
13.1167 910
13.1333 910
13.15 909
13.1667 909
13.1833 908
13.2 908
13.2167 907
13.2333 907
13.25 906
13.2667 905
13.2833 905
13.3 904
13.3167 903
13.3333 902
13.35 902
13.3667 901
13.3833 900
13.4 899
13.4167 898
13.4333 898
13.45 897
13.4667 896
13.4833 895
13.5 894
13.5167 893
13.5333 892
13.55 891
13.5667 890
13.5833 889
13.6 888
13.6167 887
13.6333 886
13.65 885
13.6667 884
13.6833 883
13.7 881
13.7167 880
13.7333 879
13.75 878
13.7667 877
13.7833 875
13.8 874
13.8167 873
13.8333 871
13.85 870
13.8667 869
13.8833 867
13.9 866
13.9167 865
13.9333 863
13.95 862
13.9667 860
13.9833 859
14.0 857
14.0167 856
14.0333 854
14.05 853
14.0667 851
14.0833 850
14.1 848
14.1167 846
14.1333 845
14.15 843
14.1667 841
14.1833 840
14.2 838
14.2167 836
14.2333 835
14.25 833
14.2667 831
14.2833 829
14.3 827
14.3167 826
14.3333 824
14.35 822
14.3667 820
14.3833 818
14.4 816
14.4167 814
14.4333 812
14.45 810
14.4667 808
14.4833 806
14.5 804
14.5167 802
14.5333 800
14.55 798
14.5667 796
14.5833 794
14.6 792
14.6167 790
14.6333 788
14.65 785
14.6667 783
14.6833 781
14.7 779
14.7167 777
14.7333 774
14.75 772
14.7667 770
14.7833 767
14.8 765
14.8167 763
14.8333 760
14.85 758
14.8667 756
14.8833 753
14.9 751
14.9167 748
14.9333 746
14.95 743
14.9667 741
14.9833 739
15.0 735
15.0167 733
15.0333 730
15.05 728
15.0667 725
15.0833 723
15.1 720
15.1167 717
15.1333 715
15.15 712
15.1667 709
15.1833 707
15.2 704
15.2167 701
15.2333 699
15.25 696
15.2667 693
15.2833 690
15.3 688
15.3167 685
15.3333 682
15.35 679
15.3667 676
15.3833 674
15.4 671
15.4167 668
15.4333 665
15.45 662
15.4667 659
15.4833 656
15.5 653
15.5167 650
15.5333 647
15.55 644
15.5667 641
15.5833 638
15.6 635
15.6167 632
15.6333 629
15.65 626
15.6667 623
15.6833 620
15.7 617
15.7167 614
15.7333 611
15.75 608
15.7667 605
15.7833 601
15.8 598
15.8167 595
15.8333 592
15.85 589
15.8667 586
15.8833 582
15.9 579
15.9167 576
15.9333 573
15.95 569
15.9667 566
15.9833 563
