9.0 531
9.0167 534
9.0333 537
9.05 541
9.0667 544
9.0833 547
9.1 550
9.1167 553
9.1333 556
9.15 560
9.1667 563
9.1833 566
9.2 569
9.2167 572
9.2333 575
9.25 578
9.2667 582
9.2833 585
9.3 588
9.3167 591
9.3333 594
9.35 597
9.3667 600
9.3833 603
9.4 606
9.4167 609
9.4333 612
9.45 615
9.4667 618
9.4833 621
9.5 624
9.5167 627
9.5333 630
9.55 633
9.5667 636
9.5833 639
9.6 642
9.6167 644
9.6333 647
9.65 650
9.6667 653
9.6833 656
9.7 659
9.7167 662
9.7333 664
9.75 667
9.7667 670
9.7833 673
9.8 676
9.8167 678
9.8333 681
9.85 684
9.8667 687
9.8833 689
9.9 692
9.9167 695
9.9333 697
9.95 700
9.9667 703
9.9833 705
10.0 708
10.0167 710
10.0333 713
10.05 716
10.0667 718
10.0833 721
10.1 723
10.1167 726
10.1333 728
10.15 731
10.1667 733
10.1833 736
10.2 738
10.2167 741
10.2333 743
10.25 746
10.2667 748
10.2833 751
10.3 753
10.3167 755
10.3333 758
10.35 760
10.3667 762
10.3833 765
10.4 767
10.4167 769
10.4333 771
10.45 774
10.4667 776
10.4833 778
10.5 780
10.5167 783
10.5333 785
10.55 787
10.5667 789
10.5833 791
10.6 793
10.6167 796
10.6333 798
10.65 800
10.6667 802
10.6833 804
10.7 806
10.7167 808
10.7333 810
10.75 812
10.7667 814
10.7833 816
10.8 818
10.8167 820
10.8333 822
10.85 824
10.8667 825
10.8833 827
10.9 829
10.9167 831
10.9333 833
10.95 835
10.9667 836
10.9833 838
11.0 840
11.0167 842
11.0333 843
11.05 845
11.0667 847
11.0833 848
11.1 850
11.1167 852
11.1333 853
11.15 855
11.1667 857
11.1833 858
11.2 860
11.2167 861
11.2333 863
11.25 864
11.2667 866
11.2833 867
11.3 869
11.3167 870
11.3333 872
11.35 873
11.3667 875
11.3833 876
11.4 877
11.4167 879
11.4333 880
11.45 881
11.4667 883
11.4833 884
11.5 885
11.5167 886
11.5333 888
11.55 889
11.5667 890
11.5833 891
11.6 892
11.6167 893
11.6333 895
11.65 896
11.6667 897
11.6833 898
11.7 899
11.7167 900
11.7333 901
11.75 902
11.7667 903
11.7833 904
11.8 905
11.8167 906
11.8333 907
11.85 908
11.8667 908
11.8833 909
11.9 910
11.9167 911
11.9333 912
11.95 913
11.9667 913
11.9833 914
12.0 915
12.0167 916
12.0333 916
12.05 917
12.0667 918
12.0833 918
12.1 919
12.1167 920
12.1333 920
12.15 921
12.1667 921
12.1833 922
12.2 922
12.2167 923
12.2333 923
12.25 924
12.2667 924
12.2833 925
12.3 925
12.3167 925
12.3333 926
12.35 926
12.3667 927
12.3833 927
12.4 927
12.4167 927
12.4333 928
12.45 928
12.4667 928
12.4833 928
12.5 929
12.5167 929
12.5333 929
12.55 929
12.5667 929
12.5833 929
12.6 929
12.6167 930
12.6333 930
12.65 930
12.6667 930
12.6833 930
12.7 930
12.7167 930
12.7333 930
12.75 929
12.7667 929
12.7833 929
12.8 929
12.8167 929
12.8333 929
12.85 929
12.8667 928
12.8833 928
12.9 928
12.9167 928
12.9333 927
12.95 927
12.9667 927
12.9833 926
13.0 926
13.0167 926
13.0333 925
13.05 925
13.0667 924
13.0833 924
13.1 924
13.1167 923
13.1333 923
13.15 922
13.1667 922
13.1833 921
13.2 920
13.2167 920
13.2333 919
13.25 919
13.2667 918
13.2833 917
13.3 917
13.3167 916
13.3333 915
13.35 914
13.3667 914
13.3833 913
13.4 912
13.4167 911
13.4333 911
13.45 910
13.4667 909
13.4833 908
13.5 907
13.5167 906
13.5333 905
13.55 904
13.5667 903
13.5833 902
13.6 901
13.6167 900
13.6333 899
13.65 898
13.6667 897
13.6833 896
13.7 895
13.7167 894
13.7333 893
13.75 892
13.7667 891
13.7833 889
13.8 888
13.8167 887
13.8333 886
13.85 884
13.8667 883
13.8833 882
13.9 881
13.9167 879
13.9333 878
13.95 877
13.9667 875
13.9833 874
14.0 872
14.0167 871
14.0333 870
14.05 868
14.0667 867
14.0833 865
14.1 864
14.1167 862
14.1333 861
14.15 859
14.1667 857
14.1833 856
14.2 854
14.2167 853
14.2333 851
14.25 849
14.2667 848
14.2833 846
14.3 844
14.3167 843
14.3333 841
14.35 839
14.3667 837
14.3833 835
14.4 834
14.4167 832
14.4333 830
14.45 828
14.4667 826
14.4833 824
14.5 823
14.5167 821
14.5333 819
14.55 817
14.5667 815
14.5833 813
14.6 811
14.6167 809
14.6333 807
14.65 805
14.6667 803
14.6833 801
14.7 799
14.7167 797
14.7333 794
14.75 792
14.7667 790
14.7833 788
14.8 786
14.8167 784
14.8333 782
14.85 779
14.8667 777
14.8833 775
14.9 773
14.9167 770
14.9333 768
14.95 766
14.9667 763
14.9833 761
15.0 759
15.0167 757
15.0333 754
15.05 752
15.0667 749
15.0833 747
15.1 745
15.1167 742
15.1333 740
15.15 737
15.1667 735
15.1833 732
15.2 730
15.2167 727
15.2333 725
15.25 722
15.2667 720
15.2833 717
15.3 714
15.3167 712
15.3333 709
15.35 707
15.3667 704
15.3833 701
15.4 699
15.4167 696
15.4333 693
15.45 691
15.4667 688
15.4833 685
15.5 683
15.5167 680
15.5333 677
15.55 674
15.5667 672
15.5833 669
15.6 666
15.6167 663
15.6333 660
15.65 657
15.6667 655
15.6833 652
15.7 649
15.7167 646
15.7333 643
15.75 640
15.7667 637
15.7833 634
15.8 631
15.8167 629
15.8333 626
15.85 623
15.8667 620
15.8833 617
15.9 614
15.9167 611
15.9333 608
15.95 605
15.9667 602
15.9833 599
