9.0 226
9.0167 229
9.0333 232
9.05 235
9.0667 238
9.0833 241
9.1 244
9.1167 247
9.1333 251
9.15 254
9.1667 257
9.1833 260
9.2 263
9.2167 266
9.2333 269
9.25 272
9.2667 275
9.2833 278
9.3 282
9.3167 285
9.3333 288
9.35 291
9.3667 294
9.3833 297
9.4 300
9.4167 303
9.4333 306
9.45 309
9.4667 312
9.4833 315
9.5 318
9.5167 321
9.5333 324
9.55 327
9.5667 330
9.5833 333
9.6 336
9.6167 339
9.6333 342
9.65 345
9.6667 348
9.6833 351
9.7 354
9.7167 356
9.7333 359
9.75 362
9.7667 365
9.7833 368
9.8 371
9.8167 374
9.8333 377
9.85 379
9.8667 382
9.8833 385
9.9 388
9.9167 391
9.9333 393
9.95 396
9.9667 399
9.9833 402
10.0 404
10.0167 407
10.0333 410
10.05 412
10.0667 415
10.0833 418
10.1 420
10.1167 423
10.1333 426
10.15 428
10.1667 431
10.1833 434
10.2 436
10.2167 439
10.2333 441
10.25 444
10.2667 446
10.2833 449
10.3 451
10.3167 454
10.3333 456
10.35 459
10.3667 461
10.3833 464
10.4 466
10.4167 469
10.4333 471
10.45 473
10.4667 476
10.4833 478
10.5 480
10.5167 483
10.5333 485
10.55 487
10.5667 490
10.5833 492
10.6 494
10.6167 497
10.6333 499
10.65 501
10.6667 503
10.6833 505
10.7 508
10.7167 510
10.7333 512
10.75 514
10.7667 516
10.7833 518
10.8 520
10.8167 522
10.8333 524
10.85 526
10.8667 528
10.8833 530
10.9 532
10.9167 534
10.9333 536
10.95 538
10.9667 540
10.9833 542
11.0 544
11.0167 546
11.0333 548
11.05 549
11.0667 551
11.0833 553
11.1 555
11.1167 557
11.1333 558
11.15 560
11.1667 562
11.1833 564
11.2 565
11.2167 567
11.2333 569
11.25 570
11.2667 572
11.2833 573
11.3 575
11.3167 577
11.3333 578
11.35 580
11.3667 581
11.3833 583
11.4 584
11.4167 586
11.4333 587
11.45 589
11.4667 590
11.4833 591
11.5 593
11.5167 594
11.5333 595
11.55 597
11.5667 598
11.5833 599
11.6 601
11.6167 602
11.6333 603
11.65 604
11.6667 606
11.6833 607
11.7 608
11.7167 609
11.7333 610
11.75 611
11.7667 612
11.7833 613
11.8 614
11.8167 615
11.8333 617
11.85 618
11.8667 618
11.8833 619
11.9 620
11.9167 621
11.9333 622
11.95 623
11.9667 624
11.9833 625
12.0 626
12.0167 626
12.0333 627
12.05 628
12.0667 629
12.0833 630
12.1 630
12.1167 631
12.1333 632
12.15 632
12.1667 633
12.1833 634
12.2 634
12.2167 635
12.2333 635
12.25 636
12.2667 636
12.2833 637
12.3 637
12.3167 638
12.3333 638
12.35 639
12.3667 639
12.3833 640
12.4 640
12.4167 640
12.4333 641
12.45 641
12.4667 641
12.4833 642
12.5 642
12.5167 642
12.5333 642
12.55 643
12.5667 643
12.5833 643
12.6 643
12.6167 643
12.6333 643
12.65 643
12.6667 644
12.6833 644
12.7 644
12.7167 644
12.7333 644
12.75 644
12.7667 644
12.7833 644
12.8 643
12.8167 643
12.8333 643
12.85 643
12.8667 643
12.8833 643
12.9 643
12.9167 642
12.9333 642
12.95 642
12.9667 642
12.9833 641
13.0 641
13.0167 641
13.0333 640
13.05 640
13.0667 640
13.0833 639
13.1 639
13.1167 638
13.1333 638
13.15 637
13.1667 637
13.1833 636
13.2 636
13.2167 635
13.2333 635
13.25 634
13.2667 634
13.2833 633
13.3 632
13.3167 632
13.3333 631
13.35 630
13.3667 630
13.3833 629
13.4 628
13.4167 627
13.4333 626
13.45 626
13.4667 625
13.4833 624
13.5 623
13.5167 622
13.5333 621
13.55 620
13.5667 619
13.5833 618
13.6 617
13.6167 616
13.6333 615
13.65 614
13.6667 613
13.6833 612
13.7 611
13.7167 610
13.7333 609
13.75 608
13.7667 607
13.7833 605
13.8 604
13.8167 603
13.8333 602
13.85 601
13.8667 599
13.8833 598
13.9 597
13.9167 595
13.9333 594
13.95 593
13.9667 591
13.9833 590
14.0 588
14.0167 587
14.0333 586
14.05 584
14.0667 583
14.0833 581
14.1 580
14.1167 578
14.1333 577
14.15 575
14.1667 573
14.1833 572
14.2 570
14.2167 569
14.2333 567
14.25 565
14.2667 564
14.2833 562
14.3 560
14.3167 558
14.3333 557
14.35 555
14.3667 553
14.3833 551
14.4 549
14.4167 548
14.4333 546
14.45 544
14.4667 542
14.4833 540
14.5 538
14.5167 536
14.5333 534
14.55 532
14.5667 530
14.5833 528
14.6 526
14.6167 524
14.6333 522
14.65 520
14.6667 518
14.6833 516
14.7 514
14.7167 512
14.7333 510
14.75 507
14.7667 505
14.7833 503
14.8 501
14.8167 499
14.8333 496
14.85 494
14.8667 492
14.8833 490
14.9 487
14.9167 485
14.9333 483
14.95 480
14.9667 478
14.9833 476
15.0 474
15.0167 471
15.0333 469
15.05 467
15.0667 464
15.0833 462
15.1 459
15.1167 457
15.1333 454
15.15 452
15.1667 449
15.1833 447
15.2 444
15.2167 442
15.2333 439
15.25 437
15.2667 434
15.2833 431
15.3 429
15.3167 426
15.3333 424
15.35 421
15.3667 418
15.3833 416
15.4 413
15.4167 410
15.4333 407
15.45 405
15.4667 402
15.4833 399
15.5 397
15.5167 394
15.5333 391
15.55 388
15.5667 385
15.5833 383
15.6 380
15.6167 377
15.6333 374
15.65 371
15.6667 368
15.6833 366
15.7 363
15.7167 360
15.7333 357
15.75 354
15.7667 351
15.7833 348
15.8 345
15.8167 342
15.8333 339
15.85 336
15.8667 333
15.8833 330
15.9 327
15.9167 324
15.9333 321
15.95 318
15.9667 315
15.9833 312
