9.0 468
9.0167 472
9.0333 476
9.05 480
9.0667 483
9.0833 487
9.1 491
9.1167 495
9.1333 498
9.15 502
9.1667 506
9.1833 509
9.2 513
9.2167 516
9.2333 520
9.25 524
9.2667 527
9.2833 531
9.3 534
9.3167 538
9.3333 542
9.35 545
9.3667 549
9.3833 552
9.4 556
9.4167 559
9.4333 563
9.45 566
9.4667 570
9.4833 573
9.5 577
9.5167 580
9.5333 583
9.55 587
9.5667 590
9.5833 594
9.6 597
9.6167 600
9.6333 604
9.65 607
9.6667 610
9.6833 614
9.7 617
9.7167 620
9.7333 624
9.75 627
9.7667 630
9.7833 633
9.8 637
9.8167 640
9.8333 643
9.85 646
9.8667 650
9.8833 653
9.9 656
9.9167 659
9.9333 662
9.95 665
9.9667 668
9.9833 671
10.0 675
10.0167 678
10.0333 681
10.05 684
10.0667 687
10.0833 690
10.1 693
10.1167 696
10.1333 699
10.15 702
10.1667 704
10.1833 707
10.2 710
10.2167 713
10.2333 716
10.25 719
10.2667 722
10.2833 725
10.3 727
10.3167 730
10.3333 733
10.35 736
10.3667 738
10.3833 741
10.4 744
10.4167 747
10.4333 749
10.45 752
10.4667 755
10.4833 757
10.5 760
10.5167 762
10.5333 765
10.55 768
10.5667 770
10.5833 773
10.6 775
10.6167 778
10.6333 780
10.65 783
10.6667 785
10.6833 787
10.7 790
10.7167 792
10.7333 795
10.75 797
10.7667 799
10.7833 802
10.8 804
10.8167 806
10.8333 809
10.85 811
10.8667 813
10.8833 815
10.9 818
10.9167 820
10.9333 822
10.95 824
10.9667 826
10.9833 828
11.0 830
11.0167 833
11.0333 835
11.05 837
11.0667 839
11.0833 841
11.1 843
11.1167 845
11.1333 847
11.15 849
11.1667 850
11.1833 852
11.2 854
11.2167 856
11.2333 858
11.25 860
11.2667 862
11.2833 863
11.3 865
11.3167 867
11.3333 869
11.35 870
11.3667 872
11.3833 874
11.4 875
11.4167 877
11.4333 879
11.45 880
11.4667 882
11.4833 883
11.5 885
11.5167 886
11.5333 888
11.55 889
11.5667 891
11.5833 892
11.6 894
11.6167 895
11.6333 897
11.65 898
11.6667 899
11.6833 901
11.7 902
11.7167 903
11.7333 904
11.75 906
11.7667 907
11.7833 908
11.8 909
11.8167 910
11.8333 912
11.85 913
11.8667 914
11.8833 915
11.9 916
11.9167 917
11.9333 918
11.95 919
11.9667 920
11.9833 921
12.0 922
12.0167 923
12.0333 924
12.05 925
12.0667 926
12.0833 926
12.1 927
12.1167 928
12.1333 929
12.15 930
12.1667 930
12.1833 931
12.2 932
12.2167 932
12.2333 933
12.25 934
12.2667 934
12.2833 935
12.3 936
12.3167 936
12.3333 937
12.35 937
12.3667 938
12.3833 938
12.4 939
12.4167 939
12.4333 940
12.45 940
12.4667 940
12.4833 941
12.5 941
12.5167 941
12.5333 942
12.55 942
12.5667 942
12.5833 942
12.6 943
12.6167 943
12.6333 943
12.65 943
12.6667 943
12.6833 943
12.7 943
12.7167 943
12.7333 944
12.75 944
12.7667 944
12.7833 944
12.8 944
12.8167 943
12.8333 943
12.85 943
12.8667 943
12.8833 943
12.9 943
12.9167 943
12.9333 942
12.95 942
12.9667 942
12.9833 942
13.0 941
13.0167 941
13.0333 941
13.05 941
13.0667 940
13.0833 940
13.1 939
13.1167 939
13.1333 938
13.15 938
13.1667 938
13.1833 937
13.2 936
13.2167 936
13.2333 935
13.25 935
13.2667 934
13.2833 934
13.3 933
13.3167 932
13.3333 931
13.35 931
13.3667 930
13.3833 929
13.4 929
13.4167 928
13.4333 927
13.45 926
13.4667 925
13.4833 924
13.5 923
13.5167 923
13.5333 922
13.55 921
13.5667 920
13.5833 919
13.6 918
13.6167 917
13.6333 916
13.65 914
13.6667 913
13.6833 912
13.7 911
13.7167 910
13.7333 909
13.75 908
13.7667 906
13.7833 905
13.8 904
13.8167 903
13.8333 901
13.85 900
13.8667 899
13.8833 897
13.9 896
13.9167 895
13.9333 893
13.95 892
13.9667 890
13.9833 889
14.0 887
14.0167 886
14.0333 884
14.05 883
14.0667 881
14.0833 880
14.1 878
14.1167 876
14.1333 875
14.15 873
14.1667 871
14.1833 870
14.2 868
14.2167 866
14.2333 864
14.25 863
14.2667 861
14.2833 859
14.3 857
14.3167 855
14.3333 853
14.35 852
14.3667 850
14.3833 848
14.4 846
14.4167 844
14.4333 842
14.45 840
14.4667 838
14.4833 836
14.5 834
14.5167 832
14.5333 830
14.55 827
14.5667 825
14.5833 823
14.6 821
14.6167 819
14.6333 817
14.65 814
14.6667 812
14.6833 810
14.7 808
14.7167 805
14.7333 803
14.75 801
14.7667 798
14.7833 796
14.8 794
14.8167 791
14.8333 789
14.85 786
14.8667 784
14.8833 782
14.9 779
14.9167 777
14.9333 774
14.95 772
14.9667 769
14.9833 766
15.0 764
15.0167 762
15.0333 759
15.05 756
15.0667 754
15.0833 751
15.1 749
15.1167 746
15.1333 743
15.15 740
15.1667 738
15.1833 735
15.2 732
15.2167 729
15.2333 727
15.25 724
15.2667 721
15.2833 718
15.3 715
15.3167 712
15.3333 709
15.35 707
15.3667 704
15.3833 701
15.4 698
15.4167 695
15.4333 692
15.45 689
15.4667 686
15.4833 683
15.5 680
15.5167 677
15.5333 674
15.55 671
15.5667 667
15.5833 664
15.6 661
15.6167 658
15.6333 655
15.65 652
15.6667 649
15.6833 645
15.7 642
15.7167 639
15.7333 636
15.75 632
15.7667 629
15.7833 626
15.8 623
15.8167 619
15.8333 616
15.85 613
15.8667 609
15.8833 606
15.9 603
15.9167 599
15.9333 596
15.95 593
15.9667 589
15.9833 586
