9.0 563
9.0167 566
9.0333 570
9.05 573
9.0667 576
9.0833 580
9.1 583
9.1167 587
9.1333 590
9.15 593
9.1667 597
9.1833 600
9.2 603
9.2167 607
9.2333 610
9.25 613
9.2667 616
9.2833 620
9.3 623
9.3167 626
9.3333 629
9.35 633
9.3667 636
9.3833 639
9.4 642
9.4167 646
9.4333 649
9.45 652
9.4667 655
9.4833 658
9.5 661
9.5167 664
9.5333 668
9.55 671
9.5667 674
9.5833 677
9.6 680
9.6167 683
9.6333 686
9.65 689
9.6667 692
9.6833 695
9.7 698
9.7167 701
9.7333 704
9.75 707
9.7667 710
9.7833 713
9.8 716
9.8167 719
9.8333 722
9.85 725
9.8667 728
9.8833 730
9.9 733
9.9167 736
9.9333 739
9.95 742
9.9667 745
9.9833 747
10.0 750
10.0167 753
10.0333 756
10.05 758
10.0667 761
10.0833 764
10.1 767
10.1167 769
10.1333 772
10.15 775
10.1667 777
10.1833 780
10.2 783
10.2167 785
10.2333 788
10.25 790
10.2667 793
10.2833 796
10.3 798
10.3167 801
10.3333 803
10.35 806
10.3667 808
10.3833 811
10.4 813
10.4167 815
10.4333 818
10.45 820
10.4667 823
10.4833 825
10.5 827
10.5167 830
10.5333 832
10.55 834
10.5667 837
10.5833 839
10.6 841
10.6167 844
10.6333 846
10.65 848
10.6667 850
10.6833 852
10.7 855
10.7167 857
10.7333 859
10.75 861
10.7667 863
10.7833 865
10.8 867
10.8167 870
10.8333 872
10.85 874
10.8667 876
10.8833 878
10.9 880
10.9167 882
10.9333 884
10.95 886
10.9667 888
10.9833 889
11.0 891
11.0167 893
11.0333 895
11.05 897
11.0667 899
11.0833 901
11.1 902
11.1167 904
11.1333 906
11.15 908
11.1667 909
11.1833 911
11.2 913
11.2167 915
11.2333 916
11.25 918
11.2667 920
11.2833 921
11.3 923
11.3167 924
11.3333 926
11.35 927
11.3667 929
11.3833 931
11.4 932
11.4167 934
11.4333 935
11.45 936
11.4667 938
11.4833 939
11.5 941
11.5167 942
11.5333 943
11.55 945
11.5667 946
11.5833 947
11.6 949
11.6167 950
11.6333 951
11.65 952
11.6667 954
11.6833 955
11.7 956
11.7167 957
11.7333 958
11.75 960
11.7667 961
11.7833 962
11.8 963
11.8167 964
11.8333 965
11.85 966
11.8667 967
11.8833 968
11.9 969
11.9167 970
11.9333 971
11.95 972
11.9667 973
11.9833 974
12.0 974
12.0167 975
12.0333 976
12.05 977
12.0667 978
12.0833 978
12.1 979
12.1167 980
12.1333 981
12.15 981
12.1667 982
12.1833 983
12.2 983
12.2167 984
12.2333 985
12.25 985
12.2667 986
12.2833 986
12.3 987
12.3167 987
12.3333 988
12.35 988
12.3667 989
12.3833 989
12.4 990
12.4167 990
12.4333 991
12.45 991
12.4667 991
12.4833 992
12.5 992
12.5167 992
12.5333 992
12.55 993
12.5667 993
12.5833 993
12.6 993
12.6167 994
12.6333 994
12.65 994
12.6667 994
12.6833 994
12.7 994
12.7167 994
12.7333 994
12.75 994
12.7667 994
12.7833 994
12.8 994
12.8167 994
12.8333 994
12.85 994
12.8667 994
12.8833 994
12.9 994
12.9167 994
12.9333 994
12.95 993
12.9667 993
12.9833 993
13.0 993
13.0167 992
13.0333 992
13.05 992
13.0667 992
13.0833 991
13.1 991
13.1167 990
13.1333 990
13.15 990
13.1667 989
13.1833 989
13.2 988
13.2167 988
13.2333 987
13.25 987
13.2667 986
13.2833 986
13.3 985
13.3167 984
13.3333 984
13.35 983
13.3667 983
13.3833 982
13.4 981
13.4167 981
13.4333 980
13.45 979
13.4667 978
13.4833 978
13.5 977
13.5167 976
13.5333 975
13.55 974
13.5667 973
13.5833 972
13.6 972
13.6167 971
13.6333 970
13.65 969
13.6667 968
13.6833 967
13.7 966
13.7167 965
13.7333 964
13.75 963
13.7667 961
13.7833 960
13.8 959
13.8167 958
13.8333 957
13.85 956
13.8667 955
13.8833 953
13.9 952
13.9167 951
13.9333 950
13.95 948
13.9667 947
13.9833 946
14.0 944
14.0167 943
14.0333 942
14.05 940
14.0667 939
14.0833 938
14.1 936
14.1167 935
14.1333 933
14.15 932
14.1667 930
14.1833 929
14.2 927
14.2167 926
14.2333 924
14.25 922
14.2667 921
14.2833 919
14.3 917
14.3167 916
14.3333 914
14.35 912
14.3667 911
14.3833 909
14.4 907
14.4167 906
14.4333 904
14.45 902
14.4667 900
14.4833 898
14.5 896
14.5167 895
14.5333 893
14.55 891
14.5667 889
14.5833 887
14.6 885
14.6167 883
14.6333 881
14.65 879
14.6667 877
14.6833 875
14.7 873
14.7167 871
14.7333 869
14.75 867
14.7667 865
14.7833 863
14.8 861
14.8167 858
14.8333 856
14.85 854
14.8667 852
14.8833 850
14.9 847
14.9167 845
14.9333 843
14.95 841
14.9667 838
14.9833 836
15.0 834
15.0167 832
15.0333 829
15.05 827
15.0667 824
15.0833 822
15.1 820
15.1167 817
15.1333 815
15.15 812
15.1667 810
15.1833 807
15.2 805
15.2167 802
15.2333 800
15.25 797
15.2667 795
15.2833 792
15.3 790
15.3167 787
15.3333 785
15.35 782
15.3667 779
15.3833 777
15.4 774
15.4167 771
15.4333 769
15.45 766
15.4667 763
15.4833 761
15.5 758
15.5167 755
15.5333 752
15.55 749
15.5667 747
15.5833 744
15.6 741
15.6167 738
15.6333 735
15.65 733
15.6667 730
15.6833 727
15.7 724
15.7167 721
15.7333 718
15.75 715
15.7667 712
15.7833 709
15.8 706
15.8167 703
15.8333 700
15.85 697
15.8667 694
15.8833 691
15.9 688
15.9167 685
15.9333 682
15.95 679
15.9667 676
15.9833 673
