9.0 587
9.0167 591
9.0333 595
9.05 598
9.0667 602
9.0833 605
9.1 609
9.1167 612
9.1333 616
9.15 619
9.1667 623
9.1833 626
9.2 630
9.2167 633
9.2333 637
9.25 640
9.2667 644
9.2833 647
9.3 650
9.3167 654
9.3333 657
9.35 660
9.3667 664
9.3833 667
9.4 671
9.4167 674
9.4333 677
9.45 680
9.4667 684
9.4833 687
9.5 690
9.5167 693
9.5333 697
9.55 700
9.5667 703
9.5833 706
9.6 709
9.6167 713
9.6333 716
9.65 719
9.6667 722
9.6833 725
9.7 728
9.7167 731
9.7333 734
9.75 738
9.7667 741
9.7833 744
9.8 747
9.8167 750
9.8333 753
9.85 756
9.8667 759
9.8833 762
9.9 765
9.9167 767
9.9333 770
9.95 773
9.9667 776
9.9833 779
10.0 782
10.0167 785
10.0333 788
10.05 790
10.0667 793
10.0833 796
10.1 799
10.1167 801
10.1333 804
10.15 807
10.1667 810
10.1833 812
10.2 815
10.2167 818
10.2333 820
10.25 823
10.2667 826
10.2833 828
10.3 831
10.3167 833
10.3333 836
10.35 838
10.3667 841
10.3833 843
10.4 846
10.4167 848
10.4333 851
10.45 853
10.4667 856
10.4833 858
10.5 861
10.5167 863
10.5333 865
10.55 868
10.5667 870
10.5833 872
10.6 875
10.6167 877
10.6333 879
10.65 881
10.6667 884
10.6833 886
10.7 888
10.7167 890
10.7333 892
10.75 894
10.7667 897
10.7833 899
10.8 901
10.8167 903
10.8333 905
10.85 907
10.8667 909
10.8833 911
10.9 913
10.9167 915
10.9333 917
10.95 919
10.9667 921
10.9833 923
11.0 925
11.0167 926
11.0333 928
11.05 930
11.0667 932
11.0833 934
11.1 935
11.1167 937
11.1333 939
11.15 941
11.1667 942
11.1833 944
11.2 946
11.2167 947
11.2333 949
11.25 951
11.2667 952
11.2833 954
11.3 955
11.3167 957
11.3333 958
11.35 960
11.3667 961
11.3833 963
11.4 964
11.4167 966
11.4333 967
11.45 969
11.4667 970
11.4833 971
11.5 973
11.5167 974
11.5333 975
11.55 977
11.5667 978
11.5833 979
11.6 980
11.6167 981
11.6333 983
11.65 984
11.6667 985
11.6833 986
11.7 987
11.7167 988
11.7333 989
11.75 990
11.7667 991
11.7833 992
11.8 993
11.8167 994
11.8333 995
11.85 996
11.8667 997
11.8833 998
11.9 999
11.9167 1000
11.9333 1001
11.95 1001
11.9667 1002
11.9833 1003
12.0 1004
12.0167 1005
12.0333 1005
12.05 1006
12.0667 1007
12.0833 1007
12.1 1008
12.1167 1009
12.1333 1009
12.15 1010
12.1667 1010
12.1833 1011
12.2 1011
12.2167 1012
12.2333 1012
12.25 1013
12.2667 1013
12.2833 1014
12.3 1014
12.3167 1015
12.3333 1015
12.35 1015
12.3667 1016
12.3833 1016
12.4 1016
12.4167 1017
12.4333 1017
12.45 1017
12.4667 1017
12.4833 1017
12.5 1018
12.5167 1018
12.5333 1018
12.55 1018
12.5667 1018
12.5833 1018
12.6 1018
12.6167 1018
12.6333 1018
12.65 1018
12.6667 1018
12.6833 1018
12.7 1018
12.7167 1018
12.7333 1018
12.75 1018
12.7667 1018
12.7833 1017
12.8 1017
12.8167 1017
12.8333 1017
12.85 1017
12.8667 1016
12.8833 1016
12.9 1016
12.9167 1015
12.9333 1015
12.95 1015
12.9667 1014
12.9833 1014
13.0 1013
13.0167 1013
13.0333 1013
13.05 1012
13.0667 1012
13.0833 1011
13.1 1011
13.1167 1010
13.1333 1009
13.15 1009
13.1667 1008
13.1833 1008
13.2 1007
13.2167 1006
13.2333 1005
13.25 1005
13.2667 1004
13.2833 1003
13.3 1003
13.3167 1002
13.3333 1001
13.35 1000
13.3667 999
13.3833 998
13.4 997
13.4167 997
13.4333 996
13.45 995
13.4667 994
13.4833 993
13.5 992
13.5167 991
13.5333 990
13.55 989
13.5667 987
13.5833 986
13.6 985
13.6167 984
13.6333 983
13.65 982
13.6667 981
13.6833 979
13.7 978
13.7167 977
13.7333 976
13.75 974
13.7667 973
13.7833 972
13.8 970
13.8167 969
13.8333 968
13.85 966
13.8667 965
13.8833 963
13.9 962
13.9167 960
13.9333 959
13.95 957
13.9667 956
13.9833 954
14.0 953
14.0167 951
14.0333 949
14.05 948
14.0667 946
14.0833 944
14.1 943
14.1167 941
14.1333 939
14.15 938
14.1667 936
14.1833 934
14.2 932
14.2167 931
14.2333 929
14.25 927
14.2667 925
14.2833 923
14.3 921
14.3167 919
14.3333 917
14.35 915
14.3667 913
14.3833 911
14.4 909
14.4167 907
14.4333 905
14.45 903
14.4667 901
14.4833 899
14.5 897
14.5167 895
14.5333 893
14.55 891
14.5667 888
14.5833 886
14.6 884
14.6167 882
14.6333 880
14.65 877
14.6667 875
14.6833 873
14.7 870
14.7167 868
14.7333 866
14.75 863
14.7667 861
14.7833 859
14.8 856
14.8167 854
14.8333 851
14.85 849
14.8667 847
14.8833 844
14.9 842
14.9167 839
14.9333 836
14.95 834
14.9667 831
14.9833 829
15.0 826
15.0167 824
15.0333 821
15.05 818
15.0667 816
15.0833 813
15.1 810
15.1167 808
15.1333 805
15.15 802
15.1667 800
15.1833 797
15.2 794
15.2167 791
15.2333 788
15.25 786
15.2667 783
15.2833 780
15.3 777
15.3167 774
15.3333 771
15.35 768
15.3667 765
15.3833 763
15.4 760
15.4167 757
15.4333 754
15.45 751
15.4667 748
15.4833 745
15.5 742
15.5167 739
15.5333 735
15.55 732
15.5667 729
15.5833 726
15.6 723
15.6167 720
15.6333 717
15.65 714
15.6667 710
15.6833 707
15.7 704
15.7167 701
15.7333 698
15.75 694
15.7667 691
15.7833 688
15.8 685
15.8167 681
15.8333 678
15.85 675
15.8667 672
15.8833 668
15.9 665
15.9167 662
15.9333 658
15.95 655
15.9667 651
15.9833 648
