9.0 286
9.0167 290
9.0333 293
9.05 297
9.0667 300
9.0833 303
9.1 307
9.1167 310
9.1333 314
9.15 317
9.1667 320
9.1833 324
9.2 327
9.2167 330
9.2333 334
9.25 337
9.2667 340
9.2833 344
9.3 347
9.3167 350
9.3333 354
9.35 357
9.3667 360
9.3833 364
9.4 367
9.4167 370
9.4333 373
9.45 377
9.4667 380
9.4833 383
9.5 387
9.5167 390
9.5333 393
9.55 396
9.5667 400
9.5833 403
9.6 406
9.6167 409
9.6333 412
9.65 416
9.6667 419
9.6833 422
9.7 425
9.7167 428
9.7333 432
9.75 435
9.7667 438
9.7833 441
9.8 444
9.8167 447
9.8333 450
9.85 453
9.8667 456
9.8833 460
9.9 463
9.9167 466
9.9333 469
9.95 472
9.9667 475
9.9833 478
10.0 481
10.0167 484
10.0333 487
10.05 490
10.0667 493
10.0833 496
10.1 499
10.1167 502
10.1333 504
10.15 507
10.1667 510
10.1833 513
10.2 516
10.2167 519
10.2333 522
10.25 524
10.2667 527
10.2833 530
10.3 533
10.3167 536
10.3333 538
10.35 541
10.3667 544
10.3833 547
10.4 549
10.4167 552
10.4333 555
10.45 557
10.4667 560
10.4833 563
10.5 565
10.5167 568
10.5333 570
10.55 573
10.5667 576
10.5833 578
10.6 581
10.6167 583
10.6333 586
10.65 588
10.6667 591
10.6833 593
10.7 596
10.7167 598
10.7333 600
10.75 603
10.7667 605
10.7833 608
10.8 610
10.8167 612
10.8333 615
10.85 617
10.8667 619
10.8833 621
10.9 624
10.9167 626
10.9333 628
10.95 630
10.9667 633
10.9833 635
11.0 637
11.0167 639
11.0333 641
11.05 643
11.0667 645
11.0833 648
11.1 650
11.1167 652
11.1333 654
11.15 656
11.1667 658
11.1833 660
11.2 662
11.2167 664
11.2333 665
11.25 667
11.2667 669
11.2833 671
11.3 673
11.3167 675
11.3333 677
11.35 678
11.3667 680
11.3833 682
11.4 684
11.4167 686
11.4333 687
11.45 689
11.4667 691
11.4833 692
11.5 694
11.5167 696
11.5333 697
11.55 699
11.5667 700
11.5833 702
11.6 703
11.6167 705
11.6333 706
11.65 708
11.6667 709
11.6833 711
11.7 712
11.7167 714
11.7333 715
11.75 716
11.7667 718
11.7833 719
11.8 720
11.8167 722
11.8333 723
11.85 724
11.8667 725
11.8833 727
11.9 728
11.9167 729
11.9333 730
11.95 731
11.9667 732
11.9833 734
12.0 735
12.0167 736
12.0333 737
12.05 738
12.0667 739
12.0833 740
12.1 741
12.1167 742
12.1333 743
12.15 743
12.1667 744
12.1833 745
12.2 746
12.2167 747
12.2333 748
12.25 748
12.2667 749
12.2833 750
12.3 751
12.3167 751
12.3333 752
12.35 753
12.3667 753
12.3833 754
12.4 755
12.4167 755
12.4333 756
12.45 756
12.4667 757
12.4833 757
12.5 758
12.5167 758
12.5333 759
12.55 759
12.5667 760
12.5833 760
12.6 761
12.6167 761
12.6333 761
12.65 761
12.6667 762
12.6833 762
12.7 762
12.7167 763
12.7333 763
12.75 763
12.7667 763
12.7833 763
12.8 763
12.8167 764
12.8333 764
12.85 764
12.8667 764
12.8833 764
12.9 764
12.9167 764
12.9333 764
12.95 764
12.9667 764
12.9833 764
13.0 763
13.0167 763
13.0333 763
13.05 763
13.0667 763
13.0833 763
13.1 762
13.1167 762
13.1333 762
13.15 762
13.1667 761
13.1833 761
13.2 761
13.2167 760
13.2333 760
13.25 759
13.2667 759
13.2833 759
13.3 758
13.3167 758
13.3333 757
13.35 757
13.3667 756
13.3833 755
13.4 755
13.4167 754
13.4333 754
13.45 753
13.4667 752
13.4833 752
13.5 751
13.5167 750
13.5333 749
13.55 749
13.5667 748
13.5833 747
13.6 746
13.6167 745
13.6333 745
13.65 744
13.6667 743
13.6833 742
13.7 741
13.7167 740
13.7333 739
13.75 738
13.7667 737
13.7833 736
13.8 735
13.8167 734
13.8333 733
13.85 732
13.8667 730
13.8833 729
13.9 728
13.9167 727
13.9333 726
13.95 724
13.9667 723
13.9833 722
14.0 721
14.0167 719
14.0333 718
14.05 717
14.0667 715
14.0833 714
14.1 713
14.1167 711
14.1333 710
14.15 708
14.1667 707
14.1833 705
14.2 704
14.2167 702
14.2333 701
14.25 699
14.2667 698
14.2833 696
14.3 694
14.3167 693
14.3333 691
14.35 689
14.3667 688
14.3833 686
14.4 684
14.4167 682
14.4333 681
14.45 679
14.4667 677
14.4833 675
14.5 673
14.5167 672
14.5333 670
14.55 668
14.5667 666
14.5833 664
14.6 662
14.6167 660
14.6333 658
14.65 656
14.6667 654
14.6833 652
14.7 650
14.7167 648
14.7333 646
14.75 644
14.7667 642
14.7833 640
14.8 637
14.8167 635
14.8333 633
14.85 631
14.8667 629
14.8833 626
14.9 624
14.9167 622
14.9333 620
14.95 617
14.9667 615
14.9833 613
15.0 611
15.0167 609
15.0333 607
15.05 604
15.0667 602
15.0833 599
15.1 597
15.1167 595
15.1333 592
15.15 590
15.1667 587
15.1833 585
15.2 582
15.2167 580
15.2333 577
15.25 574
15.2667 572
15.2833 569
15.3 567
15.3167 564
15.3333 561
15.35 559
15.3667 556
15.3833 553
15.4 551
15.4167 548
15.4333 545
15.45 543
15.4667 540
15.4833 537
15.5 534
15.5167 531
15.5333 529
15.55 526
15.5667 523
15.5833 520
15.6 517
15.6167 515
15.6333 512
15.65 509
15.6667 506
15.6833 503
15.7 500
15.7167 497
15.7333 494
15.75 491
15.7667 488
15.7833 485
15.8 482
15.8167 479
15.8333 476
15.85 473
15.8667 470
15.8833 467
15.9 464
15.9167 461
15.9333 458
15.95 455
15.9667 452
15.9833 449
