9.0 461
9.0167 464
9.0333 467
9.05 471
9.0667 474
9.0833 477
9.1 480
9.1167 483
9.1333 486
9.15 490
9.1667 493
9.1833 496
9.2 499
9.2167 502
9.2333 505
9.25 508
9.2667 511
9.2833 515
9.3 518
9.3167 521
9.3333 524
9.35 527
9.3667 530
9.3833 533
9.4 536
9.4167 539
9.4333 542
9.45 545
9.4667 548
9.4833 551
9.5 554
9.5167 557
9.5333 560
9.55 563
9.5667 566
9.5833 569
9.6 572
9.6167 575
9.6333 578
9.65 581
9.6667 583
9.6833 586
9.7 589
9.7167 592
9.7333 595
9.75 598
9.7667 601
9.7833 603
9.8 606
9.8167 609
9.8333 612
9.85 615
9.8667 617
9.8833 620
9.9 623
9.9167 626
9.9333 628
9.95 631
9.9667 634
9.9833 637
10.0 639
10.0167 642
10.0333 645
10.05 647
10.0667 650
10.0833 653
10.1 655
10.1167 658
10.1333 660
10.15 663
10.1667 665
10.1833 668
10.2 671
10.2167 673
10.2333 676
10.25 678
10.2667 681
10.2833 683
10.3 686
10.3167 688
10.3333 690
10.35 693
10.3667 695
10.3833 698
10.4 700
10.4167 702
10.4333 705
10.45 707
10.4667 709
10.4833 712
10.5 714
10.5167 716
10.5333 719
10.55 721
10.5667 723
10.5833 725
10.6 728
10.6167 730
10.6333 732
10.65 734
10.6667 736
10.6833 738
10.7 741
10.7167 743
10.7333 745
10.75 747
10.7667 749
10.7833 751
10.8 753
10.8167 755
10.8333 757
10.85 759
10.8667 761
10.8833 763
10.9 765
10.9167 767
10.9333 769
10.95 771
10.9667 773
10.9833 775
11.0 776
11.0167 778
11.0333 780
11.05 782
11.0667 784
11.0833 786
11.1 787
11.1167 789
11.1333 791
11.15 793
11.1667 794
11.1833 796
11.2 798
11.2167 799
11.2333 801
11.25 803
11.2667 804
11.2833 806
11.3 807
11.3167 809
11.3333 810
11.35 812
11.3667 813
11.3833 815
11.4 816
11.4167 818
11.4333 819
11.45 821
11.4667 822
11.4833 824
11.5 825
11.5167 826
11.5333 828
11.55 829
11.5667 830
11.5833 832
11.6 833
11.6167 834
11.6333 835
11.65 837
11.6667 838
11.6833 839
11.7 840
11.7167 841
11.7333 842
11.75 844
11.7667 845
11.7833 846
11.8 847
11.8167 848
11.8333 849
11.85 850
11.8667 851
11.8833 852
11.9 853
11.9167 854
11.9333 855
11.95 856
11.9667 857
11.9833 858
12.0 858
12.0167 859
12.0333 860
12.05 861
12.0667 862
12.0833 862
12.1 863
12.1167 864
12.1333 865
12.15 865
12.1667 866
12.1833 867
12.2 867
12.2167 868
12.2333 869
12.25 869
12.2667 870
12.2833 870
12.3 871
12.3167 871
12.3333 872
12.35 872
12.3667 873
12.3833 873
12.4 874
12.4167 874
12.4333 875
12.45 875
12.4667 875
12.4833 876
12.5 876
12.5167 876
12.5333 877
12.55 877
12.5667 877
12.5833 877
12.6 878
12.6167 878
12.6333 878
12.65 878
12.6667 878
12.6833 878
12.7 878
12.7167 879
12.7333 879
12.75 879
12.7667 879
12.7833 879
12.8 879
12.8167 879
12.8333 879
12.85 879
12.8667 879
12.8833 878
12.9 878
12.9167 878
12.9333 878
12.95 878
12.9667 878
12.9833 878
13.0 877
13.0167 877
13.0333 877
13.05 877
13.0667 876
13.0833 876
13.1 876
13.1167 875
13.1333 875
13.15 875
13.1667 874
13.1833 874
13.2 873
13.2167 873
13.2333 872
13.25 872
13.2667 871
13.2833 871
13.3 870
13.3167 870
13.3333 869
13.35 869
13.3667 868
13.3833 867
13.4 867
13.4167 866
13.4333 865
13.45 865
13.4667 864
13.4833 863
13.5 862
13.5167 862
13.5333 861
13.55 860
13.5667 859
13.5833 858
13.6 857
13.6167 857
13.6333 856
13.65 855
13.6667 854
13.6833 853
13.7 852
13.7167 851
13.7333 850
13.75 849
13.7667 848
13.7833 847
13.8 846
13.8167 845
13.8333 843
13.85 842
13.8667 841
13.8833 840
13.9 839
13.9167 838
13.9333 836
13.95 835
13.9667 834
13.9833 833
14.0 831
14.0167 830
14.0333 829
14.05 827
14.0667 826
14.0833 825
14.1 823
14.1167 822
14.1333 821
14.15 819
14.1667 818
14.1833 816
14.2 815
14.2167 813
14.2333 812
14.25 810
14.2667 809
14.2833 807
14.3 806
14.3167 804
14.3333 802
14.35 801
14.3667 799
14.3833 797
14.4 796
14.4167 794
14.4333 792
14.45 791
14.4667 789
14.4833 787
14.5 785
14.5167 784
14.5333 782
14.55 780
14.5667 778
14.5833 776
14.6 774
14.6167 772
14.6333 771
14.65 769
14.6667 767
14.6833 765
14.7 763
14.7167 761
14.7333 759
14.75 757
14.7667 755
14.7833 753
14.8 751
14.8167 749
14.8333 747
14.85 745
14.8667 742
14.8833 740
14.9 738
14.9167 736
14.9333 734
14.95 732
14.9667 730
14.9833 727
15.0 725
15.0167 723
15.0333 721
15.05 718
15.0667 716
15.0833 714
15.1 711
15.1167 709
15.1333 707
15.15 704
15.1667 702
15.1833 700
15.2 697
15.2167 695
15.2333 692
15.25 690
15.2667 688
15.2833 685
15.3 683
15.3167 680
15.3333 678
15.35 675
15.3667 673
15.3833 670
15.4 668
15.4167 665
15.4333 662
15.45 660
15.4667 657
15.4833 655
15.5 652
15.5167 649
15.5333 647
15.55 644
15.5667 642
15.5833 639
15.6 636
15.6167 633
15.6333 631
15.65 628
15.6667 625
15.6833 623
15.7 620
15.7167 617
15.7333 614
15.75 611
15.7667 609
15.7833 606
15.8 603
15.8167 600
15.8333 597
15.85 595
15.8667 592
15.8833 589
15.9 586
15.9167 583
15.9333 580
15.95 577
15.9667 574
15.9833 571
