9.0 471
9.0167 474
9.0333 477
9.05 480
9.0667 483
9.0833 486
9.1 489
9.1167 492
9.1333 495
9.15 499
9.1667 502
9.1833 505
9.2 508
9.2167 510
9.2333 513
9.25 516
9.2667 519
9.2833 522
9.3 525
9.3167 528
9.3333 531
9.35 534
9.3667 537
9.3833 540
9.4 543
9.4167 546
9.4333 549
9.45 551
9.4667 554
9.4833 557
9.5 560
9.5167 563
9.5333 566
9.55 568
9.5667 571
9.5833 574
9.6 577
9.6167 580
9.6333 582
9.65 585
9.6667 588
9.6833 591
9.7 593
9.7167 596
9.7333 599
9.75 601
9.7667 604
9.7833 607
9.8 609
9.8167 612
9.8333 615
9.85 617
9.8667 620
9.8833 623
9.9 625
9.9167 628
9.9333 630
9.95 633
9.9667 635
9.9833 638
10.0 640
10.0167 643
10.0333 645
10.05 648
10.0667 650
10.0833 653
10.1 655
10.1167 658
10.1333 660
10.15 663
10.1667 665
10.1833 667
10.2 670
10.2167 672
10.2333 674
10.25 677
10.2667 679
10.2833 681
10.3 684
10.3167 686
10.3333 688
10.35 691
10.3667 693
10.3833 695
10.4 697
10.4167 699
10.4333 702
10.45 704
10.4667 706
10.4833 708
10.5 710
10.5167 712
10.5333 714
10.55 717
10.5667 719
10.5833 721
10.6 723
10.6167 725
10.6333 727
10.65 729
10.6667 731
10.6833 733
10.7 735
10.7167 737
10.7333 739
10.75 740
10.7667 742
10.7833 744
10.8 746
10.8167 748
10.8333 750
10.85 752
10.8667 753
10.8833 755
10.9 757
10.9167 759
10.9333 761
10.95 762
10.9667 764
10.9833 766
11.0 767
11.0167 769
11.0333 771
11.05 772
11.0667 774
11.0833 776
11.1 777
11.1167 779
11.1333 780
11.15 782
11.1667 783
11.1833 785
11.2 786
11.2167 788
11.2333 789
11.25 791
11.2667 792
11.2833 794
11.3 795
11.3167 796
11.3333 798
11.35 799
11.3667 800
11.3833 802
11.4 803
11.4167 804
11.4333 806
11.45 807
11.4667 808
11.4833 809
11.5 811
11.5167 812
11.5333 813
11.55 814
11.5667 815
11.5833 816
11.6 817
11.6167 818
11.6333 819
11.65 821
11.6667 822
11.6833 823
11.7 824
11.7167 825
11.7333 826
11.75 826
11.7667 827
11.7833 828
11.8 829
11.8167 830
11.8333 831
11.85 832
11.8667 833
11.8833 833
11.9 834
11.9167 835
11.9333 836
11.95 836
11.9667 837
11.9833 838
12.0 839
12.0167 839
12.0333 840
12.05 840
12.0667 841
12.0833 842
12.1 842
12.1167 843
12.1333 843
12.15 844
12.1667 844
12.1833 845
12.2 845
12.2167 846
12.2333 846
12.25 847
12.2667 847
12.2833 847
12.3 848
12.3167 848
12.3333 849
12.35 849
12.3667 849
12.3833 849
12.4 850
12.4167 850
12.4333 850
12.45 850
12.4667 851
12.4833 851
12.5 851
12.5167 851
12.5333 851
12.55 851
12.5667 851
12.5833 851
12.6 851
12.6167 851
12.6333 851
12.65 851
12.6667 851
12.6833 851
12.7 851
12.7167 851
12.7333 851
12.75 851
12.7667 851
12.7833 851
12.8 850
12.8167 850
12.8333 850
12.85 850
12.8667 850
12.8833 849
12.9 849
12.9167 849
12.9333 848
12.95 848
12.9667 848
12.9833 847
13.0 847
13.0167 847
13.0333 846
13.05 846
13.0667 845
13.0833 845
13.1 844
13.1167 844
13.1333 843
13.15 843
13.1667 842
13.1833 842
13.2 841
13.2167 840
13.2333 840
13.25 839
13.2667 838
13.2833 838
13.3 837
13.3167 836
13.3333 836
13.35 835
13.3667 834
13.3833 833
13.4 833
13.4167 832
13.4333 831
13.45 830
13.4667 829
13.4833 828
13.5 827
13.5167 826
13.5333 825
13.55 824
13.5667 823
13.5833 822
13.6 821
13.6167 820
13.6333 819
13.65 818
13.6667 817
13.6833 816
13.7 815
13.7167 814
13.7333 813
13.75 812
13.7667 810
13.7833 809
13.8 808
13.8167 807
13.8333 805
13.85 804
13.8667 803
13.8833 802
13.9 800
13.9167 799
13.9333 798
13.95 796
13.9667 795
13.9833 793
14.0 792
14.0167 791
14.0333 789
14.05 788
14.0667 786
14.0833 785
14.1 783
14.1167 782
14.1333 780
14.15 779
14.1667 777
14.1833 775
14.2 774
14.2167 772
14.2333 771
14.25 769
14.2667 767
14.2833 766
14.3 764
14.3167 762
14.3333 760
14.35 759
14.3667 757
14.3833 755
14.4 753
14.4167 751
14.4333 750
14.45 748
14.4667 746
14.4833 744
14.5 742
14.5167 740
14.5333 738
14.55 736
14.5667 734
14.5833 733
14.6 731
14.6167 729
14.6333 727
14.65 725
14.6667 722
14.6833 720
14.7 718
14.7167 716
14.7333 714
14.75 712
14.7667 710
14.7833 708
14.8 706
14.8167 704
14.8333 701
14.85 699
14.8667 697
14.8833 695
14.9 693
14.9167 690
14.9333 688
14.95 686
14.9667 683
14.9833 681
15.0 679
15.0167 677
15.0333 674
15.05 672
15.0667 670
15.0833 667
15.1 665
15.1167 662
15.1333 660
15.15 658
15.1667 655
15.1833 653
15.2 650
15.2167 648
15.2333 645
15.25 643
15.2667 640
15.2833 638
15.3 635
15.3167 633
15.3333 630
15.35 628
15.3667 625
15.3833 622
15.4 620
15.4167 617
15.4333 615
15.45 612
15.4667 609
15.4833 607
15.5 604
15.5167 601
15.5333 599
15.55 596
15.5667 593
15.5833 590
15.6 588
15.6167 585
15.6333 582
15.65 579
15.6667 577
15.6833 574
15.7 571
15.7167 568
15.7333 566
15.75 563
15.7667 560
15.7833 557
15.8 554
15.8167 551
15.8333 548
15.85 546
15.8667 543
15.8833 540
15.9 537
15.9167 534
15.9333 531
15.95 528
15.9667 525
15.9833 522
