9.0 448
9.0167 452
9.0333 456
9.05 459
9.0667 462
9.0833 466
9.1 469
9.1167 472
9.1333 476
9.15 479
9.1667 482
9.1833 485
9.2 489
9.2167 492
9.2333 495
9.25 498
9.2667 502
9.2833 505
9.3 508
9.3167 511
9.3333 514
9.35 517
9.3667 521
9.3833 524
9.4 527
9.4167 530
9.4333 533
9.45 536
9.4667 539
9.4833 543
9.5 546
9.5167 549
9.5333 552
9.55 555
9.5667 558
9.5833 561
9.6 564
9.6167 567
9.6333 570
9.65 573
9.6667 576
9.6833 579
9.7 582
9.7167 585
9.7333 588
9.75 591
9.7667 594
9.7833 597
9.8 600
9.8167 603
9.8333 605
9.85 608
9.8667 611
9.8833 614
9.9 617
9.9167 620
9.9333 622
9.95 625
9.9667 628
9.9833 631
10.0 634
10.0167 636
10.0333 639
10.05 642
10.0667 644
10.0833 647
10.1 650
10.1167 653
10.1333 655
10.15 658
10.1667 660
10.1833 663
10.2 666
10.2167 668
10.2333 671
10.25 673
10.2667 676
10.2833 678
10.3 681
10.3167 683
10.3333 686
10.35 688
10.3667 691
10.3833 693
10.4 696
10.4167 698
10.4333 701
10.45 703
10.4667 705
10.4833 708
10.5 710
10.5167 712
10.5333 715
10.55 717
10.5667 719
10.5833 722
10.6 724
10.6167 726
10.6333 728
10.65 730
10.6667 733
10.6833 735
10.7 737
10.7167 739
10.7333 741
10.75 743
10.7667 745
10.7833 747
10.8 750
10.8167 752
10.8333 754
10.85 756
10.8667 758
10.8833 760
10.9 762
10.9167 764
10.9333 765
10.95 767
10.9667 769
10.9833 771
11.0 773
11.0167 775
11.0333 777
11.05 778
11.0667 780
11.0833 782
11.1 784
11.1167 786
11.1333 787
11.15 789
11.1667 791
11.1833 792
11.2 794
11.2167 796
11.2333 797
11.25 799
11.2667 800
11.2833 802
11.3 804
11.3167 805
11.3333 807
11.35 808
11.3667 810
11.3833 811
11.4 813
11.4167 814
11.4333 815
11.45 817
11.4667 818
11.4833 819
11.5 821
11.5167 822
11.5333 823
11.55 825
11.5667 826
11.5833 827
11.6 828
11.6167 830
11.6333 831
11.65 832
11.6667 833
11.6833 834
11.7 835
11.7167 837
11.7333 838
11.75 839
11.7667 840
11.7833 841
11.8 842
11.8167 843
11.8333 844
11.85 845
11.8667 846
11.8833 847
11.9 847
11.9167 848
11.9333 849
11.95 850
11.9667 851
11.9833 852
12.0 852
12.0167 853
12.0333 854
12.05 855
12.0667 855
12.0833 856
12.1 857
12.1167 857
12.1333 858
12.15 859
12.1667 859
12.1833 860
12.2 860
12.2167 861
12.2333 861
12.25 862
12.2667 862
12.2833 863
12.3 863
12.3167 864
12.3333 864
12.35 864
12.3667 865
12.3833 865
12.4 865
12.4167 866
12.4333 866
12.45 866
12.4667 867
12.4833 867
12.5 867
12.5167 867
12.5333 867
12.55 867
12.5667 868
12.5833 868
12.6 868
12.6167 868
12.6333 868
12.65 868
12.6667 868
12.6833 868
12.7 868
12.7167 868
12.7333 868
12.75 868
12.7667 868
12.7833 867
12.8 867
12.8167 867
12.8333 867
12.85 867
12.8667 867
12.8833 866
12.9 866
12.9167 866
12.9333 865
12.95 865
12.9667 865
12.9833 864
13.0 864
13.0167 864
13.0333 863
13.05 863
13.0667 862
13.0833 862
13.1 861
13.1167 861
13.1333 860
13.15 860
13.1667 859
13.1833 859
13.2 858
13.2167 857
13.2333 857
13.25 856
13.2667 855
13.2833 855
13.3 854
13.3167 853
13.3333 853
13.35 852
13.3667 851
13.3833 850
13.4 849
13.4167 849
13.4333 848
13.45 847
13.4667 846
13.4833 845
13.5 844
13.5167 843
13.5333 842
13.55 841
13.5667 840
13.5833 839
13.6 838
13.6167 837
13.6333 836
13.65 835
13.6667 833
13.6833 832
13.7 831
13.7167 830
13.7333 829
13.75 828
13.7667 826
13.7833 825
13.8 824
13.8167 822
13.8333 821
13.85 820
13.8667 818
13.8833 817
13.9 816
13.9167 814
13.9333 813
13.95 811
13.9667 810
13.9833 809
14.0 807
14.0167 805
14.0333 804
14.05 802
14.0667 801
14.0833 799
14.1 798
14.1167 796
14.1333 794
14.15 793
14.1667 791
14.1833 789
14.2 788
14.2167 786
14.2333 784
14.25 782
14.2667 781
14.2833 779
14.3 777
14.3167 775
14.3333 773
14.35 772
14.3667 770
14.3833 768
14.4 766
14.4167 764
14.4333 762
14.45 760
14.4667 758
14.4833 756
14.5 754
14.5167 752
14.5333 750
14.55 748
14.5667 746
14.5833 744
14.6 742
14.6167 740
14.6333 737
14.65 735
14.6667 733
14.6833 731
14.7 729
14.7167 727
14.7333 724
14.75 722
14.7667 720
14.7833 718
14.8 715
14.8167 713
14.8333 711
14.85 708
14.8667 706
14.8833 704
14.9 701
14.9167 699
14.9333 696
14.95 694
14.9667 691
14.9833 689
15.0 687
15.0167 684
15.0333 682
15.05 679
15.0667 677
15.0833 674
15.1 672
15.1167 669
15.1333 667
15.15 664
15.1667 661
15.1833 659
15.2 656
15.2167 653
15.2333 651
15.25 648
15.2667 645
15.2833 643
15.3 640
15.3167 637
15.3333 635
15.35 632
15.3667 629
15.3833 626
15.4 623
15.4167 621
15.4333 618
15.45 615
15.4667 612
15.4833 609
15.5 606
15.5167 604
15.5333 601
15.55 598
15.5667 595
15.5833 592
15.6 589
15.6167 586
15.6333 583
15.65 580
15.6667 577
15.6833 574
15.7 571
15.7167 568
15.7333 565
15.75 562
15.7667 559
15.7833 556
15.8 553
15.8167 550
15.8333 547
15.85 544
15.8667 541
15.8833 537
15.9 534
15.9167 531
15.9333 528
15.95 525
15.9667 522
15.9833 519
