9.0 388
9.0167 391
9.0333 394
9.05 397
9.0667 400
9.0833 403
9.1 406
9.1167 409
9.1333 412
9.15 415
9.1667 418
9.1833 421
9.2 424
9.2167 427
9.2333 430
9.25 433
9.2667 436
9.2833 439
9.3 442
9.3167 445
9.3333 448
9.35 451
9.3667 454
9.3833 457
9.4 460
9.4167 463
9.4333 466
9.45 469
9.4667 472
9.4833 475
9.5 478
9.5167 481
9.5333 484
9.55 486
9.5667 489
9.5833 492
9.6 495
9.6167 498
9.6333 501
9.65 504
9.6667 507
9.6833 509
9.7 512
9.7167 515
9.7333 518
9.75 521
9.7667 523
9.7833 526
9.8 529
9.8167 532
9.8333 534
9.85 537
9.8667 540
9.8833 542
9.9 545
9.9167 548
9.9333 551
9.95 553
9.9667 556
9.9833 558
10.0 561
10.0167 564
10.0333 566
10.05 569
10.0667 572
10.0833 574
10.1 577
10.1167 579
10.1333 582
10.15 584
10.1667 587
10.1833 589
10.2 592
10.2167 594
10.2333 597
10.25 599
10.2667 602
10.2833 604
10.3 606
10.3167 609
10.3333 611
10.35 614
10.3667 616
10.3833 618
10.4 621
10.4167 623
10.4333 625
10.45 628
10.4667 630
10.4833 632
10.5 635
10.5167 637
10.5333 639
10.55 641
10.5667 643
10.5833 646
10.6 648
10.6167 650
10.6333 652
10.65 654
10.6667 656
10.6833 658
10.7 661
10.7167 663
10.7333 665
10.75 667
10.7667 669
10.7833 671
10.8 673
10.8167 675
10.8333 677
10.85 679
10.8667 681
10.8833 683
10.9 685
10.9167 686
10.9333 688
10.95 690
10.9667 692
10.9833 694
11.0 696
11.0167 698
11.0333 699
11.05 701
11.0667 703
11.0833 705
11.1 706
11.1167 708
11.1333 710
11.15 711
11.1667 713
11.1833 715
11.2 716
11.2167 718
11.2333 720
11.25 721
11.2667 723
11.2833 724
11.3 726
11.3167 727
11.3333 729
11.35 730
11.3667 732
11.3833 733
11.4 735
11.4167 736
11.4333 738
11.45 739
11.4667 740
11.4833 742
11.5 743
11.5167 744
11.5333 746
11.55 747
11.5667 748
11.5833 750
11.6 751
11.6167 752
11.6333 753
11.65 754
11.6667 756
11.6833 757
11.7 758
11.7167 759
11.7333 760
11.75 761
11.7667 762
11.7833 763
11.8 764
11.8167 765
11.8333 766
11.85 767
11.8667 768
11.8833 769
11.9 770
11.9167 771
11.9333 772
11.95 773
11.9667 774
11.9833 774
12.0 775
12.0167 776
12.0333 777
12.05 778
12.0667 778
12.0833 779
12.1 780
12.1167 780
12.1333 781
12.15 782
12.1667 782
12.1833 783
12.2 784
12.2167 784
12.2333 785
12.25 785
12.2667 786
12.2833 786
12.3 787
12.3167 787
12.3333 788
12.35 788
12.3667 789
12.3833 789
12.4 789
12.4167 790
12.4333 790
12.45 790
12.4667 791
12.4833 791
12.5 791
12.5167 792
12.5333 792
12.55 792
12.5667 792
12.5833 792
12.6 793
12.6167 793
12.6333 793
12.65 793
12.6667 793
12.6833 793
12.7 793
12.7167 793
12.7333 793
12.75 793
12.7667 793
12.7833 793
12.8 793
12.8167 793
12.8333 793
12.85 793
12.8667 793
12.8833 793
12.9 792
12.9167 792
12.9333 792
12.95 792
12.9667 791
12.9833 791
13.0 791
13.0167 791
13.0333 790
13.05 790
13.0667 790
13.0833 789
13.1 789
13.1167 789
13.1333 788
13.15 788
13.1667 787
13.1833 787
13.2 786
13.2167 786
13.2333 785
13.25 785
13.2667 784
13.2833 783
13.3 783
13.3167 782
13.3333 782
13.35 781
13.3667 780
13.3833 780
13.4 779
13.4167 778
13.4333 777
13.45 777
13.4667 776
13.4833 775
13.5 774
13.5167 773
13.5333 773
13.55 772
13.5667 771
13.5833 770
13.6 769
13.6167 768
13.6333 767
13.65 766
13.6667 765
13.6833 764
13.7 763
13.7167 762
13.7333 761
13.75 760
13.7667 759
13.7833 758
13.8 756
13.8167 755
13.8333 754
13.85 753
13.8667 752
13.8833 750
13.9 749
13.9167 748
13.9333 747
13.95 745
13.9667 744
13.9833 743
14.0 741
14.0167 740
14.0333 739
14.05 737
14.0667 736
14.0833 734
14.1 733
14.1167 732
14.1333 730
14.15 729
14.1667 727
14.1833 726
14.2 724
14.2167 722
14.2333 721
14.25 719
14.2667 718
14.2833 716
14.3 714
14.3167 713
14.3333 711
14.35 709
14.3667 708
14.3833 706
14.4 704
14.4167 703
14.4333 701
14.45 699
14.4667 697
14.4833 695
14.5 694
14.5167 692
14.5333 690
14.55 688
14.5667 686
14.5833 684
14.6 682
14.6167 680
14.6333 678
14.65 676
14.6667 674
14.6833 672
14.7 670
14.7167 668
14.7333 666
14.75 664
14.7667 662
14.7833 660
14.8 658
14.8167 656
14.8333 654
14.85 652
14.8667 649
14.8833 647
14.9 645
14.9167 643
14.9333 641
14.95 638
14.9667 636
14.9833 634
15.0 631
15.0167 629
15.0333 627
15.05 624
15.0667 622
15.0833 620
15.1 617
15.1167 615
15.1333 613
15.15 610
15.1667 608
15.1833 605
15.2 603
15.2167 601
15.2333 598
15.25 596
15.2667 593
15.2833 591
15.3 588
15.3167 586
15.3333 583
15.35 581
15.3667 578
15.3833 576
15.4 573
15.4167 570
15.4333 568
15.45 565
15.4667 563
15.4833 560
15.5 557
15.5167 555
15.5333 552
15.55 549
15.5667 547
15.5833 544
15.6 541
15.6167 539
15.6333 536
15.65 533
15.6667 530
15.6833 528
15.7 525
15.7167 522
15.7333 519
15.75 517
15.7667 514
15.7833 511
15.8 508
15.8167 505
15.8333 502
15.85 500
15.8667 497
15.8833 494
15.9 491
15.9167 488
15.9333 485
15.95 482
15.9667 479
15.9833 477
