9.0 186
9.0167 189
9.0333 192
9.05 195
9.0667 198
9.0833 200
9.1 203
9.1167 206
9.1333 209
9.15 212
9.1667 215
9.1833 217
9.2 220
9.2167 223
9.2333 226
9.25 229
9.2667 231
9.2833 234
9.3 237
9.3167 240
9.3333 243
9.35 246
9.3667 248
9.3833 251
9.4 254
9.4167 257
9.4333 260
9.45 263
9.4667 265
9.4833 268
9.5 271
9.5167 274
9.5333 277
9.55 279
9.5667 282
9.5833 285
9.6 288
9.6167 291
9.6333 293
9.65 296
9.6667 299
9.6833 302
9.7 304
9.7167 307
9.7333 310
9.75 313
9.7667 315
9.7833 318
9.8 321
9.8167 323
9.8333 326
9.85 329
9.8667 332
9.8833 334
9.9 337
9.9167 340
9.9333 342
9.95 345
9.9667 348
9.9833 350
10.0 353
10.0167 355
10.0333 358
10.05 361
10.0667 363
10.0833 366
10.1 368
10.1167 371
10.1333 373
10.15 376
10.1667 379
10.1833 381
10.2 384
10.2167 386
10.2333 389
10.25 391
10.2667 394
10.2833 396
10.3 398
10.3167 401
10.3333 403
10.35 406
10.3667 408
10.3833 411
10.4 413
10.4167 415
10.4333 418
10.45 420
10.4667 422
10.4833 425
10.5 427
10.5167 429
10.5333 432
10.55 434
10.5667 436
10.5833 438
10.6 441
10.6167 443
10.6333 445
10.65 447
10.6667 449
10.6833 452
10.7 454
10.7167 456
10.7333 458
10.75 460
10.7667 462
10.7833 464
10.8 466
10.8167 468
10.8333 470
10.85 472
10.8667 474
10.8833 476
10.9 478
10.9167 480
10.9333 482
10.95 484
10.9667 486
10.9833 488
11.0 490
11.0167 492
11.0333 494
11.05 496
11.0667 498
11.0833 499
11.1 501
11.1167 503
11.1333 505
11.15 507
11.1667 508
11.1833 510
11.2 512
11.2167 513
11.2333 515
11.25 517
11.2667 518
11.2833 520
11.3 522
11.3167 523
11.3333 525
11.35 526
11.3667 528
11.3833 530
11.4 531
11.4167 533
11.4333 534
11.45 536
11.4667 537
11.4833 538
11.5 540
11.5167 541
11.5333 543
11.55 544
11.5667 545
11.5833 547
11.6 548
11.6167 549
11.6333 551
11.65 552
11.6667 553
11.6833 554
11.7 556
11.7167 557
11.7333 558
11.75 559
11.7667 560
11.7833 562
11.8 563
11.8167 564
11.8333 565
11.85 566
11.8667 567
11.8833 568
11.9 569
11.9167 570
11.9333 571
11.95 572
11.9667 573
11.9833 574
12.0 575
12.0167 576
12.0333 577
12.05 577
12.0667 578
12.0833 579
12.1 580
12.1167 581
12.1333 581
12.15 582
12.1667 583
12.1833 584
12.2 584
12.2167 585
12.2333 586
12.25 586
12.2667 587
12.2833 587
12.3 588
12.3167 589
12.3333 589
12.35 590
12.3667 590
12.3833 591
12.4 591
12.4167 592
12.4333 592
12.45 593
12.4667 593
12.4833 593
12.5 594
12.5167 594
12.5333 594
12.55 595
12.5667 595
12.5833 595
12.6 595
12.6167 596
12.6333 596
12.65 596
12.6667 596
12.6833 596
12.7 597
12.7167 597
12.7333 597
12.75 597
12.7667 597
12.7833 597
12.8 597
12.8167 597
12.8333 597
12.85 597
12.8667 597
12.8833 597
12.9 597
12.9167 597
12.9333 597
12.95 597
12.9667 596
12.9833 596
13.0 596
13.0167 596
13.0333 596
13.05 595
13.0667 595
13.0833 595
13.1 595
13.1167 594
13.1333 594
13.15 594
13.1667 593
13.1833 593
13.2 592
13.2167 592
13.2333 591
13.25 591
13.2667 591
13.2833 590
13.3 590
13.3167 589
13.3333 588
13.35 588
13.3667 587
13.3833 587
13.4 586
13.4167 585
13.4333 585
13.45 584
13.4667 583
13.4833 583
13.5 582
13.5167 581
13.5333 580
13.55 580
13.5667 579
13.5833 578
13.6 577
13.6167 576
13.6333 575
13.65 574
13.6667 574
13.6833 573
13.7 572
13.7167 571
13.7333 570
13.75 569
13.7667 568
13.7833 567
13.8 566
13.8167 564
13.8333 563
13.85 562
13.8667 561
13.8833 560
13.9 559
13.9167 558
13.9333 556
13.95 555
13.9667 554
13.9833 553
14.0 552
14.0167 550
14.0333 549
14.05 548
14.0667 546
14.0833 545
14.1 544
14.1167 542
14.1333 541
14.15 539
14.1667 538
14.1833 536
14.2 535
14.2167 534
14.2333 532
14.25 531
14.2667 529
14.2833 527
14.3 526
14.3167 524
14.3333 523
14.35 521
14.3667 519
14.3833 518
14.4 516
14.4167 514
14.4333 513
14.45 511
14.4667 509
14.4833 508
14.5 506
14.5167 504
14.5333 502
14.55 500
14.5667 499
14.5833 497
14.6 495
14.6167 493
14.6333 491
14.65 489
14.6667 487
14.6833 486
14.7 484
14.7167 482
14.7333 480
14.75 478
14.7667 476
14.7833 474
14.8 472
14.8167 470
14.8333 468
14.85 466
14.8667 463
14.8833 461
14.9 459
14.9167 457
14.9333 455
14.95 453
14.9667 451
14.9833 449
15.0 447
15.0167 445
15.0333 443
15.05 440
15.0667 438
15.0833 436
15.1 434
15.1167 431
15.1333 429
15.15 427
15.1667 425
15.1833 422
15.2 420
15.2167 418
15.2333 415
15.25 413
15.2667 410
15.2833 408
15.3 406
15.3167 403
15.3333 401
15.35 398
15.3667 396
15.3833 393
15.4 391
15.4167 388
15.4333 386
15.45 383
15.4667 381
15.4833 378
15.5 376
15.5167 373
15.5333 371
15.55 368
15.5667 366
15.5833 363
15.6 360
15.6167 358
15.6333 355
15.65 353
15.6667 350
15.6833 347
15.7 345
15.7167 342
15.7333 339
15.75 337
15.7667 334
15.7833 331
15.8 329
15.8167 326
15.8333 323
15.85 320
15.8667 318
15.8833 315
15.9 312
15.9167 310
15.9333 307
15.95 304
15.9667 301
15.9833 299
