9.0 253
9.0167 257
9.0333 260
9.05 264
9.0667 267
9.0833 270
9.1 273
9.1167 276
9.1333 279
9.15 283
9.1667 286
9.1833 289
9.2 292
9.2167 295
9.2333 298
9.25 302
9.2667 305
9.2833 308
9.3 311
9.3167 314
9.3333 317
9.35 321
9.3667 324
9.3833 327
9.4 330
9.4167 333
9.4333 336
9.45 340
9.4667 343
9.4833 346
9.5 349
9.5167 352
9.5333 355
9.55 358
9.5667 361
9.5833 364
9.6 368
9.6167 371
9.6333 374
9.65 377
9.6667 380
9.6833 383
9.7 386
9.7167 389
9.7333 392
9.75 395
9.7667 398
9.7833 401
9.8 404
9.8167 407
9.8333 410
9.85 413
9.8667 416
9.8833 419
9.9 422
9.9167 425
9.9333 428
9.95 431
9.9667 434
9.9833 437
10.0 439
10.0167 442
10.0333 445
10.05 448
10.0667 451
10.0833 454
10.1 457
10.1167 459
10.1333 462
10.15 465
10.1667 468
10.1833 471
10.2 473
10.2167 476
10.2333 479
10.25 482
10.2667 484
10.2833 487
10.3 490
10.3167 492
10.3333 495
10.35 498
10.3667 500
10.3833 503
10.4 506
10.4167 508
10.4333 511
10.45 513
10.4667 516
10.4833 519
10.5 521
10.5167 524
10.5333 526
10.55 529
10.5667 531
10.5833 534
10.6 536
10.6167 539
10.6333 541
10.65 544
10.6667 546
10.6833 548
10.7 551
10.7167 553
10.7333 555
10.75 558
10.7667 560
10.7833 562
10.8 565
10.8167 567
10.8333 569
10.85 571
10.8667 574
10.8833 576
10.9 578
10.9167 580
10.9333 583
10.95 585
10.9667 587
10.9833 589
11.0 591
11.0167 593
11.0333 595
11.05 597
11.0667 599
11.0833 601
11.1 603
11.1167 605
11.1333 607
11.15 609
11.1667 611
11.1833 613
11.2 615
11.2167 617
11.2333 619
11.25 621
11.2667 623
11.2833 624
11.3 626
11.3167 628
11.3333 630
11.35 632
11.3667 633
11.3833 635
11.4 637
11.4167 639
11.4333 640
11.45 642
11.4667 644
11.4833 645
11.5 647
11.5167 648
11.5333 650
11.55 652
11.5667 653
11.5833 655
11.6 656
11.6167 658
11.6333 659
11.65 661
11.6667 662
11.6833 663
11.7 665
11.7167 666
11.7333 667
11.75 669
11.7667 670
11.7833 671
11.8 673
11.8167 674
11.8333 675
11.85 677
11.8667 678
11.8833 679
11.9 680
11.9167 681
11.9333 682
11.95 684
11.9667 685
11.9833 686
12.0 687
12.0167 688
12.0333 689
12.05 690
12.0667 691
12.0833 692
12.1 693
12.1167 694
12.1333 695
12.15 696
12.1667 696
12.1833 697
12.2 698
12.2167 699
12.2333 700
12.25 700
12.2667 701
12.2833 702
12.3 703
12.3167 703
12.3333 704
12.35 705
12.3667 705
12.3833 706
12.4 707
12.4167 707
12.4333 708
12.45 708
12.4667 709
12.4833 709
12.5 710
12.5167 710
12.5333 711
12.55 711
12.5667 712
12.5833 712
12.6 712
12.6167 713
12.6333 713
12.65 713
12.6667 714
12.6833 714
12.7 714
12.7167 715
12.7333 715
12.75 715
12.7667 715
12.7833 715
12.8 715
12.8167 716
12.8333 716
12.85 716
12.8667 716
12.8833 716
12.9 716
12.9167 716
12.9333 716
12.95 716
12.9667 716
12.9833 716
13.0 716
13.0167 716
13.0333 715
13.05 715
13.0667 715
13.0833 715
13.1 715
13.1167 714
13.1333 714
13.15 714
13.1667 714
13.1833 713
13.2 713
13.2167 713
13.2333 712
13.25 712
13.2667 711
13.2833 711
13.3 711
13.3167 710
13.3333 710
13.35 709
13.3667 709
13.3833 708
13.4 708
13.4167 707
13.4333 706
13.45 706
13.4667 705
13.4833 704
13.5 704
13.5167 703
13.5333 702
13.55 702
13.5667 701
13.5833 700
13.6 699
13.6167 698
13.6333 698
13.65 697
13.6667 696
13.6833 695
13.7 694
13.7167 693
13.7333 692
13.75 691
13.7667 690
13.7833 689
13.8 688
13.8167 687
13.8333 686
13.85 685
13.8667 684
13.8833 683
13.9 682
13.9167 681
13.9333 679
13.95 678
13.9667 677
13.9833 676
14.0 675
14.0167 673
14.0333 672
14.05 671
14.0667 669
14.0833 668
14.1 667
14.1167 665
14.1333 664
14.15 663
14.1667 661
14.1833 660
14.2 658
14.2167 657
14.2333 655
14.25 654
14.2667 652
14.2833 651
14.3 649
14.3167 647
14.3333 646
14.35 644
14.3667 643
14.3833 641
14.4 639
14.4167 638
14.4333 636
14.45 634
14.4667 632
14.4833 631
14.5 629
14.5167 627
14.5333 625
14.55 623
14.5667 622
14.5833 620
14.6 618
14.6167 616
14.6333 614
14.65 612
14.6667 610
14.6833 608
14.7 606
14.7167 604
14.7333 602
14.75 600
14.7667 598
14.7833 596
14.8 594
14.8167 592
14.8333 590
14.85 588
14.8667 586
14.8833 583
14.9 581
14.9167 579
14.9333 577
14.95 575
14.9667 572
14.9833 570
15.0 569
15.0167 567
15.0333 564
15.05 562
15.0667 560
15.0833 557
15.1 555
15.1167 553
15.1333 550
15.15 548
15.1667 545
15.1833 543
15.2 541
15.2167 538
15.2333 536
15.25 533
15.2667 531
15.2833 528
15.3 526
15.3167 523
15.3333 521
15.35 518
15.3667 515
15.3833 513
15.4 510
15.4167 508
15.4333 505
15.45 502
15.4667 500
15.4833 497
15.5 494
15.5167 492
15.5333 489
15.55 486
15.5667 484
15.5833 481
15.6 478
15.6167 475
15.6333 473
15.65 470
15.6667 467
15.6833 464
15.7 461
15.7167 459
15.7333 456
15.75 453
15.7667 450
15.7833 447
15.8 444
15.8167 441
15.8333 439
15.85 436
15.8667 433
15.8833 430
15.9 427
15.9167 424
15.9333 421
15.95 418
15.9667 415
15.9833 412
