9.0 375
9.0167 379
9.0333 382
9.05 386
9.0667 389
9.0833 392
9.1 395
9.1167 399
9.1333 402
9.15 405
9.1667 408
9.1833 412
9.2 415
9.2167 418
9.2333 421
9.25 424
9.2667 428
9.2833 431
9.3 434
9.3167 437
9.3333 440
9.35 443
9.3667 447
9.3833 450
9.4 453
9.4167 456
9.4333 459
9.45 462
9.4667 465
9.4833 468
9.5 471
9.5167 475
9.5333 478
9.55 481
9.5667 484
9.5833 487
9.6 490
9.6167 493
9.6333 496
9.65 499
9.6667 502
9.6833 505
9.7 508
9.7167 511
9.7333 514
9.75 517
9.7667 520
9.7833 523
9.8 526
9.8167 528
9.8333 531
9.85 534
9.8667 537
9.8833 540
9.9 543
9.9167 546
9.9333 549
9.95 551
9.9667 554
9.9833 557
10.0 560
10.0167 563
10.0333 565
10.05 568
10.0667 571
10.0833 574
10.1 576
10.1167 579
10.1333 582
10.15 584
10.1667 587
10.1833 590
10.2 592
10.2167 595
10.2333 598
10.25 600
10.2667 603
10.2833 605
10.3 608
10.3167 610
10.3333 613
10.35 615
10.3667 618
10.3833 620
10.4 623
10.4167 625
10.4333 628
10.45 630
10.4667 633
10.4833 635
10.5 638
10.5167 640
10.5333 642
10.55 645
10.5667 647
10.5833 649
10.6 652
10.6167 654
10.6333 656
10.65 659
10.6667 661
10.6833 663
10.7 665
10.7167 667
10.7333 670
10.75 672
10.7667 674
10.7833 676
10.8 678
10.8167 680
10.8333 682
10.85 684
10.8667 687
10.8833 689
10.9 691
10.9167 693
10.9333 695
10.95 697
10.9667 699
10.9833 701
11.0 702
11.0167 704
11.0333 706
11.05 708
11.0667 710
11.0833 712
11.1 714
11.1167 716
11.1333 717
11.15 719
11.1667 721
11.1833 723
11.2 724
11.2167 726
11.2333 728
11.25 730
11.2667 731
11.2833 733
11.3 734
11.3167 736
11.3333 738
11.35 739
11.3667 741
11.3833 742
11.4 744
11.4167 745
11.4333 747
11.45 748
11.4667 750
11.4833 751
11.5 753
11.5167 754
11.5333 755
11.55 757
11.5667 758
11.5833 759
11.6 761
11.6167 762
11.6333 763
11.65 765
11.6667 766
11.6833 767
11.7 768
11.7167 769
11.7333 771
11.75 772
11.7667 773
11.7833 774
11.8 775
11.8167 776
11.8333 777
11.85 778
11.8667 779
11.8833 780
11.9 781
11.9167 782
11.9333 783
11.95 784
11.9667 785
11.9833 786
12.0 787
12.0167 788
12.0333 788
12.05 789
12.0667 790
12.0833 791
12.1 792
12.1167 792
12.1333 793
12.15 794
12.1667 794
12.1833 795
12.2 796
12.2167 796
12.2333 797
12.25 797
12.2667 798
12.2833 799
12.3 799
12.3167 800
12.3333 800
12.35 801
12.3667 801
12.3833 801
12.4 802
12.4167 802
12.4333 803
12.45 803
12.4667 803
12.4833 804
12.5 804
12.5167 804
12.5333 804
12.55 805
12.5667 805
12.5833 805
12.6 805
12.6167 805
12.6333 806
12.65 806
12.6667 806
12.6833 806
12.7 806
12.7167 806
12.7333 806
12.75 806
12.7667 806
12.7833 806
12.8 806
12.8167 806
12.8333 806
12.85 806
12.8667 805
12.8833 805
12.9 805
12.9167 805
12.9333 805
12.95 804
12.9667 804
12.9833 804
13.0 804
13.0167 803
13.0333 803
13.05 803
13.0667 802
13.0833 802
13.1 802
13.1167 801
13.1333 801
13.15 800
13.1667 800
13.1833 799
13.2 799
13.2167 798
13.2333 798
13.25 797
13.2667 796
13.2833 796
13.3 795
13.3167 795
13.3333 794
13.35 793
13.3667 792
13.3833 792
13.4 791
13.4167 790
13.4333 789
13.45 789
13.4667 788
13.4833 787
13.5 786
13.5167 785
13.5333 784
13.55 783
13.5667 782
13.5833 781
13.6 780
13.6167 779
13.6333 778
13.65 777
13.6667 776
13.6833 775
13.7 774
13.7167 773
13.7333 772
13.75 771
13.7667 770
13.7833 769
13.8 767
13.8167 766
13.8333 765
13.85 764
13.8667 762
13.8833 761
13.9 760
13.9167 758
13.9333 757
13.95 756
13.9667 754
13.9833 753
14.0 752
14.0167 750
14.0333 749
14.05 747
14.0667 746
14.0833 744
14.1 743
14.1167 741
14.1333 740
14.15 738
14.1667 736
14.1833 735
14.2 733
14.2167 732
14.2333 730
14.25 728
14.2667 726
14.2833 725
14.3 723
14.3167 721
14.3333 720
14.35 718
14.3667 716
14.3833 714
14.4 712
14.4167 710
14.4333 709
14.45 707
14.4667 705
14.4833 703
14.5 701
14.5167 699
14.5333 697
14.55 695
14.5667 693
14.5833 691
14.6 689
14.6167 687
14.6333 685
14.65 683
14.6667 681
14.6833 679
14.7 677
14.7167 674
14.7333 672
14.75 670
14.7667 668
14.7833 666
14.8 663
14.8167 661
14.8333 659
14.85 657
14.8667 654
14.8833 652
14.9 650
14.9167 647
14.9333 645
14.95 643
14.9667 640
14.9833 638
15.0 636
15.0167 634
15.0333 631
15.05 629
15.0667 626
15.0833 624
15.1 621
15.1167 619
15.1333 616
15.15 614
15.1667 611
15.1833 609
15.2 606
15.2167 604
15.2333 601
15.25 598
15.2667 596
15.2833 593
15.3 591
15.3167 588
15.3333 585
15.35 583
15.3667 580
15.3833 577
15.4 574
15.4167 572
15.4333 569
15.45 566
15.4667 563
15.4833 561
15.5 558
15.5167 555
15.5333 552
15.55 549
15.5667 547
15.5833 544
15.6 541
15.6167 538
15.6333 535
15.65 532
15.6667 529
15.6833 527
15.7 524
15.7167 521
15.7333 518
15.75 515
15.7667 512
15.7833 509
15.8 506
15.8167 503
15.8333 500
15.85 497
15.8667 494
15.8833 491
15.9 488
15.9167 485
15.9333 482
15.95 479
15.9667 476
15.9833 472
