9.0 539
9.0167 542
9.0333 546
9.05 549
9.0667 553
9.0833 556
9.1 560
9.1167 563
9.1333 567
9.15 570
9.1667 574
9.1833 577
9.2 581
9.2167 584
9.2333 588
9.25 591
9.2667 595
9.2833 598
9.3 602
9.3167 605
9.3333 608
9.35 612
9.3667 615
9.3833 619
9.4 622
9.4167 625
9.4333 629
9.45 632
9.4667 635
9.4833 639
9.5 642
9.5167 645
9.5333 649
9.55 652
9.5667 655
9.5833 658
9.6 662
9.6167 665
9.6333 668
9.65 671
9.6667 674
9.6833 678
9.7 681
9.7167 684
9.7333 687
9.75 690
9.7667 693
9.7833 696
9.8 699
9.8167 703
9.8333 706
9.85 709
9.8667 712
9.8833 715
9.9 718
9.9167 721
9.9333 724
9.95 727
9.9667 730
9.9833 732
10.0 735
10.0167 738
10.0333 741
10.05 744
10.0667 747
10.0833 750
10.1 753
10.1167 756
10.1333 758
10.15 761
10.1667 764
10.1833 767
10.2 769
10.2167 772
10.2333 775
10.25 778
10.2667 780
10.2833 783
10.3 786
10.3167 788
10.3333 791
10.35 794
10.3667 796
10.3833 799
10.4 801
10.4167 804
10.4333 806
10.45 809
10.4667 812
10.4833 814
10.5 816
10.5167 819
10.5333 821
10.55 824
10.5667 826
10.5833 829
10.6 831
10.6167 833
10.6333 836
10.65 838
10.6667 840
10.6833 843
10.7 845
10.7167 847
10.7333 850
10.75 852
10.7667 854
10.7833 856
10.8 858
10.8167 861
10.8333 863
10.85 865
10.8667 867
10.8833 869
10.9 871
10.9167 873
10.9333 875
10.95 877
10.9667 879
10.9833 881
11.0 883
11.0167 885
11.0333 887
11.05 889
11.0667 891
11.0833 893
11.1 895
11.1167 897
11.1333 899
11.15 901
11.1667 902
11.1833 904
11.2 906
11.2167 908
11.2333 910
11.25 911
11.2667 913
11.2833 915
11.3 916
11.3167 918
11.3333 920
11.35 921
11.3667 923
11.3833 924
11.4 926
11.4167 928
11.4333 929
11.45 931
11.4667 932
11.4833 934
11.5 935
11.5167 936
11.5333 938
11.55 939
11.5667 941
11.5833 942
11.6 943
11.6167 945
11.6333 946
11.65 947
11.6667 949
11.6833 950
11.7 951
11.7167 952
11.7333 953
11.75 955
11.7667 956
11.7833 957
11.8 958
11.8167 959
11.8333 960
11.85 961
11.8667 962
11.8833 963
11.9 964
11.9167 965
11.9333 966
11.95 967
11.9667 968
11.9833 969
12.0 970
12.0167 971
12.0333 972
12.05 973
12.0667 973
12.0833 974
12.1 975
12.1167 976
12.1333 976
12.15 977
12.1667 978
12.1833 979
12.2 979
12.2167 980
12.2333 980
12.25 981
12.2667 982
12.2833 982
12.3 983
12.3167 983
12.3333 984
12.35 984
12.3667 985
12.3833 985
12.4 986
12.4167 986
12.4333 986
12.45 987
12.4667 987
12.4833 987
12.5 988
12.5167 988
12.5333 988
12.55 989
12.5667 989
12.5833 989
12.6 989
12.6167 989
12.6333 990
12.65 990
12.6667 990
12.6833 990
12.7 990
12.7167 990
12.7333 990
12.75 990
12.7667 990
12.7833 990
12.8 990
12.8167 990
12.8333 990
12.85 990
12.8667 990
12.8833 990
12.9 989
12.9167 989
12.9333 989
12.95 989
12.9667 989
12.9833 988
13.0 988
13.0167 988
13.0333 987
13.05 987
13.0667 987
13.0833 986
13.1 986
13.1167 985
13.1333 985
13.15 985
13.1667 984
13.1833 984
13.2 983
13.2167 983
13.2333 982
13.25 981
13.2667 981
13.2833 980
13.3 980
13.3167 979
13.3333 978
13.35 978
13.3667 977
13.3833 976
13.4 975
13.4167 975
13.4333 974
13.45 973
13.4667 972
13.4833 971
13.5 971
13.5167 970
13.5333 969
13.55 968
13.5667 967
13.5833 966
13.6 965
13.6167 964
13.6333 963
13.65 962
13.6667 961
13.6833 960
13.7 959
13.7167 958
13.7333 956
13.75 955
13.7667 954
13.7833 953
13.8 952
13.8167 951
13.8333 949
13.85 948
13.8667 947
13.8833 945
13.9 944
13.9167 943
13.9333 941
13.95 940
13.9667 939
13.9833 937
14.0 936
14.0167 934
14.0333 933
14.05 931
14.0667 930
14.0833 928
14.1 927
14.1167 925
14.1333 924
14.15 922
14.1667 921
14.1833 919
14.2 917
14.2167 916
14.2333 914
14.25 912
14.2667 911
14.2833 909
14.3 907
14.3167 905
14.3333 904
14.35 902
14.3667 900
14.3833 898
14.4 896
14.4167 894
14.4333 892
14.45 891
14.4667 889
14.4833 887
14.5 885
14.5167 883
14.5333 881
14.55 879
14.5667 877
14.5833 875
14.6 873
14.6167 870
14.6333 868
14.65 866
14.6667 864
14.6833 862
14.7 860
14.7167 858
14.7333 855
14.75 853
14.7667 851
14.7833 849
14.8 846
14.8167 844
14.8333 842
14.85 840
14.8667 837
14.8833 835
14.9 832
14.9167 830
14.9333 828
14.95 825
14.9667 823
14.9833 820
15.0 818
15.0167 815
15.0333 813
15.05 810
15.0667 808
15.0833 805
15.1 802
15.1167 800
15.1333 797
15.15 795
15.1667 792
15.1833 789
15.2 787
15.2167 784
15.2333 781
15.25 779
15.2667 776
15.2833 773
15.3 771
15.3167 768
15.3333 765
15.35 762
15.3667 760
15.3833 757
15.4 754
15.4167 751
15.4333 748
15.45 745
15.4667 742
15.4833 740
15.5 737
15.5167 734
15.5333 731
15.55 728
15.5667 725
15.5833 722
15.6 719
15.6167 716
15.6333 713
15.65 710
15.6667 707
15.6833 704
15.7 701
15.7167 698
15.7333 695
15.75 691
15.7667 688
15.7833 685
15.8 682
15.8167 679
15.8333 676
15.85 673
15.8667 669
15.8833 666
15.9 663
15.9167 660
15.9333 657
15.95 653
15.9667 650
15.9833 647
