9.0 451
9.0167 454
9.0333 457
9.05 461
9.0667 464
9.0833 468
9.1 471
9.1167 475
9.1333 478
9.15 482
9.1667 485
9.1833 488
9.2 492
9.2167 495
9.2333 499
9.25 502
9.2667 505
9.2833 509
9.3 512
9.3167 515
9.3333 519
9.35 522
9.3667 525
9.3833 528
9.4 532
9.4167 535
9.4333 538
9.45 541
9.4667 545
9.4833 548
9.5 551
9.5167 554
9.5333 557
9.55 560
9.5667 564
9.5833 567
9.6 570
9.6167 573
9.6333 576
9.65 579
9.6667 582
9.6833 585
9.7 588
9.7167 591
9.7333 594
9.75 597
9.7667 600
9.7833 603
9.8 606
9.8167 609
9.8333 612
9.85 615
9.8667 618
9.8833 621
9.9 623
9.9167 626
9.9333 629
9.95 632
9.9667 635
9.9833 637
10.0 640
10.0167 643
10.0333 646
10.05 648
10.0667 651
10.0833 654
10.1 656
10.1167 659
10.1333 662
10.15 664
10.1667 667
10.1833 670
10.2 672
10.2167 675
10.2333 677
10.25 680
10.2667 682
10.2833 685
10.3 687
10.3167 690
10.3333 692
10.35 695
10.3667 697
10.3833 700
10.4 702
10.4167 704
10.4333 707
10.45 709
10.4667 711
10.4833 714
10.5 716
10.5167 718
10.5333 720
10.55 723
10.5667 725
10.5833 727
10.6 729
10.6167 731
10.6333 734
10.65 736
10.6667 738
10.6833 740
10.7 742
10.7167 744
10.7333 746
10.75 748
10.7667 750
10.7833 752
10.8 754
10.8167 756
10.8333 758
10.85 760
10.8667 762
10.8833 764
10.9 765
10.9167 767
10.9333 769
10.95 771
10.9667 773
10.9833 774
11.0 776
11.0167 778
11.0333 780
11.05 781
11.0667 783
11.0833 785
11.1 786
11.1167 788
11.1333 789
11.15 791
11.1667 793
11.1833 794
11.2 796
11.2167 797
11.2333 799
11.25 800
11.2667 802
11.2833 803
11.3 804
11.3167 806
11.3333 807
11.35 809
11.3667 810
11.3833 811
11.4 812
11.4167 814
11.4333 815
11.45 816
11.4667 817
11.4833 819
11.5 820
11.5167 821
11.5333 822
11.55 823
11.5667 824
11.5833 825
11.6 826
11.6167 827
11.6333 828
11.65 829
11.6667 830
11.6833 831
11.7 832
11.7167 833
11.7333 834
11.75 835
11.7667 836
11.7833 837
11.8 838
11.8167 838
11.8333 839
11.85 840
11.8667 841
11.8833 841
11.9 842
11.9167 843
11.9333 843
11.95 844
11.9667 845
11.9833 845
12.0 846
12.0167 846
12.0333 847
12.05 847
12.0667 848
12.0833 848
12.1 849
12.1167 849
12.1333 850
12.15 850
12.1667 850
12.1833 851
12.2 851
12.2167 851
12.2333 852
12.25 852
12.2667 852
12.2833 852
12.3 853
12.3167 853
12.3333 853
12.35 853
12.3667 853
12.3833 853
12.4 853
12.4167 854
12.4333 854
12.45 854
12.4667 854
12.4833 854
12.5 854
12.5167 854
12.5333 853
12.55 853
12.5667 853
12.5833 853
12.6 853
12.6167 853
12.6333 853
12.65 852
12.6667 852
12.6833 852
12.7 852
12.7167 851
12.7333 851
12.75 851
12.7667 850
12.7833 850
12.8 849
12.8167 849
12.8333 849
12.85 848
12.8667 848
12.8833 847
12.9 847
12.9167 846
12.9333 846
12.95 845
12.9667 844
12.9833 844
13.0 843
13.0167 842
13.0333 842
13.05 841
13.0667 840
13.0833 840
13.1 839
13.1167 838
13.1333 837
13.15 836
13.1667 835
13.1833 835
13.2 834
13.2167 833
13.2333 832
13.25 831
13.2667 830
13.2833 829
13.3 828
13.3167 827
13.3333 826
13.35 825
13.3667 824
13.3833 823
13.4 822
13.4167 820
13.4333 819
13.45 818
13.4667 817
13.4833 816
13.5 814
13.5167 813
13.5333 812
13.55 811
13.5667 809
13.5833 808
13.6 807
13.6167 805
13.6333 804
13.65 802
13.6667 801
13.6833 799
13.7 798
13.7167 796
13.7333 795
13.75 793
13.7667 792
13.7833 790
13.8 789
13.8167 787
13.8333 785
13.85 784
13.8667 782
13.8833 780
13.9 779
13.9167 777
13.9333 775
13.95 774
13.9667 772
13.9833 770
14.0 768
14.0167 766
14.0333 765
14.05 763
14.0667 761
14.0833 759
14.1 757
14.1167 755
14.1333 753
14.15 751
14.1667 749
14.1833 747
14.2 745
14.2167 743
14.2333 741
14.25 739
14.2667 737
14.2833 735
14.3 732
14.3167 730
14.3333 728
14.35 726
14.3667 724
14.3833 722
14.4 719
14.4167 717
14.4333 715
14.45 712
14.4667 710
14.4833 708
14.5 705
14.5167 703
14.5333 701
14.55 698
14.5667 696
14.5833 694
14.6 691
14.6167 689
14.6333 686
14.65 684
14.6667 681
14.6833 679
14.7 676
14.7167 674
14.7333 671
14.75 668
14.7667 666
14.7833 663
14.8 661
14.8167 658
14.8333 655
14.85 653
14.8667 650
14.8833 647
14.9 644
14.9167 642
14.9333 639
14.95 636
14.9667 633
14.9833 630
15.0 627
15.0167 624
15.0333 621
15.05 618
15.0667 615
15.0833 612
15.1 609
15.1167 606
15.1333 603
15.15 601
15.1667 598
15.1833 595
15.2 592
15.2167 589
15.2333 586
15.25 583
15.2667 579
15.2833 576
15.3 573
15.3167 570
15.3333 567
15.35 564
15.3667 561
15.3833 558
15.4 555
15.4167 551
15.4333 548
15.45 545
15.4667 542
15.4833 539
15.5 535
15.5167 532
15.5333 529
15.55 526
15.5667 522
15.5833 519
15.6 516
15.6167 513
15.6333 509
15.65 506
15.6667 503
15.6833 499
15.7 496
15.7167 492
15.7333 489
15.75 486
15.7667 482
15.7833 479
15.8 475
15.8167 472
15.8333 469
15.85 465
15.8667 462
15.8833 458
15.9 455
15.9167 451
15.9333 448
15.95 444
15.9667 441
15.9833 437
