9.0 232
9.0167 236
9.0333 239
9.05 243
9.0667 246
9.0833 249
9.1 252
9.1167 256
9.1333 259
9.15 262
9.1667 266
9.1833 269
9.2 272
9.2167 275
9.2333 279
9.25 282
9.2667 285
9.2833 288
9.3 292
9.3167 295
9.3333 298
9.35 301
9.3667 305
9.3833 308
9.4 311
9.4167 314
9.4333 317
9.45 321
9.4667 324
9.4833 327
9.5 330
9.5167 333
9.5333 337
9.55 340
9.5667 343
9.5833 346
9.6 349
9.6167 352
9.6333 355
9.65 359
9.6667 362
9.6833 365
9.7 368
9.7167 371
9.7333 374
9.75 377
9.7667 380
9.7833 383
9.8 386
9.8167 389
9.8333 392
9.85 395
9.8667 398
9.8833 401
9.9 404
9.9167 407
9.9333 410
9.95 413
9.9667 416
9.9833 419
10.0 422
10.0167 425
10.0333 428
10.05 430
10.0667 433
10.0833 436
10.1 439
10.1167 442
10.1333 445
10.15 448
10.1667 450
10.1833 453
10.2 456
10.2167 459
10.2333 461
10.25 464
10.2667 467
10.2833 470
10.3 472
10.3167 475
10.3333 478
10.35 480
10.3667 483
10.3833 485
10.4 488
10.4167 491
10.4333 493
10.45 496
10.4667 498
10.4833 501
10.5 504
10.5167 506
10.5333 509
10.55 511
10.5667 514
10.5833 516
10.6 518
10.6167 521
10.6333 523
10.65 526
10.6667 528
10.6833 530
10.7 533
10.7167 535
10.7333 537
10.75 540
10.7667 542
10.7833 544
10.8 547
10.8167 549
10.8333 551
10.85 553
10.8667 556
10.8833 558
10.9 560
10.9167 562
10.9333 564
10.95 566
10.9667 568
10.9833 570
11.0 573
11.0167 575
11.0333 577
11.05 579
11.0667 581
11.0833 583
11.1 585
11.1167 587
11.1333 589
11.15 590
11.1667 592
11.1833 594
11.2 596
11.2167 598
11.2333 600
11.25 602
11.2667 603
11.2833 605
11.3 607
11.3167 609
11.3333 611
11.35 612
11.3667 614
11.3833 616
11.4 617
11.4167 619
11.4333 621
11.45 622
11.4667 624
11.4833 625
11.5 627
11.5167 629
11.5333 630
11.55 632
11.5667 633
11.5833 635
11.6 636
11.6167 637
11.6333 639
11.65 640
11.6667 642
11.6833 643
11.7 644
11.7167 646
11.7333 647
11.75 648
11.7667 650
11.7833 651
11.8 652
11.8167 653
11.8333 654
11.85 656
11.8667 657
11.8833 658
11.9 659
11.9167 660
11.9333 661
11.95 662
11.9667 663
11.9833 664
12.0 665
12.0167 666
12.0333 667
12.05 668
12.0667 669
12.0833 670
12.1 671
12.1167 672
12.1333 673
12.15 674
12.1667 674
12.1833 675
12.2 676
12.2167 677
12.2333 678
12.25 678
12.2667 679
12.2833 680
12.3 680
12.3167 681
12.3333 682
12.35 682
12.3667 683
12.3833 683
12.4 684
12.4167 685
12.4333 685
12.45 686
12.4667 686
12.4833 686
12.5 687
12.5167 687
12.5333 688
12.55 688
12.5667 688
12.5833 689
12.6 689
12.6167 689
12.6333 690
12.65 690
12.6667 690
12.6833 690
12.7 691
12.7167 691
12.7333 691
12.75 691
12.7667 691
12.7833 691
12.8 691
12.8167 691
12.8333 692
12.85 692
12.8667 692
12.8833 692
12.9 692
12.9167 691
12.9333 691
12.95 691
12.9667 691
12.9833 691
13.0 691
13.0167 691
13.0333 691
13.05 690
13.0667 690
13.0833 690
13.1 690
13.1167 689
13.1333 689
13.15 689
13.1667 688
13.1833 688
13.2 688
13.2167 687
13.2333 687
13.25 686
13.2667 686
13.2833 685
13.3 685
13.3167 684
13.3333 684
13.35 683
13.3667 683
13.3833 682
13.4 682
13.4167 681
13.4333 680
13.45 680
13.4667 679
13.4833 678
13.5 677
13.5167 677
13.5333 676
13.55 675
13.5667 674
13.5833 674
13.6 673
13.6167 672
13.6333 671
13.65 670
13.6667 669
13.6833 668
13.7 667
13.7167 666
13.7333 665
13.75 664
13.7667 663
13.7833 662
13.8 661
13.8167 660
13.8333 659
13.85 658
13.8667 657
13.8833 655
13.9 654
13.9167 653
13.9333 652
13.95 651
13.9667 649
13.9833 648
14.0 647
14.0167 646
14.0333 644
14.05 643
14.0667 641
14.0833 640
14.1 639
14.1167 637
14.1333 636
14.15 634
14.1667 633
14.1833 631
14.2 630
14.2167 628
14.2333 627
14.25 625
14.2667 624
14.2833 622
14.3 620
14.3167 619
14.3333 617
14.35 615
14.3667 614
14.3833 612
14.4 610
14.4167 609
14.4333 607
14.45 605
14.4667 603
14.4833 601
14.5 600
14.5167 598
14.5333 596
14.55 594
14.5667 592
14.5833 590
14.6 588
14.6167 586
14.6333 584
14.65 582
14.6667 580
14.6833 578
14.7 576
14.7167 574
14.7333 572
14.75 570
14.7667 568
14.7833 566
14.8 564
14.8167 562
14.8333 560
14.85 557
14.8667 555
14.8833 553
14.9 551
14.9167 549
14.9333 546
14.95 544
14.9667 542
14.9833 540
15.0 538
15.0167 536
15.0333 533
15.05 531
15.0667 529
15.0833 526
15.1 524
15.1167 521
15.1333 519
15.15 517
15.1667 514
15.1833 512
15.2 509
15.2167 507
15.2333 504
15.25 502
15.2667 499
15.2833 497
15.3 494
15.3167 491
15.3333 489
15.35 486
15.3667 483
15.3833 481
15.4 478
15.4167 476
15.4333 473
15.45 470
15.4667 467
15.4833 465
15.5 462
15.5167 459
15.5333 456
15.55 454
15.5667 451
15.5833 448
15.6 445
15.6167 442
15.6333 440
15.65 437
15.6667 434
15.6833 431
15.7 428
15.7167 425
15.7333 422
15.75 419
15.7667 417
15.7833 414
15.8 411
15.8167 408
15.8333 405
15.85 402
15.8667 399
15.8833 396
15.9 393
15.9167 390
15.9333 387
15.95 384
15.9667 381
15.9833 378
