9.0 250
9.0167 253
9.0333 257
9.05 260
9.0667 264
9.0833 267
9.1 270
9.1167 274
9.1333 277
9.15 281
9.1667 284
9.1833 287
9.2 291
9.2167 294
9.2333 298
9.25 301
9.2667 304
9.2833 308
9.3 311
9.3167 314
9.3333 318
9.35 321
9.3667 324
9.3833 328
9.4 331
9.4167 334
9.4333 338
9.45 341
9.4667 344
9.4833 347
9.5 351
9.5167 354
9.5333 357
9.55 361
9.5667 364
9.5833 367
9.6 370
9.6167 373
9.6333 377
9.65 380
9.6667 383
9.6833 386
9.7 389
9.7167 393
9.7333 396
9.75 399
9.7667 402
9.7833 405
9.8 408
9.8167 411
9.8333 414
9.85 417
9.8667 421
9.8833 424
9.9 427
9.9167 430
9.9333 433
9.95 436
9.9667 439
9.9833 442
10.0 445
10.0167 448
10.0333 451
10.05 454
10.0667 457
10.0833 459
10.1 462
10.1167 465
10.1333 468
10.15 471
10.1667 474
10.1833 477
10.2 480
10.2167 482
10.2333 485
10.25 488
10.2667 491
10.2833 493
10.3 496
10.3167 499
10.3333 502
10.35 504
10.3667 507
10.3833 510
10.4 512
10.4167 515
10.4333 518
10.45 520
10.4667 523
10.4833 526
10.5 528
10.5167 531
10.5333 533
10.55 536
10.5667 538
10.5833 541
10.6 543
10.6167 546
10.6333 548
10.65 551
10.6667 553
10.6833 556
10.7 558
10.7167 560
10.7333 563
10.75 565
10.7667 567
10.7833 570
10.8 572
10.8167 574
10.8333 577
10.85 579
10.8667 581
10.8833 583
10.9 586
10.9167 588
10.9333 590
10.95 592
10.9667 594
10.9833 596
11.0 599
11.0167 601
11.0333 603
11.05 605
11.0667 607
11.0833 609
11.1 611
11.1167 613
11.1333 615
11.15 617
11.1667 619
11.1833 621
11.2 623
11.2167 625
11.2333 626
11.25 628
11.2667 630
11.2833 632
11.3 634
11.3167 636
11.3333 637
11.35 639
11.3667 641
11.3833 643
11.4 644
11.4167 646
11.4333 648
11.45 649
11.4667 651
11.4833 652
11.5 654
11.5167 656
11.5333 657
11.55 659
11.5667 660
11.5833 662
11.6 663
11.6167 665
11.6333 666
11.65 668
11.6667 669
11.6833 670
11.7 672
11.7167 673
11.7333 674
11.75 676
11.7667 677
11.7833 678
11.8 680
11.8167 681
11.8333 682
11.85 683
11.8667 684
11.8833 686
11.9 687
11.9167 688
11.9333 689
11.95 690
11.9667 691
11.9833 692
12.0 693
12.0167 694
12.0333 695
12.05 696
12.0667 697
12.0833 698
12.1 699
12.1167 700
12.1333 701
12.15 702
12.1667 703
12.1833 703
12.2 704
12.2167 705
12.2333 706
12.25 706
12.2667 707
12.2833 708
12.3 709
12.3167 709
12.3333 710
12.35 711
12.3667 711
12.3833 712
12.4 712
12.4167 713
12.4333 713
12.45 714
12.4667 714
12.4833 715
12.5 715
12.5167 716
12.5333 716
12.55 717
12.5667 717
12.5833 717
12.6 718
12.6167 718
12.6333 718
12.65 719
12.6667 719
12.6833 719
12.7 719
12.7167 719
12.7333 720
12.75 720
12.7667 720
12.7833 720
12.8 720
12.8167 720
12.8333 720
12.85 720
12.8667 720
12.8833 720
12.9 720
12.9167 720
12.9333 720
12.95 720
12.9667 720
12.9833 720
13.0 720
13.0167 720
13.0333 719
13.05 719
13.0667 719
13.0833 719
13.1 719
13.1167 718
13.1333 718
13.15 718
13.1667 717
13.1833 717
13.2 717
13.2167 716
13.2333 716
13.25 715
13.2667 715
13.2833 714
13.3 714
13.3167 713
13.3333 713
13.35 712
13.3667 712
13.3833 711
13.4 711
13.4167 710
13.4333 709
13.45 709
13.4667 708
13.4833 707
13.5 706
13.5167 706
13.5333 705
13.55 704
13.5667 703
13.5833 703
13.6 702
13.6167 701
13.6333 700
13.65 699
13.6667 698
13.6833 697
13.7 696
13.7167 695
13.7333 694
13.75 693
13.7667 692
13.7833 691
13.8 690
13.8167 689
13.8333 688
13.85 687
13.8667 686
13.8833 684
13.9 683
13.9167 682
13.9333 681
13.95 680
13.9667 678
13.9833 677
14.0 676
14.0167 674
14.0333 673
14.05 672
14.0667 670
14.0833 669
14.1 668
14.1167 666
14.1333 665
14.15 663
14.1667 662
14.1833 660
14.2 659
14.2167 657
14.2333 656
14.25 654
14.2667 652
14.2833 651
14.3 649
14.3167 648
14.3333 646
14.35 644
14.3667 642
14.3833 641
14.4 639
14.4167 637
14.4333 635
14.45 634
14.4667 632
14.4833 630
14.5 628
14.5167 626
14.5333 624
14.55 623
14.5667 621
14.5833 619
14.6 617
14.6167 615
14.6333 613
14.65 611
14.6667 609
14.6833 607
14.7 605
14.7167 603
14.7333 601
14.75 599
14.7667 596
14.7833 594
14.8 592
14.8167 590
14.8333 588
14.85 586
14.8667 583
14.8833 581
14.9 579
14.9167 577
14.9333 574
14.95 572
14.9667 570
14.9833 567
15.0 566
15.0167 564
15.0333 561
15.05 559
15.0667 556
15.0833 554
15.1 552
15.1167 549
15.1333 547
15.15 544
15.1667 542
15.1833 539
15.2 537
15.2167 534
15.2333 532
15.25 529
15.2667 526
15.2833 524
15.3 521
15.3167 519
15.3333 516
15.35 513
15.3667 511
15.3833 508
15.4 505
15.4167 503
15.4333 500
15.45 497
15.4667 494
15.4833 492
15.5 489
15.5167 486
15.5333 483
15.55 480
15.5667 478
15.5833 475
15.6 472
15.6167 469
15.6333 466
15.65 463
15.6667 460
15.6833 457
15.7 454
15.7167 451
15.7333 449
15.75 446
15.7667 443
15.7833 440
15.8 437
15.8167 434
15.8333 431
15.85 428
15.8667 424
15.8833 421
15.9 418
15.9167 415
15.9333 412
15.95 409
15.9667 406
15.9833 403
