9.0 282
9.0167 286
9.0333 290
9.05 293
9.0667 297
9.0833 300
9.1 304
9.1167 308
9.1333 311
9.15 315
9.1667 318
9.1833 322
9.2 325
9.2167 329
9.2333 332
9.25 336
9.2667 339
9.2833 343
9.3 346
9.3167 350
9.3333 353
9.35 357
9.3667 360
9.3833 364
9.4 367
9.4167 371
9.4333 374
9.45 378
9.4667 381
9.4833 384
9.5 388
9.5167 391
9.5333 395
9.55 398
9.5667 401
9.5833 405
9.6 408
9.6167 412
9.6333 415
9.65 418
9.6667 421
9.6833 425
9.7 428
9.7167 431
9.7333 435
9.75 438
9.7667 441
9.7833 444
9.8 448
9.8167 451
9.8333 454
9.85 457
9.8667 461
9.8833 464
9.9 467
9.9167 470
9.9333 473
9.95 476
9.9667 479
9.9833 483
10.0 486
10.0167 489
10.0333 492
10.05 495
10.0667 498
10.0833 501
10.1 504
10.1167 507
10.1333 510
10.15 513
10.1667 516
10.1833 519
10.2 522
10.2167 525
10.2333 528
10.25 531
10.2667 533
10.2833 536
10.3 539
10.3167 542
10.3333 545
10.35 548
10.3667 550
10.3833 553
10.4 556
10.4167 559
10.4333 561
10.45 564
10.4667 567
10.4833 570
10.5 572
10.5167 575
10.5333 578
10.55 580
10.5667 583
10.5833 586
10.6 588
10.6167 591
10.6333 593
10.65 596
10.6667 598
10.6833 601
10.7 603
10.7167 606
10.7333 608
10.75 611
10.7667 613
10.7833 616
10.8 618
10.8167 620
10.8333 623
10.85 625
10.8667 627
10.8833 630
10.9 632
10.9167 634
10.9333 637
10.95 639
10.9667 641
10.9833 643
11.0 646
11.0167 648
11.0333 650
11.05 652
11.0667 654
11.0833 656
11.1 658
11.1167 661
11.1333 663
11.15 665
11.1667 667
11.1833 669
11.2 671
11.2167 673
11.2333 675
11.25 677
11.2667 678
11.2833 680
11.3 682
11.3167 684
11.3333 686
11.35 688
11.3667 690
11.3833 691
11.4 693
11.4167 695
11.4333 697
11.45 698
11.4667 700
11.4833 702
11.5 704
11.5167 705
11.5333 707
11.55 708
11.5667 710
11.5833 712
11.6 713
11.6167 715
11.6333 716
11.65 718
11.6667 719
11.6833 721
11.7 722
11.7167 724
11.7333 725
11.75 726
11.7667 728
11.7833 729
11.8 730
11.8167 732
11.8333 733
11.85 734
11.8667 736
11.8833 737
11.9 738
11.9167 739
11.9333 740
11.95 742
11.9667 743
11.9833 744
12.0 745
12.0167 746
12.0333 747
12.05 748
12.0667 749
12.0833 750
12.1 751
12.1167 752
12.1333 753
12.15 754
12.1667 755
12.1833 756
12.2 757
12.2167 758
12.2333 758
12.25 759
12.2667 760
12.2833 761
12.3 761
12.3167 762
12.3333 763
12.35 764
12.3667 764
12.3833 765
12.4 766
12.4167 766
12.4333 767
12.45 767
12.4667 768
12.4833 768
12.5 769
12.5167 769
12.5333 770
12.55 770
12.5667 771
12.5833 771
12.6 772
12.6167 772
12.6333 772
12.65 773
12.6667 773
12.6833 773
12.7 773
12.7167 774
12.7333 774
12.75 774
12.7667 774
12.7833 774
12.8 775
12.8167 775
12.8333 775
12.85 775
12.8667 775
12.8833 775
12.9 775
12.9167 775
12.9333 775
12.95 775
12.9667 775
12.9833 775
13.0 775
13.0167 775
13.0333 775
13.05 774
13.0667 774
13.0833 774
13.1 774
13.1167 774
13.1333 773
13.15 773
13.1667 773
13.1833 772
13.2 772
13.2167 772
13.2333 771
13.25 771
13.2667 771
13.2833 770
13.3 770
13.3167 769
13.3333 769
13.35 768
13.3667 768
13.3833 767
13.4 766
13.4167 766
13.4333 765
13.45 765
13.4667 764
13.4833 763
13.5 763
13.5167 762
13.5333 761
13.55 760
13.5667 760
13.5833 759
13.6 758
13.6167 757
13.6333 756
13.65 755
13.6667 755
13.6833 754
13.7 753
13.7167 752
13.7333 751
13.75 750
13.7667 749
13.7833 748
13.8 747
13.8167 746
13.8333 744
13.85 743
13.8667 742
13.8833 741
13.9 740
13.9167 739
13.9333 738
13.95 736
13.9667 735
13.9833 734
14.0 733
14.0167 731
14.0333 730
14.05 729
14.0667 727
14.0833 726
14.1 724
14.1167 723
14.1333 722
14.15 720
14.1667 719
14.1833 717
14.2 716
14.2167 714
14.2333 713
14.25 711
14.2667 709
14.2833 708
14.3 706
14.3167 704
14.3333 703
14.35 701
14.3667 699
14.3833 698
14.4 696
14.4167 694
14.4333 692
14.45 691
14.4667 689
14.4833 687
14.5 685
14.5167 683
14.5333 681
14.55 680
14.5667 678
14.5833 676
14.6 674
14.6167 672
14.6333 670
14.65 668
14.6667 666
14.6833 664
14.7 662
14.7167 660
14.7333 658
14.75 655
14.7667 653
14.7833 651
14.8 649
14.8167 647
14.8333 645
14.85 642
14.8667 640
14.8833 638
14.9 636
14.9167 633
14.9333 631
14.95 629
14.9667 626
14.9833 624
15.0 623
15.0167 620
15.0333 618
15.05 616
15.0667 613
15.0833 611
15.1 608
15.1167 606
15.1333 603
15.15 601
15.1667 598
15.1833 596
15.2 593
15.2167 591
15.2333 588
15.25 585
15.2667 583
15.2833 580
15.3 577
15.3167 575
15.3333 572
15.35 569
15.3667 567
15.3833 564
15.4 561
15.4167 559
15.4333 556
15.45 553
15.4667 550
15.4833 547
15.5 545
15.5167 542
15.5333 539
15.55 536
15.5667 533
15.5833 530
15.6 527
15.6167 524
15.6333 521
15.65 519
15.6667 516
15.6833 513
15.7 510
15.7167 507
15.7333 504
15.75 501
15.7667 498
15.7833 494
15.8 491
15.8167 488
15.8333 485
15.85 482
15.8667 479
15.8833 476
15.9 473
15.9167 470
15.9333 466
15.95 463
15.9667 460
15.9833 457
