9.0 541
9.0167 544
9.0333 548
9.05 551
9.0667 554
9.0833 557
9.1 561
9.1167 564
9.1333 567
9.15 570
9.1667 574
9.1833 577
9.2 580
9.2167 583
9.2333 587
9.25 590
9.2667 593
9.2833 596
9.3 599
9.3167 602
9.3333 606
9.35 609
9.3667 612
9.3833 615
9.4 618
9.4167 621
9.4333 624
9.45 627
9.4667 630
9.4833 633
9.5 636
9.5167 639
9.5333 642
9.55 645
9.5667 648
9.5833 651
9.6 654
9.6167 657
9.6333 660
9.65 663
9.6667 666
9.6833 669
9.7 672
9.7167 675
9.7333 678
9.75 681
9.7667 683
9.7833 686
9.8 689
9.8167 692
9.8333 695
9.85 698
9.8667 700
9.8833 703
9.9 706
9.9167 709
9.9333 711
9.95 714
9.9667 717
9.9833 719
10.0 722
10.0167 725
10.0333 727
10.05 730
10.0667 733
10.0833 735
10.1 738
10.1167 740
10.1333 743
10.15 746
10.1667 748
10.1833 751
10.2 753
10.2167 756
10.2333 758
10.25 761
10.2667 763
10.2833 765
10.3 768
10.3167 770
10.3333 773
10.35 775
10.3667 777
10.3833 780
10.4 782
10.4167 784
10.4333 787
10.45 789
10.4667 791
10.4833 794
10.5 796
10.5167 798
10.5333 800
10.55 802
10.5667 805
10.5833 807
10.6 809
10.6167 811
10.6333 813
10.65 815
10.6667 817
10.6833 820
10.7 822
10.7167 824
10.7333 826
10.75 828
10.7667 830
10.7833 832
10.8 834
10.8167 836
10.8333 838
10.85 839
10.8667 841
10.8833 843
10.9 845
10.9167 847
10.9333 849
10.95 851
10.9667 852
10.9833 854
11.0 856
11.0167 858
11.0333 859
11.05 861
11.0667 863
11.0833 865
11.1 866
11.1167 868
11.1333 869
11.15 871
11.1667 873
11.1833 874
11.2 876
11.2167 877
11.2333 879
11.25 880
11.2667 882
11.2833 883
11.3 885
11.3167 886
11.3333 888
11.35 889
11.3667 891
11.3833 892
11.4 893
11.4167 895
11.4333 896
11.45 897
11.4667 899
11.4833 900
11.5 901
11.5167 902
11.5333 904
11.55 905
11.5667 906
11.5833 907
11.6 908
11.6167 909
11.6333 911
11.65 912
11.6667 913
11.6833 914
11.7 915
11.7167 916
11.7333 917
11.75 918
11.7667 919
11.7833 920
11.8 921
11.8167 922
11.8333 922
11.85 923
11.8667 924
11.8833 925
11.9 926
11.9167 927
11.9333 927
11.95 928
11.9667 929
11.9833 930
12.0 930
12.0167 931
12.0333 932
12.05 932
12.0667 933
12.0833 934
12.1 934
12.1167 935
12.1333 935
12.15 936
12.1667 936
12.1833 937
12.2 937
12.2167 938
12.2333 938
12.25 939
12.2667 939
12.2833 940
12.3 940
12.3167 940
12.3333 941
12.35 941
12.3667 941
12.3833 942
12.4 942
12.4167 942
12.4333 942
12.45 942
12.4667 943
12.4833 943
12.5 943
12.5167 943
12.5333 943
12.55 943
12.5667 943
12.5833 943
12.6 944
12.6167 944
12.6333 944
12.65 944
12.6667 943
12.6833 943
12.7 943
12.7167 943
12.7333 943
12.75 943
12.7667 943
12.7833 943
12.8 942
12.8167 942
12.8333 942
12.85 942
12.8667 942
12.8833 941
12.9 941
12.9167 941
12.9333 940
12.95 940
12.9667 940
12.9833 939
13.0 939
13.0167 938
13.0333 938
13.05 937
13.0667 937
13.0833 936
13.1 936
13.1167 935
13.1333 935
13.15 934
13.1667 934
13.1833 933
13.2 932
13.2167 932
13.2333 931
13.25 930
13.2667 930
13.2833 929
13.3 928
13.3167 927
13.3333 927
13.35 926
13.3667 925
13.3833 924
13.4 923
13.4167 922
13.4333 921
13.45 920
13.4667 920
13.4833 919
13.5 918
13.5167 917
13.5333 916
13.55 915
13.5667 914
13.5833 913
13.6 911
13.6167 910
13.6333 909
13.65 908
13.6667 907
13.6833 906
13.7 905
13.7167 903
13.7333 902
13.75 901
13.7667 900
13.7833 898
13.8 897
13.8167 896
13.8333 894
13.85 893
13.8667 892
13.8833 890
13.9 889
13.9167 888
13.9333 886
13.95 885
13.9667 883
13.9833 882
14.0 880
14.0167 879
14.0333 877
14.05 876
14.0667 874
14.0833 873
14.1 871
14.1167 869
14.1333 868
14.15 866
14.1667 864
14.1833 863
14.2 861
14.2167 859
14.2333 857
14.25 856
14.2667 854
14.2833 852
14.3 850
14.3167 849
14.3333 847
14.35 845
14.3667 843
14.3833 841
14.4 839
14.4167 837
14.4333 835
14.45 833
14.4667 831
14.4833 829
14.5 827
14.5167 825
14.5333 823
14.55 821
14.5667 819
14.5833 817
14.6 815
14.6167 813
14.6333 811
14.65 809
14.6667 807
14.6833 804
14.7 802
14.7167 800
14.7333 798
14.75 796
14.7667 793
14.7833 791
14.8 789
14.8167 786
14.8333 784
14.85 782
14.8667 779
14.8833 777
14.9 775
14.9167 772
14.9333 770
14.95 768
14.9667 765
14.9833 763
15.0 760
15.0167 758
15.0333 755
15.05 753
15.0667 750
15.0833 748
15.1 745
15.1167 743
15.1333 740
15.15 738
15.1667 735
15.1833 732
15.2 730
15.2167 727
15.2333 725
15.25 722
15.2667 719
15.2833 716
15.3 714
15.3167 711
15.3333 708
15.35 706
15.3667 703
15.3833 700
15.4 697
15.4167 695
15.4333 692
15.45 689
15.4667 686
15.4833 683
15.5 680
15.5167 677
15.5333 675
15.55 672
15.5667 669
15.5833 666
15.6 663
15.6167 660
15.6333 657
15.65 654
15.6667 651
15.6833 648
15.7 645
15.7167 642
15.7333 639
15.75 636
15.7667 633
15.7833 630
15.8 627
15.8167 624
15.8333 621
15.85 618
15.8667 615
15.8833 612
15.9 608
15.9167 605
15.9333 602
15.95 599
15.9667 596
15.9833 593
