9.0 568
9.0167 572
9.0333 575
9.05 579
9.0667 582
9.0833 585
9.1 589
9.1167 592
9.1333 595
9.15 599
9.1667 602
9.1833 605
9.2 609
9.2167 612
9.2333 615
9.25 618
9.2667 622
9.2833 625
9.3 628
9.3167 631
9.3333 634
9.35 638
9.3667 641
9.3833 644
9.4 647
9.4167 650
9.4333 653
9.45 657
9.4667 660
9.4833 663
9.5 666
9.5167 669
9.5333 672
9.55 675
9.5667 678
9.5833 681
9.6 684
9.6167 687
9.6333 690
9.65 693
9.6667 696
9.6833 699
9.7 702
9.7167 705
9.7333 708
9.75 711
9.7667 714
9.7833 717
9.8 720
9.8167 722
9.8333 725
9.85 728
9.8667 731
9.8833 734
9.9 736
9.9167 739
9.9333 742
9.95 745
9.9667 748
9.9833 750
10.0 753
10.0167 756
10.0333 758
10.05 761
10.0667 764
10.0833 766
10.1 769
10.1167 772
10.1333 774
10.15 777
10.1667 779
10.1833 782
10.2 784
10.2167 787
10.2333 790
10.25 792
10.2667 795
10.2833 797
10.3 799
10.3167 802
10.3333 804
10.35 807
10.3667 809
10.3833 812
10.4 814
10.4167 816
10.4333 819
10.45 821
10.4667 823
10.4833 826
10.5 828
10.5167 830
10.5333 832
10.55 835
10.5667 837
10.5833 839
10.6 841
10.6167 843
10.6333 845
10.65 848
10.6667 850
10.6833 852
10.7 854
10.7167 856
10.7333 858
10.75 860
10.7667 862
10.7833 864
10.8 866
10.8167 868
10.8333 870
10.85 872
10.8667 874
10.8833 876
10.9 878
10.9167 880
10.9333 881
10.95 883
10.9667 885
10.9833 887
11.0 889
11.0167 891
11.0333 892
11.05 894
11.0667 896
11.0833 897
11.1 899
11.1167 901
11.1333 902
11.15 904
11.1667 906
11.1833 907
11.2 909
11.2167 910
11.2333 912
11.25 914
11.2667 915
11.2833 917
11.3 918
11.3167 920
11.3333 921
11.35 922
11.3667 924
11.3833 925
11.4 927
11.4167 928
11.4333 929
11.45 931
11.4667 932
11.4833 933
11.5 934
11.5167 936
11.5333 937
11.55 938
11.5667 939
11.5833 941
11.6 942
11.6167 943
11.6333 944
11.65 945
11.6667 946
11.6833 947
11.7 948
11.7167 949
11.7333 950
11.75 951
11.7667 952
11.7833 953
11.8 954
11.8167 955
11.8333 956
11.85 957
11.8667 958
11.8833 959
11.9 959
11.9167 960
11.9333 961
11.95 962
11.9667 963
11.9833 963
12.0 964
12.0167 965
12.0333 965
12.05 966
12.0667 967
12.0833 967
12.1 968
12.1167 969
12.1333 969
12.15 970
12.1667 970
12.1833 971
12.2 971
12.2167 972
12.2333 972
12.25 973
12.2667 973
12.2833 973
12.3 974
12.3167 974
12.3333 974
12.35 975
12.3667 975
12.3833 975
12.4 976
12.4167 976
12.4333 976
12.45 976
12.4667 976
12.4833 977
12.5 977
12.5167 977
12.5333 977
12.55 977
12.5667 977
12.5833 977
12.6 977
12.6167 977
12.6333 977
12.65 977
12.6667 977
12.6833 977
12.7 977
12.7167 977
12.7333 977
12.75 977
12.7667 977
12.7833 976
12.8 976
12.8167 976
12.8333 976
12.85 976
12.8667 975
12.8833 975
12.9 975
12.9167 974
12.9333 974
12.95 974
12.9667 973
12.9833 973
13.0 972
13.0167 972
13.0333 972
13.05 971
13.0667 971
13.0833 970
13.1 970
13.1167 969
13.1333 968
13.15 968
13.1667 967
13.1833 967
13.2 966
13.2167 965
13.2333 965
13.25 964
13.2667 963
13.2833 962
13.3 962
13.3167 961
13.3333 960
13.35 959
13.3667 958
13.3833 958
13.4 957
13.4167 956
13.4333 955
13.45 954
13.4667 953
13.4833 952
13.5 951
13.5167 950
13.5333 949
13.55 948
13.5667 947
13.5833 946
13.6 945
13.6167 944
13.6333 943
13.65 941
13.6667 940
13.6833 939
13.7 938
13.7167 937
13.7333 935
13.75 934
13.7667 933
13.7833 932
13.8 930
13.8167 929
13.8333 928
13.85 926
13.8667 925
13.8833 924
13.9 922
13.9167 921
13.9333 919
13.95 918
13.9667 916
13.9833 915
14.0 913
14.0167 912
14.0333 910
14.05 909
14.0667 907
14.0833 905
14.1 904
14.1167 902
14.1333 900
14.15 899
14.1667 897
14.1833 895
14.2 894
14.2167 892
14.2333 890
14.25 888
14.2667 887
14.2833 885
14.3 883
14.3167 881
14.3333 879
14.35 877
14.3667 875
14.3833 874
14.4 872
14.4167 870
14.4333 868
14.45 866
14.4667 864
14.4833 862
14.5 860
14.5167 858
14.5333 856
14.55 854
14.5667 851
14.5833 849
14.6 847
14.6167 845
14.6333 843
14.65 841
14.6667 839
14.6833 836
14.7 834
14.7167 832
14.7333 830
14.75 827
14.7667 825
14.7833 823
14.8 820
14.8167 818
14.8333 816
14.85 813
14.8667 811
14.8833 809
14.9 806
14.9167 804
14.9333 801
14.95 799
14.9667 796
14.9833 794
15.0 792
15.0167 789
15.0333 787
15.05 784
15.0667 782
15.0833 779
15.1 776
15.1167 774
15.1333 771
15.15 769
15.1667 766
15.1833 763
15.2 761
15.2167 758
15.2333 755
15.25 753
15.2667 750
15.2833 747
15.3 744
15.3167 742
15.3333 739
15.35 736
15.3667 733
15.3833 730
15.4 728
15.4167 725
15.4333 722
15.45 719
15.4667 716
15.4833 713
15.5 710
15.5167 707
15.5333 705
15.55 702
15.5667 699
15.5833 696
15.6 693
15.6167 690
15.6333 687
15.65 684
15.6667 681
15.6833 678
15.7 675
15.7167 672
15.7333 668
15.75 665
15.7667 662
15.7833 659
15.8 656
15.8167 653
15.8333 650
15.85 647
15.8667 644
15.8833 640
15.9 637
15.9167 634
15.9333 631
15.95 628
15.9667 624
15.9833 621
