9.0 515
9.0167 518
9.0333 522
9.05 525
9.0667 529
9.0833 532
9.1 535
9.1167 539
9.1333 542
9.15 546
9.1667 549
9.1833 552
9.2 556
9.2167 559
9.2333 562
9.25 566
9.2667 569
9.2833 572
9.3 576
9.3167 579
9.3333 582
9.35 586
9.3667 589
9.3833 592
9.4 595
9.4167 599
9.4333 602
9.45 605
9.4667 608
9.4833 611
9.5 615
9.5167 618
9.5333 621
9.55 624
9.5667 627
9.5833 630
9.6 634
9.6167 637
9.6333 640
9.65 643
9.6667 646
9.6833 649
9.7 652
9.7167 655
9.7333 658
9.75 661
9.7667 664
9.7833 667
9.8 670
9.8167 673
9.8333 676
9.85 679
9.8667 682
9.8833 685
9.9 688
9.9167 691
9.9333 694
9.95 697
9.9667 700
9.9833 702
10.0 705
10.0167 708
10.0333 711
10.05 714
10.0667 717
10.0833 719
10.1 722
10.1167 725
10.1333 728
10.15 730
10.1667 733
10.1833 736
10.2 738
10.2167 741
10.2333 744
10.25 746
10.2667 749
10.2833 752
10.3 754
10.3167 757
10.3333 759
10.35 762
10.3667 764
10.3833 767
10.4 769
10.4167 772
10.4333 774
10.45 777
10.4667 779
10.4833 782
10.5 784
10.5167 787
10.5333 789
10.55 791
10.5667 794
10.5833 796
10.6 799
10.6167 801
10.6333 803
10.65 805
10.6667 808
10.6833 810
10.7 812
10.7167 814
10.7333 817
10.75 819
10.7667 821
10.7833 823
10.8 825
10.8167 828
10.8333 830
10.85 832
10.8667 834
10.8833 836
10.9 838
10.9167 840
10.9333 842
10.95 844
10.9667 846
10.9833 848
11.0 850
11.0167 852
11.0333 854
11.05 856
11.0667 858
11.0833 859
11.1 861
11.1167 863
11.1333 865
11.15 867
11.1667 869
11.1833 870
11.2 872
11.2167 874
11.2333 876
11.25 877
11.2667 879
11.2833 881
11.3 882
11.3167 884
11.3333 886
11.35 887
11.3667 889
11.3833 890
11.4 892
11.4167 893
11.4333 895
11.45 896
11.4667 898
11.4833 899
11.5 901
11.5167 902
11.5333 904
11.55 905
11.5667 906
11.5833 908
11.6 909
11.6167 910
11.6333 912
11.65 913
11.6667 914
11.6833 915
11.7 917
11.7167 918
11.7333 919
11.75 920
11.7667 921
11.7833 923
11.8 924
11.8167 925
11.8333 926
11.85 927
11.8667 928
11.8833 929
11.9 930
11.9167 931
11.9333 932
11.95 933
11.9667 934
11.9833 935
12.0 936
12.0167 937
12.0333 937
12.05 938
12.0667 939
12.0833 940
12.1 941
12.1167 942
12.1333 942
12.15 943
12.1667 944
12.1833 944
12.2 945
12.2167 946
12.2333 946
12.25 947
12.2667 948
12.2833 948
12.3 949
12.3167 949
12.3333 950
12.35 950
12.3667 951
12.3833 951
12.4 952
12.4167 952
12.4333 953
12.45 953
12.4667 953
12.4833 954
12.5 954
12.5167 954
12.5333 955
12.55 955
12.5667 955
12.5833 955
12.6 956
12.6167 956
12.6333 956
12.65 956
12.6667 956
12.6833 956
12.7 957
12.7167 957
12.7333 957
12.75 957
12.7667 957
12.7833 957
12.8 957
12.8167 957
12.8333 957
12.85 957
12.8667 957
12.8833 957
12.9 956
12.9167 956
12.9333 956
12.95 956
12.9667 956
12.9833 956
13.0 955
13.0167 955
13.0333 955
13.05 954
13.0667 954
13.0833 954
13.1 954
13.1167 953
13.1333 953
13.15 952
13.1667 952
13.1833 951
13.2 951
13.2167 951
13.2333 950
13.25 950
13.2667 949
13.2833 948
13.3 948
13.3167 947
13.3333 947
13.35 946
13.3667 945
13.3833 945
13.4 944
13.4167 943
13.4333 943
13.45 942
13.4667 941
13.4833 940
13.5 939
13.5167 939
13.5333 938
13.55 937
13.5667 936
13.5833 935
13.6 934
13.6167 933
13.6333 932
13.65 931
13.6667 930
13.6833 929
13.7 928
13.7167 927
13.7333 926
13.75 925
13.7667 924
13.7833 923
13.8 922
13.8167 921
13.8333 920
13.85 918
13.8667 917
13.8833 916
13.9 915
13.9167 913
13.9333 912
13.95 911
13.9667 910
13.9833 908
14.0 907
14.0167 906
14.0333 904
14.05 903
14.0667 901
14.0833 900
14.1 898
14.1167 897
14.1333 896
14.15 894
14.1667 892
14.1833 891
14.2 889
14.2167 888
14.2333 886
14.25 885
14.2667 883
14.2833 881
14.3 880
14.3167 878
14.3333 876
14.35 875
14.3667 873
14.3833 871
14.4 869
14.4167 868
14.4333 866
14.45 864
14.4667 862
14.4833 860
14.5 858
14.5167 856
14.5333 855
14.55 853
14.5667 851
14.5833 849
14.6 847
14.6167 845
14.6333 843
14.65 841
14.6667 839
14.6833 837
14.7 835
14.7167 833
14.7333 831
14.75 828
14.7667 826
14.7833 824
14.8 822
14.8167 820
14.8333 818
14.85 815
14.8667 813
14.8833 811
14.9 809
14.9167 806
14.9333 804
14.95 802
14.9667 799
14.9833 797
15.0 795
15.0167 792
15.0333 790
15.05 787
15.0667 785
15.0833 783
15.1 780
15.1167 778
15.1333 775
15.15 773
15.1667 770
15.1833 768
15.2 765
15.2167 763
15.2333 760
15.25 758
15.2667 755
15.2833 752
15.3 750
15.3167 747
15.3333 745
15.35 742
15.3667 739
15.3833 737
15.4 734
15.4167 731
15.4333 728
15.45 726
15.4667 723
15.4833 720
15.5 717
15.5167 715
15.5333 712
15.55 709
15.5667 706
15.5833 703
15.6 700
15.6167 698
15.6333 695
15.65 692
15.6667 689
15.6833 686
15.7 683
15.7167 680
15.7333 677
15.75 674
15.7667 671
15.7833 668
15.8 665
15.8167 662
15.8333 659
15.85 656
15.8667 653
15.8833 650
15.9 647
15.9167 644
15.9333 641
15.95 638
15.9667 635
15.9833 631
