9.0 390
9.0167 392
9.0333 396
9.05 399
9.0667 402
9.0833 406
9.1 409
9.1167 412
9.1333 416
9.15 419
9.1667 422
9.1833 425
9.2 429
9.2167 432
9.2333 435
9.25 438
9.2667 442
9.2833 445
9.3 448
9.3167 451
9.3333 454
9.35 458
9.3667 461
9.3833 464
9.4 467
9.4167 470
9.4333 473
9.45 476
9.4667 479
9.4833 482
9.5 485
9.5167 489
9.5333 492
9.55 495
9.5667 498
9.5833 501
9.6 504
9.6167 507
9.6333 509
9.65 512
9.6667 515
9.6833 518
9.7 521
9.7167 524
9.7333 527
9.75 530
9.7667 533
9.7833 536
9.8 538
9.8167 541
9.8333 544
9.85 547
9.8667 550
9.8833 552
9.9 555
9.9167 558
9.9333 560
9.95 563
9.9667 566
9.9833 569
10.0 571
10.0167 574
10.0333 576
10.05 579
10.0667 582
10.0833 584
10.1 587
10.1167 589
10.1333 592
10.15 594
10.1667 597
10.1833 599
10.2 602
10.2167 604
10.2333 607
10.25 609
10.2667 612
10.2833 614
10.3 616
10.3167 619
10.3333 621
10.35 623
10.3667 626
10.3833 628
10.4 630
10.4167 633
10.4333 635
10.45 637
10.4667 639
10.4833 641
10.5 644
10.5167 646
10.5333 648
10.55 650
10.5667 652
10.5833 654
10.6 656
10.6167 658
10.6333 660
10.65 663
10.6667 665
10.6833 667
10.7 668
10.7167 670
10.7333 672
10.75 674
10.7667 676
10.7833 678
10.8 680
10.8167 682
10.8333 684
10.85 685
10.8667 687
10.8833 689
10.9 691
10.9167 693
10.9333 694
10.95 696
10.9667 698
10.9833 699
11.0 701
11.0167 703
11.0333 704
11.05 706
11.0667 707
11.0833 709
11.1 711
11.1167 712
11.1333 714
11.15 715
11.1667 717
11.1833 718
11.2 719
11.2167 721
11.2333 722
11.25 724
11.2667 725
11.2833 726
11.3 728
11.3167 729
11.3333 730
11.35 731
11.3667 733
11.3833 734
11.4 735
11.4167 736
11.4333 738
11.45 739
11.4667 740
11.4833 741
11.5 742
11.5167 743
11.5333 744
11.55 745
11.5667 746
11.5833 747
11.6 748
11.6167 749
11.6333 750
11.65 751
11.6667 752
11.6833 753
11.7 754
11.7167 754
11.7333 755
11.75 756
11.7667 757
11.7833 758
11.8 758
11.8167 759
11.8333 760
11.85 760
11.8667 761
11.8833 762
11.9 762
11.9167 763
11.9333 763
11.95 764
11.9667 765
11.9833 765
12.0 766
12.0167 766
12.0333 767
12.05 767
12.0667 767
12.0833 768
12.1 768
12.1167 769
12.1333 769
12.15 769
12.1667 770
12.1833 770
12.2 770
12.2167 770
12.2333 771
12.25 771
12.2667 771
12.2833 771
12.3 771
12.3167 771
12.3333 771
12.35 772
12.3667 772
12.3833 772
12.4 772
12.4167 772
12.4333 772
12.45 772
12.4667 772
12.4833 771
12.5 771
12.5167 771
12.5333 771
12.55 771
12.5667 771
12.5833 771
12.6 770
12.6167 770
12.6333 770
12.65 770
12.6667 769
12.6833 769
12.7 769
12.7167 768
12.7333 768
12.75 767
12.7667 767
12.7833 767
12.8 766
12.8167 766
12.8333 765
12.85 765
12.8667 764
12.8833 764
12.9 763
12.9167 762
12.9333 762
12.95 761
12.9667 761
12.9833 760
13.0 759
13.0167 758
13.0333 758
13.05 757
13.0667 756
13.0833 755
13.1 755
13.1167 754
13.1333 753
13.15 752
13.1667 751
13.1833 750
13.2 749
13.2167 748
13.2333 747
13.25 746
13.2667 745
13.2833 744
13.3 743
13.3167 742
13.3333 741
13.35 740
13.3667 739
13.3833 738
13.4 737
13.4167 735
13.4333 734
13.45 733
13.4667 732
13.4833 730
13.5 729
13.5167 728
13.5333 727
13.55 725
13.5667 724
13.5833 723
13.6 721
13.6167 720
13.6333 718
13.65 717
13.6667 715
13.6833 714
13.7 712
13.7167 711
13.7333 709
13.75 708
13.7667 706
13.7833 705
13.8 703
13.8167 701
13.8333 700
13.85 698
13.8667 696
13.8833 695
13.9 693
13.9167 691
13.9333 689
13.95 688
13.9667 686
13.9833 684
14.0 682
14.0167 680
14.0333 679
14.05 677
14.0667 675
14.0833 673
14.1 671
14.1167 669
14.1333 667
14.15 665
14.1667 663
14.1833 661
14.2 659
14.2167 657
14.2333 655
14.25 653
14.2667 651
14.2833 648
14.3 646
14.3167 644
14.3333 642
14.35 640
14.3667 638
14.3833 635
14.4 633
14.4167 631
14.4333 629
14.45 626
14.4667 624
14.4833 622
14.5 619
14.5167 617
14.5333 614
14.55 612
14.5667 610
14.5833 607
14.6 605
14.6167 602
14.6333 600
14.65 597
14.6667 595
14.6833 592
14.7 590
14.7167 587
14.7333 585
14.75 582
14.7667 580
14.7833 577
14.8 574
14.8167 572
14.8333 569
14.85 566
14.8667 564
14.8833 561
14.9 558
14.9167 556
14.9333 553
14.95 550
14.9667 547
14.9833 545
15.0 541
15.0167 538
15.0333 535
15.05 532
15.0667 529
15.0833 527
15.1 524
15.1167 521
15.1333 518
15.15 515
15.1667 512
15.1833 509
15.2 506
15.2167 503
15.2333 500
15.25 497
15.2667 494
15.2833 491
15.3 488
15.3167 485
15.3333 482
15.35 479
15.3667 476
15.3833 473
15.4 470
15.4167 467
15.4333 464
15.45 460
15.4667 457
15.4833 454
15.5 451
15.5167 448
15.5333 445
15.55 441
15.5667 438
15.5833 435
15.6 432
15.6167 428
15.6333 425
15.65 422
15.6667 419
15.6833 415
15.7 412
15.7167 409
15.7333 406
15.75 402
15.7667 399
15.7833 396
15.8 392
15.8167 389
15.8333 385
15.85 382
15.8667 379
15.8833 375
15.9 372
15.9167 369
15.9333 365
15.95 362
15.9667 358
15.9833 355
