9.0 327
9.0167 329
9.0333 332
9.05 336
9.0667 339
9.0833 342
9.1 346
9.1167 349
9.1333 352
9.15 355
9.1667 359
9.1833 362
9.2 365
9.2167 368
9.2333 372
9.25 375
9.2667 378
9.2833 381
9.3 384
9.3167 388
9.3333 391
9.35 394
9.3667 397
9.3833 400
9.4 403
9.4167 406
9.4333 409
9.45 412
9.4667 416
9.4833 419
9.5 422
9.5167 425
9.5333 428
9.55 431
9.5667 434
9.5833 437
9.6 440
9.6167 443
9.6333 446
9.65 449
9.6667 451
9.6833 454
9.7 457
9.7167 460
9.7333 463
9.75 466
9.7667 469
9.7833 472
9.8 474
9.8167 477
9.8333 480
9.85 483
9.8667 486
9.8833 488
9.9 491
9.9167 494
9.9333 497
9.95 499
9.9667 502
9.9833 505
10.0 507
10.0167 510
10.0333 513
10.05 515
10.0667 518
10.0833 521
10.1 523
10.1167 526
10.1333 528
10.15 531
10.1667 533
10.1833 536
10.2 538
10.2167 541
10.2333 543
10.25 546
10.2667 548
10.2833 551
10.3 553
10.3167 555
10.3333 558
10.35 560
10.3667 562
10.3833 565
10.4 567
10.4167 569
10.4333 572
10.45 574
10.4667 576
10.4833 578
10.5 581
10.5167 583
10.5333 585
10.55 587
10.5667 589
10.5833 591
10.6 594
10.6167 596
10.6333 598
10.65 600
10.6667 602
10.6833 604
10.7 606
10.7167 608
10.7333 610
10.75 612
10.7667 614
10.7833 616
10.8 618
10.8167 620
10.8333 621
10.85 623
10.8667 625
10.8833 627
10.9 629
10.9167 631
10.9333 632
10.95 634
10.9667 636
10.9833 638
11.0 639
11.0167 641
11.0333 643
11.05 644
11.0667 646
11.0833 648
11.1 649
11.1167 651
11.1333 652
11.15 654
11.1667 655
11.1833 657
11.2 658
11.2167 660
11.2333 661
11.25 663
11.2667 664
11.2833 666
11.3 667
11.3167 668
11.3333 670
11.35 671
11.3667 672
11.3833 674
11.4 675
11.4167 676
11.4333 677
11.45 679
11.4667 680
11.4833 681
11.5 682
11.5167 683
11.5333 684
11.55 685
11.5667 687
11.5833 688
11.6 689
11.6167 690
11.6333 691
11.65 692
11.6667 693
11.6833 694
11.7 695
11.7167 695
11.7333 696
11.75 697
11.7667 698
11.7833 699
11.8 700
11.8167 701
11.8333 701
11.85 702
11.8667 703
11.8833 704
11.9 704
11.9167 705
11.9333 706
11.95 706
11.9667 707
11.9833 708
12.0 708
12.0167 709
12.0333 709
12.05 710
12.0667 710
12.0833 711
12.1 711
12.1167 712
12.1333 712
12.15 713
12.1667 713
12.1833 713
12.2 714
12.2167 714
12.2333 714
12.25 715
12.2667 715
12.2833 715
12.3 715
12.3167 716
12.3333 716
12.35 716
12.3667 716
12.3833 716
12.4 717
12.4167 717
12.4333 717
12.45 717
12.4667 717
12.4833 717
12.5 717
12.5167 717
12.5333 717
12.55 717
12.5667 717
12.5833 717
12.6 716
12.6167 716
12.6333 716
12.65 716
12.6667 716
12.6833 716
12.7 715
12.7167 715
12.7333 715
12.75 715
12.7667 714
12.7833 714
12.8 714
12.8167 713
12.8333 713
12.85 713
12.8667 712
12.8833 712
12.9 711
12.9167 711
12.9333 710
12.95 710
12.9667 709
12.9833 709
13.0 708
13.0167 707
13.0333 707
13.05 706
13.0667 706
13.0833 705
13.1 704
13.1167 703
13.1333 703
13.15 702
13.1667 701
13.1833 700
13.2 700
13.2167 699
13.2333 698
13.25 697
13.2667 696
13.2833 695
13.3 694
13.3167 693
13.3333 693
13.35 692
13.3667 691
13.3833 690
13.4 688
13.4167 687
13.4333 686
13.45 685
13.4667 684
13.4833 683
13.5 682
13.5167 681
13.5333 680
13.55 678
13.5667 677
13.5833 676
13.6 675
13.6167 673
13.6333 672
13.65 671
13.6667 669
13.6833 668
13.7 667
13.7167 665
13.7333 664
13.75 662
13.7667 661
13.7833 660
13.8 658
13.8167 657
13.8333 655
13.85 654
13.8667 652
13.8833 650
13.9 649
13.9167 647
13.9333 646
13.95 644
13.9667 642
13.9833 641
14.0 639
14.0167 637
14.0333 636
14.05 634
14.0667 632
14.0833 630
14.1 628
14.1167 627
14.1333 625
14.15 623
14.1667 621
14.1833 619
14.2 617
14.2167 615
14.2333 613
14.25 611
14.2667 610
14.2833 608
14.3 606
14.3167 604
14.3333 601
14.35 599
14.3667 597
14.3833 595
14.4 593
14.4167 591
14.4333 589
14.45 587
14.4667 585
14.4833 582
14.5 580
14.5167 578
14.5333 576
14.55 574
14.5667 571
14.5833 569
14.6 567
14.6167 564
14.6333 562
14.65 560
14.6667 557
14.6833 555
14.7 553
14.7167 550
14.7333 548
14.75 545
14.7667 543
14.7833 540
14.8 538
14.8167 535
14.8333 533
14.85 530
14.8667 528
14.8833 525
14.9 523
14.9167 520
14.9333 518
14.95 515
14.9667 512
14.9833 510
15.0 507
15.0167 504
15.0333 501
15.05 499
15.0667 496
15.0833 493
15.1 491
15.1167 488
15.1333 485
15.15 482
15.1667 479
15.1833 477
15.2 474
15.2167 471
15.2333 468
15.25 465
15.2667 462
15.2833 460
15.3 457
15.3167 454
15.3333 451
15.35 448
15.3667 445
15.3833 442
15.4 439
15.4167 436
15.4333 433
15.45 430
15.4667 427
15.4833 424
15.5 421
15.5167 418
15.5333 415
15.55 412
15.5667 409
15.5833 406
15.6 402
15.6167 399
15.6333 396
15.65 393
15.6667 390
15.6833 387
15.7 384
15.7167 380
15.7333 377
15.75 374
15.7667 371
15.7833 368
15.8 364
15.8167 361
15.8333 358
15.85 355
15.8667 351
15.8833 348
15.9 345
15.9167 342
15.9333 338
15.95 335
15.9667 332
15.9833 328
