9.0 290
9.0167 292
9.0333 295
9.05 299
9.0667 302
9.0833 305
9.1 308
9.1167 311
9.1333 314
9.15 317
9.1667 321
9.1833 324
9.2 327
9.2167 330
9.2333 333
9.25 336
9.2667 339
9.2833 342
9.3 345
9.3167 348
9.3333 351
9.35 354
9.3667 358
9.3833 361
9.4 364
9.4167 367
9.4333 370
9.45 373
9.4667 376
9.4833 378
9.5 381
9.5167 384
9.5333 387
9.55 390
9.5667 393
9.5833 396
9.6 399
9.6167 402
9.6333 405
9.65 408
9.6667 410
9.6833 413
9.7 416
9.7167 419
9.7333 422
9.75 425
9.7667 427
9.7833 430
9.8 433
9.8167 436
9.8333 438
9.85 441
9.8667 444
9.8833 446
9.9 449
9.9167 452
9.9333 454
9.95 457
9.9667 460
9.9833 462
10.0 465
10.0167 468
10.0333 470
10.05 473
10.0667 475
10.0833 478
10.1 480
10.1167 483
10.1333 485
10.15 488
10.1667 490
10.1833 493
10.2 495
10.2167 498
10.2333 500
10.25 503
10.2667 505
10.2833 507
10.3 510
10.3167 512
10.3333 514
10.35 517
10.3667 519
10.3833 521
10.4 523
10.4167 526
10.4333 528
10.45 530
10.4667 532
10.4833 535
10.5 537
10.5167 539
10.5333 541
10.55 543
10.5667 545
10.5833 547
10.6 549
10.6167 552
10.6333 554
10.65 556
10.6667 558
10.6833 560
10.7 562
10.7167 564
10.7333 566
10.75 568
10.7667 569
10.7833 571
10.8 573
10.8167 575
10.8333 577
10.85 579
10.8667 581
10.8833 582
10.9 584
10.9167 586
10.9333 588
10.95 589
10.9667 591
10.9833 593
11.0 595
11.0167 596
11.0333 598
11.05 600
11.0667 601
11.0833 603
11.1 604
11.1167 606
11.1333 607
11.15 609
11.1667 610
11.1833 612
11.2 613
11.2167 615
11.2333 616
11.25 618
11.2667 619
11.2833 621
11.3 622
11.3167 623
11.3333 625
11.35 626
11.3667 627
11.3833 628
11.4 630
11.4167 631
11.4333 632
11.45 633
11.4667 635
11.4833 636
11.5 637
11.5167 638
11.5333 639
11.55 640
11.5667 641
11.5833 642
11.6 643
11.6167 644
11.6333 645
11.65 646
11.6667 647
11.6833 648
11.7 649
11.7167 650
11.7333 651
11.75 652
11.7667 653
11.7833 654
11.8 654
11.8167 655
11.8333 656
11.85 657
11.8667 658
11.8833 658
11.9 659
11.9167 660
11.9333 660
11.95 661
11.9667 662
11.9833 662
12.0 663
12.0167 663
12.0333 664
12.05 664
12.0667 665
12.0833 665
12.1 666
12.1167 666
12.1333 667
12.15 667
12.1667 668
12.1833 668
12.2 668
12.2167 669
12.2333 669
12.25 669
12.2667 670
12.2833 670
12.3 670
12.3167 670
12.3333 671
12.35 671
12.3667 671
12.3833 671
12.4 671
12.4167 671
12.4333 671
12.45 672
12.4667 672
12.4833 672
12.5 672
12.5167 672
12.5333 672
12.55 672
12.5667 671
12.5833 671
12.6 671
12.6167 671
12.6333 671
12.65 671
12.6667 671
12.6833 671
12.7 670
12.7167 670
12.7333 670
12.75 670
12.7667 669
12.7833 669
12.8 669
12.8167 668
12.8333 668
12.85 668
12.8667 667
12.8833 667
12.9 666
12.9167 666
12.9333 665
12.95 665
12.9667 664
12.9833 664
13.0 663
13.0167 663
13.0333 662
13.05 661
13.0667 661
13.0833 660
13.1 659
13.1167 659
13.1333 658
13.15 657
13.1667 657
13.1833 656
13.2 655
13.2167 654
13.2333 653
13.25 652
13.2667 652
13.2833 651
13.3 650
13.3167 649
13.3333 648
13.35 647
13.3667 646
13.3833 645
13.4 644
13.4167 643
13.4333 642
13.45 641
13.4667 640
13.4833 639
13.5 638
13.5167 636
13.5333 635
13.55 634
13.5667 633
13.5833 632
13.6 630
13.6167 629
13.6333 628
13.65 627
13.6667 625
13.6833 624
13.7 623
13.7167 621
13.7333 620
13.75 619
13.7667 617
13.7833 616
13.8 614
13.8167 613
13.8333 611
13.85 610
13.8667 608
13.8833 607
13.9 605
13.9167 604
13.9333 602
13.95 600
13.9667 599
13.9833 597
14.0 596
14.0167 594
14.0333 592
14.05 590
14.0667 589
14.0833 587
14.1 585
14.1167 583
14.1333 582
14.15 580
14.1667 578
14.1833 576
14.2 574
14.2167 572
14.2333 571
14.25 569
14.2667 567
14.2833 565
14.3 563
14.3167 561
14.3333 559
14.35 557
14.3667 555
14.3833 553
14.4 551
14.4167 549
14.4333 547
14.45 544
14.4667 542
14.4833 540
14.5 538
14.5167 536
14.5333 534
14.55 531
14.5667 529
14.5833 527
14.6 525
14.6167 523
14.6333 520
14.65 518
14.6667 516
14.6833 513
14.7 511
14.7167 509
14.7333 506
14.75 504
14.7667 502
14.7833 499
14.8 497
14.8167 494
14.8333 492
14.85 489
14.8667 487
14.8833 484
14.9 482
14.9167 479
14.9333 477
14.95 474
14.9667 472
14.9833 469
15.0 466
15.0167 464
15.0333 461
15.05 458
15.0667 456
15.0833 453
15.1 451
15.1167 448
15.1333 445
15.15 442
15.1667 440
15.1833 437
15.2 434
15.2167 432
15.2333 429
15.25 426
15.2667 423
15.2833 420
15.3 418
15.3167 415
15.3333 412
15.35 409
15.3667 406
15.3833 403
15.4 401
15.4167 398
15.4333 395
15.45 392
15.4667 389
15.4833 386
15.5 383
15.5167 380
15.5333 377
15.55 374
15.5667 371
15.5833 368
15.6 365
15.6167 362
15.6333 359
15.65 356
15.6667 353
15.6833 350
15.7 347
15.7167 344
15.7333 341
15.75 338
15.7667 335
15.7833 332
15.8 329
15.8167 325
15.8333 322
15.85 319
15.8667 316
15.8833 313
15.9 310
15.9167 307
15.9333 304
15.95 300
15.9667 297
15.9833 294
