9.0 355
9.0167 360
9.0333 364
9.05 367
9.0667 371
9.0833 375
9.1 379
9.1167 382
9.1333 386
9.15 390
9.1667 394
9.1833 397
9.2 401
9.2167 405
9.2333 408
9.25 412
9.2667 416
9.2833 420
9.3 423
9.3167 427
9.3333 431
9.35 434
9.3667 438
9.3833 441
9.4 445
9.4167 449
9.4333 452
9.45 456
9.4667 459
9.4833 463
9.5 467
9.5167 470
9.5333 474
9.55 477
9.5667 481
9.5833 484
9.6 488
9.6167 491
9.6333 495
9.65 498
9.6667 502
9.6833 505
9.7 508
9.7167 512
9.7333 515
9.75 519
9.7667 522
9.7833 525
9.8 529
9.8167 532
9.8333 535
9.85 539
9.8667 542
9.8833 545
9.9 549
9.9167 552
9.9333 555
9.95 558
9.9667 562
9.9833 565
10.0 568
10.0167 571
10.0333 574
10.05 578
10.0667 581
10.0833 584
10.1 587
10.1167 590
10.1333 593
10.15 596
10.1667 599
10.1833 602
10.2 605
10.2167 609
10.2333 612
10.25 615
10.2667 618
10.2833 620
10.3 623
10.3167 626
10.3333 629
10.35 632
10.3667 635
10.3833 638
10.4 641
10.4167 644
10.4333 646
10.45 649
10.4667 652
10.4833 655
10.5 658
10.5167 660
10.5333 663
10.55 666
10.5667 669
10.5833 671
10.6 674
10.6167 677
10.6333 679
10.65 682
10.6667 684
10.6833 687
10.7 690
10.7167 692
10.7333 695
10.75 697
10.7667 700
10.7833 702
10.8 705
10.8167 707
10.8333 710
10.85 712
10.8667 714
10.8833 717
10.9 719
10.9167 722
10.9333 724
10.95 726
10.9667 729
10.9833 731
11.0 733
11.0167 735
11.0333 738
11.05 740
11.0667 742
11.0833 744
11.1 746
11.1167 748
11.1333 751
11.15 753
11.1667 755
11.1833 757
11.2 759
11.2167 761
11.2333 763
11.25 765
11.2667 767
11.2833 769
11.3 771
11.3167 773
11.3333 775
11.35 777
11.3667 778
11.3833 780
11.4 782
11.4167 784
11.4333 786
11.45 787
11.4667 789
11.4833 791
11.5 793
11.5167 794
11.5333 796
11.55 798
11.5667 799
11.5833 801
11.6 803
11.6167 804
11.6333 806
11.65 807
11.6667 809
11.6833 810
11.7 812
11.7167 813
11.7333 815
11.75 816
11.7667 817
11.7833 819
11.8 820
11.8167 822
11.8333 823
11.85 824
11.8667 825
11.8833 827
11.9 828
11.9167 829
11.9333 830
11.95 832
11.9667 833
11.9833 834
12.0 835
12.0167 836
12.0333 837
12.05 838
12.0667 839
12.0833 840
12.1 841
12.1167 842
12.1333 843
12.15 844
12.1667 845
12.1833 846
12.2 847
12.2167 848
12.2333 849
12.25 850
12.2667 850
12.2833 851
12.3 852
12.3167 853
12.3333 853
12.35 854
12.3667 855
12.3833 855
12.4 856
12.4167 857
12.4333 857
12.45 858
12.4667 858
12.4833 859
12.5 859
12.5167 860
12.5333 860
12.55 861
12.5667 861
12.5833 862
12.6 862
12.6167 863
12.6333 863
12.65 863
12.6667 864
12.6833 864
12.7 864
12.7167 864
12.7333 865
12.75 865
12.7667 865
12.7833 865
12.8 865
12.8167 865
12.8333 866
12.85 866
12.8667 866
12.8833 866
12.9 866
12.9167 866
12.9333 866
12.95 866
12.9667 866
12.9833 866
13.0 865
13.0167 865
13.0333 865
13.05 865
13.0667 865
13.0833 865
13.1 864
13.1167 864
13.1333 864
13.15 864
13.1667 863
13.1833 863
13.2 863
13.2167 862
13.2333 862
13.25 861
13.2667 861
13.2833 860
13.3 860
13.3167 860
13.3333 859
13.35 858
13.3667 858
13.3833 857
13.4 857
13.4167 856
13.4333 855
13.45 855
13.4667 854
13.4833 853
13.5 853
13.5167 852
13.5333 851
13.55 850
13.5667 850
13.5833 849
13.6 848
13.6167 847
13.6333 846
13.65 845
13.6667 844
13.6833 843
13.7 842
13.7167 841
13.7333 840
13.75 839
13.7667 838
13.7833 837
13.8 836
13.8167 835
13.8333 834
13.85 833
13.8667 832
13.8833 831
13.9 829
13.9167 828
13.9333 827
13.95 826
13.9667 824
13.9833 823
14.0 822
14.0167 820
14.0333 819
14.05 818
14.0667 816
14.0833 815
14.1 813
14.1167 812
14.1333 810
14.15 809
14.1667 807
14.1833 806
14.2 804
14.2167 803
14.2333 801
14.25 799
14.2667 798
14.2833 796
14.3 794
14.3167 793
14.3333 791
14.35 789
14.3667 788
14.3833 786
14.4 784
14.4167 782
14.4333 780
14.45 778
14.4667 777
14.4833 775
14.5 773
14.5167 771
14.5333 769
14.55 767
14.5667 765
14.5833 763
14.6 761
14.6167 759
14.6333 757
14.65 755
14.6667 753
14.6833 751
14.7 749
14.7167 746
14.7333 744
14.75 742
14.7667 740
14.7833 738
14.8 735
14.8167 733
14.8333 731
14.85 729
14.8667 726
14.8833 724
14.9 722
14.9167 719
14.9333 717
14.95 715
14.9667 712
14.9833 710
15.0 708
15.0167 706
15.0333 703
15.05 701
15.0667 698
15.0833 696
15.1 693
15.1167 691
15.1333 688
15.15 686
15.1667 683
15.1833 680
15.2 678
15.2167 675
15.2333 672
15.25 670
15.2667 667
15.2833 664
15.3 661
15.3167 659
15.3333 656
15.35 653
15.3667 650
15.3833 648
15.4 645
15.4167 642
15.4333 639
15.45 636
15.4667 633
15.4833 630
15.5 627
15.5167 624
15.5333 622
15.55 619
15.5667 616
15.5833 613
15.6 610
15.6167 607
15.6333 604
15.65 600
15.6667 597
15.6833 594
15.7 591
15.7167 588
15.7333 585
15.75 582
15.7667 579
15.7833 576
15.8 572
15.8167 569
15.8333 566
15.85 563
15.8667 559
15.8833 556
15.9 553
15.9167 550
15.9333 546
15.95 543
15.9667 540
15.9833 536
