9.0 498
9.0167 502
9.0333 505
9.05 509
9.0667 512
9.0833 515
9.1 519
9.1167 522
9.1333 526
9.15 529
9.1667 533
9.1833 536
9.2 540
9.2167 543
9.2333 546
9.25 550
9.2667 553
9.2833 557
9.3 560
9.3167 563
9.3333 567
9.35 570
9.3667 573
9.3833 577
9.4 580
9.4167 583
9.4333 586
9.45 590
9.4667 593
9.4833 596
9.5 600
9.5167 603
9.5333 606
9.55 609
9.5667 612
9.5833 616
9.6 619
9.6167 622
9.6333 625
9.65 628
9.6667 631
9.6833 634
9.7 638
9.7167 641
9.7333 644
9.75 647
9.7667 650
9.7833 653
9.8 656
9.8167 659
9.8333 662
9.85 665
9.8667 668
9.8833 671
9.9 674
9.9167 677
9.9333 680
9.95 683
9.9667 686
9.9833 689
10.0 691
10.0167 694
10.0333 697
10.05 700
10.0667 703
10.0833 706
10.1 708
10.1167 711
10.1333 714
10.15 717
10.1667 719
10.1833 722
10.2 725
10.2167 728
10.2333 730
10.25 733
10.2667 736
10.2833 738
10.3 741
10.3167 744
10.3333 746
10.35 749
10.3667 751
10.3833 754
10.4 756
10.4167 759
10.4333 761
10.45 764
10.4667 766
10.4833 769
10.5 771
10.5167 774
10.5333 776
10.55 779
10.5667 781
10.5833 783
10.6 786
10.6167 788
10.6333 790
10.65 793
10.6667 795
10.6833 797
10.7 799
10.7167 802
10.7333 804
10.75 806
10.7667 808
10.7833 811
10.8 813
10.8167 815
10.8333 817
10.85 819
10.8667 821
10.8833 823
10.9 825
10.9167 827
10.9333 829
10.95 831
10.9667 833
10.9833 835
11.0 837
11.0167 839
11.0333 841
11.05 843
11.0667 845
11.0833 847
11.1 849
11.1167 851
11.1333 852
11.15 854
11.1667 856
11.1833 858
11.2 860
11.2167 861
11.2333 863
11.25 865
11.2667 866
11.2833 868
11.3 870
11.3167 871
11.3333 873
11.35 875
11.3667 876
11.3833 878
11.4 879
11.4167 881
11.4333 882
11.45 884
11.4667 885
11.4833 887
11.5 888
11.5167 890
11.5333 891
11.55 892
11.5667 894
11.5833 895
11.6 896
11.6167 898
11.6333 899
11.65 900
11.6667 902
11.6833 903
11.7 904
11.7167 905
11.7333 906
11.75 907
11.7667 909
11.7833 910
11.8 911
11.8167 912
11.8333 913
11.85 914
11.8667 915
11.8833 916
11.9 917
11.9167 918
11.9333 919
11.95 920
11.9667 921
11.9833 922
12.0 923
12.0167 923
12.0333 924
12.05 925
12.0667 926
12.0833 927
12.1 927
12.1167 928
12.1333 929
12.15 930
12.1667 930
12.1833 931
12.2 932
12.2167 932
12.2333 933
12.25 933
12.2667 934
12.2833 934
12.3 935
12.3167 935
12.3333 936
12.35 936
12.3667 937
12.3833 937
12.4 938
12.4167 938
12.4333 938
12.45 939
12.4667 939
12.4833 939
12.5 940
12.5167 940
12.5333 940
12.55 941
12.5667 941
12.5833 941
12.6 941
12.6167 941
12.6333 941
12.65 942
12.6667 942
12.6833 942
12.7 942
12.7167 942
12.7333 942
12.75 942
12.7667 942
12.7833 942
12.8 942
12.8167 942
12.8333 942
12.85 941
12.8667 941
12.8833 941
12.9 941
12.9167 941
12.9333 941
12.95 940
12.9667 940
12.9833 940
13.0 940
13.0167 939
13.0333 939
13.05 939
13.0667 938
13.0833 938
13.1 937
13.1167 937
13.1333 936
13.15 936
13.1667 936
13.1833 935
13.2 934
13.2167 934
13.2333 933
13.25 933
13.2667 932
13.2833 932
13.3 931
13.3167 930
13.3333 930
13.35 929
13.3667 928
13.3833 927
13.4 927
13.4167 926
13.4333 925
13.45 924
13.4667 923
13.4833 923
13.5 922
13.5167 921
13.5333 920
13.55 919
13.5667 918
13.5833 917
13.6 916
13.6167 915
13.6333 914
13.65 913
13.6667 912
13.6833 911
13.7 910
13.7167 909
13.7333 908
13.75 906
13.7667 905
13.7833 904
13.8 903
13.8167 902
13.8333 900
13.85 899
13.8667 898
13.8833 896
13.9 895
13.9167 894
13.9333 892
13.95 891
13.9667 890
13.9833 888
14.0 887
14.0167 885
14.0333 884
14.05 882
14.0667 881
14.0833 879
14.1 878
14.1167 876
14.1333 875
14.15 873
14.1667 871
14.1833 870
14.2 868
14.2167 867
14.2333 865
14.25 863
14.2667 861
14.2833 860
14.3 858
14.3167 856
14.3333 854
14.35 853
14.3667 851
14.3833 849
14.4 847
14.4167 845
14.4333 843
14.45 841
14.4667 839
14.4833 837
14.5 836
14.5167 834
14.5333 832
14.55 830
14.5667 828
14.5833 825
14.6 823
14.6167 821
14.6333 819
14.65 817
14.6667 815
14.6833 813
14.7 811
14.7167 808
14.7333 806
14.75 804
14.7667 802
14.7833 800
14.8 797
14.8167 795
14.8333 793
14.85 790
14.8667 788
14.8833 786
14.9 783
14.9167 781
14.9333 779
14.95 776
14.9667 774
14.9833 771
15.0 768
15.0167 766
15.0333 764
15.05 761
15.0667 759
15.0833 756
15.1 753
15.1167 751
15.1333 748
15.15 746
15.1667 743
15.1833 741
15.2 738
15.2167 735
15.2333 733
15.25 730
15.2667 727
15.2833 725
15.3 722
15.3167 719
15.3333 716
15.35 714
15.3667 711
15.3833 708
15.4 705
15.4167 702
15.4333 700
15.45 697
15.4667 694
15.4833 691
15.5 688
15.5167 685
15.5333 682
15.55 679
15.5667 676
15.5833 673
15.6 671
15.6167 668
15.6333 665
15.65 662
15.6667 659
15.6833 656
15.7 652
15.7167 649
15.7333 646
15.75 643
15.7667 640
15.7833 637
15.8 634
15.8167 631
15.8333 628
15.85 625
15.8667 621
15.8833 618
15.9 615
15.9167 612
15.9333 609
15.95 606
15.9667 602
15.9833 599
