9.0 514
9.0167 518
9.0333 521
9.05 525
9.0667 529
9.0833 532
9.1 536
9.1167 539
9.1333 543
9.15 546
9.1667 550
9.1833 553
9.2 557
9.2167 560
9.2333 564
9.25 567
9.2667 571
9.2833 574
9.3 578
9.3167 581
9.3333 584
9.35 588
9.3667 591
9.3833 595
9.4 598
9.4167 601
9.4333 605
9.45 608
9.4667 611
9.4833 615
9.5 618
9.5167 621
9.5333 625
9.55 628
9.5667 631
9.5833 634
9.6 638
9.6167 641
9.6333 644
9.65 647
9.6667 650
9.6833 654
9.7 657
9.7167 660
9.7333 663
9.75 666
9.7667 669
9.7833 672
9.8 676
9.8167 679
9.8333 682
9.85 685
9.8667 688
9.8833 691
9.9 694
9.9167 697
9.9333 700
9.95 703
9.9667 706
9.9833 709
10.0 711
10.0167 714
10.0333 717
10.05 720
10.0667 723
10.0833 726
10.1 729
10.1167 732
10.1333 734
10.15 737
10.1667 740
10.1833 743
10.2 745
10.2167 748
10.2333 751
10.25 754
10.2667 756
10.2833 759
10.3 762
10.3167 764
10.3333 767
10.35 769
10.3667 772
10.3833 775
10.4 777
10.4167 780
10.4333 782
10.45 785
10.4667 787
10.4833 790
10.5 792
10.5167 795
10.5333 797
10.55 800
10.5667 802
10.5833 804
10.6 807
10.6167 809
10.6333 811
10.65 814
10.6667 816
10.6833 818
10.7 821
10.7167 823
10.7333 825
10.75 827
10.7667 830
10.7833 832
10.8 834
10.8167 836
10.8333 838
10.85 840
10.8667 842
10.8833 844
10.9 847
10.9167 849
10.9333 851
10.95 853
10.9667 855
10.9833 857
11.0 859
11.0167 860
11.0333 862
11.05 864
11.0667 866
11.0833 868
11.1 870
11.1167 872
11.1333 874
11.15 875
11.1667 877
11.1833 879
11.2 881
11.2167 882
11.2333 884
11.25 886
11.2667 887
11.2833 889
11.3 891
11.3167 892
11.3333 894
11.35 896
11.3667 897
11.3833 899
11.4 900
11.4167 902
11.4333 903
11.45 905
11.4667 906
11.4833 908
11.5 909
11.5167 910
11.5333 912
11.55 913
11.5667 914
11.5833 916
11.6 917
11.6167 918
11.6333 920
11.65 921
11.6667 922
11.6833 923
11.7 924
11.7167 926
11.7333 927
11.75 928
11.7667 929
11.7833 930
11.8 931
11.8167 932
11.8333 933
11.85 934
11.8667 935
11.8833 936
11.9 937
11.9167 938
11.9333 939
11.95 940
11.9667 941
11.9833 942
12.0 942
12.0167 943
12.0333 944
12.05 945
12.0667 946
12.0833 946
12.1 947
12.1167 948
12.1333 948
12.15 949
12.1667 950
12.1833 950
12.2 951
12.2167 951
12.2333 952
12.25 953
12.2667 953
12.2833 954
12.3 954
12.3167 955
12.3333 955
12.35 955
12.3667 956
12.3833 956
12.4 957
12.4167 957
12.4333 957
12.45 958
12.4667 958
12.4833 958
12.5 958
12.5167 959
12.5333 959
12.55 959
12.5667 959
12.5833 959
12.6 959
12.6167 959
12.6333 959
12.65 960
12.6667 960
12.6833 960
12.7 960
12.7167 960
12.7333 960
12.75 959
12.7667 959
12.7833 959
12.8 959
12.8167 959
12.8333 959
12.85 959
12.8667 959
12.8833 958
12.9 958
12.9167 958
12.9333 958
12.95 957
12.9667 957
12.9833 957
13.0 956
13.0167 956
13.0333 955
13.05 955
13.0667 955
13.0833 954
13.1 954
13.1167 953
13.1333 953
13.15 952
13.1667 951
13.1833 951
13.2 950
13.2167 950
13.2333 949
13.25 948
13.2667 948
13.2833 947
13.3 946
13.3167 946
13.3333 945
13.35 944
13.3667 943
13.3833 942
13.4 942
13.4167 941
13.4333 940
13.45 939
13.4667 938
13.4833 937
13.5 936
13.5167 935
13.5333 934
13.55 933
13.5667 932
13.5833 931
13.6 930
13.6167 929
13.6333 928
13.65 927
13.6667 926
13.6833 924
13.7 923
13.7167 922
13.7333 921
13.75 920
13.7667 918
13.7833 917
13.8 916
13.8167 914
13.8333 913
13.85 912
13.8667 910
13.8833 909
13.9 908
13.9167 906
13.9333 905
13.95 903
13.9667 902
13.9833 900
14.0 899
14.0167 897
14.0333 896
14.05 894
14.0667 892
14.0833 891
14.1 889
14.1167 887
14.1333 886
14.15 884
14.1667 882
14.1833 881
14.2 879
14.2167 877
14.2333 875
14.25 874
14.2667 872
14.2833 870
14.3 868
14.3167 866
14.3333 864
14.35 862
14.3667 860
14.3833 859
14.4 857
14.4167 855
14.4333 853
14.45 851
14.4667 849
14.4833 846
14.5 844
14.5167 842
14.5333 840
14.55 838
14.5667 836
14.5833 834
14.6 832
14.6167 829
14.6333 827
14.65 825
14.6667 823
14.6833 821
14.7 818
14.7167 816
14.7333 814
14.75 811
14.7667 809
14.7833 807
14.8 804
14.8167 802
14.8333 800
14.85 797
14.8667 795
14.8833 792
14.9 790
14.9167 787
14.9333 785
14.95 782
14.9667 780
14.9833 777
15.0 774
15.0167 771
15.0333 769
15.05 766
15.0667 763
15.0833 761
15.1 758
15.1167 755
15.1333 753
15.15 750
15.1667 747
15.1833 745
15.2 742
15.2167 739
15.2333 736
15.25 734
15.2667 731
15.2833 728
15.3 725
15.3167 722
15.3333 719
15.35 716
15.3667 714
15.3833 711
15.4 708
15.4167 705
15.4333 702
15.45 699
15.4667 696
15.4833 693
15.5 690
15.5167 687
15.5333 684
15.55 681
15.5667 678
15.5833 675
15.6 672
15.6167 669
15.6333 665
15.65 662
15.6667 659
15.6833 656
15.7 653
15.7167 650
15.7333 646
15.75 643
15.7667 640
15.7833 637
15.8 634
15.8167 630
15.8333 627
15.85 624
15.8667 620
15.8833 617
15.9 614
15.9167 611
15.9333 607
15.95 604
15.9667 601
15.9833 597
