9.0 380
9.0167 382
9.0333 386
9.05 389
9.0667 392
9.0833 396
9.1 399
9.1167 402
9.1333 405
9.15 409
9.1667 412
9.1833 415
9.2 418
9.2167 422
9.2333 425
9.25 428
9.2667 431
9.2833 435
9.3 438
9.3167 441
9.3333 444
9.35 447
9.3667 450
9.3833 453
9.4 457
9.4167 460
9.4333 463
9.45 466
9.4667 469
9.4833 472
9.5 475
9.5167 478
9.5333 481
9.55 484
9.5667 487
9.5833 490
9.6 493
9.6167 496
9.6333 499
9.65 502
9.6667 505
9.6833 508
9.7 511
9.7167 514
9.7333 516
9.75 519
9.7667 522
9.7833 525
9.8 528
9.8167 531
9.8333 533
9.85 536
9.8667 539
9.8833 542
9.9 544
9.9167 547
9.9333 550
9.95 553
9.9667 555
9.9833 558
10.0 560
10.0167 563
10.0333 566
10.05 568
10.0667 571
10.0833 574
10.1 576
10.1167 579
10.1333 581
10.15 584
10.1667 586
10.1833 589
10.2 591
10.2167 594
10.2333 596
10.25 598
10.2667 601
10.2833 603
10.3 606
10.3167 608
10.3333 610
10.35 613
10.3667 615
10.3833 617
10.4 619
10.4167 622
10.4333 624
10.45 626
10.4667 628
10.4833 631
10.5 633
10.5167 635
10.5333 637
10.55 639
10.5667 641
10.5833 643
10.6 645
10.6167 647
10.6333 650
10.65 652
10.6667 654
10.6833 656
10.7 657
10.7167 659
10.7333 661
10.75 663
10.7667 665
10.7833 667
10.8 669
10.8167 671
10.8333 673
10.85 674
10.8667 676
10.8833 678
10.9 680
10.9167 681
10.9333 683
10.95 685
10.9667 687
10.9833 688
11.0 690
11.0167 692
11.0333 693
11.05 695
11.0667 696
11.0833 698
11.1 699
11.1167 701
11.1333 702
11.15 704
11.1667 705
11.1833 707
11.2 708
11.2167 710
11.2333 711
11.25 712
11.2667 714
11.2833 715
11.3 716
11.3167 718
11.3333 719
11.35 720
11.3667 722
11.3833 723
11.4 724
11.4167 725
11.4333 726
11.45 727
11.4667 729
11.4833 730
11.5 731
11.5167 732
11.5333 733
11.55 734
11.5667 735
11.5833 736
11.6 737
11.6167 738
11.6333 739
11.65 740
11.6667 741
11.6833 741
11.7 742
11.7167 743
11.7333 744
11.75 745
11.7667 745
11.7833 746
11.8 747
11.8167 748
11.8333 748
11.85 749
11.8667 750
11.8833 750
11.9 751
11.9167 752
11.9333 752
11.95 753
11.9667 753
11.9833 754
12.0 754
12.0167 755
12.0333 755
12.05 756
12.0667 756
12.0833 756
12.1 757
12.1167 757
12.1333 758
12.15 758
12.1667 758
12.1833 758
12.2 759
12.2167 759
12.2333 759
12.25 759
12.2667 760
12.2833 760
12.3 760
12.3167 760
12.3333 760
12.35 760
12.3667 760
12.3833 760
12.4 760
12.4167 760
12.4333 760
12.45 760
12.4667 760
12.4833 760
12.5 760
12.5167 760
12.5333 760
12.55 760
12.5667 759
12.5833 759
12.6 759
12.6167 759
12.6333 759
12.65 758
12.6667 758
12.6833 758
12.7 757
12.7167 757
12.7333 757
12.75 756
12.7667 756
12.7833 755
12.8 755
12.8167 754
12.8333 754
12.85 753
12.8667 753
12.8833 752
12.9 752
12.9167 751
12.9333 751
12.95 750
12.9667 749
12.9833 749
13.0 748
13.0167 747
13.0333 746
13.05 746
13.0667 745
13.0833 744
13.1 743
13.1167 743
13.1333 742
13.15 741
13.1667 740
13.1833 739
13.2 738
13.2167 737
13.2333 736
13.25 735
13.2667 734
13.2833 733
13.3 732
13.3167 731
13.3333 730
13.35 729
13.3667 728
13.3833 727
13.4 725
13.4167 724
13.4333 723
13.45 722
13.4667 721
13.4833 719
13.5 718
13.5167 717
13.5333 716
13.55 714
13.5667 713
13.5833 712
13.6 710
13.6167 709
13.6333 707
13.65 706
13.6667 704
13.6833 703
13.7 701
13.7167 700
13.7333 698
13.75 697
13.7667 695
13.7833 694
13.8 692
13.8167 690
13.8333 689
13.85 687
13.8667 685
13.8833 684
13.9 682
13.9167 680
13.9333 679
13.95 677
13.9667 675
13.9833 673
14.0 671
14.0167 670
14.0333 668
14.05 666
14.0667 664
14.0833 662
14.1 660
14.1167 658
14.1333 656
14.15 654
14.1667 652
14.1833 650
14.2 648
14.2167 646
14.2333 644
14.25 642
14.2667 640
14.2833 638
14.3 636
14.3167 633
14.3333 631
14.35 629
14.3667 627
14.3833 625
14.4 622
14.4167 620
14.4333 618
14.45 616
14.4667 613
14.4833 611
14.5 609
14.5167 606
14.5333 604
14.55 602
14.5667 599
14.5833 597
14.6 594
14.6167 592
14.6333 589
14.65 587
14.6667 584
14.6833 582
14.7 579
14.7167 577
14.7333 574
14.75 572
14.7667 569
14.7833 567
14.8 564
14.8167 561
14.8333 559
14.85 556
14.8667 553
14.8833 551
14.9 548
14.9167 545
14.9333 543
14.95 540
14.9667 537
14.9833 534
15.0 531
15.0167 528
15.0333 525
15.05 522
15.0667 519
15.0833 517
15.1 514
15.1167 511
15.1333 508
15.15 505
15.1667 502
15.1833 499
15.2 496
15.2167 493
15.2333 490
15.25 487
15.2667 484
15.2833 481
15.3 478
15.3167 475
15.3333 472
15.35 469
15.3667 466
15.3833 463
15.4 460
15.4167 457
15.4333 454
15.45 451
15.4667 447
15.4833 444
15.5 441
15.5167 438
15.5333 435
15.55 432
15.5667 428
15.5833 425
15.6 422
15.6167 419
15.6333 415
15.65 412
15.6667 409
15.6833 406
15.7 402
15.7167 399
15.7333 396
15.75 392
15.7667 389
15.7833 386
15.8 383
15.8167 379
15.8333 376
15.85 372
15.8667 369
15.8833 366
15.9 362
15.9167 359
15.9333 356
15.95 352
15.9667 349
15.9833 345
