9.0 371
9.0167 374
9.0333 377
9.05 380
9.0667 384
9.0833 387
9.1 390
9.1167 393
9.1333 397
9.15 400
9.1667 403
9.1833 406
9.2 409
9.2167 413
9.2333 416
9.25 419
9.2667 422
9.2833 425
9.3 428
9.3167 431
9.3333 435
9.35 438
9.3667 441
9.3833 444
9.4 447
9.4167 450
9.4333 453
9.45 456
9.4667 459
9.4833 462
9.5 465
9.5167 468
9.5333 471
9.55 474
9.5667 477
9.5833 480
9.6 483
9.6167 486
9.6333 489
9.65 492
9.6667 495
9.6833 498
9.7 500
9.7167 503
9.7333 506
9.75 509
9.7667 512
9.7833 515
9.8 517
9.8167 520
9.8333 523
9.85 526
9.8667 528
9.8833 531
9.9 534
9.9167 536
9.9333 539
9.95 542
9.9667 544
9.9833 547
10.0 550
10.0167 552
10.0333 555
10.05 558
10.0667 560
10.0833 563
10.1 565
10.1167 568
10.1333 570
10.15 573
10.1667 575
10.1833 578
10.2 580
10.2167 582
10.2333 585
10.25 587
10.2667 590
10.2833 592
10.3 594
10.3167 597
10.3333 599
10.35 601
10.3667 604
10.3833 606
10.4 608
10.4167 610
10.4333 613
10.45 615
10.4667 617
10.4833 619
10.5 621
10.5167 624
10.5333 626
10.55 628
10.5667 630
10.5833 632
10.6 634
10.6167 636
10.6333 638
10.65 640
10.6667 642
10.6833 644
10.7 646
10.7167 648
10.7333 650
10.75 652
10.7667 654
10.7833 655
10.8 657
10.8167 659
10.8333 661
10.85 663
10.8667 665
10.8833 666
10.9 668
10.9167 670
10.9333 672
10.95 673
10.9667 675
10.9833 677
11.0 678
11.0167 680
11.0333 681
11.05 683
11.0667 685
11.0833 686
11.1 688
11.1167 689
11.1333 691
11.15 692
11.1667 694
11.1833 695
11.2 696
11.2167 698
11.2333 699
11.25 701
11.2667 702
11.2833 703
11.3 705
11.3167 706
11.3333 707
11.35 708
11.3667 710
11.3833 711
11.4 712
11.4167 713
11.4333 714
11.45 715
11.4667 717
11.4833 718
11.5 719
11.5167 720
11.5333 721
11.55 722
11.5667 723
11.5833 724
11.6 725
11.6167 726
11.6333 727
11.65 728
11.6667 729
11.6833 729
11.7 730
11.7167 731
11.7333 732
11.75 733
11.7667 733
11.7833 734
11.8 735
11.8167 736
11.8333 736
11.85 737
11.8667 738
11.8833 738
11.9 739
11.9167 739
11.9333 740
11.95 741
11.9667 741
11.9833 742
12.0 742
12.0167 743
12.0333 743
12.05 744
12.0667 744
12.0833 744
12.1 745
12.1167 745
12.1333 745
12.15 746
12.1667 746
12.1833 746
12.2 747
12.2167 747
12.2333 747
12.25 747
12.2667 747
12.2833 748
12.3 748
12.3167 748
12.3333 748
12.35 748
12.3667 748
12.3833 748
12.4 748
12.4167 748
12.4333 748
12.45 748
12.4667 748
12.4833 748
12.5 748
12.5167 748
12.5333 748
12.55 747
12.5667 747
12.5833 747
12.6 747
12.6167 747
12.6333 746
12.65 746
12.6667 746
12.6833 745
12.7 745
12.7167 745
12.7333 744
12.75 744
12.7667 744
12.7833 743
12.8 743
12.8167 742
12.8333 742
12.85 741
12.8667 741
12.8833 740
12.9 740
12.9167 739
12.9333 738
12.95 738
12.9667 737
12.9833 736
13.0 736
13.0167 735
13.0333 734
13.05 734
13.0667 733
13.0833 732
13.1 731
13.1167 730
13.1333 729
13.15 729
13.1667 728
13.1833 727
13.2 726
13.2167 725
13.2333 724
13.25 723
13.2667 722
13.2833 721
13.3 720
13.3167 719
13.3333 718
13.35 717
13.3667 716
13.3833 714
13.4 713
13.4167 712
13.4333 711
13.45 710
13.4667 708
13.4833 707
13.5 706
13.5167 705
13.5333 703
13.55 702
13.5667 701
13.5833 699
13.6 698
13.6167 697
13.6333 695
13.65 694
13.6667 692
13.6833 691
13.7 689
13.7167 688
13.7333 686
13.75 685
13.7667 683
13.7833 682
13.8 680
13.8167 678
13.8333 677
13.85 675
13.8667 673
13.8833 672
13.9 670
13.9167 668
13.9333 667
13.95 665
13.9667 663
13.9833 661
14.0 659
14.0167 658
14.0333 656
14.05 654
14.0667 652
14.0833 650
14.1 648
14.1167 646
14.1333 644
14.15 642
14.1667 640
14.1833 638
14.2 636
14.2167 634
14.2333 632
14.25 630
14.2667 628
14.2833 626
14.3 624
14.3167 622
14.3333 619
14.35 617
14.3667 615
14.3833 613
14.4 611
14.4167 608
14.4333 606
14.45 604
14.4667 602
14.4833 599
14.5 597
14.5167 595
14.5333 592
14.55 590
14.5667 588
14.5833 585
14.6 583
14.6167 580
14.6333 578
14.65 575
14.6667 573
14.6833 570
14.7 568
14.7167 565
14.7333 563
14.75 560
14.7667 558
14.7833 555
14.8 553
14.8167 550
14.8333 547
14.85 545
14.8667 542
14.8833 539
14.9 537
14.9167 534
14.9333 531
14.95 529
14.9667 526
14.9833 523
15.0 520
15.0167 517
15.0333 514
15.05 511
15.0667 508
15.0833 506
15.1 503
15.1167 500
15.1333 497
15.15 494
15.1667 491
15.1833 488
15.2 485
15.2167 482
15.2333 480
15.25 477
15.2667 474
15.2833 471
15.3 468
15.3167 465
15.3333 462
15.35 459
15.3667 456
15.3833 453
15.4 450
15.4167 446
15.4333 443
15.45 440
15.4667 437
15.4833 434
15.5 431
15.5167 428
15.5333 425
15.55 422
15.5667 418
15.5833 415
15.6 412
15.6167 409
15.6333 406
15.65 402
15.6667 399
15.6833 396
15.7 393
15.7167 390
15.7333 386
15.75 383
15.7667 380
15.7833 377
15.8 373
15.8167 370
15.8333 367
15.85 363
15.8667 360
15.8833 357
15.9 353
15.9167 350
15.9333 347
15.95 343
15.9667 340
15.9833 337
