9.0 241
9.0167 244
9.0333 247
9.05 250
9.0667 253
9.0833 256
9.1 259
9.1167 262
9.1333 265
9.15 268
9.1667 271
9.1833 274
9.2 277
9.2167 280
9.2333 283
9.25 286
9.2667 289
9.2833 292
9.3 295
9.3167 297
9.3333 300
9.35 303
9.3667 306
9.3833 309
9.4 312
9.4167 315
9.4333 318
9.45 321
9.4667 324
9.4833 327
9.5 329
9.5167 332
9.5333 335
9.55 338
9.5667 341
9.5833 344
9.6 346
9.6167 349
9.6333 352
9.65 355
9.6667 358
9.6833 360
9.7 363
9.7167 366
9.7333 369
9.75 371
9.7667 374
9.7833 377
9.8 379
9.8167 382
9.8333 385
9.85 388
9.8667 390
9.8833 393
9.9 395
9.9167 398
9.9333 401
9.95 403
9.9667 406
9.9833 409
10.0 411
10.0167 414
10.0333 416
10.05 419
10.0667 421
10.0833 424
10.1 426
10.1167 429
10.1333 431
10.15 434
10.1667 436
10.1833 439
10.2 441
10.2167 443
10.2333 446
10.25 448
10.2667 451
10.2833 453
10.3 455
10.3167 458
10.3333 460
10.35 462
10.3667 465
10.3833 467
10.4 469
10.4167 471
10.4333 474
10.45 476
10.4667 478
10.4833 480
10.5 482
10.5167 485
10.5333 487
10.55 489
10.5667 491
10.5833 493
10.6 495
10.6167 497
10.6333 499
10.65 501
10.6667 503
10.6833 505
10.7 507
10.7167 509
10.7333 511
10.75 513
10.7667 515
10.7833 517
10.8 519
10.8167 521
10.8333 523
10.85 525
10.8667 527
10.8833 528
10.9 530
10.9167 532
10.9333 534
10.95 536
10.9667 537
10.9833 539
11.0 541
11.0167 542
11.0333 544
11.05 546
11.0667 547
11.0833 549
11.1 551
11.1167 552
11.1333 554
11.15 555
11.1667 557
11.1833 559
11.2 560
11.2167 562
11.2333 563
11.25 564
11.2667 566
11.2833 567
11.3 569
11.3167 570
11.3333 572
11.35 573
11.3667 574
11.3833 576
11.4 577
11.4167 578
11.4333 579
11.45 581
11.4667 582
11.4833 583
11.5 584
11.5167 586
11.5333 587
11.55 588
11.5667 589
11.5833 590
11.6 591
11.6167 592
11.6333 593
11.65 594
11.6667 595
11.6833 596
11.7 597
11.7167 598
11.7333 599
11.75 600
11.7667 601
11.7833 602
11.8 603
11.8167 604
11.8333 605
11.85 606
11.8667 606
11.8833 607
11.9 608
11.9167 609
11.9333 609
11.95 610
11.9667 611
11.9833 612
12.0 612
12.0167 613
12.0333 613
12.05 614
12.0667 615
12.0833 615
12.1 616
12.1167 616
12.1333 617
12.15 617
12.1667 618
12.1833 618
12.2 619
12.2167 619
12.2333 620
12.25 620
12.2667 620
12.2833 621
12.3 621
12.3167 621
12.3333 622
12.35 622
12.3667 622
12.3833 622
12.4 622
12.4167 623
12.4333 623
12.45 623
12.4667 623
12.4833 623
12.5 623
12.5167 623
12.5333 624
12.55 624
12.5667 624
12.5833 624
12.6 624
12.6167 624
12.6333 624
12.65 623
12.6667 623
12.6833 623
12.7 623
12.7167 623
12.7333 623
12.75 623
12.7667 622
12.7833 622
12.8 622
12.8167 622
12.8333 621
12.85 621
12.8667 621
12.8833 621
12.9 620
12.9167 620
12.9333 619
12.95 619
12.9667 619
12.9833 618
13.0 618
13.0167 617
13.0333 617
13.05 616
13.0667 616
13.0833 615
13.1 615
13.1167 614
13.1333 613
13.15 613
13.1667 612
13.1833 611
13.2 611
13.2167 610
13.2333 609
13.25 609
13.2667 608
13.2833 607
13.3 606
13.3167 605
13.3333 605
13.35 604
13.3667 603
13.3833 602
13.4 601
13.4167 600
13.4333 599
13.45 598
13.4667 597
13.4833 596
13.5 595
13.5167 594
13.5333 593
13.55 592
13.5667 591
13.5833 590
13.6 589
13.6167 588
13.6333 587
13.65 585
13.6667 584
13.6833 583
13.7 582
13.7167 581
13.7333 579
13.75 578
13.7667 577
13.7833 575
13.8 574
13.8167 573
13.8333 571
13.85 570
13.8667 569
13.8833 567
13.9 566
13.9167 564
13.9333 563
13.95 561
13.9667 560
13.9833 558
14.0 557
14.0167 555
14.0333 554
14.05 552
14.0667 550
14.0833 549
14.1 547
14.1167 546
14.1333 544
14.15 542
14.1667 540
14.1833 539
14.2 537
14.2167 535
14.2333 533
14.25 532
14.2667 530
14.2833 528
14.3 526
14.3167 524
14.3333 523
14.35 521
14.3667 519
14.3833 517
14.4 515
14.4167 513
14.4333 511
14.45 509
14.4667 507
14.4833 505
14.5 503
14.5167 501
14.5333 499
14.55 497
14.5667 495
14.5833 493
14.6 491
14.6167 488
14.6333 486
14.65 484
14.6667 482
14.6833 480
14.7 478
14.7167 475
14.7333 473
14.75 471
14.7667 469
14.7833 466
14.8 464
14.8167 462
14.8333 460
14.85 457
14.8667 455
14.8833 453
14.9 450
14.9167 448
14.9333 445
14.95 443
14.9667 441
14.9833 438
15.0 436
15.0167 433
15.0333 431
15.05 428
15.0667 426
15.0833 423
15.1 421
15.1167 418
15.1333 416
15.15 413
15.1667 411
15.1833 408
15.2 406
15.2167 403
15.2333 400
15.25 398
15.2667 395
15.2833 393
15.3 390
15.3167 387
15.3333 385
15.35 382
15.3667 379
15.3833 376
15.4 374
15.4167 371
15.4333 368
15.45 366
15.4667 363
15.4833 360
15.5 357
15.5167 354
15.5333 352
15.55 349
15.5667 346
15.5833 343
15.6 340
15.6167 338
15.6333 335
15.65 332
15.6667 329
15.6833 326
15.7 323
15.7167 320
15.7333 318
15.75 315
15.7667 312
15.7833 309
15.8 306
15.8167 303
15.8333 300
15.85 297
15.8667 294
15.8833 291
15.9 288
15.9167 285
15.9333 282
15.95 279
15.9667 276
15.9833 274
