9.0 224
9.0167 228
9.0333 231
9.05 234
9.0667 237
9.0833 241
9.1 244
9.1167 247
9.1333 250
9.15 253
9.1667 257
9.1833 260
9.2 263
9.2167 266
9.2333 270
9.25 273
9.2667 276
9.2833 279
9.3 282
9.3167 286
9.3333 289
9.35 292
9.3667 295
9.3833 298
9.4 301
9.4167 305
9.4333 308
9.45 311
9.4667 314
9.4833 317
9.5 320
9.5167 323
9.5333 327
9.55 330
9.5667 333
9.5833 336
9.6 339
9.6167 342
9.6333 345
9.65 348
9.6667 351
9.6833 354
9.7 357
9.7167 360
9.7333 363
9.75 366
9.7667 370
9.7833 372
9.8 375
9.8167 378
9.8333 381
9.85 384
9.8667 387
9.8833 390
9.9 393
9.9167 396
9.9333 399
9.95 402
9.9667 405
9.9833 408
10.0 411
10.0167 414
10.0333 416
10.05 419
10.0667 422
10.0833 425
10.1 428
10.1167 431
10.1333 433
10.15 436
10.1667 439
10.1833 442
10.2 444
10.2167 447
10.2333 450
10.25 453
10.2667 455
10.2833 458
10.3 461
10.3167 463
10.3333 466
10.35 469
10.3667 471
10.3833 474
10.4 476
10.4167 479
10.4333 481
10.45 484
10.4667 487
10.4833 489
10.5 492
10.5167 494
10.5333 497
10.55 499
10.5667 501
10.5833 504
10.6 506
10.6167 509
10.6333 511
10.65 514
10.6667 516
10.6833 518
10.7 521
10.7167 523
10.7333 525
10.75 527
10.7667 530
10.7833 532
10.8 534
10.8167 537
10.8333 539
10.85 541
10.8667 543
10.8833 545
10.9 547
10.9167 550
10.9333 552
10.95 554
10.9667 556
10.9833 558
11.0 560
11.0167 562
11.0333 564
11.05 566
11.0667 568
11.0833 570
11.1 572
11.1167 574
11.1333 576
11.15 578
11.1667 580
11.1833 582
11.2 583
11.2167 585
11.2333 587
11.25 589
11.2667 591
11.2833 592
11.3 594
11.3167 596
11.3333 598
11.35 599
11.3667 601
11.3833 603
11.4 604
11.4167 606
11.4333 608
11.45 609
11.4667 611
11.4833 612
11.5 614
11.5167 616
11.5333 617
11.55 619
11.5667 620
11.5833 621
11.6 623
11.6167 624
11.6333 626
11.65 627
11.6667 629
11.6833 630
11.7 631
11.7167 633
11.7333 634
11.75 635
11.7667 636
11.7833 638
11.8 639
11.8167 640
11.8333 641
11.85 642
11.8667 644
11.8833 645
11.9 646
11.9167 647
11.9333 648
11.95 649
11.9667 650
11.9833 651
12.0 652
12.0167 653
12.0333 654
12.05 655
12.0667 656
12.0833 657
12.1 658
12.1167 659
12.1333 659
12.15 660
12.1667 661
12.1833 662
12.2 663
12.2167 663
12.2333 664
12.25 665
12.2667 666
12.2833 666
12.3 667
12.3167 668
12.3333 668
12.35 669
12.3667 669
12.3833 670
12.4 670
12.4167 671
12.4333 672
12.45 672
12.4667 672
12.4833 673
12.5 673
12.5167 674
12.5333 674
12.55 675
12.5667 675
12.5833 675
12.6 676
12.6167 676
12.6333 676
12.65 676
12.6667 677
12.6833 677
12.7 677
12.7167 677
12.7333 677
12.75 678
12.7667 678
12.7833 678
12.8 678
12.8167 678
12.8333 678
12.85 678
12.8667 678
12.8833 678
12.9 678
12.9167 678
12.9333 678
12.95 678
12.9667 678
12.9833 677
13.0 677
13.0167 677
13.0333 677
13.05 677
13.0667 676
13.0833 676
13.1 676
13.1167 676
13.1333 675
13.15 675
13.1667 675
13.1833 674
13.2 674
13.2167 674
13.2333 673
13.25 673
13.2667 672
13.2833 672
13.3 671
13.3167 671
13.3333 670
13.35 670
13.3667 669
13.3833 669
13.4 668
13.4167 667
13.4333 667
13.45 666
13.4667 665
13.4833 665
13.5 664
13.5167 663
13.5333 662
13.55 662
13.5667 661
13.5833 660
13.6 659
13.6167 658
13.6333 657
13.65 656
13.6667 655
13.6833 655
13.7 654
13.7167 653
13.7333 652
13.75 651
13.7667 650
13.7833 649
13.8 647
13.8167 646
13.8333 645
13.85 644
13.8667 643
13.8833 642
13.9 641
13.9167 639
13.9333 638
13.95 637
13.9667 636
13.9833 635
14.0 633
14.0167 632
14.0333 631
14.05 629
14.0667 628
14.0833 627
14.1 625
14.1167 624
14.1333 622
14.15 621
14.1667 619
14.1833 618
14.2 616
14.2167 615
14.2333 613
14.25 612
14.2667 610
14.2833 609
14.3 607
14.3167 605
14.3333 604
14.35 602
14.3667 600
14.3833 599
14.4 597
14.4167 595
14.4333 593
14.45 592
14.4667 590
14.4833 588
14.5 586
14.5167 584
14.5333 583
14.55 581
14.5667 579
14.5833 577
14.6 575
14.6167 573
14.6333 571
14.65 569
14.6667 567
14.6833 565
14.7 563
14.7167 561
14.7333 559
14.75 557
14.7667 555
14.7833 553
14.8 551
14.8167 549
14.8333 546
14.85 544
14.8667 542
14.8833 540
14.9 538
14.9167 535
14.9333 533
14.95 531
14.9667 529
14.9833 526
15.0 525
15.0167 523
15.0333 520
15.05 518
15.0667 516
15.0833 513
15.1 511
15.1167 509
15.1333 506
15.15 504
15.1667 501
15.1833 499
15.2 496
15.2167 494
15.2333 491
15.25 489
15.2667 486
15.2833 484
15.3 481
15.3167 479
15.3333 476
15.35 473
15.3667 471
15.3833 468
15.4 466
15.4167 463
15.4333 460
15.45 458
15.4667 455
15.4833 452
15.5 450
15.5167 447
15.5333 444
15.55 441
15.5667 439
15.5833 436
15.6 433
15.6167 430
15.6333 427
15.65 425
15.6667 422
15.6833 419
15.7 416
15.7167 413
15.7333 410
15.75 407
15.7667 405
15.7833 402
15.8 399
15.8167 396
15.8333 393
15.85 390
15.8667 387
15.8833 384
15.9 381
15.9167 378
15.9333 375
15.95 372
15.9667 369
15.9833 366
