9.0 370
9.0167 375
9.0333 378
9.05 382
9.0667 386
9.0833 389
9.1 393
9.1167 396
9.1333 400
9.15 404
9.1667 407
9.1833 411
9.2 414
9.2167 418
9.2333 421
9.25 425
9.2667 428
9.2833 432
9.3 436
9.3167 439
9.3333 443
9.35 446
9.3667 450
9.3833 453
9.4 456
9.4167 460
9.4333 463
9.45 467
9.4667 470
9.4833 474
9.5 477
9.5167 481
9.5333 484
9.55 487
9.5667 491
9.5833 494
9.6 497
9.6167 501
9.6333 504
9.65 508
9.6667 511
9.6833 514
9.7 517
9.7167 521
9.7333 524
9.75 527
9.7667 531
9.7833 534
9.8 537
9.8167 540
9.8333 543
9.85 547
9.8667 550
9.8833 553
9.9 556
9.9167 559
9.9333 562
9.95 566
9.9667 569
9.9833 572
10.0 575
10.0167 578
10.0333 581
10.05 584
10.0667 587
10.0833 590
10.1 593
10.1167 596
10.1333 599
10.15 602
10.1667 605
10.1833 608
10.2 611
10.2167 614
10.2333 617
10.25 620
10.2667 623
10.2833 625
10.3 628
10.3167 631
10.3333 634
10.35 637
10.3667 639
10.3833 642
10.4 645
10.4167 648
10.4333 650
10.45 653
10.4667 656
10.4833 659
10.5 661
10.5167 664
10.5333 666
10.55 669
10.5667 672
10.5833 674
10.6 677
10.6167 679
10.6333 682
10.65 685
10.6667 687
10.6833 689
10.7 692
10.7167 694
10.7333 697
10.75 699
10.7667 702
10.7833 704
10.8 706
10.8167 709
10.8333 711
10.85 714
10.8667 716
10.8833 718
10.9 720
10.9167 723
10.9333 725
10.95 727
10.9667 729
10.9833 732
11.0 734
11.0167 736
11.0333 738
11.05 740
11.0667 742
11.0833 744
11.1 746
11.1167 748
11.1333 750
11.15 752
11.1667 754
11.1833 756
11.2 758
11.2167 760
11.2333 762
11.25 764
11.2667 766
11.2833 768
11.3 770
11.3167 772
11.3333 773
11.35 775
11.3667 777
11.3833 779
11.4 780
11.4167 782
11.4333 784
11.45 786
11.4667 787
11.4833 789
11.5 790
11.5167 792
11.5333 794
11.55 795
11.5667 797
11.5833 798
11.6 800
11.6167 801
11.6333 803
11.65 804
11.6667 806
11.6833 807
11.7 809
11.7167 810
11.7333 811
11.75 813
11.7667 814
11.7833 815
11.8 817
11.8167 818
11.8333 819
11.85 820
11.8667 821
11.8833 823
11.9 824
11.9167 825
11.9333 826
11.95 827
11.9667 828
11.9833 829
12.0 830
12.0167 831
12.0333 832
12.05 833
12.0667 834
12.0833 835
12.1 836
12.1167 837
12.1333 838
12.15 839
12.1667 840
12.1833 841
12.2 841
12.2167 842
12.2333 843
12.25 844
12.2667 844
12.2833 845
12.3 846
12.3167 846
12.3333 847
12.35 848
12.3667 848
12.3833 849
12.4 849
12.4167 850
12.4333 850
12.45 851
12.4667 851
12.4833 852
12.5 852
12.5167 853
12.5333 853
12.55 854
12.5667 854
12.5833 854
12.6 855
12.6167 855
12.6333 855
12.65 855
12.6667 856
12.6833 856
12.7 856
12.7167 856
12.7333 856
12.75 856
12.7667 857
12.7833 857
12.8 857
12.8167 857
12.8333 857
12.85 857
12.8667 857
12.8833 857
12.9 857
12.9167 857
12.9333 857
12.95 856
12.9667 856
12.9833 856
13.0 856
13.0167 856
13.0333 856
13.05 855
13.0667 855
13.0833 855
13.1 855
13.1167 854
13.1333 854
13.15 854
13.1667 853
13.1833 853
13.2 852
13.2167 852
13.2333 851
13.25 851
13.2667 850
13.2833 850
13.3 849
13.3167 849
13.3333 848
13.35 848
13.3667 847
13.3833 846
13.4 846
13.4167 845
13.4333 844
13.45 844
13.4667 843
13.4833 842
13.5 841
13.5167 840
13.5333 840
13.55 839
13.5667 838
13.5833 837
13.6 836
13.6167 835
13.6333 834
13.65 833
13.6667 832
13.6833 831
13.7 830
13.7167 829
13.7333 828
13.75 827
13.7667 826
13.7833 825
13.8 824
13.8167 822
13.8333 821
13.85 820
13.8667 819
13.8833 818
13.9 816
13.9167 815
13.9333 814
13.95 812
13.9667 811
13.9833 810
14.0 808
14.0167 807
14.0333 806
14.05 804
14.0667 803
14.0833 801
14.1 800
14.1167 798
14.1333 797
14.15 795
14.1667 793
14.1833 792
14.2 790
14.2167 789
14.2333 787
14.25 785
14.2667 784
14.2833 782
14.3 780
14.3167 778
14.3333 777
14.35 775
14.3667 773
14.3833 771
14.4 770
14.4167 768
14.4333 766
14.45 764
14.4667 762
14.4833 760
14.5 758
14.5167 756
14.5333 754
14.55 752
14.5667 750
14.5833 748
14.6 746
14.6167 744
14.6333 742
14.65 740
14.6667 738
14.6833 736
14.7 733
14.7167 731
14.7333 729
14.75 727
14.7667 725
14.7833 722
14.8 720
14.8167 718
14.8333 716
14.85 713
14.8667 711
14.8833 709
14.9 706
14.9167 704
14.9333 701
14.95 699
14.9667 697
14.9833 694
15.0 692
15.0167 690
15.0333 687
15.05 685
15.0667 682
15.0833 680
15.1 677
15.1167 675
15.1333 672
15.15 669
15.1667 667
15.1833 664
15.2 662
15.2167 659
15.2333 656
15.25 654
15.2667 651
15.2833 648
15.3 645
15.3167 643
15.3333 640
15.35 637
15.3667 634
15.3833 631
15.4 629
15.4167 626
15.4333 623
15.45 620
15.4667 617
15.4833 614
15.5 611
15.5167 608
15.5333 605
15.55 602
15.5667 599
15.5833 596
15.6 593
15.6167 590
15.6333 587
15.65 584
15.6667 581
15.6833 578
15.7 575
15.7167 572
15.7333 569
15.75 566
15.7667 563
15.7833 560
15.8 556
15.8167 553
15.8333 550
15.85 547
15.8667 544
15.8833 540
15.9 537
15.9167 534
15.9333 531
15.95 528
15.9667 524
15.9833 521
