9.0 499
9.0167 503
9.0333 506
9.05 509
9.0667 512
9.0833 515
9.1 518
9.1167 521
9.1333 524
9.15 527
9.1667 530
9.1833 533
9.2 537
9.2167 540
9.2333 543
9.25 546
9.2667 549
9.2833 552
9.3 555
9.3167 558
9.3333 561
9.35 564
9.3667 567
9.3833 570
9.4 573
9.4167 575
9.4333 578
9.45 581
9.4667 584
9.4833 587
9.5 590
9.5167 593
9.5333 596
9.55 599
9.5667 602
9.5833 604
9.6 607
9.6167 610
9.6333 613
9.65 616
9.6667 618
9.6833 621
9.7 624
9.7167 627
9.7333 630
9.75 632
9.7667 635
9.7833 638
9.8 640
9.8167 643
9.8333 646
9.85 648
9.8667 651
9.8833 654
9.9 656
9.9167 659
9.9333 662
9.95 664
9.9667 667
9.9833 669
10.0 672
10.0167 675
10.0333 677
10.05 680
10.0667 682
10.0833 685
10.1 687
10.1167 690
10.1333 692
10.15 695
10.1667 697
10.1833 699
10.2 702
10.2167 704
10.2333 707
10.25 709
10.2667 711
10.2833 714
10.3 716
10.3167 718
10.3333 721
10.35 723
10.3667 725
10.3833 727
10.4 730
10.4167 732
10.4333 734
10.45 736
10.4667 739
10.4833 741
10.5 743
10.5167 745
10.5333 747
10.55 749
10.5667 751
10.5833 754
10.6 756
10.6167 758
10.6333 760
10.65 762
10.6667 764
10.6833 766
10.7 768
10.7167 770
10.7333 772
10.75 774
10.7667 776
10.7833 777
10.8 779
10.8167 781
10.8333 783
10.85 785
10.8667 787
10.8833 789
10.9 790
10.9167 792
10.9333 794
10.95 796
10.9667 798
10.9833 799
11.0 801
11.0167 803
11.0333 804
11.05 806
11.0667 808
11.0833 809
11.1 811
11.1167 813
11.1333 814
11.15 816
11.1667 817
11.1833 819
11.2 820
11.2167 822
11.2333 823
11.25 825
11.2667 826
11.2833 828
11.3 829
11.3167 830
11.3333 832
11.35 833
11.3667 835
11.3833 836
11.4 837
11.4167 839
11.4333 840
11.45 841
11.4667 842
11.4833 844
11.5 845
11.5167 846
11.5333 847
11.55 848
11.5667 850
11.5833 851
11.6 852
11.6167 853
11.6333 854
11.65 855
11.6667 856
11.6833 857
11.7 858
11.7167 859
11.7333 860
11.75 861
11.7667 862
11.7833 863
11.8 864
11.8167 865
11.8333 866
11.85 867
11.8667 867
11.8833 868
11.9 869
11.9167 870
11.9333 871
11.95 871
11.9667 872
11.9833 873
12.0 874
12.0167 874
12.0333 875
12.05 876
12.0667 876
12.0833 877
12.1 877
12.1167 878
12.1333 878
12.15 879
12.1667 880
12.1833 880
12.2 881
12.2167 881
12.2333 881
12.25 882
12.2667 882
12.2833 883
12.3 883
12.3167 883
12.3333 884
12.35 884
12.3667 884
12.3833 885
12.4 885
12.4167 885
12.4333 886
12.45 886
12.4667 886
12.4833 886
12.5 886
12.5167 886
12.5333 887
12.55 887
12.5667 887
12.5833 887
12.6 887
12.6167 887
12.6333 887
12.65 887
12.6667 887
12.6833 887
12.7 887
12.7167 887
12.7333 887
12.75 887
12.7667 886
12.7833 886
12.8 886
12.8167 886
12.8333 886
12.85 886
12.8667 885
12.8833 885
12.9 885
12.9167 885
12.9333 884
12.95 884
12.9667 884
12.9833 883
13.0 883
13.0167 882
13.0333 882
13.05 882
13.0667 881
13.0833 881
13.1 880
13.1167 880
13.1333 879
13.15 879
13.1667 878
13.1833 877
13.2 877
13.2167 876
13.2333 876
13.25 875
13.2667 874
13.2833 874
13.3 873
13.3167 872
13.3333 871
13.35 871
13.3667 870
13.3833 869
13.4 868
13.4167 868
13.4333 867
13.45 866
13.4667 865
13.4833 864
13.5 863
13.5167 862
13.5333 861
13.55 860
13.5667 859
13.5833 858
13.6 857
13.6167 856
13.6333 855
13.65 854
13.6667 853
13.6833 852
13.7 851
13.7167 850
13.7333 849
13.75 847
13.7667 846
13.7833 845
13.8 844
13.8167 843
13.8333 841
13.85 840
13.8667 839
13.8833 838
13.9 836
13.9167 835
13.9333 833
13.95 832
13.9667 831
13.9833 829
14.0 828
14.0167 826
14.0333 825
14.05 824
14.0667 822
14.0833 821
14.1 819
14.1167 818
14.1333 816
14.15 814
14.1667 813
14.1833 811
14.2 810
14.2167 808
14.2333 806
14.25 805
14.2667 803
14.2833 801
14.3 800
14.3167 798
14.3333 796
14.35 794
14.3667 793
14.3833 791
14.4 789
14.4167 787
14.4333 785
14.45 783
14.4667 782
14.4833 780
14.5 778
14.5167 776
14.5333 774
14.55 772
14.5667 770
14.5833 768
14.6 766
14.6167 764
14.6333 762
14.65 760
14.6667 758
14.6833 756
14.7 754
14.7167 752
14.7333 750
14.75 748
14.7667 745
14.7833 743
14.8 741
14.8167 739
14.8333 737
14.85 735
14.8667 732
14.8833 730
14.9 728
14.9167 726
14.9333 723
14.95 721
14.9667 719
14.9833 716
15.0 714
15.0167 712
15.0333 709
15.05 707
15.0667 705
15.0833 702
15.1 700
15.1167 698
15.1333 695
15.15 693
15.1667 690
15.1833 688
15.2 685
15.2167 683
15.2333 680
15.25 678
15.2667 675
15.2833 673
15.3 670
15.3167 667
15.3333 665
15.35 662
15.3667 660
15.3833 657
15.4 654
15.4167 652
15.4333 649
15.45 646
15.4667 644
15.4833 641
15.5 638
15.5167 636
15.5333 633
15.55 630
15.5667 627
15.5833 625
15.6 622
15.6167 619
15.6333 616
15.65 614
15.6667 611
15.6833 608
15.7 605
15.7167 602
15.7333 599
15.75 596
15.7667 594
15.7833 591
15.8 588
15.8167 585
15.8333 582
15.85 579
15.8667 576
15.8833 573
15.9 570
15.9167 567
15.9333 564
15.95 561
15.9667 558
15.9833 555
