9.0 499
9.0167 502
9.0333 505
9.05 508
9.0667 511
9.0833 514
9.1 517
9.1167 520
9.1333 524
9.15 527
9.1667 530
9.1833 533
9.2 536
9.2167 539
9.2333 542
9.25 545
9.2667 548
9.2833 551
9.3 554
9.3167 557
9.3333 560
9.35 563
9.3667 566
9.3833 569
9.4 572
9.4167 575
9.4333 578
9.45 581
9.4667 584
9.4833 587
9.5 590
9.5167 593
9.5333 596
9.55 598
9.5667 601
9.5833 604
9.6 607
9.6167 610
9.6333 613
9.65 616
9.6667 618
9.6833 621
9.7 624
9.7167 627
9.7333 630
9.75 632
9.7667 635
9.7833 638
9.8 641
9.8167 643
9.8333 646
9.85 649
9.8667 651
9.8833 654
9.9 657
9.9167 660
9.9333 662
9.95 665
9.9667 667
9.9833 670
10.0 673
10.0167 675
10.0333 678
10.05 680
10.0667 683
10.0833 685
10.1 688
10.1167 690
10.1333 693
10.15 695
10.1667 698
10.1833 700
10.2 703
10.2167 705
10.2333 708
10.25 710
10.2667 713
10.2833 715
10.3 717
10.3167 720
10.3333 722
10.35 724
10.3667 727
10.3833 729
10.4 731
10.4167 734
10.4333 736
10.45 738
10.4667 740
10.4833 743
10.5 745
10.5167 747
10.5333 749
10.55 751
10.5667 753
10.5833 756
10.6 758
10.6167 760
10.6333 762
10.65 764
10.6667 766
10.6833 768
10.7 770
10.7167 772
10.7333 774
10.75 776
10.7667 778
10.7833 780
10.8 782
10.8167 784
10.8333 786
10.85 788
10.8667 790
10.8833 792
10.9 793
10.9167 795
10.9333 797
10.95 799
10.9667 801
10.9833 803
11.0 804
11.0167 806
11.0333 808
11.05 810
11.0667 811
11.0833 813
11.1 815
11.1167 816
11.1333 818
11.15 820
11.1667 821
11.1833 823
11.2 824
11.2167 826
11.2333 827
11.25 829
11.2667 831
11.2833 832
11.3 833
11.3167 835
11.3333 836
11.35 838
11.3667 839
11.3833 841
11.4 842
11.4167 843
11.4333 845
11.45 846
11.4667 847
11.4833 849
11.5 850
11.5167 851
11.5333 853
11.55 854
11.5667 855
11.5833 856
11.6 857
11.6167 859
11.6333 860
11.65 861
11.6667 862
11.6833 863
11.7 864
11.7167 865
11.7333 866
11.75 867
11.7667 868
11.7833 869
11.8 870
11.8167 871
11.8333 872
11.85 873
11.8667 874
11.8833 875
11.9 876
11.9167 877
11.9333 878
11.95 878
11.9667 879
11.9833 880
12.0 881
12.0167 882
12.0333 882
12.05 883
12.0667 884
12.0833 884
12.1 885
12.1167 886
12.1333 886
12.15 887
12.1667 888
12.1833 888
12.2 889
12.2167 889
12.2333 890
12.25 890
12.2667 891
12.2833 891
12.3 892
12.3167 892
12.3333 893
12.35 893
12.3667 893
12.3833 894
12.4 894
12.4167 894
12.4333 895
12.45 895
12.4667 895
12.4833 896
12.5 896
12.5167 896
12.5333 896
12.55 897
12.5667 897
12.5833 897
12.6 897
12.6167 897
12.6333 897
12.65 897
12.6667 897
12.6833 897
12.7 897
12.7167 897
12.7333 897
12.75 897
12.7667 897
12.7833 897
12.8 897
12.8167 897
12.8333 897
12.85 897
12.8667 897
12.8833 897
12.9 896
12.9167 896
12.9333 896
12.95 896
12.9667 896
12.9833 895
13.0 895
13.0167 895
13.0333 894
13.05 894
13.0667 894
13.0833 893
13.1 893
13.1167 892
13.1333 892
13.15 892
13.1667 891
13.1833 891
13.2 890
13.2167 890
13.2333 889
13.25 888
13.2667 888
13.2833 887
13.3 887
13.3167 886
13.3333 885
13.35 885
13.3667 884
13.3833 883
13.4 883
13.4167 882
13.4333 881
13.45 880
13.4667 880
13.4833 879
13.5 878
13.5167 877
13.5333 876
13.55 875
13.5667 875
13.5833 874
13.6 873
13.6167 872
13.6333 871
13.65 870
13.6667 869
13.6833 868
13.7 867
13.7167 866
13.7333 865
13.75 864
13.7667 863
13.7833 861
13.8 860
13.8167 859
13.8333 858
13.85 857
13.8667 856
13.8833 854
13.9 853
13.9167 852
13.9333 851
13.95 849
13.9667 848
13.9833 847
14.0 845
14.0167 844
14.0333 843
14.05 841
14.0667 840
14.0833 839
14.1 837
14.1167 836
14.1333 834
14.15 833
14.1667 831
14.1833 830
14.2 828
14.2167 827
14.2333 825
14.25 824
14.2667 822
14.2833 820
14.3 819
14.3167 817
14.3333 815
14.35 814
14.3667 812
14.3833 810
14.4 809
14.4167 807
14.4333 805
14.45 804
14.4667 802
14.4833 800
14.5 798
14.5167 796
14.5333 794
14.55 793
14.5667 791
14.5833 789
14.6 787
14.6167 785
14.6333 783
14.65 781
14.6667 779
14.6833 777
14.7 775
14.7167 773
14.7333 771
14.75 769
14.7667 767
14.7833 765
14.8 763
14.8167 761
14.8333 759
14.85 757
14.8667 755
14.8833 752
14.9 750
14.9167 748
14.9333 746
14.95 744
14.9667 741
14.9833 739
15.0 737
15.0167 735
15.0333 733
15.05 730
15.0667 728
15.0833 726
15.1 723
15.1167 721
15.1333 719
15.15 716
15.1667 714
15.1833 712
15.2 709
15.2167 707
15.2333 704
15.25 702
15.2667 699
15.2833 697
15.3 694
15.3167 692
15.3333 689
15.35 687
15.3667 684
15.3833 682
15.4 679
15.4167 677
15.4333 674
15.45 672
15.4667 669
15.4833 666
15.5 664
15.5167 661
15.5333 658
15.55 656
15.5667 653
15.5833 650
15.6 648
15.6167 645
15.6333 642
15.65 639
15.6667 637
15.6833 634
15.7 631
15.7167 628
15.7333 626
15.75 623
15.7667 620
15.7833 617
15.8 614
15.8167 612
15.8333 609
15.85 606
15.8667 603
15.8833 600
15.9 597
15.9167 594
15.9333 591
15.95 589
15.9667 586
15.9833 583
