9.0 530
9.0167 533
9.0333 536
9.05 539
9.0667 542
9.0833 546
9.1 549
9.1167 552
9.1333 555
9.15 559
9.1667 562
9.1833 565
9.2 568
9.2167 571
9.2333 574
9.25 578
9.2667 581
9.2833 584
9.3 587
9.3167 590
9.3333 593
9.35 596
9.3667 599
9.3833 602
9.4 606
9.4167 609
9.4333 612
9.45 615
9.4667 618
9.4833 621
9.5 624
9.5167 627
9.5333 630
9.55 633
9.5667 636
9.5833 639
9.6 642
9.6167 645
9.6333 648
9.65 650
9.6667 653
9.6833 656
9.7 659
9.7167 662
9.7333 665
9.75 668
9.7667 671
9.7833 673
9.8 676
9.8167 679
9.8333 682
9.85 685
9.8667 687
9.8833 690
9.9 693
9.9167 696
9.9333 698
9.95 701
9.9667 704
9.9833 707
10.0 709
10.0167 712
10.0333 715
10.05 717
10.0667 720
10.0833 722
10.1 725
10.1167 728
10.1333 730
10.15 733
10.1667 735
10.1833 738
10.2 740
10.2167 743
10.2333 745
10.25 748
10.2667 750
10.2833 753
10.3 755
10.3167 758
10.3333 760
10.35 762
10.3667 765
10.3833 767
10.4 770
10.4167 772
10.4333 774
10.45 777
10.4667 779
10.4833 781
10.5 783
10.5167 786
10.5333 788
10.55 790
10.5667 792
10.5833 795
10.6 797
10.6167 799
10.6333 801
10.65 803
10.6667 805
10.6833 808
10.7 810
10.7167 812
10.7333 814
10.75 816
10.7667 818
10.7833 820
10.8 822
10.8167 824
10.8333 826
10.85 828
10.8667 830
10.8833 832
10.9 834
10.9167 836
10.9333 838
10.95 839
10.9667 841
10.9833 843
11.0 845
11.0167 847
11.0333 848
11.05 850
11.0667 852
11.0833 854
11.1 856
11.1167 857
11.1333 859
11.15 861
11.1667 862
11.1833 864
11.2 866
11.2167 867
11.2333 869
11.25 870
11.2667 872
11.2833 873
11.3 875
11.3167 877
11.3333 878
11.35 879
11.3667 881
11.3833 882
11.4 884
11.4167 885
11.4333 887
11.45 888
11.4667 889
11.4833 891
11.5 892
11.5167 893
11.5333 895
11.55 896
11.5667 897
11.5833 899
11.6 900
11.6167 901
11.6333 902
11.65 903
11.6667 904
11.6833 906
11.7 907
11.7167 908
11.7333 909
11.75 910
11.7667 911
11.7833 912
11.8 913
11.8167 914
11.8333 915
11.85 916
11.8667 917
11.8833 918
11.9 919
11.9167 920
11.9333 921
11.95 922
11.9667 922
11.9833 923
12.0 924
12.0167 925
12.0333 926
12.05 926
12.0667 927
12.0833 928
12.1 929
12.1167 929
12.1333 930
12.15 931
12.1667 931
12.1833 932
12.2 932
12.2167 933
12.2333 934
12.25 934
12.2667 935
12.2833 935
12.3 936
12.3167 936
12.3333 937
12.35 937
12.3667 937
12.3833 938
12.4 938
12.4167 939
12.4333 939
12.45 939
12.4667 940
12.4833 940
12.5 940
12.5167 940
12.5333 941
12.55 941
12.5667 941
12.5833 941
12.6 941
12.6167 942
12.6333 942
12.65 942
12.6667 942
12.6833 942
12.7 942
12.7167 942
12.7333 942
12.75 942
12.7667 942
12.7833 942
12.8 942
12.8167 942
12.8333 942
12.85 942
12.8667 942
12.8833 941
12.9 941
12.9167 941
12.9333 941
12.95 941
12.9667 940
12.9833 940
13.0 940
13.0167 940
13.0333 939
13.05 939
13.0667 939
13.0833 938
13.1 938
13.1167 937
13.1333 937
13.15 937
13.1667 936
13.1833 936
13.2 935
13.2167 935
13.2333 934
13.25 934
13.2667 933
13.2833 932
13.3 932
13.3167 931
13.3333 931
13.35 930
13.3667 929
13.3833 929
13.4 928
13.4167 927
13.4333 926
13.45 926
13.4667 925
13.4833 924
13.5 923
13.5167 922
13.5333 922
13.55 921
13.5667 920
13.5833 919
13.6 918
13.6167 917
13.6333 916
13.65 915
13.6667 914
13.6833 913
13.7 912
13.7167 911
13.7333 910
13.75 909
13.7667 908
13.7833 907
13.8 906
13.8167 905
13.8333 903
13.85 902
13.8667 901
13.8833 900
13.9 899
13.9167 897
13.9333 896
13.95 895
13.9667 893
13.9833 892
14.0 891
14.0167 889
14.0333 888
14.05 887
14.0667 885
14.0833 884
14.1 882
14.1167 881
14.1333 880
14.15 878
14.1667 877
14.1833 875
14.2 874
14.2167 872
14.2333 870
14.25 869
14.2667 867
14.2833 866
14.3 864
14.3167 862
14.3333 861
14.35 859
14.3667 857
14.3833 856
14.4 854
14.4167 852
14.4333 850
14.45 849
14.4667 847
14.4833 845
14.5 843
14.5167 841
14.5333 839
14.55 838
14.5667 836
14.5833 834
14.6 832
14.6167 830
14.6333 828
14.65 826
14.6667 824
14.6833 822
14.7 820
14.7167 818
14.7333 816
14.75 814
14.7667 812
14.7833 810
14.8 808
14.8167 806
14.8333 803
14.85 801
14.8667 799
14.8833 797
14.9 795
14.9167 793
14.9333 790
14.95 788
14.9667 786
14.9833 784
15.0 781
15.0167 779
15.0333 777
15.05 774
15.0667 772
15.0833 770
15.1 767
15.1167 765
15.1333 763
15.15 760
15.1667 758
15.1833 755
15.2 753
15.2167 750
15.2333 748
15.25 746
15.2667 743
15.2833 741
15.3 738
15.3167 735
15.3333 733
15.35 730
15.3667 728
15.3833 725
15.4 723
15.4167 720
15.4333 717
15.45 715
15.4667 712
15.4833 709
15.5 707
15.5167 704
15.5333 701
15.55 699
15.5667 696
15.5833 693
15.6 690
15.6167 688
15.6333 685
15.65 682
15.6667 679
15.6833 676
15.7 674
15.7167 671
15.7333 668
15.75 665
15.7667 662
15.7833 659
15.8 656
15.8167 654
15.8333 651
15.85 648
15.8667 645
15.8833 642
15.9 639
15.9167 636
15.9333 633
15.95 630
15.9667 627
15.9833 624
