9.0 493
9.0167 496
9.0333 500
9.05 503
9.0667 506
9.0833 510
9.1 513
9.1167 517
9.1333 520
9.15 524
9.1667 527
9.1833 530
9.2 534
9.2167 537
9.2333 540
9.25 544
9.2667 547
9.2833 551
9.3 554
9.3167 557
9.3333 561
9.35 564
9.3667 567
9.3833 570
9.4 574
9.4167 577
9.4333 580
9.45 583
9.4667 587
9.4833 590
9.5 593
9.5167 596
9.5333 600
9.55 603
9.5667 606
9.5833 609
9.6 612
9.6167 615
9.6333 619
9.65 622
9.6667 625
9.6833 628
9.7 631
9.7167 634
9.7333 637
9.75 640
9.7667 643
9.7833 646
9.8 649
9.8167 652
9.8333 655
9.85 658
9.8667 661
9.8833 664
9.9 667
9.9167 670
9.9333 673
9.95 676
9.9667 679
9.9833 682
10.0 684
10.0167 687
10.0333 690
10.05 693
10.0667 696
10.0833 699
10.1 701
10.1167 704
10.1333 707
10.15 710
10.1667 712
10.1833 715
10.2 718
10.2167 720
10.2333 723
10.25 726
10.2667 728
10.2833 731
10.3 734
10.3167 736
10.3333 739
10.35 741
10.3667 744
10.3833 747
10.4 749
10.4167 752
10.4333 754
10.45 757
10.4667 759
10.4833 761
10.5 764
10.5167 766
10.5333 769
10.55 771
10.5667 774
10.5833 776
10.6 778
10.6167 781
10.6333 783
10.65 785
10.6667 787
10.6833 790
10.7 792
10.7167 794
10.7333 796
10.75 799
10.7667 801
10.7833 803
10.8 805
10.8167 807
10.8333 809
10.85 812
10.8667 814
10.8833 816
10.9 818
10.9167 820
10.9333 822
10.95 824
10.9667 826
10.9833 828
11.0 830
11.0167 832
11.0333 834
11.05 836
11.0667 837
11.0833 839
11.1 841
11.1167 843
11.1333 845
11.15 847
11.1667 848
11.1833 850
11.2 852
11.2167 854
11.2333 855
11.25 857
11.2667 859
11.2833 860
11.3 862
11.3167 864
11.3333 865
11.35 867
11.3667 869
11.3833 870
11.4 872
11.4167 873
11.4333 875
11.45 876
11.4667 878
11.4833 879
11.5 881
11.5167 882
11.5333 883
11.55 885
11.5667 886
11.5833 887
11.6 889
11.6167 890
11.6333 891
11.65 893
11.6667 894
11.6833 895
11.7 896
11.7167 898
11.7333 899
11.75 900
11.7667 901
11.7833 902
11.8 903
11.8167 904
11.8333 905
11.85 906
11.8667 907
11.8833 908
11.9 909
11.9167 910
11.9333 911
11.95 912
11.9667 913
11.9833 914
12.0 915
12.0167 916
12.0333 917
12.05 918
12.0667 918
12.0833 919
12.1 920
12.1167 921
12.1333 921
12.15 922
12.1667 923
12.1833 923
12.2 924
12.2167 925
12.2333 925
12.25 926
12.2667 927
12.2833 927
12.3 928
12.3167 928
12.3333 929
12.35 929
12.3667 930
12.3833 930
12.4 930
12.4167 931
12.4333 931
12.45 932
12.4667 932
12.4833 932
12.5 933
12.5167 933
12.5333 933
12.55 933
12.5667 934
12.5833 934
12.6 934
12.6167 934
12.6333 934
12.65 934
12.6667 935
12.6833 935
12.7 935
12.7167 935
12.7333 935
12.75 935
12.7667 935
12.7833 935
12.8 935
12.8167 935
12.8333 935
12.85 934
12.8667 934
12.8833 934
12.9 934
12.9167 934
12.9333 934
12.95 933
12.9667 933
12.9833 933
13.0 933
13.0167 932
13.0333 932
13.05 932
13.0667 931
13.0833 931
13.1 931
13.1167 930
13.1333 930
13.15 929
13.1667 929
13.1833 928
13.2 928
13.2167 927
13.2333 927
13.25 926
13.2667 926
13.2833 925
13.3 924
13.3167 924
13.3333 923
13.35 922
13.3667 922
13.3833 921
13.4 920
13.4167 919
13.4333 919
13.45 918
13.4667 917
13.4833 916
13.5 915
13.5167 915
13.5333 914
13.55 913
13.5667 912
13.5833 911
13.6 910
13.6167 909
13.6333 908
13.65 907
13.6667 906
13.6833 905
13.7 904
13.7167 903
13.7333 901
13.75 900
13.7667 899
13.7833 898
13.8 897
13.8167 896
13.8333 894
13.85 893
13.8667 892
13.8833 891
13.9 889
13.9167 888
13.9333 887
13.95 885
13.9667 884
13.9833 883
14.0 881
14.0167 880
14.0333 878
14.05 877
14.0667 875
14.0833 874
14.1 872
14.1167 871
14.1333 869
14.15 868
14.1667 866
14.1833 864
14.2 863
14.2167 861
14.2333 860
14.25 858
14.2667 856
14.2833 854
14.3 853
14.3167 851
14.3333 849
14.35 847
14.3667 846
14.3833 844
14.4 842
14.4167 840
14.4333 838
14.45 836
14.4667 835
14.4833 833
14.5 831
14.5167 829
14.5333 827
14.55 825
14.5667 823
14.5833 821
14.6 819
14.6167 817
14.6333 815
14.65 813
14.6667 810
14.6833 808
14.7 806
14.7167 804
14.7333 802
14.75 800
14.7667 797
14.7833 795
14.8 793
14.8167 791
14.8333 789
14.85 786
14.8667 784
14.8833 782
14.9 779
14.9167 777
14.9333 775
14.95 772
14.9667 770
14.9833 767
15.0 765
15.0167 762
15.0333 760
15.05 757
15.0667 755
15.0833 752
15.1 750
15.1167 747
15.1333 745
15.15 742
15.1667 740
15.1833 737
15.2 734
15.2167 732
15.2333 729
15.25 727
15.2667 724
15.2833 721
15.3 719
15.3167 716
15.3333 713
15.35 710
15.3667 708
15.3833 705
15.4 702
15.4167 699
15.4333 697
15.45 694
15.4667 691
15.4833 688
15.5 685
15.5167 682
15.5333 680
15.55 677
15.5667 674
15.5833 671
15.6 668
15.6167 665
15.6333 662
15.65 659
15.6667 656
15.6833 653
15.7 650
15.7167 647
15.7333 644
15.75 641
15.7667 638
15.7833 635
15.8 632
15.8167 629
15.8333 626
15.85 623
15.8667 619
15.8833 616
15.9 613
15.9167 610
15.9333 607
15.95 604
15.9667 600
15.9833 597
