9.0 276
9.0167 279
9.0333 282
9.05 286
9.0667 289
9.0833 292
9.1 295
9.1167 299
9.1333 302
9.15 305
9.1667 308
9.1833 311
9.2 314
9.2167 318
9.2333 321
9.25 324
9.2667 327
9.2833 330
9.3 333
9.3167 337
9.3333 340
9.35 343
9.3667 346
9.3833 349
9.4 352
9.4167 355
9.4333 358
9.45 361
9.4667 364
9.4833 367
9.5 370
9.5167 373
9.5333 376
9.55 379
9.5667 382
9.5833 385
9.6 388
9.6167 391
9.6333 394
9.65 397
9.6667 400
9.6833 403
9.7 406
9.7167 409
9.7333 412
9.75 415
9.7667 417
9.7833 420
9.8 423
9.8167 426
9.8333 429
9.85 432
9.8667 434
9.8833 437
9.9 440
9.9167 443
9.9333 445
9.95 448
9.9667 451
9.9833 454
10.0 456
10.0167 459
10.0333 462
10.05 464
10.0667 467
10.0833 469
10.1 472
10.1167 475
10.1333 477
10.15 480
10.1667 482
10.1833 485
10.2 487
10.2167 490
10.2333 492
10.25 495
10.2667 497
10.2833 500
10.3 502
10.3167 505
10.3333 507
10.35 509
10.3667 512
10.3833 514
10.4 517
10.4167 519
10.4333 521
10.45 524
10.4667 526
10.4833 528
10.5 530
10.5167 533
10.5333 535
10.55 537
10.5667 539
10.5833 541
10.6 544
10.6167 546
10.6333 548
10.65 550
10.6667 552
10.6833 554
10.7 556
10.7167 558
10.7333 560
10.75 562
10.7667 564
10.7833 566
10.8 568
10.8167 570
10.8333 572
10.85 574
10.8667 576
10.8833 578
10.9 580
10.9167 582
10.9333 584
10.95 585
10.9667 587
10.9833 589
11.0 591
11.0167 593
11.0333 594
11.05 596
11.0667 598
11.0833 599
11.1 601
11.1167 603
11.1333 604
11.15 606
11.1667 608
11.1833 609
11.2 611
11.2167 612
11.2333 614
11.25 615
11.2667 617
11.2833 618
11.3 620
11.3167 621
11.3333 623
11.35 624
11.3667 625
11.3833 627
11.4 628
11.4167 629
11.4333 631
11.45 632
11.4667 633
11.4833 635
11.5 636
11.5167 637
11.5333 638
11.55 639
11.5667 641
11.5833 642
11.6 643
11.6167 644
11.6333 645
11.65 646
11.6667 647
11.6833 648
11.7 649
11.7167 650
11.7333 651
11.75 652
11.7667 653
11.7833 654
11.8 655
11.8167 656
11.8333 657
11.85 658
11.8667 659
11.8833 659
11.9 660
11.9167 661
11.9333 662
11.95 662
11.9667 663
11.9833 664
12.0 665
12.0167 665
12.0333 666
12.05 666
12.0667 667
12.0833 668
12.1 668
12.1167 669
12.1333 669
12.15 670
12.1667 670
12.1833 671
12.2 671
12.2167 672
12.2333 672
12.25 673
12.2667 673
12.2833 673
12.3 674
12.3167 674
12.3333 674
12.35 674
12.3667 675
12.3833 675
12.4 675
12.4167 675
12.4333 676
12.45 676
12.4667 676
12.4833 676
12.5 676
12.5167 676
12.5333 676
12.55 676
12.5667 676
12.5833 676
12.6 676
12.6167 676
12.6333 676
12.65 676
12.6667 676
12.6833 676
12.7 676
12.7167 676
12.7333 676
12.75 676
12.7667 675
12.7833 675
12.8 675
12.8167 675
12.8333 674
12.85 674
12.8667 674
12.8833 673
12.9 673
12.9167 673
12.9333 672
12.95 672
12.9667 671
12.9833 671
13.0 671
13.0167 670
13.0333 670
13.05 669
13.0667 669
13.0833 668
13.1 667
13.1167 667
13.1333 666
13.15 666
13.1667 665
13.1833 664
13.2 663
13.2167 663
13.2333 662
13.25 661
13.2667 661
13.2833 660
13.3 659
13.3167 658
13.3333 657
13.35 656
13.3667 656
13.3833 655
13.4 654
13.4167 653
13.4333 652
13.45 651
13.4667 650
13.4833 649
13.5 648
13.5167 647
13.5333 646
13.55 645
13.5667 643
13.5833 642
13.6 641
13.6167 640
13.6333 639
13.65 638
13.6667 636
13.6833 635
13.7 634
13.7167 633
13.7333 631
13.75 630
13.7667 629
13.7833 627
13.8 626
13.8167 625
13.8333 623
13.85 622
13.8667 620
13.8833 619
13.9 618
13.9167 616
13.9333 615
13.95 613
13.9667 611
13.9833 610
14.0 608
14.0167 607
14.0333 605
14.05 604
14.0667 602
14.0833 600
14.1 599
14.1167 597
14.1333 595
14.15 593
14.1667 592
14.1833 590
14.2 588
14.2167 586
14.2333 584
14.25 583
14.2667 581
14.2833 579
14.3 577
14.3167 575
14.3333 573
14.35 571
14.3667 569
14.3833 567
14.4 565
14.4167 563
14.4333 561
14.45 559
14.4667 557
14.4833 555
14.5 553
14.5167 551
14.5333 549
14.55 547
14.5667 545
14.5833 543
14.6 540
14.6167 538
14.6333 536
14.65 534
14.6667 532
14.6833 529
14.7 527
14.7167 525
14.7333 522
14.75 520
14.7667 518
14.7833 515
14.8 513
14.8167 511
14.8333 508
14.85 506
14.8667 503
14.8833 501
14.9 499
14.9167 496
14.9333 494
14.95 491
14.9667 489
14.9833 486
15.0 484
15.0167 481
15.0333 479
15.05 476
15.0667 473
15.0833 471
15.1 468
15.1167 466
15.1333 463
15.15 460
15.1667 458
15.1833 455
15.2 452
15.2167 450
15.2333 447
15.25 444
15.2667 441
15.2833 439
15.3 436
15.3167 433
15.3333 430
15.35 428
15.3667 425
15.3833 422
15.4 419
15.4167 416
15.4333 413
15.45 410
15.4667 408
15.4833 405
15.5 402
15.5167 399
15.5333 396
15.55 393
15.5667 390
15.5833 387
15.6 384
15.6167 381
15.6333 378
15.65 375
15.6667 372
15.6833 369
15.7 366
15.7167 363
15.7333 360
15.75 357
15.7667 354
15.7833 351
15.8 348
15.8167 345
15.8333 341
15.85 338
15.8667 335
15.8833 332
15.9 329
15.9167 326
15.9333 323
15.95 319
15.9667 316
15.9833 313
