9.0 283
9.0167 285
9.0333 289
9.05 292
9.0667 295
9.0833 298
9.1 302
9.1167 305
9.1333 308
9.15 311
9.1667 315
9.1833 318
9.2 321
9.2167 324
9.2333 328
9.25 331
9.2667 334
9.2833 337
9.3 340
9.3167 343
9.3333 347
9.35 350
9.3667 353
9.3833 356
9.4 359
9.4167 362
9.4333 365
9.45 368
9.4667 371
9.4833 374
9.5 378
9.5167 381
9.5333 384
9.55 387
9.5667 390
9.5833 393
9.6 396
9.6167 399
9.6333 402
9.65 405
9.6667 408
9.6833 410
9.7 413
9.7167 416
9.7333 419
9.75 422
9.7667 425
9.7833 428
9.8 431
9.8167 434
9.8333 436
9.85 439
9.8667 442
9.8833 445
9.9 448
9.9167 450
9.9333 453
9.95 456
9.9667 459
9.9833 461
10.0 464
10.0167 467
10.0333 469
10.05 472
10.0667 475
10.0833 477
10.1 480
10.1167 483
10.1333 485
10.15 488
10.1667 490
10.1833 493
10.2 496
10.2167 498
10.2333 501
10.25 503
10.2667 506
10.2833 508
10.3 511
10.3167 513
10.3333 515
10.35 518
10.3667 520
10.3833 523
10.4 525
10.4167 527
10.4333 530
10.45 532
10.4667 534
10.4833 537
10.5 539
10.5167 541
10.5333 543
10.55 546
10.5667 548
10.5833 550
10.6 552
10.6167 554
10.6333 557
10.65 559
10.6667 561
10.6833 563
10.7 565
10.7167 567
10.7333 569
10.75 571
10.7667 573
10.7833 575
10.8 577
10.8167 579
10.8333 581
10.85 583
10.8667 585
10.8833 587
10.9 589
10.9167 591
10.9333 592
10.95 594
10.9667 596
10.9833 598
11.0 600
11.0167 601
11.0333 603
11.05 605
11.0667 607
11.0833 608
11.1 610
11.1167 612
11.1333 613
11.15 615
11.1667 617
11.1833 618
11.2 620
11.2167 621
11.2333 623
11.25 624
11.2667 626
11.2833 627
11.3 629
11.3167 630
11.3333 632
11.35 633
11.3667 635
11.3833 636
11.4 637
11.4167 639
11.4333 640
11.45 641
11.4667 643
11.4833 644
11.5 645
11.5167 646
11.5333 648
11.55 649
11.5667 650
11.5833 651
11.6 652
11.6167 653
11.6333 655
11.65 656
11.6667 657
11.6833 658
11.7 659
11.7167 660
11.7333 661
11.75 662
11.7667 663
11.7833 664
11.8 665
11.8167 666
11.8333 666
11.85 667
11.8667 668
11.8833 669
11.9 670
11.9167 671
11.9333 671
11.95 672
11.9667 673
11.9833 674
12.0 674
12.0167 675
12.0333 676
12.05 676
12.0667 677
12.0833 677
12.1 678
12.1167 679
12.1333 679
12.15 680
12.1667 680
12.1833 681
12.2 681
12.2167 682
12.2333 682
12.25 682
12.2667 683
12.2833 683
12.3 683
12.3167 684
12.3333 684
12.35 684
12.3667 685
12.3833 685
12.4 685
12.4167 685
12.4333 686
12.45 686
12.4667 686
12.4833 686
12.5 686
12.5167 686
12.5333 686
12.55 686
12.5667 687
12.5833 687
12.6 687
12.6167 687
12.6333 686
12.65 686
12.6667 686
12.6833 686
12.7 686
12.7167 686
12.7333 686
12.75 686
12.7667 686
12.7833 685
12.8 685
12.8167 685
12.8333 685
12.85 684
12.8667 684
12.8833 684
12.9 683
12.9167 683
12.9333 683
12.95 682
12.9667 682
12.9833 681
13.0 681
13.0167 680
13.0333 680
13.05 679
13.0667 679
13.0833 678
13.1 678
13.1167 677
13.1333 677
13.15 676
13.1667 675
13.1833 675
13.2 674
13.2167 673
13.2333 672
13.25 672
13.2667 671
13.2833 670
13.3 669
13.3167 669
13.3333 668
13.35 667
13.3667 666
13.3833 665
13.4 664
13.4167 663
13.4333 662
13.45 661
13.4667 660
13.4833 659
13.5 658
13.5167 657
13.5333 656
13.55 655
13.5667 654
13.5833 653
13.6 652
13.6167 651
13.6333 649
13.65 648
13.6667 647
13.6833 646
13.7 645
13.7167 643
13.7333 642
13.75 641
13.7667 639
13.7833 638
13.8 637
13.8167 635
13.8333 634
13.85 632
13.8667 631
13.8833 630
13.9 628
13.9167 627
13.9333 625
13.95 624
13.9667 622
13.9833 621
14.0 619
14.0167 617
14.0333 616
14.05 614
14.0667 613
14.0833 611
14.1 609
14.1167 607
14.1333 606
14.15 604
14.1667 602
14.1833 601
14.2 599
14.2167 597
14.2333 595
14.25 593
14.2667 591
14.2833 590
14.3 588
14.3167 586
14.3333 584
14.35 582
14.3667 580
14.3833 578
14.4 576
14.4167 574
14.4333 572
14.45 570
14.4667 568
14.4833 566
14.5 564
14.5167 562
14.5333 560
14.55 558
14.5667 555
14.5833 553
14.6 551
14.6167 549
14.6333 547
14.65 544
14.6667 542
14.6833 540
14.7 538
14.7167 535
14.7333 533
14.75 531
14.7667 528
14.7833 526
14.8 524
14.8167 521
14.8333 519
14.85 517
14.8667 514
14.8833 512
14.9 509
14.9167 507
14.9333 504
14.95 502
14.9667 499
14.9833 497
15.0 494
15.0167 492
15.0333 489
15.05 487
15.0667 484
15.0833 481
15.1 479
15.1167 476
15.1333 474
15.15 471
15.1667 468
15.1833 466
15.2 463
15.2167 460
15.2333 457
15.25 455
15.2667 452
15.2833 449
15.3 446
15.3167 444
15.3333 441
15.35 438
15.3667 435
15.3833 432
15.4 429
15.4167 427
15.4333 424
15.45 421
15.4667 418
15.4833 415
15.5 412
15.5167 409
15.5333 406
15.55 403
15.5667 400
15.5833 397
15.6 394
15.6167 391
15.6333 388
15.65 385
15.6667 382
15.6833 379
15.7 376
15.7167 373
15.7333 370
15.75 367
15.7667 364
15.7833 361
15.8 358
15.8167 354
15.8333 351
15.85 348
15.8667 345
15.8833 342
15.9 339
15.9167 336
15.9333 332
15.95 329
15.9667 326
15.9833 323
