9.0 225
9.0167 228
9.0333 232
9.05 235
9.0667 238
9.0833 241
9.1 244
9.1167 247
9.1333 251
9.15 254
9.1667 257
9.1833 260
9.2 263
9.2167 266
9.2333 269
9.25 273
9.2667 276
9.2833 279
9.3 282
9.3167 285
9.3333 288
9.35 291
9.3667 294
9.3833 297
9.4 301
9.4167 304
9.4333 307
9.45 310
9.4667 313
9.4833 316
9.5 319
9.5167 322
9.5333 325
9.55 328
9.5667 331
9.5833 334
9.6 337
9.6167 340
9.6333 343
9.65 346
9.6667 349
9.6833 352
9.7 355
9.7167 358
9.7333 361
9.75 364
9.7667 367
9.7833 370
9.8 373
9.8167 376
9.8333 378
9.85 381
9.8667 384
9.8833 387
9.9 390
9.9167 393
9.9333 395
9.95 398
9.9667 401
9.9833 404
10.0 407
10.0167 409
10.0333 412
10.05 415
10.0667 418
10.0833 420
10.1 423
10.1167 426
10.1333 429
10.15 431
10.1667 434
10.1833 436
10.2 439
10.2167 442
10.2333 444
10.25 447
10.2667 450
10.2833 452
10.3 455
10.3167 457
10.3333 460
10.35 462
10.3667 465
10.3833 467
10.4 470
10.4167 472
10.4333 475
10.45 477
10.4667 480
10.4833 482
10.5 484
10.5167 487
10.5333 489
10.55 492
10.5667 494
10.5833 496
10.6 498
10.6167 501
10.6333 503
10.65 505
10.6667 508
10.6833 510
10.7 512
10.7167 514
10.7333 516
10.75 519
10.7667 521
10.7833 523
10.8 525
10.8167 527
10.8333 529
10.85 531
10.8667 533
10.8833 536
10.9 538
10.9167 540
10.9333 542
10.95 544
10.9667 546
10.9833 548
11.0 549
11.0167 551
11.0333 553
11.05 555
11.0667 557
11.0833 559
11.1 561
11.1167 563
11.1333 564
11.15 566
11.1667 568
11.1833 570
11.2 572
11.2167 573
11.2333 575
11.25 577
11.2667 578
11.2833 580
11.3 582
11.3167 583
11.3333 585
11.35 586
11.3667 588
11.3833 590
11.4 591
11.4167 593
11.4333 594
11.45 596
11.4667 597
11.4833 599
11.5 600
11.5167 601
11.5333 603
11.55 604
11.5667 606
11.5833 607
11.6 608
11.6167 610
11.6333 611
11.65 612
11.6667 613
11.6833 615
11.7 616
11.7167 617
11.7333 618
11.75 619
11.7667 621
11.7833 622
11.8 623
11.8167 624
11.8333 625
11.85 626
11.8667 627
11.8833 628
11.9 629
11.9167 630
11.9333 631
11.95 632
11.9667 633
11.9833 634
12.0 635
12.0167 636
12.0333 636
12.05 637
12.0667 638
12.0833 639
12.1 640
12.1167 640
12.1333 641
12.15 642
12.1667 643
12.1833 643
12.2 644
12.2167 644
12.2333 645
12.25 646
12.2667 646
12.2833 647
12.3 647
12.3167 648
12.3333 648
12.35 649
12.3667 649
12.3833 650
12.4 650
12.4167 651
12.4333 651
12.45 652
12.4667 652
12.4833 652
12.5 653
12.5167 653
12.5333 653
12.55 653
12.5667 654
12.5833 654
12.6 654
12.6167 654
12.6333 654
12.65 655
12.6667 655
12.6833 655
12.7 655
12.7167 655
12.7333 655
12.75 655
12.7667 655
12.7833 655
12.8 655
12.8167 655
12.8333 655
12.85 655
12.8667 655
12.8833 655
12.9 655
12.9167 654
12.9333 654
12.95 654
12.9667 654
12.9833 654
13.0 653
13.0167 653
13.0333 653
13.05 652
13.0667 652
13.0833 652
13.1 651
13.1167 651
13.1333 651
13.15 650
13.1667 650
13.1833 649
13.2 649
13.2167 648
13.2333 648
13.25 647
13.2667 647
13.2833 646
13.3 646
13.3167 645
13.3333 644
13.35 644
13.3667 643
13.3833 642
13.4 642
13.4167 641
13.4333 640
13.45 639
13.4667 639
13.4833 638
13.5 637
13.5167 636
13.5333 635
13.55 634
13.5667 634
13.5833 633
13.6 632
13.6167 631
13.6333 630
13.65 629
13.6667 628
13.6833 627
13.7 626
13.7167 625
13.7333 624
13.75 622
13.7667 621
13.7833 620
13.8 619
13.8167 618
13.8333 617
13.85 616
13.8667 614
13.8833 613
13.9 612
13.9167 611
13.9333 609
13.95 608
13.9667 607
13.9833 605
14.0 604
14.0167 602
14.0333 601
14.05 600
14.0667 598
14.0833 597
14.1 595
14.1167 594
14.1333 592
14.15 591
14.1667 589
14.1833 588
14.2 586
14.2167 584
14.2333 583
14.25 581
14.2667 580
14.2833 578
14.3 576
14.3167 575
14.3333 573
14.35 571
14.3667 569
14.3833 568
14.4 566
14.4167 564
14.4333 562
14.45 560
14.4667 558
14.4833 557
14.5 555
14.5167 553
14.5333 551
14.55 549
14.5667 547
14.5833 545
14.6 543
14.6167 541
14.6333 539
14.65 537
14.6667 535
14.6833 533
14.7 531
14.7167 529
14.7333 527
14.75 525
14.7667 522
14.7833 520
14.8 518
14.8167 516
14.8333 514
14.85 512
14.8667 509
14.8833 507
14.9 505
14.9167 503
14.9333 500
14.95 498
14.9667 496
14.9833 493
15.0 492
15.0167 489
15.0333 487
15.05 484
15.0667 482
15.0833 480
15.1 477
15.1167 475
15.1333 472
15.15 470
15.1667 467
15.1833 465
15.2 462
15.2167 460
15.2333 457
15.25 455
15.2667 452
15.2833 450
15.3 447
15.3167 444
15.3333 442
15.35 439
15.3667 437
15.3833 434
15.4 431
15.4167 429
15.4333 426
15.45 423
15.4667 420
15.4833 418
15.5 415
15.5167 412
15.5333 409
15.55 407
15.5667 404
15.5833 401
15.6 398
15.6167 395
15.6333 393
15.65 390
15.6667 387
15.6833 384
15.7 381
15.7167 378
15.7333 376
15.75 373
15.7667 370
15.7833 367
15.8 364
15.8167 361
15.8333 358
15.85 355
15.8667 352
15.8833 349
15.9 346
15.9167 343
15.9333 340
15.95 337
15.9667 334
15.9833 331
