9.0 381
9.0167 385
9.0333 389
9.05 393
9.0667 396
9.0833 400
9.1 403
9.1167 407
9.1333 411
9.15 414
9.1667 418
9.1833 421
9.2 425
9.2167 428
9.2333 432
9.25 436
9.2667 439
9.2833 443
9.3 446
9.3167 450
9.3333 453
9.35 457
9.3667 460
9.3833 464
9.4 467
9.4167 471
9.4333 474
9.45 478
9.4667 481
9.4833 484
9.5 488
9.5167 491
9.5333 495
9.55 498
9.5667 501
9.5833 505
9.6 508
9.6167 511
9.6333 515
9.65 518
9.6667 521
9.6833 525
9.7 528
9.7167 531
9.7333 535
9.75 538
9.7667 541
9.7833 544
9.8 548
9.8167 551
9.8333 554
9.85 557
9.8667 560
9.8833 564
9.9 567
9.9167 570
9.9333 573
9.95 576
9.9667 579
9.9833 582
10.0 585
10.0167 588
10.0333 591
10.05 595
10.0667 598
10.0833 601
10.1 604
10.1167 607
10.1333 610
10.15 613
10.1667 615
10.1833 618
10.2 621
10.2167 624
10.2333 627
10.25 630
10.2667 633
10.2833 636
10.3 639
10.3167 641
10.3333 644
10.35 647
10.3667 650
10.3833 652
10.4 655
10.4167 658
10.4333 661
10.45 663
10.4667 666
10.4833 669
10.5 671
10.5167 674
10.5333 677
10.55 679
10.5667 682
10.5833 684
10.6 687
10.6167 690
10.6333 692
10.65 695
10.6667 697
10.6833 700
10.7 702
10.7167 704
10.7333 707
10.75 709
10.7667 712
10.7833 714
10.8 716
10.8167 719
10.8333 721
10.85 723
10.8667 726
10.8833 728
10.9 730
10.9167 733
10.9333 735
10.95 737
10.9667 739
10.9833 741
11.0 744
11.0167 746
11.0333 748
11.05 750
11.0667 752
11.0833 754
11.1 756
11.1167 758
11.1333 760
11.15 762
11.1667 764
11.1833 766
11.2 768
11.2167 770
11.2333 772
11.25 774
11.2667 776
11.2833 777
11.3 779
11.3167 781
11.3333 783
11.35 785
11.3667 786
11.3833 788
11.4 790
11.4167 792
11.4333 793
11.45 795
11.4667 797
11.4833 798
11.5 800
11.5167 802
11.5333 803
11.55 805
11.5667 806
11.5833 808
11.6 809
11.6167 811
11.6333 812
11.65 814
11.6667 815
11.6833 816
11.7 818
11.7167 819
11.7333 820
11.75 822
11.7667 823
11.7833 824
11.8 826
11.8167 827
11.8333 828
11.85 829
11.8667 831
11.8833 832
11.9 833
11.9167 834
11.9333 835
11.95 836
11.9667 837
11.9833 838
12.0 839
12.0167 840
12.0333 841
12.05 842
12.0667 843
12.0833 844
12.1 845
12.1167 846
12.1333 847
12.15 848
12.1667 849
12.1833 849
12.2 850
12.2167 851
12.2333 852
12.25 852
12.2667 853
12.2833 854
12.3 854
12.3167 855
12.3333 856
12.35 856
12.3667 857
12.3833 858
12.4 858
12.4167 859
12.4333 859
12.45 860
12.4667 860
12.4833 860
12.5 861
12.5167 861
12.5333 862
12.55 862
12.5667 862
12.5833 863
12.6 863
12.6167 863
12.6333 864
12.65 864
12.6667 864
12.6833 864
12.7 864
12.7167 865
12.7333 865
12.75 865
12.7667 865
12.7833 865
12.8 865
12.8167 865
12.8333 865
12.85 865
12.8667 865
12.8833 865
12.9 865
12.9167 865
12.9333 865
12.95 865
12.9667 864
12.9833 864
13.0 864
13.0167 864
13.0333 864
13.05 863
13.0667 863
13.0833 863
13.1 863
13.1167 862
13.1333 862
13.15 861
13.1667 861
13.1833 861
13.2 860
13.2167 860
13.2333 859
13.25 859
13.2667 858
13.2833 858
13.3 857
13.3167 857
13.3333 856
13.35 855
13.3667 855
13.3833 854
13.4 853
13.4167 853
13.4333 852
13.45 851
13.4667 850
13.4833 850
13.5 849
13.5167 848
13.5333 847
13.55 846
13.5667 845
13.5833 845
13.6 844
13.6167 843
13.6333 842
13.65 841
13.6667 840
13.6833 839
13.7 838
13.7167 837
13.7333 836
13.75 834
13.7667 833
13.7833 832
13.8 831
13.8167 830
13.8333 829
13.85 827
13.8667 826
13.8833 825
13.9 824
13.9167 822
13.9333 821
13.95 820
13.9667 818
13.9833 817
14.0 816
14.0167 814
14.0333 813
14.05 811
14.0667 810
14.0833 808
14.1 807
14.1167 805
14.1333 804
14.15 802
14.1667 801
14.1833 799
14.2 797
14.2167 796
14.2333 794
14.25 792
14.2667 791
14.2833 789
14.3 787
14.3167 785
14.3333 784
14.35 782
14.3667 780
14.3833 778
14.4 776
14.4167 775
14.4333 773
14.45 771
14.4667 769
14.4833 767
14.5 765
14.5167 763
14.5333 761
14.55 759
14.5667 757
14.5833 755
14.6 753
14.6167 751
14.6333 749
14.65 747
14.6667 744
14.6833 742
14.7 740
14.7167 738
14.7333 736
14.75 733
14.7667 731
14.7833 729
14.8 727
14.8167 724
14.8333 722
14.85 720
14.8667 717
14.8833 715
14.9 713
14.9167 710
14.9333 708
14.95 706
14.9667 703
14.9833 701
15.0 699
15.0167 696
15.0333 694
15.05 691
15.0667 689
15.0833 686
15.1 684
15.1167 681
15.1333 678
15.15 676
15.1667 673
15.1833 671
15.2 668
15.2167 665
15.2333 663
15.25 660
15.2667 657
15.2833 654
15.3 652
15.3167 649
15.3333 646
15.35 643
15.3667 640
15.3833 638
15.4 635
15.4167 632
15.4333 629
15.45 626
15.4667 623
15.4833 620
15.5 617
15.5167 614
15.5333 611
15.55 608
15.5667 605
15.5833 603
15.6 599
15.6167 596
15.6333 593
15.65 590
15.6667 587
15.6833 584
15.7 581
15.7167 578
15.7333 575
15.75 572
15.7667 569
15.7833 566
15.8 562
15.8167 559
15.8333 556
15.85 553
15.8667 550
15.8833 546
15.9 543
15.9167 540
15.9333 537
15.95 533
15.9667 530
15.9833 527
