9.0 507
9.0167 511
9.0333 515
9.05 518
9.0667 522
9.0833 525
9.1 528
9.1167 532
9.1333 535
9.15 539
9.1667 542
9.1833 546
9.2 549
9.2167 552
9.2333 556
9.25 559
9.2667 563
9.2833 566
9.3 569
9.3167 573
9.3333 576
9.35 579
9.3667 583
9.3833 586
9.4 589
9.4167 593
9.4333 596
9.45 599
9.4667 602
9.4833 606
9.5 609
9.5167 612
9.5333 615
9.55 618
9.5667 622
9.5833 625
9.6 628
9.6167 631
9.6333 634
9.65 637
9.6667 641
9.6833 644
9.7 647
9.7167 650
9.7333 653
9.75 656
9.7667 659
9.7833 662
9.8 665
9.8167 668
9.8333 671
9.85 674
9.8667 677
9.8833 680
9.9 683
9.9167 686
9.9333 689
9.95 692
9.9667 694
9.9833 697
10.0 700
10.0167 703
10.0333 706
10.05 709
10.0667 711
10.0833 714
10.1 717
10.1167 720
10.1333 722
10.15 725
10.1667 728
10.1833 731
10.2 733
10.2167 736
10.2333 739
10.25 741
10.2667 744
10.2833 747
10.3 749
10.3167 752
10.3333 754
10.35 757
10.3667 759
10.3833 762
10.4 764
10.4167 767
10.4333 769
10.45 772
10.4667 774
10.4833 777
10.5 779
10.5167 782
10.5333 784
10.55 786
10.5667 789
10.5833 791
10.6 793
10.6167 796
10.6333 798
10.65 800
10.6667 802
10.6833 805
10.7 807
10.7167 809
10.7333 811
10.75 813
10.7667 815
10.7833 818
10.8 820
10.8167 822
10.8333 824
10.85 826
10.8667 828
10.8833 830
10.9 832
10.9167 834
10.9333 836
10.95 838
10.9667 840
10.9833 842
11.0 844
11.0167 846
11.0333 848
11.05 849
11.0667 851
11.0833 853
11.1 855
11.1167 857
11.1333 858
11.15 860
11.1667 862
11.1833 864
11.2 865
11.2167 867
11.2333 869
11.25 870
11.2667 872
11.2833 874
11.3 875
11.3167 877
11.3333 878
11.35 880
11.3667 881
11.3833 883
11.4 884
11.4167 886
11.4333 887
11.45 889
11.4667 890
11.4833 891
11.5 893
11.5167 894
11.5333 895
11.55 897
11.5667 898
11.5833 899
11.6 901
11.6167 902
11.6333 903
11.65 904
11.6667 905
11.6833 907
11.7 908
11.7167 909
11.7333 910
11.75 911
11.7667 912
11.7833 913
11.8 914
11.8167 915
11.8333 916
11.85 917
11.8667 918
11.8833 919
11.9 920
11.9167 921
11.9333 922
11.95 923
11.9667 923
11.9833 924
12.0 925
12.0167 926
12.0333 927
12.05 927
12.0667 928
12.0833 929
12.1 929
12.1167 930
12.1333 931
12.15 931
12.1667 932
12.1833 933
12.2 933
12.2167 934
12.2333 934
12.25 935
12.2667 935
12.2833 936
12.3 936
12.3167 936
12.3333 937
12.35 937
12.3667 938
12.3833 938
12.4 938
12.4167 939
12.4333 939
12.45 939
12.4667 939
12.4833 940
12.5 940
12.5167 940
12.5333 940
12.55 940
12.5667 940
12.5833 941
12.6 941
12.6167 941
12.6333 941
12.65 941
12.6667 941
12.6833 941
12.7 941
12.7167 941
12.7333 941
12.75 941
12.7667 940
12.7833 940
12.8 940
12.8167 940
12.8333 940
12.85 940
12.8667 939
12.8833 939
12.9 939
12.9167 939
12.9333 938
12.95 938
12.9667 938
12.9833 937
13.0 937
13.0167 936
13.0333 936
13.05 936
13.0667 935
13.0833 935
13.1 934
13.1167 934
13.1333 933
13.15 932
13.1667 932
13.1833 931
13.2 931
13.2167 930
13.2333 929
13.25 929
13.2667 928
13.2833 927
13.3 926
13.3167 926
13.3333 925
13.35 924
13.3667 923
13.3833 922
13.4 922
13.4167 921
13.4333 920
13.45 919
13.4667 918
13.4833 917
13.5 916
13.5167 915
13.5333 914
13.55 913
13.5667 912
13.5833 911
13.6 910
13.6167 909
13.6333 908
13.65 906
13.6667 905
13.6833 904
13.7 903
13.7167 902
13.7333 900
13.75 899
13.7667 898
13.7833 897
13.8 895
13.8167 894
13.8333 893
13.85 891
13.8667 890
13.8833 888
13.9 887
13.9167 886
13.9333 884
13.95 883
13.9667 881
13.9833 880
14.0 878
14.0167 876
14.0333 875
14.05 873
14.0667 872
14.0833 870
14.1 868
14.1167 867
14.1333 865
14.15 863
14.1667 862
14.1833 860
14.2 858
14.2167 856
14.2333 855
14.25 853
14.2667 851
14.2833 849
14.3 847
14.3167 845
14.3333 843
14.35 842
14.3667 840
14.3833 838
14.4 836
14.4167 834
14.4333 832
14.45 830
14.4667 828
14.4833 826
14.5 824
14.5167 821
14.5333 819
14.55 817
14.5667 815
14.5833 813
14.6 811
14.6167 809
14.6333 806
14.65 804
14.6667 802
14.6833 800
14.7 797
14.7167 795
14.7333 793
14.75 791
14.7667 788
14.7833 786
14.8 783
14.8167 781
14.8333 779
14.85 776
14.8667 774
14.8833 771
14.9 769
14.9167 766
14.9333 764
14.95 761
14.9667 759
14.9833 756
15.0 754
15.0167 751
15.0333 749
15.05 746
15.0667 744
15.0833 741
15.1 738
15.1167 736
15.1333 733
15.15 730
15.1667 728
15.1833 725
15.2 722
15.2167 720
15.2333 717
15.25 714
15.2667 711
15.2833 708
15.3 706
15.3167 703
15.3333 700
15.35 697
15.3667 694
15.3833 691
15.4 688
15.4167 685
15.4333 683
15.45 680
15.4667 677
15.4833 674
15.5 671
15.5167 668
15.5333 665
15.55 662
15.5667 659
15.5833 656
15.6 653
15.6167 649
15.6333 646
15.65 643
15.6667 640
15.6833 637
15.7 634
15.7167 631
15.7333 628
15.75 625
15.7667 621
15.7833 618
15.8 615
15.8167 612
15.8333 609
15.85 605
15.8667 602
15.8833 599
15.9 596
15.9167 592
15.9333 589
15.95 586
15.9667 582
15.9833 579
