9.0 468
9.0167 472
9.0333 475
9.05 479
9.0667 482
9.0833 485
9.1 489
9.1167 492
9.1333 495
9.15 499
9.1667 502
9.1833 505
9.2 509
9.2167 512
9.2333 515
9.25 519
9.2667 522
9.2833 525
9.3 528
9.3167 532
9.3333 535
9.35 538
9.3667 541
9.3833 545
9.4 548
9.4167 551
9.4333 554
9.45 557
9.4667 561
9.4833 564
9.5 567
9.5167 570
9.5333 573
9.55 576
9.5667 579
9.5833 582
9.6 586
9.6167 589
9.6333 592
9.65 595
9.6667 598
9.6833 601
9.7 604
9.7167 607
9.7333 610
9.75 613
9.7667 616
9.7833 619
9.8 622
9.8167 625
9.8333 627
9.85 630
9.8667 633
9.8833 636
9.9 639
9.9167 642
9.9333 645
9.95 648
9.9667 650
9.9833 653
10.0 656
10.0167 659
10.0333 662
10.05 664
10.0667 667
10.0833 670
10.1 673
10.1167 675
10.1333 678
10.15 681
10.1667 683
10.1833 686
10.2 689
10.2167 691
10.2333 694
10.25 696
10.2667 699
10.2833 701
10.3 704
10.3167 707
10.3333 709
10.35 712
10.3667 714
10.3833 717
10.4 719
10.4167 721
10.4333 724
10.45 726
10.4667 729
10.4833 731
10.5 733
10.5167 736
10.5333 738
10.55 740
10.5667 743
10.5833 745
10.6 747
10.6167 750
10.6333 752
10.65 754
10.6667 756
10.6833 759
10.7 761
10.7167 763
10.7333 765
10.75 767
10.7667 769
10.7833 771
10.8 773
10.8167 776
10.8333 778
10.85 780
10.8667 782
10.8833 784
10.9 786
10.9167 788
10.9333 789
10.95 791
10.9667 793
10.9833 795
11.0 797
11.0167 799
11.0333 801
11.05 803
11.0667 804
11.0833 806
11.1 808
11.1167 810
11.1333 812
11.15 813
11.1667 815
11.1833 817
11.2 818
11.2167 820
11.2333 822
11.25 823
11.2667 825
11.2833 826
11.3 828
11.3167 830
11.3333 831
11.35 833
11.3667 834
11.3833 836
11.4 837
11.4167 839
11.4333 840
11.45 841
11.4667 843
11.4833 844
11.5 845
11.5167 847
11.5333 848
11.55 849
11.5667 851
11.5833 852
11.6 853
11.6167 854
11.6333 856
11.65 857
11.6667 858
11.6833 859
11.7 860
11.7167 861
11.7333 862
11.75 864
11.7667 865
11.7833 866
11.8 867
11.8167 868
11.8333 869
11.85 870
11.8667 870
11.8833 871
11.9 872
11.9167 873
11.9333 874
11.95 875
11.9667 876
11.9833 877
12.0 877
12.0167 878
12.0333 879
12.05 880
12.0667 880
12.0833 881
12.1 882
12.1167 882
12.1333 883
12.15 884
12.1667 884
12.1833 885
12.2 885
12.2167 886
12.2333 886
12.25 887
12.2667 887
12.2833 888
12.3 888
12.3167 889
12.3333 889
12.35 889
12.3667 890
12.3833 890
12.4 890
12.4167 891
12.4333 891
12.45 891
12.4667 892
12.4833 892
12.5 892
12.5167 892
12.5333 892
12.55 893
12.5667 893
12.5833 893
12.6 893
12.6167 893
12.6333 893
12.65 893
12.6667 893
12.6833 893
12.7 893
12.7167 893
12.7333 893
12.75 893
12.7667 893
12.7833 893
12.8 892
12.8167 892
12.8333 892
12.85 892
12.8667 892
12.8833 891
12.9 891
12.9167 891
12.9333 891
12.95 890
12.9667 890
12.9833 890
13.0 889
13.0167 889
13.0333 888
13.05 888
13.0667 887
13.0833 887
13.1 886
13.1167 886
13.1333 885
13.15 885
13.1667 884
13.1833 884
13.2 883
13.2167 882
13.2333 882
13.25 881
13.2667 880
13.2833 880
13.3 879
13.3167 878
13.3333 878
13.35 877
13.3667 876
13.3833 875
13.4 874
13.4167 873
13.4333 873
13.45 872
13.4667 871
13.4833 870
13.5 869
13.5167 868
13.5333 867
13.55 866
13.5667 865
13.5833 864
13.6 863
13.6167 862
13.6333 861
13.65 859
13.6667 858
13.6833 857
13.7 856
13.7167 855
13.7333 853
13.75 852
13.7667 851
13.7833 850
13.8 848
13.8167 847
13.8333 846
13.85 844
13.8667 843
13.8833 842
13.9 840
13.9167 839
13.9333 837
13.95 836
13.9667 835
13.9833 833
14.0 832
14.0167 830
14.0333 828
14.05 827
14.0667 825
14.0833 824
14.1 822
14.1167 820
14.1333 819
14.15 817
14.1667 815
14.1833 814
14.2 812
14.2167 810
14.2333 808
14.25 807
14.2667 805
14.2833 803
14.3 801
14.3167 799
14.3333 798
14.35 796
14.3667 794
14.3833 792
14.4 790
14.4167 788
14.4333 786
14.45 784
14.4667 782
14.4833 780
14.5 778
14.5167 776
14.5333 774
14.55 772
14.5667 770
14.5833 768
14.6 766
14.6167 763
14.6333 761
14.65 759
14.6667 757
14.6833 755
14.7 752
14.7167 750
14.7333 748
14.75 746
14.7667 743
14.7833 741
14.8 739
14.8167 736
14.8333 734
14.85 732
14.8667 729
14.8833 727
14.9 725
14.9167 722
14.9333 720
14.95 717
14.9667 715
14.9833 712
15.0 710
15.0167 707
15.0333 705
15.05 702
15.0667 700
15.0833 697
15.1 695
15.1167 692
15.1333 689
15.15 687
15.1667 684
15.1833 682
15.2 679
15.2167 676
15.2333 673
15.25 671
15.2667 668
15.2833 665
15.3 663
15.3167 660
15.3333 657
15.35 654
15.3667 651
15.3833 649
15.4 646
15.4167 643
15.4333 640
15.45 637
15.4667 634
15.4833 631
15.5 628
15.5167 626
15.5333 623
15.55 620
15.5667 617
15.5833 614
15.6 611
15.6167 608
15.6333 605
15.65 602
15.6667 599
15.6833 596
15.7 593
15.7167 590
15.7333 587
15.75 583
15.7667 580
15.7833 577
15.8 574
15.8167 571
15.8333 568
15.85 565
15.8667 562
15.8833 558
15.9 555
15.9167 552
15.9333 549
15.95 546
15.9667 542
15.9833 539
