9.0 481
9.0167 484
9.0333 488
9.05 491
9.0667 494
9.0833 498
9.1 501
9.1167 505
9.1333 508
9.15 512
9.1667 515
9.1833 519
9.2 522
9.2167 525
9.2333 529
9.25 532
9.2667 536
9.2833 539
9.3 542
9.3167 546
9.3333 549
9.35 552
9.3667 556
9.3833 559
9.4 562
9.4167 565
9.4333 569
9.45 572
9.4667 575
9.4833 579
9.5 582
9.5167 585
9.5333 588
9.55 591
9.5667 595
9.5833 598
9.6 601
9.6167 604
9.6333 607
9.65 610
9.6667 614
9.6833 617
9.7 620
9.7167 623
9.7333 626
9.75 629
9.7667 632
9.7833 635
9.8 638
9.8167 641
9.8333 644
9.85 647
9.8667 650
9.8833 653
9.9 656
9.9167 659
9.9333 662
9.95 665
9.9667 668
9.9833 670
10.0 673
10.0167 676
10.0333 679
10.05 682
10.0667 685
10.0833 688
10.1 690
10.1167 693
10.1333 696
10.15 699
10.1667 701
10.1833 704
10.2 707
10.2167 709
10.2333 712
10.25 715
10.2667 717
10.2833 720
10.3 723
10.3167 725
10.3333 728
10.35 730
10.3667 733
10.3833 735
10.4 738
10.4167 741
10.4333 743
10.45 746
10.4667 748
10.4833 750
10.5 753
10.5167 755
10.5333 758
10.55 760
10.5667 762
10.5833 765
10.6 767
10.6167 769
10.6333 772
10.65 774
10.6667 776
10.6833 779
10.7 781
10.7167 783
10.7333 785
10.75 787
10.7667 790
10.7833 792
10.8 794
10.8167 796
10.8333 798
10.85 800
10.8667 802
10.8833 804
10.9 806
10.9167 808
10.9333 810
10.95 812
10.9667 814
10.9833 816
11.0 818
11.0167 820
11.0333 822
11.05 824
11.0667 826
11.0833 828
11.1 830
11.1167 831
11.1333 833
11.15 835
11.1667 837
11.1833 838
11.2 840
11.2167 842
11.2333 844
11.25 845
11.2667 847
11.2833 849
11.3 850
11.3167 852
11.3333 853
11.35 855
11.3667 856
11.3833 858
11.4 860
11.4167 861
11.4333 862
11.45 864
11.4667 865
11.4833 867
11.5 868
11.5167 870
11.5333 871
11.55 872
11.5667 874
11.5833 875
11.6 876
11.6167 877
11.6333 879
11.65 880
11.6667 881
11.6833 882
11.7 884
11.7167 885
11.7333 886
11.75 887
11.7667 888
11.7833 889
11.8 890
11.8167 891
11.8333 892
11.85 893
11.8667 894
11.8833 895
11.9 896
11.9167 897
11.9333 898
11.95 899
11.9667 900
11.9833 901
12.0 901
12.0167 902
12.0333 903
12.05 904
12.0667 905
12.0833 905
12.1 906
12.1167 907
12.1333 907
12.15 908
12.1667 909
12.1833 909
12.2 910
12.2167 911
12.2333 911
12.25 912
12.2667 912
12.2833 913
12.3 913
12.3167 914
12.3333 914
12.35 914
12.3667 915
12.3833 915
12.4 916
12.4167 916
12.4333 916
12.45 917
12.4667 917
12.4833 917
12.5 917
12.5167 918
12.5333 918
12.55 918
12.5667 918
12.5833 918
12.6 918
12.6167 919
12.6333 919
12.65 919
12.6667 919
12.6833 919
12.7 919
12.7167 919
12.7333 919
12.75 919
12.7667 919
12.7833 919
12.8 918
12.8167 918
12.8333 918
12.85 918
12.8667 918
12.8833 918
12.9 917
12.9167 917
12.9333 917
12.95 917
12.9667 916
12.9833 916
13.0 916
13.0167 915
13.0333 915
13.05 914
13.0667 914
13.0833 914
13.1 913
13.1167 913
13.1333 912
13.15 912
13.1667 911
13.1833 910
13.2 910
13.2167 909
13.2333 909
13.25 908
13.2667 907
13.2833 907
13.3 906
13.3167 905
13.3333 904
13.35 904
13.3667 903
13.3833 902
13.4 901
13.4167 901
13.4333 900
13.45 899
13.4667 898
13.4833 897
13.5 896
13.5167 895
13.5333 894
13.55 893
13.5667 892
13.5833 891
13.6 890
13.6167 889
13.6333 888
13.65 887
13.6667 886
13.6833 885
13.7 883
13.7167 882
13.7333 881
13.75 880
13.7667 879
13.7833 877
13.8 876
13.8167 875
13.8333 873
13.85 872
13.8667 871
13.8833 869
13.9 868
13.9167 867
13.9333 865
13.95 864
13.9667 862
13.9833 861
14.0 859
14.0167 858
14.0333 856
14.05 855
14.0667 853
14.0833 852
14.1 850
14.1167 848
14.1333 847
14.15 845
14.1667 843
14.1833 842
14.2 840
14.2167 838
14.2333 836
14.25 835
14.2667 833
14.2833 831
14.3 829
14.3167 827
14.3333 826
14.35 824
14.3667 822
14.3833 820
14.4 818
14.4167 816
14.4333 814
14.45 812
14.4667 810
14.4833 808
14.5 806
14.5167 804
14.5333 802
14.55 800
14.5667 798
14.5833 796
14.6 794
14.6167 791
14.6333 789
14.65 787
14.6667 785
14.6833 783
14.7 781
14.7167 778
14.7333 776
14.75 774
14.7667 771
14.7833 769
14.8 767
14.8167 764
14.8333 762
14.85 760
14.8667 757
14.8833 755
14.9 753
14.9167 750
14.9333 748
14.95 745
14.9667 743
14.9833 740
15.0 737
15.0167 734
15.0333 732
15.05 729
15.0667 727
15.0833 724
15.1 722
15.1167 719
15.1333 716
15.15 714
15.1667 711
15.1833 708
15.2 706
15.2167 703
15.2333 700
15.25 698
15.2667 695
15.2833 692
15.3 689
15.3167 686
15.3333 684
15.35 681
15.3667 678
15.3833 675
15.4 672
15.4167 669
15.4333 667
15.45 664
15.4667 661
15.4833 658
15.5 655
15.5167 652
15.5333 649
15.55 646
15.5667 643
15.5833 640
15.6 637
15.6167 634
15.6333 631
15.65 628
15.6667 625
15.6833 622
15.7 619
15.7167 615
15.7333 612
15.75 609
15.7667 606
15.7833 603
15.8 600
15.8167 597
15.8333 593
15.85 590
15.8667 587
15.8833 584
15.9 581
15.9167 577
15.9333 574
15.95 571
15.9667 568
15.9833 564
