9.0 415
9.0167 418
9.0333 421
9.05 425
9.0667 428
9.0833 431
9.1 435
9.1167 438
9.1333 441
9.15 445
9.1667 448
9.1833 451
9.2 455
9.2167 458
9.2333 461
9.25 464
9.2667 468
9.2833 471
9.3 474
9.3167 477
9.3333 481
9.35 484
9.3667 487
9.3833 490
9.4 493
9.4167 497
9.4333 500
9.45 503
9.4667 506
9.4833 509
9.5 512
9.5167 515
9.5333 518
9.55 521
9.5667 524
9.5833 527
9.6 530
9.6167 534
9.6333 536
9.65 539
9.6667 542
9.6833 545
9.7 548
9.7167 551
9.7333 554
9.75 557
9.7667 560
9.7833 563
9.8 566
9.8167 569
9.8333 571
9.85 574
9.8667 577
9.8833 580
9.9 583
9.9167 586
9.9333 588
9.95 591
9.9667 594
9.9833 596
10.0 599
10.0167 602
10.0333 605
10.05 607
10.0667 610
10.0833 612
10.1 615
10.1167 618
10.1333 620
10.15 623
10.1667 625
10.1833 628
10.2 630
10.2167 633
10.2333 635
10.25 638
10.2667 640
10.2833 643
10.3 645
10.3167 648
10.3333 650
10.35 652
10.3667 655
10.3833 657
10.4 659
10.4167 662
10.4333 664
10.45 666
10.4667 668
10.4833 671
10.5 673
10.5167 675
10.5333 677
10.55 680
10.5667 682
10.5833 684
10.6 686
10.6167 688
10.6333 690
10.65 692
10.6667 694
10.6833 696
10.7 698
10.7167 700
10.7333 702
10.75 704
10.7667 706
10.7833 708
10.8 710
10.8167 712
10.8333 714
10.85 716
10.8667 718
10.8833 719
10.9 721
10.9167 723
10.9333 725
10.95 726
10.9667 728
10.9833 730
11.0 732
11.0167 733
11.0333 735
11.05 737
11.0667 738
11.0833 740
11.1 741
11.1167 743
11.1333 745
11.15 746
11.1667 748
11.1833 749
11.2 751
11.2167 752
11.2333 753
11.25 755
11.2667 756
11.2833 758
11.3 759
11.3167 760
11.3333 762
11.35 763
11.3667 764
11.3833 766
11.4 767
11.4167 768
11.4333 769
11.45 770
11.4667 772
11.4833 773
11.5 774
11.5167 775
11.5333 776
11.55 777
11.5667 778
11.5833 779
11.6 780
11.6167 781
11.6333 782
11.65 783
11.6667 784
11.6833 785
11.7 786
11.7167 787
11.7333 788
11.75 788
11.7667 789
11.7833 790
11.8 791
11.8167 792
11.8333 792
11.85 793
11.8667 794
11.8833 794
11.9 795
11.9167 796
11.9333 796
11.95 797
11.9667 797
11.9833 798
12.0 799
12.0167 799
12.0333 800
12.05 800
12.0667 800
12.0833 801
12.1 801
12.1167 802
12.1333 802
12.15 802
12.1667 803
12.1833 803
12.2 803
12.2167 804
12.2333 804
12.25 804
12.2667 804
12.2833 805
12.3 805
12.3167 805
12.3333 805
12.35 805
12.3667 805
12.3833 805
12.4 805
12.4167 805
12.4333 805
12.45 805
12.4667 805
12.4833 805
12.5 805
12.5167 805
12.5333 805
12.55 805
12.5667 805
12.5833 805
12.6 804
12.6167 804
12.6333 804
12.65 804
12.6667 803
12.6833 803
12.7 803
12.7167 803
12.7333 802
12.75 802
12.7667 801
12.7833 801
12.8 801
12.8167 800
12.8333 800
12.85 799
12.8667 799
12.8833 798
12.9 798
12.9167 797
12.9333 796
12.95 796
12.9667 795
12.9833 795
13.0 794
13.0167 793
13.0333 792
13.05 792
13.0667 791
13.0833 790
13.1 789
13.1167 789
13.1333 788
13.15 787
13.1667 786
13.1833 785
13.2 784
13.2167 783
13.2333 782
13.25 781
13.2667 780
13.2833 779
13.3 778
13.3167 777
13.3333 776
13.35 775
13.3667 774
13.3833 773
13.4 772
13.4167 771
13.4333 770
13.45 768
13.4667 767
13.4833 766
13.5 765
13.5167 763
13.5333 762
13.55 761
13.5667 759
13.5833 758
13.6 757
13.6167 755
13.6333 754
13.65 752
13.6667 751
13.6833 750
13.7 748
13.7167 747
13.7333 745
13.75 743
13.7667 742
13.7833 740
13.8 739
13.8167 737
13.8333 735
13.85 734
13.8667 732
13.8833 730
13.9 729
13.9167 727
13.9333 725
13.95 723
13.9667 722
13.9833 720
14.0 718
14.0167 716
14.0333 714
14.05 712
14.0667 711
14.0833 709
14.1 707
14.1167 705
14.1333 703
14.15 701
14.1667 699
14.1833 697
14.2 695
14.2167 693
14.2333 691
14.25 689
14.2667 687
14.2833 684
14.3 682
14.3167 680
14.3333 678
14.35 676
14.3667 674
14.3833 671
14.4 669
14.4167 667
14.4333 665
14.45 662
14.4667 660
14.4833 658
14.5 655
14.5167 653
14.5333 651
14.55 648
14.5667 646
14.5833 643
14.6 641
14.6167 639
14.6333 636
14.65 634
14.6667 631
14.6833 629
14.7 626
14.7167 624
14.7333 621
14.75 618
14.7667 616
14.7833 613
14.8 611
14.8167 608
14.8333 605
14.85 603
14.8667 600
14.8833 597
14.9 595
14.9167 592
14.9333 589
14.95 586
14.9667 584
14.9833 581
15.0 577
15.0167 574
15.0333 571
15.05 568
15.0667 566
15.0833 563
15.1 560
15.1167 557
15.1333 554
15.15 551
15.1667 548
15.1833 545
15.2 542
15.2167 539
15.2333 536
15.25 533
15.2667 530
15.2833 527
15.3 524
15.3167 521
15.3333 518
15.35 515
15.3667 512
15.3833 509
15.4 506
15.4167 503
15.4333 500
15.45 496
15.4667 493
15.4833 490
15.5 487
15.5167 484
15.5333 480
15.55 477
15.5667 474
15.5833 471
15.6 468
15.6167 464
15.6333 461
15.65 458
15.6667 454
15.6833 451
15.7 448
15.7167 445
15.7333 441
15.75 438
15.7667 435
15.7833 431
15.8 428
15.8167 424
15.8333 421
15.85 418
15.8667 414
15.8833 411
15.9 408
15.9167 404
15.9333 401
15.95 397
15.9667 394
15.9833 390
