9.0 252
9.0167 254
9.0333 257
9.05 261
9.0667 264
9.0833 267
9.1 270
9.1167 273
9.1333 276
9.15 279
9.1667 282
9.1833 285
9.2 288
9.2167 290
9.2333 293
9.25 296
9.2667 299
9.2833 302
9.3 305
9.3167 308
9.3333 311
9.35 314
9.3667 317
9.3833 320
9.4 323
9.4167 326
9.4333 329
9.45 332
9.4667 334
9.4833 337
9.5 340
9.5167 343
9.5333 346
9.55 349
9.5667 352
9.5833 354
9.6 357
9.6167 360
9.6333 363
9.65 366
9.6667 368
9.6833 371
9.7 374
9.7167 377
9.7333 379
9.75 382
9.7667 385
9.7833 387
9.8 390
9.8167 393
9.8333 395
9.85 398
9.8667 401
9.8833 403
9.9 406
9.9167 409
9.9333 411
9.95 414
9.9667 416
9.9833 419
10.0 422
10.0167 424
10.0333 427
10.05 429
10.0667 432
10.0833 434
10.1 437
10.1167 439
10.1333 442
10.15 444
10.1667 447
10.1833 449
10.2 451
10.2167 454
10.2333 456
10.25 459
10.2667 461
10.2833 463
10.3 466
10.3167 468
10.3333 470
10.35 472
10.3667 475
10.3833 477
10.4 479
10.4167 481
10.4333 484
10.45 486
10.4667 488
10.4833 490
10.5 492
10.5167 495
10.5333 497
10.55 499
10.5667 501
10.5833 503
10.6 505
10.6167 507
10.6333 509
10.65 511
10.6667 513
10.6833 515
10.7 517
10.7167 519
10.7333 521
10.75 523
10.7667 525
10.7833 527
10.8 529
10.8167 531
10.8333 532
10.85 534
10.8667 536
10.8833 538
10.9 540
10.9167 541
10.9333 543
10.95 545
10.9667 547
10.9833 548
11.0 550
11.0167 552
11.0333 553
11.05 555
11.0667 557
11.0833 558
11.1 560
11.1167 561
11.1333 563
11.15 564
11.1667 566
11.1833 567
11.2 569
11.2167 570
11.2333 572
11.25 573
11.2667 575
11.2833 576
11.3 577
11.3167 579
11.3333 580
11.35 582
11.3667 583
11.3833 584
11.4 585
11.4167 587
11.4333 588
11.45 589
11.4667 590
11.4833 592
11.5 593
11.5167 594
11.5333 595
11.55 596
11.5667 597
11.5833 598
11.6 599
11.6167 600
11.6333 601
11.65 602
11.6667 603
11.6833 604
11.7 605
11.7167 606
11.7333 607
11.75 608
11.7667 609
11.7833 610
11.8 611
11.8167 612
11.8333 612
11.85 613
11.8667 614
11.8833 615
11.9 615
11.9167 616
11.9333 617
11.95 618
11.9667 618
11.9833 619
12.0 619
12.0167 620
12.0333 621
12.05 621
12.0667 622
12.0833 622
12.1 623
12.1167 623
12.1333 624
12.15 624
12.1667 625
12.1833 625
12.2 626
12.2167 626
12.2333 626
12.25 627
12.2667 627
12.2833 627
12.3 628
12.3167 628
12.3333 628
12.35 628
12.3667 629
12.3833 629
12.4 629
12.4167 629
12.4333 629
12.45 629
12.4667 629
12.4833 629
12.5 630
12.5167 630
12.5333 630
12.55 630
12.5667 630
12.5833 630
12.6 630
12.6167 629
12.6333 629
12.65 629
12.6667 629
12.6833 629
12.7 629
12.7167 629
12.7333 628
12.75 628
12.7667 628
12.7833 628
12.8 627
12.8167 627
12.8333 627
12.85 627
12.8667 626
12.8833 626
12.9 625
12.9167 625
12.9333 625
12.95 624
12.9667 624
12.9833 623
13.0 623
13.0167 622
13.0333 622
13.05 621
13.0667 621
13.0833 620
13.1 619
13.1167 619
13.1333 618
13.15 617
13.1667 617
13.1833 616
13.2 615
13.2167 614
13.2333 614
13.25 613
13.2667 612
13.2833 611
13.3 611
13.3167 610
13.3333 609
13.35 608
13.3667 607
13.3833 606
13.4 605
13.4167 604
13.4333 603
13.45 602
13.4667 601
13.4833 600
13.5 599
13.5167 598
13.5333 597
13.55 596
13.5667 595
13.5833 594
13.6 592
13.6167 591
13.6333 590
13.65 589
13.6667 588
13.6833 586
13.7 585
13.7167 584
13.7333 582
13.75 581
13.7667 580
13.7833 578
13.8 577
13.8167 576
13.8333 574
13.85 573
13.8667 571
13.8833 570
13.9 568
13.9167 567
13.9333 565
13.95 564
13.9667 562
13.9833 561
14.0 559
14.0167 558
14.0333 556
14.05 554
14.0667 553
14.0833 551
14.1 549
14.1167 548
14.1333 546
14.15 544
14.1667 543
14.1833 541
14.2 539
14.2167 537
14.2333 535
14.25 534
14.2667 532
14.2833 530
14.3 528
14.3167 526
14.3333 524
14.35 522
14.3667 520
14.3833 518
14.4 517
14.4167 515
14.4333 513
14.45 511
14.4667 508
14.4833 506
14.5 504
14.5167 502
14.5333 500
14.55 498
14.5667 496
14.5833 494
14.6 492
14.6167 490
14.6333 487
14.65 485
14.6667 483
14.6833 481
14.7 479
14.7167 476
14.7333 474
14.75 472
14.7667 469
14.7833 467
14.8 465
14.8167 463
14.8333 460
14.85 458
14.8667 455
14.8833 453
14.9 451
14.9167 448
14.9333 446
14.95 443
14.9667 441
14.9833 438
15.0 436
15.0167 433
15.0333 431
15.05 428
15.0667 426
15.0833 423
15.1 421
15.1167 418
15.1333 416
15.15 413
15.1667 411
15.1833 408
15.2 405
15.2167 403
15.2333 400
15.25 397
15.2667 395
15.2833 392
15.3 389
15.3167 387
15.3333 384
15.35 381
15.3667 378
15.3833 376
15.4 373
15.4167 370
15.4333 368
15.45 365
15.4667 362
15.4833 359
15.5 356
15.5167 354
15.5333 351
15.55 348
15.5667 345
15.5833 342
15.6 339
15.6167 336
15.6333 334
15.65 331
15.6667 328
15.6833 325
15.7 322
15.7167 319
15.7333 316
15.75 313
15.7667 310
15.7833 307
15.8 304
15.8167 302
15.8333 299
15.85 296
15.8667 293
15.8833 290
15.9 287
15.9167 284
15.9333 281
15.95 278
15.9667 275
15.9833 272
