9.0 269
9.0167 271
9.0333 274
9.05 278
9.0667 281
9.0833 284
9.1 287
9.1167 290
9.1333 293
9.15 297
9.1667 300
9.1833 303
9.2 306
9.2167 309
9.2333 312
9.25 315
9.2667 319
9.2833 322
9.3 325
9.3167 328
9.3333 331
9.35 334
9.3667 337
9.3833 340
9.4 343
9.4167 346
9.4333 349
9.45 352
9.4667 355
9.4833 358
9.5 361
9.5167 364
9.5333 367
9.55 370
9.5667 373
9.5833 376
9.6 379
9.6167 382
9.6333 385
9.65 388
9.6667 391
9.6833 394
9.7 397
9.7167 399
9.7333 402
9.75 405
9.7667 408
9.7833 411
9.8 414
9.8167 416
9.8333 419
9.85 422
9.8667 425
9.8833 427
9.9 430
9.9167 433
9.9333 436
9.95 438
9.9667 441
9.9833 444
10.0 446
10.0167 449
10.0333 452
10.05 454
10.0667 457
10.0833 460
10.1 462
10.1167 465
10.1333 467
10.15 470
10.1667 472
10.1833 475
10.2 477
10.2167 480
10.2333 482
10.25 485
10.2667 487
10.2833 490
10.3 492
10.3167 495
10.3333 497
10.35 499
10.3667 502
10.3833 504
10.4 506
10.4167 509
10.4333 511
10.45 513
10.4667 516
10.4833 518
10.5 520
10.5167 522
10.5333 524
10.55 527
10.5667 529
10.5833 531
10.6 533
10.6167 535
10.6333 537
10.65 540
10.6667 542
10.6833 544
10.7 546
10.7167 548
10.7333 550
10.75 552
10.7667 554
10.7833 556
10.8 558
10.8167 560
10.8333 562
10.85 564
10.8667 565
10.8833 567
10.9 569
10.9167 571
10.9333 573
10.95 575
10.9667 576
10.9833 578
11.0 580
11.0167 582
11.0333 583
11.05 585
11.0667 587
11.0833 589
11.1 590
11.1167 592
11.1333 593
11.15 595
11.1667 597
11.1833 598
11.2 600
11.2167 601
11.2333 603
11.25 604
11.2667 606
11.2833 607
11.3 609
11.3167 610
11.3333 612
11.35 613
11.3667 614
11.3833 616
11.4 617
11.4167 618
11.4333 620
11.45 621
11.4667 622
11.4833 624
11.5 625
11.5167 626
11.5333 627
11.55 628
11.5667 630
11.5833 631
11.6 632
11.6167 633
11.6333 634
11.65 635
11.6667 636
11.6833 637
11.7 638
11.7167 639
11.7333 640
11.75 641
11.7667 642
11.7833 643
11.8 644
11.8167 645
11.8333 646
11.85 647
11.8667 647
11.8833 648
11.9 649
11.9167 650
11.9333 650
11.95 651
11.9667 652
11.9833 653
12.0 653
12.0167 654
12.0333 655
12.05 655
12.0667 656
12.0833 656
12.1 657
12.1167 658
12.1333 658
12.15 659
12.1667 659
12.1833 660
12.2 660
12.2167 660
12.2333 661
12.25 661
12.2667 662
12.2833 662
12.3 662
12.3167 663
12.3333 663
12.35 663
12.3667 663
12.3833 664
12.4 664
12.4167 664
12.4333 664
12.45 664
12.4667 665
12.4833 665
12.5 665
12.5167 665
12.5333 665
12.55 665
12.5667 665
12.5833 665
12.6 665
12.6167 665
12.6333 665
12.65 665
12.6667 665
12.6833 665
12.7 665
12.7167 665
12.7333 664
12.75 664
12.7667 664
12.7833 664
12.8 664
12.8167 663
12.8333 663
12.85 663
12.8667 662
12.8833 662
12.9 662
12.9167 661
12.9333 661
12.95 661
12.9667 660
12.9833 660
13.0 659
13.0167 659
13.0333 658
13.05 658
13.0667 657
13.0833 657
13.1 656
13.1167 655
13.1333 655
13.15 654
13.1667 654
13.1833 653
13.2 652
13.2167 651
13.2333 651
13.25 650
13.2667 649
13.2833 648
13.3 648
13.3167 647
13.3333 646
13.35 645
13.3667 644
13.3833 643
13.4 642
13.4167 641
13.4333 641
13.45 640
13.4667 639
13.4833 638
13.5 636
13.5167 635
13.5333 634
13.55 633
13.5667 632
13.5833 631
13.6 630
13.6167 629
13.6333 628
13.65 626
13.6667 625
13.6833 624
13.7 623
13.7167 621
13.7333 620
13.75 619
13.7667 618
13.7833 616
13.8 615
13.8167 613
13.8333 612
13.85 611
13.8667 609
13.8833 608
13.9 606
13.9167 605
13.9333 603
13.95 602
13.9667 600
13.9833 599
14.0 597
14.0167 596
14.0333 594
14.05 592
14.0667 591
14.0833 589
14.1 587
14.1167 586
14.1333 584
14.15 582
14.1667 581
14.1833 579
14.2 577
14.2167 575
14.2333 573
14.25 572
14.2667 570
14.2833 568
14.3 566
14.3167 564
14.3333 562
14.35 560
14.3667 558
14.3833 556
14.4 554
14.4167 552
14.4333 550
14.45 548
14.4667 546
14.4833 544
14.5 542
14.5167 540
14.5333 538
14.55 536
14.5667 534
14.5833 532
14.6 530
14.6167 527
14.6333 525
14.65 523
14.6667 521
14.6833 518
14.7 516
14.7167 514
14.7333 512
14.75 509
14.7667 507
14.7833 505
14.8 502
14.8167 500
14.8333 498
14.85 495
14.8667 493
14.8833 490
14.9 488
14.9167 486
14.9333 483
14.95 481
14.9667 478
14.9833 476
15.0 473
15.0167 471
15.0333 468
15.05 466
15.0667 463
15.0833 460
15.1 458
15.1167 455
15.1333 453
15.15 450
15.1667 447
15.1833 445
15.2 442
15.2167 439
15.2333 437
15.25 434
15.2667 431
15.2833 428
15.3 426
15.3167 423
15.3333 420
15.35 417
15.3667 415
15.3833 412
15.4 409
15.4167 406
15.4333 403
15.45 400
15.4667 398
15.4833 395
15.5 392
15.5167 389
15.5333 386
15.55 383
15.5667 380
15.5833 377
15.6 374
15.6167 371
15.6333 368
15.65 365
15.6667 362
15.6833 359
15.7 356
15.7167 353
15.7333 350
15.75 347
15.7667 344
15.7833 341
15.8 338
15.8167 335
15.8333 332
15.85 329
15.8667 326
15.8833 323
15.9 320
15.9167 317
15.9333 313
15.95 310
15.9667 307
15.9833 304
