9.0 236
9.0167 240
9.0333 243
9.05 246
9.0667 250
9.0833 253
9.1 256
9.1167 260
9.1333 263
9.15 266
9.1667 269
9.1833 273
9.2 276
9.2167 279
9.2333 283
9.25 286
9.2667 289
9.2833 292
9.3 296
9.3167 299
9.3333 302
9.35 306
9.3667 309
9.3833 312
9.4 315
9.4167 319
9.4333 322
9.45 325
9.4667 328
9.4833 331
9.5 335
9.5167 338
9.5333 341
9.55 344
9.5667 347
9.5833 351
9.6 354
9.6167 357
9.6333 360
9.65 363
9.6667 366
9.6833 369
9.7 373
9.7167 376
9.7333 379
9.75 382
9.7667 385
9.7833 388
9.8 391
9.8167 394
9.8333 397
9.85 400
9.8667 403
9.8833 406
9.9 409
9.9167 412
9.9333 415
9.95 418
9.9667 421
9.9833 424
10.0 427
10.0167 430
10.0333 433
10.05 436
10.0667 439
10.0833 442
10.1 444
10.1167 447
10.1333 450
10.15 453
10.1667 456
10.1833 459
10.2 461
10.2167 464
10.2333 467
10.25 470
10.2667 472
10.2833 475
10.3 478
10.3167 481
10.3333 483
10.35 486
10.3667 489
10.3833 491
10.4 494
10.4167 497
10.4333 499
10.45 502
10.4667 504
10.4833 507
10.5 509
10.5167 512
10.5333 515
10.55 517
10.5667 520
10.5833 522
10.6 524
10.6167 527
10.6333 529
10.65 532
10.6667 534
10.6833 537
10.7 539
10.7167 541
10.7333 544
10.75 546
10.7667 548
10.7833 551
10.8 553
10.8167 555
10.8333 557
10.85 560
10.8667 562
10.8833 564
10.9 566
10.9167 569
10.9333 571
10.95 573
10.9667 575
10.9833 577
11.0 579
11.0167 581
11.0333 583
11.05 585
11.0667 587
11.0833 589
11.1 591
11.1167 593
11.1333 595
11.15 597
11.1667 599
11.1833 601
11.2 603
11.2167 605
11.2333 607
11.25 609
11.2667 611
11.2833 612
11.3 614
11.3167 616
11.3333 618
11.35 619
11.3667 621
11.3833 623
11.4 625
11.4167 626
11.4333 628
11.45 630
11.4667 631
11.4833 633
11.5 634
11.5167 636
11.5333 637
11.55 639
11.5667 640
11.5833 642
11.6 643
11.6167 645
11.6333 646
11.65 648
11.6667 649
11.6833 651
11.7 652
11.7167 653
11.7333 655
11.75 656
11.7667 657
11.7833 658
11.8 660
11.8167 661
11.8333 662
11.85 663
11.8667 665
11.8833 666
11.9 667
11.9167 668
11.9333 669
11.95 670
11.9667 671
11.9833 672
12.0 673
12.0167 674
12.0333 675
12.05 676
12.0667 677
12.0833 678
12.1 679
12.1167 680
12.1333 681
12.15 682
12.1667 683
12.1833 683
12.2 684
12.2167 685
12.2333 686
12.25 687
12.2667 687
12.2833 688
12.3 689
12.3167 689
12.3333 690
12.35 691
12.3667 691
12.3833 692
12.4 692
12.4167 693
12.4333 694
12.45 694
12.4667 695
12.4833 695
12.5 695
12.5167 696
12.5333 696
12.55 697
12.5667 697
12.5833 697
12.6 698
12.6167 698
12.6333 698
12.65 699
12.6667 699
12.6833 699
12.7 699
12.7167 700
12.7333 700
12.75 700
12.7667 700
12.7833 700
12.8 700
12.8167 700
12.8333 700
12.85 700
12.8667 701
12.8833 701
12.9 701
12.9167 700
12.9333 700
12.95 700
12.9667 700
12.9833 700
13.0 700
13.0167 700
13.0333 700
13.05 700
13.0667 699
13.0833 699
13.1 699
13.1167 699
13.1333 698
13.15 698
13.1667 698
13.1833 697
13.2 697
13.2167 697
13.2333 696
13.25 696
13.2667 695
13.2833 695
13.3 694
13.3167 694
13.3333 693
13.35 693
13.3667 692
13.3833 692
13.4 691
13.4167 690
13.4333 690
13.45 689
13.4667 688
13.4833 688
13.5 687
13.5167 686
13.5333 685
13.55 685
13.5667 684
13.5833 683
13.6 682
13.6167 681
13.6333 681
13.65 680
13.6667 679
13.6833 678
13.7 677
13.7167 676
13.7333 675
13.75 674
13.7667 673
13.7833 672
13.8 671
13.8167 670
13.8333 669
13.85 668
13.8667 666
13.8833 665
13.9 664
13.9167 663
13.9333 662
13.95 660
13.9667 659
13.9833 658
14.0 657
14.0167 655
14.0333 654
14.05 653
14.0667 651
14.0833 650
14.1 649
14.1167 647
14.1333 646
14.15 644
14.1667 643
14.1833 641
14.2 640
14.2167 638
14.2333 637
14.25 635
14.2667 634
14.2833 632
14.3 630
14.3167 629
14.3333 627
14.35 625
14.3667 624
14.3833 622
14.4 620
14.4167 619
14.4333 617
14.45 615
14.4667 613
14.4833 612
14.5 610
14.5167 608
14.5333 606
14.55 604
14.5667 602
14.5833 600
14.6 598
14.6167 596
14.6333 595
14.65 593
14.6667 591
14.6833 589
14.7 587
14.7167 584
14.7333 582
14.75 580
14.7667 578
14.7833 576
14.8 574
14.8167 572
14.8333 570
14.85 568
14.8667 565
14.8833 563
14.9 561
14.9167 559
14.9333 556
14.95 554
14.9667 552
14.9833 550
15.0 548
15.0167 546
15.0333 544
15.05 541
15.0667 539
15.0833 536
15.1 534
15.1167 532
15.1333 529
15.15 527
15.1667 524
15.1833 522
15.2 519
15.2167 517
15.2333 514
15.25 512
15.2667 509
15.2833 507
15.3 504
15.3167 501
15.3333 499
15.35 496
15.3667 494
15.3833 491
15.4 488
15.4167 486
15.4333 483
15.45 480
15.4667 478
15.4833 475
15.5 472
15.5167 469
15.5333 467
15.55 464
15.5667 461
15.5833 458
15.6 455
15.6167 453
15.6333 450
15.65 447
15.6667 444
15.6833 441
15.7 438
15.7167 435
15.7333 432
15.75 430
15.7667 427
15.7833 424
15.8 421
15.8167 418
15.8333 415
15.85 412
15.8667 409
15.8833 406
15.9 403
15.9167 400
15.9333 397
15.95 394
15.9667 391
15.9833 387
