0.5 1.0000000474974513
1.5 2.0000000949949026
2.5 2.0000000949949026
3.5 2.0000000949949026
4.5 2.0000000949949026
5.5 2.0000000949949026
6.5 2.0000000949949026
7.5 7.000000216066837
8.5 92.00000017881393
9.5 231.00000619888306
10.5 361.9999885559082
11.5 465.0000035762787
12.5 532.9999923706055
13.5 545.0000166893005
14.5 465.9999907016754
15.5 451.9999921321869
16.5 338.99998664855957
17.5 202.00000703334808
18.5 71.99999690055847
19.5 4.000000189989805
20.5 1.0000000474974513
21.5 0.0
22.5 0.0
23.5 0.0
