0.5 1.0000000474974513
1.5 1.0000000474974513
2.5 1.0000000474974513
3.5 1.0000000474974513
4.5 2.0000000949949026
5.5 2.0000000949949026
6.5 2.0000000949949026
7.5 2.0000000949949026
8.5 17.000000923871994
9.5 79.00000363588333
10.5 57.00000002980232
11.5 166.99999570846558
12.5 326.00000500679016
13.5 358.0000102519989
14.5 301.9999861717224
15.5 219.9999988079071
16.5 171.00000381469727
17.5 64.99999761581421
18.5 43.0000014603138
19.5 4.000000189989805
20.5 1.0000000474974513
21.5 1.0000000474974513
22.5 1.0000000474974513
23.5 0.0
