0.5 0.0
1.5 1.0000000474974513
2.5 1.0000000474974513
3.5 1.0000000474974513
4.5 1.0000000474974513
5.5 1.0000000474974513
6.5 0.0
7.5 14.999999664723873
8.5 115.99999666213989
9.5 268.0000066757202
10.5 397.0000147819519
11.5 507.00002908706665
12.5 580.9999704360962
13.5 537.9999876022339
14.5 500.0
15.5 165.99999368190765
16.5 123.00000339746475
17.5 105.99999874830246
18.5 92.00000017881393
19.5 20.999999716877937
20.5 2.0000000949949026
21.5 2.0000000949949026
22.5 2.0000000949949026
23.5 1.0000000474974513
