0.5 1.0000000474974513
1.5 1.0000000474974513
2.5 1.0000000474974513
3.5 1.0000000474974513
4.5 0.0
5.5 0.0
6.5 0.0
7.5 2.0000000949949026
8.5 13.000000268220901
9.5 52.000001072883606
10.5 71.99999690055847
11.5 131.99999928474426
12.5 175.99999904632568
13.5 199.00000095367432
14.5 389.99998569488525
15.5 303.99999022483826
16.5 331.9999873638153
17.5 250.0
18.5 103.00000011920929
19.5 28.00000086426735
20.5 2.0000000949949026
21.5 1.0000000474974513
22.5 1.0000000474974513
23.5 1.0000000474974513
