0.5 1.0000000474974513
1.5 1.0000000474974513
2.5 1.0000000474974513
3.5 1.0000000474974513
4.5 0.0
5.5 0.0
6.5 0.0
7.5 28.00000086426735
8.5 165.00000655651093
9.5 231.99999332427979
10.5 333.0000042915344
11.5 331.0000002384186
12.5 377.00000405311584
13.5 344.0000116825104
14.5 363.99999260902405
15.5 296.00000381469727
16.5 291.9999957084656
17.5 211.99999749660492
18.5 105.99999874830246
19.5 43.0000014603138
20.5 2.0000000949949026
21.5 1.0000000474974513
22.5 1.0000000474974513
23.5 1.0000000474974513
