0.5 1.0000000474974513
1.5 1.0000000474974513
2.5 1.0000000474974513
3.5 1.0000000474974513
4.5 1.0000000474974513
5.5 1.0000000474974513
6.5 1.0000000474974513
7.5 8.999999612569809
8.5 35.00000014901161
9.5 119.99999731779099
10.5 259.99999046325684
11.5 177.0000010728836
12.5 166.99999570846558
13.5 352.9999852180481
14.5 522.0000147819519
15.5 479.99998927116394
16.5 241.99999868869781
17.5 140.00000059604645
18.5 75.99999755620956
19.5 24.000000208616257
20.5 3.000000026077032
21.5 1.0000000474974513
22.5 1.0000000474974513
23.5 1.0000000474974513
