9.0 264
9.0167 268
9.0333 272
9.05 275
9.0667 278
9.0833 282
9.1 285
9.1167 289
9.1333 292
9.15 296
9.1667 299
9.1833 302
9.2 306
9.2167 309
9.2333 313
9.25 316
9.2667 320
9.2833 323
9.3 326
9.3167 330
9.3333 333
9.35 336
9.3667 340
9.3833 343
9.4 347
9.4167 350
9.4333 353
9.45 357
9.4667 360
9.4833 363
9.5 367
9.5167 370
9.5333 373
9.55 377
9.5667 380
9.5833 383
9.6 386
9.6167 390
9.6333 393
9.65 396
9.6667 400
9.6833 403
9.7 406
9.7167 409
9.7333 412
9.75 416
9.7667 419
9.7833 422
9.8 425
9.8167 428
9.8333 432
9.85 435
9.8667 438
9.8833 441
9.9 444
9.9167 447
9.9333 450
9.95 453
9.9667 456
9.9833 459
10.0 463
10.0167 466
10.0333 469
10.05 472
10.0667 475
10.0833 478
10.1 481
10.1167 484
10.1333 486
10.15 489
10.1667 492
10.1833 495
10.2 498
10.2167 501
10.2333 504
10.25 507
10.2667 510
10.2833 513
10.3 515
10.3167 518
10.3333 521
10.35 524
10.3667 527
10.3833 529
10.4 532
10.4167 535
10.4333 537
10.45 540
10.4667 543
10.4833 546
10.5 548
10.5167 551
10.5333 553
10.55 556
10.5667 559
10.5833 561
10.6 564
10.6167 566
10.6333 569
10.65 571
10.6667 574
10.6833 576
10.7 579
10.7167 581
10.7333 584
10.75 586
10.7667 589
10.7833 591
10.8 594
10.8167 596
10.8333 598
10.85 601
10.8667 603
10.8833 605
10.9 607
10.9167 610
10.9333 612
10.95 614
10.9667 616
10.9833 619
11.0 621
11.0167 623
11.0333 625
11.05 627
11.0667 630
11.0833 632
11.1 634
11.1167 636
11.1333 638
11.15 640
11.1667 642
11.1833 644
11.2 646
11.2167 648
11.2333 650
11.25 652
11.2667 654
11.2833 656
11.3 657
11.3167 659
11.3333 661
11.35 663
11.3667 665
11.3833 667
11.4 668
11.4167 670
11.4333 672
11.45 674
11.4667 675
11.4833 677
11.5 679
11.5167 680
11.5333 682
11.55 684
11.5667 685
11.5833 687
11.6 688
11.6167 690
11.6333 691
11.65 693
11.6667 694
11.6833 696
11.7 697
11.7167 699
11.7333 700
11.75 701
11.7667 703
11.7833 704
11.8 706
11.8167 707
11.8333 708
11.85 709
11.8667 711
11.8833 712
11.9 713
11.9167 714
11.9333 716
11.95 717
11.9667 718
11.9833 719
12.0 720
12.0167 721
12.0333 722
12.05 723
12.0667 724
12.0833 725
12.1 726
12.1167 727
12.1333 728
12.15 729
12.1667 730
12.1833 731
12.2 732
12.2167 733
12.2333 733
12.25 734
12.2667 735
12.2833 736
12.3 737
12.3167 737
12.3333 738
12.35 739
12.3667 739
12.3833 740
12.4 741
12.4167 741
12.4333 742
12.45 742
12.4667 743
12.4833 744
12.5 744
12.5167 745
12.5333 745
12.55 745
12.5667 746
12.5833 746
12.6 747
12.6167 747
12.6333 747
12.65 748
12.6667 748
12.6833 748
12.7 749
12.7167 749
12.7333 749
12.75 749
12.7667 750
12.7833 750
12.8 750
12.8167 750
12.8333 750
12.85 750
12.8667 750
12.8833 750
12.9 750
12.9167 750
12.9333 750
12.95 750
12.9667 750
12.9833 750
13.0 750
13.0167 750
13.0333 750
13.05 750
13.0667 750
13.0833 749
13.1 749
13.1167 749
13.1333 749
13.15 749
13.1667 748
13.1833 748
13.2 748
13.2167 747
13.2333 747
13.25 746
13.2667 746
13.2833 746
13.3 745
13.3167 745
13.3333 744
13.35 744
13.3667 743
13.3833 743
13.4 742
13.4167 741
13.4333 741
13.45 740
13.4667 740
13.4833 739
13.5 738
13.5167 738
13.5333 737
13.55 736
13.5667 735
13.5833 735
13.6 734
13.6167 733
13.6333 732
13.65 731
13.6667 730
13.6833 729
13.7 728
13.7167 728
13.7333 727
13.75 726
13.7667 725
13.7833 724
13.8 723
13.8167 721
13.8333 720
13.85 719
13.8667 718
13.8833 717
13.9 716
13.9167 715
13.9333 714
13.95 712
13.9667 711
13.9833 710
14.0 709
14.0167 707
14.0333 706
14.05 705
14.0667 703
14.0833 702
14.1 701
14.1167 699
14.1333 698
14.15 696
14.1667 695
14.1833 693
14.2 692
14.2167 690
14.2333 689
14.25 687
14.2667 686
14.2833 684
14.3 682
14.3167 681
14.3333 679
14.35 678
14.3667 676
14.3833 674
14.4 672
14.4167 671
14.4333 669
14.45 667
14.4667 665
14.4833 664
14.5 662
14.5167 660
14.5333 658
14.55 656
14.5667 654
14.5833 652
14.6 650
14.6167 648
14.6333 646
14.65 645
14.6667 642
14.6833 640
14.7 638
14.7167 636
14.7333 634
14.75 632
14.7667 630
14.7833 628
14.8 626
14.8167 624
14.8333 622
14.85 619
14.8667 617
14.8833 615
14.9 613
14.9167 610
14.9333 608
14.95 606
14.9667 604
14.9833 601
15.0 600
15.0167 598
15.0333 595
15.05 593
15.0667 590
15.0833 588
15.1 586
15.1167 583
15.1333 581
15.15 578
15.1667 576
15.1833 573
15.2 571
15.2167 568
15.2333 566
15.25 563
15.2667 560
15.2833 558
15.3 555
15.3167 553
15.3333 550
15.35 547
15.3667 545
15.3833 542
15.4 539
15.4167 537
15.4333 534
15.45 531
15.4667 528
15.4833 526
15.5 523
15.5167 520
15.5333 517
15.55 514
15.5667 511
15.5833 509
15.6 506
15.6167 503
15.6333 500
15.65 497
15.6667 494
15.6833 491
15.7 488
15.7167 485
15.7333 482
15.75 479
15.7667 476
15.7833 473
15.8 470
15.8167 467
15.8333 464
15.85 461
15.8667 458
15.8833 455
15.9 452
15.9167 449
15.9333 446
15.95 443
15.9667 440
15.9833 437
