9.0 482
9.0167 485
9.0333 488
9.05 491
9.0667 494
9.0833 498
9.1 501
9.1167 504
9.1333 507
9.15 510
9.1667 513
9.1833 516
9.2 519
9.2167 522
9.2333 525
9.25 528
9.2667 532
9.2833 535
9.3 538
9.3167 541
9.3333 544
9.35 547
9.3667 550
9.3833 553
9.4 556
9.4167 559
9.4333 561
9.45 564
9.4667 567
9.4833 570
9.5 573
9.5167 576
9.5333 579
9.55 582
9.5667 585
9.5833 588
9.6 591
9.6167 593
9.6333 596
9.65 599
9.6667 602
9.6833 605
9.7 607
9.7167 610
9.7333 613
9.75 616
9.7667 619
9.7833 621
9.8 624
9.8167 627
9.8333 629
9.85 632
9.8667 635
9.8833 637
9.9 640
9.9167 643
9.9333 645
9.95 648
9.9667 651
9.9833 653
10.0 656
10.0167 658
10.0333 661
10.05 663
10.0667 666
10.0833 669
10.1 671
10.1167 674
10.1333 676
10.15 678
10.1667 681
10.1833 683
10.2 686
10.2167 688
10.2333 691
10.25 693
10.2667 695
10.2833 698
10.3 700
10.3167 702
10.3333 705
10.35 707
10.3667 709
10.3833 712
10.4 714
10.4167 716
10.4333 718
10.45 721
10.4667 723
10.4833 725
10.5 727
10.5167 729
10.5333 732
10.55 734
10.5667 736
10.5833 738
10.6 740
10.6167 742
10.6333 744
10.65 746
10.6667 748
10.6833 750
10.7 752
10.7167 754
10.7333 756
10.75 758
10.7667 760
10.7833 762
10.8 764
10.8167 766
10.8333 768
10.85 770
10.8667 771
10.8833 773
10.9 775
10.9167 777
10.9333 779
10.95 780
10.9667 782
10.9833 784
11.0 786
11.0167 787
11.0333 789
11.05 791
11.0667 792
11.0833 794
11.1 796
11.1167 797
11.1333 799
11.15 800
11.1667 802
11.1833 804
11.2 805
11.2167 807
11.2333 808
11.25 810
11.2667 811
11.2833 812
11.3 814
11.3167 815
11.3333 817
11.35 818
11.3667 819
11.3833 821
11.4 822
11.4167 823
11.4333 825
11.45 826
11.4667 827
11.4833 828
11.5 830
11.5167 831
11.5333 832
11.55 833
11.5667 834
11.5833 836
11.6 837
11.6167 838
11.6333 839
11.65 840
11.6667 841
11.6833 842
11.7 843
11.7167 844
11.7333 845
11.75 846
11.7667 847
11.7833 848
11.8 849
11.8167 850
11.8333 850
11.85 851
11.8667 852
11.8833 853
11.9 854
11.9167 855
11.9333 855
11.95 856
11.9667 857
11.9833 857
12.0 858
12.0167 859
12.0333 859
12.05 860
12.0667 861
12.0833 861
12.1 862
12.1167 862
12.1333 863
12.15 864
12.1667 864
12.1833 865
12.2 865
12.2167 866
12.2333 866
12.25 866
12.2667 867
12.2833 867
12.3 868
12.3167 868
12.3333 868
12.35 869
12.3667 869
12.3833 869
12.4 869
12.4167 870
12.4333 870
12.45 870
12.4667 870
12.4833 870
12.5 870
12.5167 871
12.5333 871
12.55 871
12.5667 871
12.5833 871
12.6 871
12.6167 871
12.6333 871
12.65 871
12.6667 871
12.6833 871
12.7 871
12.7167 871
12.7333 871
12.75 870
12.7667 870
12.7833 870
12.8 870
12.8167 870
12.8333 870
12.85 869
12.8667 869
12.8833 869
12.9 868
12.9167 868
12.9333 868
12.95 867
12.9667 867
12.9833 867
13.0 866
13.0167 866
13.0333 865
13.05 865
13.0667 864
13.0833 864
13.1 863
13.1167 863
13.1333 862
13.15 862
13.1667 861
13.1833 861
13.2 860
13.2167 859
13.2333 859
13.25 858
13.2667 857
13.2833 857
13.3 856
13.3167 855
13.3333 854
13.35 854
13.3667 853
13.3833 852
13.4 851
13.4167 850
13.4333 849
13.45 848
13.4667 848
13.4833 847
13.5 846
13.5167 845
13.5333 844
13.55 843
13.5667 842
13.5833 841
13.6 840
13.6167 839
13.6333 837
13.65 836
13.6667 835
13.6833 834
13.7 833
13.7167 832
13.7333 831
13.75 829
13.7667 828
13.7833 827
13.8 826
13.8167 824
13.8333 823
13.85 822
13.8667 820
13.8833 819
13.9 818
13.9167 816
13.9333 815
13.95 814
13.9667 812
13.9833 811
14.0 809
14.0167 808
14.0333 806
14.05 805
14.0667 803
14.0833 802
14.1 800
14.1167 798
14.1333 797
14.15 795
14.1667 794
14.1833 792
14.2 790
14.2167 789
14.2333 787
14.25 785
14.2667 784
14.2833 782
14.3 780
14.3167 778
14.3333 776
14.35 775
14.3667 773
14.3833 771
14.4 769
14.4167 767
14.4333 765
14.45 764
14.4667 762
14.4833 760
14.5 758
14.5167 756
14.5333 754
14.55 752
14.5667 750
14.5833 748
14.6 746
14.6167 744
14.6333 742
14.65 740
14.6667 737
14.6833 735
14.7 733
14.7167 731
14.7333 729
14.75 727
14.7667 725
14.7833 722
14.8 720
14.8167 718
14.8333 716
14.85 713
14.8667 711
14.8833 709
14.9 707
14.9167 704
14.9333 702
14.95 700
14.9667 697
14.9833 695
15.0 693
15.0167 690
15.0333 688
15.05 685
15.0667 683
15.0833 680
15.1 678
15.1167 676
15.1333 673
15.15 671
15.1667 668
15.1833 666
15.2 663
15.2167 660
15.2333 658
15.25 655
15.2667 653
15.2833 650
15.3 648
15.3167 645
15.3333 642
15.35 640
15.3667 637
15.3833 634
15.4 632
15.4167 629
15.4333 626
15.45 623
15.4667 621
15.4833 618
15.5 615
15.5167 612
15.5333 610
15.55 607
15.5667 604
15.5833 601
15.6 599
15.6167 596
15.6333 593
15.65 590
15.6667 587
15.6833 584
15.7 581
15.7167 578
15.7333 576
15.75 573
15.7667 570
15.7833 567
15.8 564
15.8167 561
15.8333 558
15.85 555
15.8667 552
15.8833 549
15.9 546
15.9167 543
15.9333 540
15.95 537
15.9667 534
15.9833 531
