9.0 545
9.0167 549
9.0333 552
9.05 555
9.0667 559
9.0833 562
9.1 566
9.1167 569
9.1333 573
9.15 576
9.1667 580
9.1833 583
9.2 586
9.2167 590
9.2333 593
9.25 596
9.2667 600
9.2833 603
9.3 607
9.3167 610
9.3333 613
9.35 616
9.3667 620
9.3833 623
9.4 626
9.4167 630
9.4333 633
9.45 636
9.4667 639
9.4833 643
9.5 646
9.5167 649
9.5333 652
9.55 655
9.5667 659
9.5833 662
9.6 665
9.6167 668
9.6333 671
9.65 674
9.6667 677
9.6833 680
9.7 684
9.7167 687
9.7333 690
9.75 693
9.7667 696
9.7833 699
9.8 702
9.8167 705
9.8333 708
9.85 711
9.8667 714
9.8833 717
9.9 720
9.9167 723
9.9333 725
9.95 728
9.9667 731
9.9833 734
10.0 737
10.0167 740
10.0333 743
10.05 745
10.0667 748
10.0833 751
10.1 754
10.1167 757
10.1333 759
10.15 762
10.1667 765
10.1833 767
10.2 770
10.2167 773
10.2333 776
10.25 778
10.2667 781
10.2833 783
10.3 786
10.3167 789
10.3333 791
10.35 794
10.3667 796
10.3833 799
10.4 801
10.4167 804
10.4333 806
10.45 809
10.4667 811
10.4833 814
10.5 816
10.5167 819
10.5333 821
10.55 823
10.5667 826
10.5833 828
10.6 831
10.6167 833
10.6333 835
10.65 838
10.6667 840
10.6833 842
10.7 844
10.7167 847
10.7333 849
10.75 851
10.7667 853
10.7833 855
10.8 857
10.8167 860
10.8333 862
10.85 864
10.8667 866
10.8833 868
10.9 870
10.9167 872
10.9333 874
10.95 876
10.9667 878
10.9833 880
11.0 882
11.0167 884
11.0333 886
11.05 888
11.0667 890
11.0833 892
11.1 894
11.1167 895
11.1333 897
11.15 899
11.1667 901
11.1833 903
11.2 904
11.2167 906
11.2333 908
11.25 910
11.2667 911
11.2833 913
11.3 915
11.3167 916
11.3333 918
11.35 919
11.3667 921
11.3833 923
11.4 924
11.4167 926
11.4333 927
11.45 929
11.4667 930
11.4833 932
11.5 933
11.5167 935
11.5333 936
11.55 937
11.5667 939
11.5833 940
11.6 941
11.6167 943
11.6333 944
11.65 945
11.6667 947
11.6833 948
11.7 949
11.7167 950
11.7333 951
11.75 953
11.7667 954
11.7833 955
11.8 956
11.8167 957
11.8333 958
11.85 959
11.8667 960
11.8833 961
11.9 962
11.9167 963
11.9333 964
11.95 965
11.9667 966
11.9833 967
12.0 968
12.0167 969
12.0333 970
12.05 971
12.0667 972
12.0833 972
12.1 973
12.1167 974
12.1333 975
12.15 976
12.1667 976
12.1833 977
12.2 978
12.2167 978
12.2333 979
12.25 980
12.2667 980
12.2833 981
12.3 981
12.3167 982
12.3333 982
12.35 983
12.3667 983
12.3833 984
12.4 984
12.4167 985
12.4333 985
12.45 986
12.4667 986
12.4833 986
12.5 987
12.5167 987
12.5333 987
12.55 988
12.5667 988
12.5833 988
12.6 988
12.6167 989
12.6333 989
12.65 989
12.6667 989
12.6833 989
12.7 989
12.7167 989
12.7333 989
12.75 990
12.7667 990
12.7833 990
12.8 990
12.8167 990
12.8333 990
12.85 990
12.8667 989
12.8833 989
12.9 989
12.9167 989
12.9333 989
12.95 989
12.9667 989
12.9833 988
13.0 988
13.0167 988
13.0333 988
13.05 987
13.0667 987
13.0833 987
13.1 986
13.1167 986
13.1333 986
13.15 985
13.1667 985
13.1833 984
13.2 984
13.2167 983
13.2333 983
13.25 982
13.2667 982
13.2833 981
13.3 981
13.3167 980
13.3333 980
13.35 979
13.3667 978
13.3833 978
13.4 977
13.4167 976
13.4333 976
13.45 975
13.4667 974
13.4833 973
13.5 973
13.5167 972
13.5333 971
13.55 970
13.5667 969
13.5833 968
13.6 967
13.6167 966
13.6333 965
13.65 965
13.6667 964
13.6833 963
13.7 962
13.7167 961
13.7333 959
13.75 958
13.7667 957
13.7833 956
13.8 955
13.8167 954
13.8333 953
13.85 952
13.8667 950
13.8833 949
13.9 948
13.9167 947
13.9333 945
13.95 944
13.9667 943
13.9833 942
14.0 940
14.0167 939
14.0333 937
14.05 936
14.0667 935
14.0833 933
14.1 932
14.1167 930
14.1333 929
14.15 927
14.1667 926
14.1833 924
14.2 923
14.2167 921
14.2333 920
14.25 918
14.2667 916
14.2833 915
14.3 913
14.3167 911
14.3333 910
14.35 908
14.3667 906
14.3833 904
14.4 903
14.4167 901
14.4333 899
14.45 897
14.4667 896
14.4833 894
14.5 892
14.5167 890
14.5333 888
14.55 886
14.5667 884
14.5833 882
14.6 880
14.6167 878
14.6333 876
14.65 874
14.6667 872
14.6833 870
14.7 868
14.7167 866
14.7333 864
14.75 862
14.7667 860
14.7833 858
14.8 856
14.8167 853
14.8333 851
14.85 849
14.8667 847
14.8833 845
14.9 842
14.9167 840
14.9333 838
14.95 835
14.9667 833
14.9833 831
15.0 828
15.0167 826
15.0333 824
15.05 821
15.0667 819
15.0833 816
15.1 814
15.1167 811
15.1333 809
15.15 806
15.1667 804
15.1833 801
15.2 799
15.2167 796
15.2333 794
15.25 791
15.2667 789
15.2833 786
15.3 783
15.3167 781
15.3333 778
15.35 776
15.3667 773
15.3833 770
15.4 768
15.4167 765
15.4333 762
15.45 759
15.4667 757
15.4833 754
15.5 751
15.5167 748
15.5333 745
15.55 743
15.5667 740
15.5833 737
15.6 734
15.6167 731
15.6333 728
15.65 725
15.6667 723
15.6833 720
15.7 717
15.7167 714
15.7333 711
15.75 708
15.7667 705
15.7833 702
15.8 699
15.8167 696
15.8333 693
15.85 690
15.8667 687
15.8833 684
15.9 681
15.9167 677
15.9333 674
15.95 671
15.9667 668
15.9833 665
