9.0 515
9.0167 518
9.0333 522
9.05 525
9.0667 529
9.0833 532
9.1 536
9.1167 539
9.1333 543
9.15 546
9.1667 550
9.1833 553
9.2 556
9.2167 560
9.2333 563
9.25 567
9.2667 570
9.2833 573
9.3 577
9.3167 580
9.3333 583
9.35 587
9.3667 590
9.3833 593
9.4 597
9.4167 600
9.4333 603
9.45 607
9.4667 610
9.4833 613
9.5 616
9.5167 620
9.5333 623
9.55 626
9.5667 629
9.5833 632
9.6 636
9.6167 639
9.6333 642
9.65 645
9.6667 648
9.6833 651
9.7 654
9.7167 658
9.7333 661
9.75 664
9.7667 667
9.7833 670
9.8 673
9.8167 676
9.8333 679
9.85 682
9.8667 685
9.8833 688
9.9 691
9.9167 694
9.9333 697
9.95 700
9.9667 703
9.9833 705
10.0 708
10.0167 711
10.0333 714
10.05 717
10.0667 720
10.0833 723
10.1 725
10.1167 728
10.1333 731
10.15 734
10.1667 736
10.1833 739
10.2 742
10.2167 745
10.2333 747
10.25 750
10.2667 753
10.2833 755
10.3 758
10.3167 761
10.3333 763
10.35 766
10.3667 768
10.3833 771
10.4 773
10.4167 776
10.4333 778
10.45 781
10.4667 783
10.4833 786
10.5 788
10.5167 791
10.5333 793
10.55 796
10.5667 798
10.5833 800
10.6 803
10.6167 805
10.6333 807
10.65 810
10.6667 812
10.6833 814
10.7 817
10.7167 819
10.7333 821
10.75 823
10.7667 826
10.7833 828
10.8 830
10.8167 832
10.8333 834
10.85 836
10.8667 838
10.8833 841
10.9 843
10.9167 845
10.9333 847
10.95 849
10.9667 851
10.9833 853
11.0 855
11.0167 857
11.0333 859
11.05 861
11.0667 862
11.0833 864
11.1 866
11.1167 868
11.1333 870
11.15 872
11.1667 874
11.1833 875
11.2 877
11.2167 879
11.2333 881
11.25 882
11.2667 884
11.2833 886
11.3 887
11.3167 889
11.3333 891
11.35 892
11.3667 894
11.3833 895
11.4 897
11.4167 899
11.4333 900
11.45 902
11.4667 903
11.4833 905
11.5 906
11.5167 907
11.5333 909
11.55 910
11.5667 912
11.5833 913
11.6 914
11.6167 916
11.6333 917
11.65 918
11.6667 920
11.6833 921
11.7 922
11.7167 923
11.7333 924
11.75 926
11.7667 927
11.7833 928
11.8 929
11.8167 930
11.8333 931
11.85 932
11.8667 933
11.8833 934
11.9 935
11.9167 936
11.9333 937
11.95 938
11.9667 939
11.9833 940
12.0 941
12.0167 942
12.0333 943
12.05 944
12.0667 944
12.0833 945
12.1 946
12.1167 947
12.1333 948
12.15 948
12.1667 949
12.1833 950
12.2 950
12.2167 951
12.2333 952
12.25 952
12.2667 953
12.2833 953
12.3 954
12.3167 955
12.3333 955
12.35 956
12.3667 956
12.3833 956
12.4 957
12.4167 957
12.4333 958
12.45 958
12.4667 959
12.4833 959
12.5 959
12.5167 959
12.5333 960
12.55 960
12.5667 960
12.5833 961
12.6 961
12.6167 961
12.6333 961
12.65 961
12.6667 961
12.6833 961
12.7 962
12.7167 962
12.7333 962
12.75 962
12.7667 962
12.7833 962
12.8 962
12.8167 962
12.8333 962
12.85 962
12.8667 961
12.8833 961
12.9 961
12.9167 961
12.9333 961
12.95 961
12.9667 960
12.9833 960
13.0 960
13.0167 960
13.0333 959
13.05 959
13.0667 959
13.0833 958
13.1 958
13.1167 958
13.1333 957
13.15 957
13.1667 956
13.1833 956
13.2 955
13.2167 955
13.2333 954
13.25 954
13.2667 953
13.2833 953
13.3 952
13.3167 951
13.3333 951
13.35 950
13.3667 949
13.3833 949
13.4 948
13.4167 947
13.4333 947
13.45 946
13.4667 945
13.4833 944
13.5 943
13.5167 943
13.5333 942
13.55 941
13.5667 940
13.5833 939
13.6 938
13.6167 937
13.6333 936
13.65 935
13.6667 934
13.6833 933
13.7 932
13.7167 931
13.7333 930
13.75 929
13.7667 928
13.7833 926
13.8 925
13.8167 924
13.8333 923
13.85 922
13.8667 920
13.8833 919
13.9 918
13.9167 917
13.9333 915
13.95 914
13.9667 913
13.9833 911
14.0 910
14.0167 908
14.0333 907
14.05 906
14.0667 904
14.0833 903
14.1 901
14.1167 900
14.1333 898
14.15 897
14.1667 895
14.1833 893
14.2 892
14.2167 890
14.2333 889
14.25 887
14.2667 885
14.2833 884
14.3 882
14.3167 880
14.3333 878
14.35 877
14.3667 875
14.3833 873
14.4 871
14.4167 869
14.4333 868
14.45 866
14.4667 864
14.4833 862
14.5 860
14.5167 858
14.5333 856
14.55 854
14.5667 852
14.5833 850
14.6 848
14.6167 846
14.6333 844
14.65 842
14.6667 840
14.6833 838
14.7 836
14.7167 834
14.7333 831
14.75 829
14.7667 827
14.7833 825
14.8 823
14.8167 821
14.8333 818
14.85 816
14.8667 814
14.8833 811
14.9 809
14.9167 807
14.9333 804
14.95 802
14.9667 800
14.9833 797
15.0 795
15.0167 792
15.0333 790
15.05 787
15.0667 785
15.0833 782
15.1 780
15.1167 777
15.1333 775
15.15 772
15.1667 770
15.1833 767
15.2 765
15.2167 762
15.2333 759
15.25 757
15.2667 754
15.2833 751
15.3 749
15.3167 746
15.3333 743
15.35 741
15.3667 738
15.3833 735
15.4 732
15.4167 730
15.4333 727
15.45 724
15.4667 721
15.4833 719
15.5 716
15.5167 713
15.5333 710
15.55 707
15.5667 704
15.5833 701
15.6 698
15.6167 695
15.6333 693
15.65 690
15.6667 687
15.6833 684
15.7 681
15.7167 678
15.7333 675
15.75 672
15.7667 669
15.7833 665
15.8 662
15.8167 659
15.8333 656
15.85 653
15.8667 650
15.8833 647
15.9 644
15.9167 641
15.9333 637
15.95 634
15.9667 631
15.9833 628
