9.0 248
9.0167 251
9.0333 255
9.05 258
9.0667 262
9.0833 265
9.1 269
9.1167 272
9.1333 275
9.15 279
9.1667 282
9.1833 285
9.2 289
9.2167 292
9.2333 296
9.25 299
9.2667 302
9.2833 306
9.3 309
9.3167 312
9.3333 316
9.35 319
9.3667 322
9.3833 326
9.4 329
9.4167 332
9.4333 335
9.45 339
9.4667 342
9.4833 345
9.5 349
9.5167 352
9.5333 355
9.55 358
9.5667 362
9.5833 365
9.6 368
9.6167 371
9.6333 374
9.65 378
9.6667 381
9.6833 384
9.7 387
9.7167 390
9.7333 393
9.75 396
9.7667 400
9.7833 403
9.8 406
9.8167 409
9.8333 412
9.85 415
9.8667 418
9.8833 421
9.9 424
9.9167 427
9.9333 430
9.95 433
9.9667 436
9.9833 439
10.0 442
10.0167 445
10.0333 448
10.05 451
10.0667 454
10.0833 457
10.1 460
10.1167 462
10.1333 465
10.15 468
10.1667 471
10.1833 474
10.2 477
10.2167 479
10.2333 482
10.25 485
10.2667 488
10.2833 491
10.3 493
10.3167 496
10.3333 499
10.35 501
10.3667 504
10.3833 507
10.4 509
10.4167 512
10.4333 515
10.45 517
10.4667 520
10.4833 522
10.5 525
10.5167 527
10.5333 530
10.55 532
10.5667 535
10.5833 537
10.6 540
10.6167 542
10.6333 545
10.65 547
10.6667 550
10.6833 552
10.7 554
10.7167 557
10.7333 559
10.75 561
10.7667 564
10.7833 566
10.8 568
10.8167 571
10.8333 573
10.85 575
10.8667 577
10.8833 580
10.9 582
10.9167 584
10.9333 586
10.95 588
10.9667 590
10.9833 592
11.0 595
11.0167 597
11.0333 599
11.05 601
11.0667 603
11.0833 605
11.1 607
11.1167 609
11.1333 611
11.15 613
11.1667 614
11.1833 616
11.2 618
11.2167 620
11.2333 622
11.25 624
11.2667 626
11.2833 627
11.3 629
11.3167 631
11.3333 633
11.35 634
11.3667 636
11.3833 638
11.4 639
11.4167 641
11.4333 643
11.45 644
11.4667 646
11.4833 648
11.5 649
11.5167 651
11.5333 652
11.55 654
11.5667 655
11.5833 657
11.6 658
11.6167 660
11.6333 661
11.65 662
11.6667 664
11.6833 665
11.7 666
11.7167 668
11.7333 669
11.75 670
11.7667 672
11.7833 673
11.8 674
11.8167 675
11.8333 677
11.85 678
11.8667 679
11.8833 680
11.9 681
11.9167 682
11.9333 683
11.95 684
11.9667 685
11.9833 686
12.0 687
12.0167 688
12.0333 689
12.05 690
12.0667 691
12.0833 692
12.1 693
12.1167 694
12.1333 695
12.15 696
12.1667 696
12.1833 697
12.2 698
12.2167 699
12.2333 699
12.25 700
12.2667 701
12.2833 702
12.3 702
12.3167 703
12.3333 703
12.35 704
12.3667 705
12.3833 705
12.4 706
12.4167 706
12.4333 707
12.45 707
12.4667 708
12.4833 708
12.5 709
12.5167 709
12.5333 709
12.55 710
12.5667 710
12.5833 710
12.6 711
12.6167 711
12.6333 711
12.65 712
12.6667 712
12.6833 712
12.7 712
12.7167 712
12.7333 712
12.75 713
12.7667 713
12.7833 713
12.8 713
12.8167 713
12.8333 713
12.85 713
12.8667 713
12.8833 713
12.9 713
12.9167 713
12.9333 713
12.95 713
12.9667 712
12.9833 712
13.0 712
13.0167 712
13.0333 712
13.05 712
13.0667 711
13.0833 711
13.1 711
13.1167 710
13.1333 710
13.15 710
13.1667 709
13.1833 709
13.2 709
13.2167 708
13.2333 708
13.25 707
13.2667 707
13.2833 706
13.3 706
13.3167 705
13.3333 705
13.35 704
13.3667 703
13.3833 703
13.4 702
13.4167 702
13.4333 701
13.45 700
13.4667 699
13.4833 699
13.5 698
13.5167 697
13.5333 696
13.55 696
13.5667 695
13.5833 694
13.6 693
13.6167 692
13.6333 691
13.65 690
13.6667 689
13.6833 688
13.7 687
13.7167 686
13.7333 685
13.75 684
13.7667 683
13.7833 682
13.8 681
13.8167 680
13.8333 679
13.85 678
13.8667 677
13.8833 675
13.9 674
13.9167 673
13.9333 672
13.95 670
13.9667 669
13.9833 668
14.0 666
14.0167 665
14.0333 664
14.05 662
14.0667 661
14.0833 660
14.1 658
14.1167 657
14.1333 655
14.15 654
14.1667 652
14.1833 651
14.2 649
14.2167 648
14.2333 646
14.25 644
14.2667 643
14.2833 641
14.3 639
14.3167 638
14.3333 636
14.35 634
14.3667 633
14.3833 631
14.4 629
14.4167 627
14.4333 626
14.45 624
14.4667 622
14.4833 620
14.5 618
14.5167 616
14.5333 614
14.55 612
14.5667 611
14.5833 609
14.6 607
14.6167 605
14.6333 603
14.65 601
14.6667 599
14.6833 597
14.7 594
14.7167 592
14.7333 590
14.75 588
14.7667 586
14.7833 584
14.8 582
14.8167 580
14.8333 577
14.85 575
14.8667 573
14.8833 571
14.9 568
14.9167 566
14.9333 564
14.95 561
14.9667 559
14.9833 557
15.0 555
15.0167 553
15.0333 551
15.05 548
15.0667 546
15.0833 543
15.1 541
15.1167 538
15.1333 536
15.15 533
15.1667 531
15.1833 528
15.2 526
15.2167 523
15.2333 521
15.25 518
15.2667 515
15.2833 513
15.3 510
15.3167 508
15.3333 505
15.35 502
15.3667 499
15.3833 497
15.4 494
15.4167 491
15.4333 489
15.45 486
15.4667 483
15.4833 480
15.5 477
15.5167 475
15.5333 472
15.55 469
15.5667 466
15.5833 463
15.6 460
15.6167 458
15.6333 455
15.65 452
15.6667 449
15.6833 446
15.7 443
15.7167 440
15.7333 437
15.75 434
15.7667 431
15.7833 428
15.8 425
15.8167 422
15.8333 419
15.85 416
15.8667 413
15.8833 410
15.9 407
15.9167 404
15.9333 400
15.95 397
15.9667 394
15.9833 391
