9.0 244
9.0167 247
9.0333 250
9.05 254
9.0667 257
9.0833 260
9.1 264
9.1167 267
9.1333 270
9.15 274
9.1667 277
9.1833 280
9.2 284
9.2167 287
9.2333 290
9.25 294
9.2667 297
9.2833 300
9.3 303
9.3167 307
9.3333 310
9.35 313
9.3667 316
9.3833 320
9.4 323
9.4167 326
9.4333 329
9.45 333
9.4667 336
9.4833 339
9.5 342
9.5167 345
9.5333 349
9.55 352
9.5667 355
9.5833 358
9.6 361
9.6167 364
9.6333 367
9.65 371
9.6667 374
9.6833 377
9.7 380
9.7167 383
9.7333 386
9.75 389
9.7667 392
9.7833 395
9.8 398
9.8167 401
9.8333 404
9.85 407
9.8667 410
9.8833 413
9.9 416
9.9167 419
9.9333 422
9.95 425
9.9667 428
9.9833 431
10.0 434
10.0167 436
10.0333 439
10.05 442
10.0667 445
10.0833 448
10.1 451
10.1167 454
10.1333 456
10.15 459
10.1667 462
10.1833 465
10.2 467
10.2167 470
10.2333 473
10.25 475
10.2667 478
10.2833 481
10.3 483
10.3167 486
10.3333 489
10.35 491
10.3667 494
10.3833 497
10.4 499
10.4167 502
10.4333 504
10.45 507
10.4667 509
10.4833 512
10.5 514
10.5167 517
10.5333 519
10.55 522
10.5667 524
10.5833 526
10.6 529
10.6167 531
10.6333 534
10.65 536
10.6667 538
10.6833 541
10.7 543
10.7167 545
10.7333 547
10.75 550
10.7667 552
10.7833 554
10.8 556
10.8167 559
10.8333 561
10.85 563
10.8667 565
10.8833 567
10.9 569
10.9167 571
10.9333 574
10.95 576
10.9667 578
10.9833 580
11.0 582
11.0167 584
11.0333 586
11.05 588
11.0667 590
11.0833 592
11.1 593
11.1167 595
11.1333 597
11.15 599
11.1667 601
11.1833 603
11.2 605
11.2167 606
11.2333 608
11.25 610
11.2667 612
11.2833 613
11.3 615
11.3167 617
11.3333 618
11.35 620
11.3667 622
11.3833 623
11.4 625
11.4167 627
11.4333 628
11.45 630
11.4667 631
11.4833 633
11.5 634
11.5167 636
11.5333 637
11.55 639
11.5667 640
11.5833 641
11.6 643
11.6167 644
11.6333 645
11.65 647
11.6667 648
11.6833 649
11.7 651
11.7167 652
11.7333 653
11.75 654
11.7667 656
11.7833 657
11.8 658
11.8167 659
11.8333 660
11.85 661
11.8667 662
11.8833 663
11.9 665
11.9167 666
11.9333 667
11.95 668
11.9667 669
11.9833 669
12.0 670
12.0167 671
12.0333 672
12.05 673
12.0667 674
12.0833 675
12.1 676
12.1167 676
12.1333 677
12.15 678
12.1667 679
12.1833 679
12.2 680
12.2167 681
12.2333 682
12.25 682
12.2667 683
12.2833 683
12.3 684
12.3167 685
12.3333 685
12.35 686
12.3667 686
12.3833 687
12.4 687
12.4167 688
12.4333 688
12.45 688
12.4667 689
12.4833 689
12.5 690
12.5167 690
12.5333 690
12.55 691
12.5667 691
12.5833 691
12.6 691
12.6167 692
12.6333 692
12.65 692
12.6667 692
12.6833 692
12.7 692
12.7167 693
12.7333 693
12.75 693
12.7667 693
12.7833 693
12.8 693
12.8167 693
12.8333 693
12.85 693
12.8667 693
12.8833 693
12.9 692
12.9167 692
12.9333 692
12.95 692
12.9667 692
12.9833 692
13.0 691
13.0167 691
13.0333 691
13.05 691
13.0667 690
13.0833 690
13.1 690
13.1167 689
13.1333 689
13.15 688
13.1667 688
13.1833 688
13.2 687
13.2167 687
13.2333 686
13.25 686
13.2667 685
13.2833 685
13.3 684
13.3167 683
13.3333 683
13.35 682
13.3667 682
13.3833 681
13.4 680
13.4167 679
13.4333 679
13.45 678
13.4667 677
13.4833 676
13.5 676
13.5167 675
13.5333 674
13.55 673
13.5667 672
13.5833 671
13.6 670
13.6167 669
13.6333 669
13.65 668
13.6667 667
13.6833 666
13.7 664
13.7167 663
13.7333 662
13.75 661
13.7667 660
13.7833 659
13.8 658
13.8167 657
13.8333 656
13.85 654
13.8667 653
13.8833 652
13.9 651
13.9167 649
13.9333 648
13.95 647
13.9667 645
13.9833 644
14.0 643
14.0167 641
14.0333 640
14.05 639
14.0667 637
14.0833 636
14.1 634
14.1167 633
14.1333 631
14.15 630
14.1667 628
14.1833 626
14.2 625
14.2167 623
14.2333 622
14.25 620
14.2667 618
14.2833 617
14.3 615
14.3167 613
14.3333 612
14.35 610
14.3667 608
14.3833 606
14.4 605
14.4167 603
14.4333 601
14.45 599
14.4667 597
14.4833 595
14.5 593
14.5167 591
14.5333 590
14.55 588
14.5667 586
14.5833 584
14.6 582
14.6167 580
14.6333 578
14.65 576
14.6667 573
14.6833 571
14.7 569
14.7167 567
14.7333 565
14.75 563
14.7667 561
14.7833 559
14.8 556
14.8167 554
14.8333 552
14.85 550
14.8667 547
14.8833 545
14.9 543
14.9167 541
14.9333 538
14.95 536
14.9667 534
14.9833 531
15.0 530
15.0167 527
15.0333 525
15.05 522
15.0667 520
15.0833 517
15.1 515
15.1167 512
15.1333 510
15.15 507
15.1667 505
15.1833 502
15.2 500
15.2167 497
15.2333 495
15.25 492
15.2667 489
15.2833 487
15.3 484
15.3167 482
15.3333 479
15.35 476
15.3667 473
15.3833 471
15.4 468
15.4167 465
15.4333 463
15.45 460
15.4667 457
15.4833 454
15.5 451
15.5167 449
15.5333 446
15.55 443
15.5667 440
15.5833 437
15.6 434
15.6167 431
15.6333 429
15.65 426
15.6667 423
15.6833 420
15.7 417
15.7167 414
15.7333 411
15.75 408
15.7667 405
15.7833 402
15.8 399
15.8167 396
15.8333 393
15.85 390
15.8667 387
15.8833 384
15.9 381
15.9167 378
15.9333 374
15.95 371
15.9667 368
15.9833 365
