9.0 485
9.0167 488
9.0333 492
9.05 495
9.0667 499
9.0833 502
9.1 506
9.1167 510
9.1333 513
9.15 517
9.1667 520
9.1833 524
9.2 527
9.2167 531
9.2333 534
9.25 537
9.2667 541
9.2833 544
9.3 548
9.3167 551
9.3333 555
9.35 558
9.3667 561
9.3833 565
9.4 568
9.4167 571
9.4333 575
9.45 578
9.4667 581
9.4833 585
9.5 588
9.5167 591
9.5333 594
9.55 598
9.5667 601
9.5833 604
9.6 607
9.6167 610
9.6333 614
9.65 617
9.6667 620
9.6833 623
9.7 626
9.7167 629
9.7333 632
9.75 635
9.7667 639
9.7833 642
9.8 645
9.8167 648
9.8333 651
9.85 654
9.8667 657
9.8833 660
9.9 663
9.9167 666
9.9333 669
9.95 671
9.9667 674
9.9833 677
10.0 680
10.0167 683
10.0333 686
10.05 689
10.0667 691
10.0833 694
10.1 697
10.1167 700
10.1333 703
10.15 705
10.1667 708
10.1833 711
10.2 713
10.2167 716
10.2333 719
10.25 721
10.2667 724
10.2833 727
10.3 729
10.3167 732
10.3333 734
10.35 737
10.3667 739
10.3833 742
10.4 744
10.4167 747
10.4333 749
10.45 752
10.4667 754
10.4833 757
10.5 759
10.5167 762
10.5333 764
10.55 766
10.5667 769
10.5833 771
10.6 773
10.6167 775
10.6333 778
10.65 780
10.6667 782
10.6833 784
10.7 787
10.7167 789
10.7333 791
10.75 793
10.7667 795
10.7833 797
10.8 799
10.8167 802
10.8333 804
10.85 806
10.8667 808
10.8833 810
10.9 812
10.9167 814
10.9333 816
10.95 817
10.9667 819
10.9833 821
11.0 823
11.0167 825
11.0333 827
11.05 829
11.0667 830
11.0833 832
11.1 834
11.1167 836
11.1333 837
11.15 839
11.1667 841
11.1833 843
11.2 844
11.2167 846
11.2333 847
11.25 849
11.2667 851
11.2833 852
11.3 854
11.3167 855
11.3333 857
11.35 858
11.3667 860
11.3833 861
11.4 862
11.4167 864
11.4333 865
11.45 867
11.4667 868
11.4833 869
11.5 871
11.5167 872
11.5333 873
11.55 874
11.5667 876
11.5833 877
11.6 878
11.6167 879
11.6333 880
11.65 882
11.6667 883
11.6833 884
11.7 885
11.7167 886
11.7333 887
11.75 888
11.7667 889
11.7833 890
11.8 891
11.8167 892
11.8333 893
11.85 894
11.8667 894
11.8833 895
11.9 896
11.9167 897
11.9333 898
11.95 898
11.9667 899
11.9833 900
12.0 901
12.0167 901
12.0333 902
12.05 903
12.0667 903
12.0833 904
12.1 904
12.1167 905
12.1333 906
12.15 906
12.1667 907
12.1833 907
12.2 908
12.2167 908
12.2333 908
12.25 909
12.2667 909
12.2833 910
12.3 910
12.3167 910
12.3333 911
12.35 911
12.3667 911
12.3833 911
12.4 912
12.4167 912
12.4333 912
12.45 912
12.4667 912
12.4833 912
12.5 913
12.5167 913
12.5333 913
12.55 913
12.5667 913
12.5833 913
12.6 913
12.6167 913
12.6333 913
12.65 913
12.6667 912
12.6833 912
12.7 912
12.7167 912
12.7333 912
12.75 912
12.7667 911
12.7833 911
12.8 911
12.8167 911
12.8333 910
12.85 910
12.8667 910
12.8833 909
12.9 909
12.9167 909
12.9333 908
12.95 908
12.9667 907
12.9833 907
13.0 906
13.0167 906
13.0333 905
13.05 905
13.0667 904
13.0833 903
13.1 903
13.1167 902
13.1333 901
13.15 901
13.1667 900
13.1833 899
13.2 898
13.2167 898
13.2333 897
13.25 896
13.2667 895
13.2833 894
13.3 894
13.3167 893
13.3333 892
13.35 891
13.3667 890
13.3833 889
13.4 888
13.4167 887
13.4333 886
13.45 885
13.4667 884
13.4833 883
13.5 882
13.5167 880
13.5333 879
13.55 878
13.5667 877
13.5833 876
13.6 874
13.6167 873
13.6333 872
13.65 871
13.6667 869
13.6833 868
13.7 867
13.7167 865
13.7333 864
13.75 863
13.7667 861
13.7833 860
13.8 858
13.8167 857
13.8333 855
13.85 854
13.8667 852
13.8833 851
13.9 849
13.9167 847
13.9333 846
13.95 844
13.9667 843
13.9833 841
14.0 839
14.0167 837
14.0333 836
14.05 834
14.0667 832
14.0833 830
14.1 829
14.1167 827
14.1333 825
14.15 823
14.1667 821
14.1833 819
14.2 817
14.2167 816
14.2333 814
14.25 812
14.2667 810
14.2833 808
14.3 806
14.3167 804
14.3333 802
14.35 799
14.3667 797
14.3833 795
14.4 793
14.4167 791
14.4333 789
14.45 787
14.4667 785
14.4833 782
14.5 780
14.5167 778
14.5333 776
14.55 773
14.5667 771
14.5833 769
14.6 766
14.6167 764
14.6333 762
14.65 759
14.6667 757
14.6833 754
14.7 752
14.7167 750
14.7333 747
14.75 745
14.7667 742
14.7833 740
14.8 737
14.8167 734
14.8333 732
14.85 729
14.8667 727
14.8833 724
14.9 721
14.9167 719
14.9333 716
14.95 714
14.9667 711
14.9833 708
15.0 704
15.0167 702
15.0333 699
15.05 696
15.0667 693
15.0833 691
15.1 688
15.1167 685
15.1333 682
15.15 679
15.1667 676
15.1833 673
15.2 671
15.2167 668
15.2333 665
15.25 662
15.2667 659
15.2833 656
15.3 653
15.3167 650
15.3333 647
15.35 644
15.3667 641
15.3833 638
15.4 635
15.4167 631
15.4333 628
15.45 625
15.4667 622
15.4833 619
15.5 616
15.5167 613
15.5333 610
15.55 606
15.5667 603
15.5833 600
15.6 597
15.6167 593
15.6333 590
15.65 587
15.6667 584
15.6833 580
15.7 577
15.7167 574
15.7333 570
15.75 567
15.7667 564
15.7833 560
15.8 557
15.8167 554
15.8333 550
15.85 547
15.8667 543
15.8833 540
15.9 536
15.9167 533
15.9333 530
15.95 526
15.9667 523
15.9833 519
