9.0 210
9.0167 213
9.0333 216
9.05 219
9.0667 222
9.0833 225
9.1 228
9.1167 231
9.1333 234
9.15 237
9.1667 241
9.1833 244
9.2 247
9.2167 250
9.2333 253
9.25 256
9.2667 259
9.2833 262
9.3 265
9.3167 268
9.3333 271
9.35 274
9.3667 277
9.3833 280
9.4 283
9.4167 286
9.4333 289
9.45 292
9.4667 295
9.4833 298
9.5 301
9.5167 304
9.5333 307
9.55 310
9.5667 313
9.5833 316
9.6 319
9.6167 322
9.6333 325
9.65 328
9.6667 331
9.6833 334
9.7 337
9.7167 340
9.7333 343
9.75 346
9.7667 348
9.7833 351
9.8 354
9.8167 357
9.8333 360
9.85 363
9.8667 366
9.8833 368
9.9 371
9.9167 374
9.9333 377
9.95 380
9.9667 382
9.9833 385
10.0 388
10.0167 391
10.0333 393
10.05 396
10.0667 399
10.0833 402
10.1 404
10.1167 407
10.1333 410
10.15 412
10.1667 415
10.1833 418
10.2 420
10.2167 423
10.2333 425
10.25 428
10.2667 431
10.2833 433
10.3 436
10.3167 438
10.3333 441
10.35 443
10.3667 446
10.3833 448
10.4 451
10.4167 453
10.4333 456
10.45 458
10.4667 461
10.4833 463
10.5 465
10.5167 468
10.5333 470
10.55 472
10.5667 475
10.5833 477
10.6 479
10.6167 482
10.6333 484
10.65 486
10.6667 489
10.6833 491
10.7 493
10.7167 495
10.7333 498
10.75 500
10.7667 502
10.7833 504
10.8 506
10.8167 508
10.8333 510
10.85 513
10.8667 515
10.8833 517
10.9 519
10.9167 521
10.9333 523
10.95 525
10.9667 527
10.9833 529
11.0 531
11.0167 533
11.0333 535
11.05 536
11.0667 538
11.0833 540
11.1 542
11.1167 544
11.1333 546
11.15 548
11.1667 549
11.1833 551
11.2 553
11.2167 555
11.2333 556
11.25 558
11.2667 560
11.2833 562
11.3 563
11.3167 565
11.3333 566
11.35 568
11.3667 570
11.3833 571
11.4 573
11.4167 574
11.4333 576
11.45 577
11.4667 579
11.4833 580
11.5 582
11.5167 583
11.5333 585
11.55 586
11.5667 587
11.5833 589
11.6 590
11.6167 592
11.6333 593
11.65 594
11.6667 595
11.6833 597
11.7 598
11.7167 599
11.7333 600
11.75 602
11.7667 603
11.7833 604
11.8 605
11.8167 606
11.8333 607
11.85 608
11.8667 609
11.8833 610
11.9 612
11.9167 613
11.9333 614
11.95 615
11.9667 615
11.9833 616
12.0 617
12.0167 618
12.0333 619
12.05 620
12.0667 621
12.0833 622
12.1 622
12.1167 623
12.1333 624
12.15 625
12.1667 626
12.1833 626
12.2 627
12.2167 628
12.2333 628
12.25 629
12.2667 630
12.2833 630
12.3 631
12.3167 631
12.3333 632
12.35 632
12.3667 633
12.3833 633
12.4 634
12.4167 634
12.4333 635
12.45 635
12.4667 636
12.4833 636
12.5 636
12.5167 637
12.5333 637
12.55 637
12.5667 637
12.5833 638
12.6 638
12.6167 638
12.6333 638
12.65 639
12.6667 639
12.6833 639
12.7 639
12.7167 639
12.7333 639
12.75 639
12.7667 639
12.7833 639
12.8 639
12.8167 639
12.8333 639
12.85 639
12.8667 639
12.8833 639
12.9 639
12.9167 639
12.9333 639
12.95 639
12.9667 639
12.9833 638
13.0 638
13.0167 638
13.0333 638
13.05 637
13.0667 637
13.0833 637
13.1 636
13.1167 636
13.1333 636
13.15 635
13.1667 635
13.1833 635
13.2 634
13.2167 634
13.2333 633
13.25 633
13.2667 632
13.2833 632
13.3 631
13.3167 631
13.3333 630
13.35 629
13.3667 629
13.3833 628
13.4 627
13.4167 627
13.4333 626
13.45 625
13.4667 625
13.4833 624
13.5 623
13.5167 622
13.5333 621
13.55 621
13.5667 620
13.5833 619
13.6 618
13.6167 617
13.6333 616
13.65 615
13.6667 614
13.6833 613
13.7 612
13.7167 611
13.7333 610
13.75 609
13.7667 608
13.7833 607
13.8 606
13.8167 605
13.8333 604
13.85 602
13.8667 601
13.8833 600
13.9 599
13.9167 598
13.9333 596
13.95 595
13.9667 594
13.9833 592
14.0 591
14.0167 590
14.0333 588
14.05 587
14.0667 586
14.0833 584
14.1 583
14.1167 581
14.1333 580
14.15 578
14.1667 577
14.1833 575
14.2 574
14.2167 572
14.2333 571
14.25 569
14.2667 568
14.2833 566
14.3 564
14.3167 563
14.3333 561
14.35 559
14.3667 558
14.3833 556
14.4 554
14.4167 552
14.4333 551
14.45 549
14.4667 547
14.4833 545
14.5 543
14.5167 541
14.5333 540
14.55 538
14.5667 536
14.5833 534
14.6 532
14.6167 530
14.6333 528
14.65 526
14.6667 524
14.6833 522
14.7 520
14.7167 518
14.7333 516
14.75 514
14.7667 512
14.7833 510
14.8 508
14.8167 505
14.8333 503
14.85 501
14.8667 499
14.8833 497
14.9 495
14.9167 492
14.9333 490
14.95 488
14.9667 486
14.9833 483
15.0 482
15.0167 479
15.0333 477
15.05 475
15.0667 472
15.0833 470
15.1 468
15.1167 465
15.1333 463
15.15 460
15.1667 458
15.1833 456
15.2 453
15.2167 451
15.2333 448
15.25 446
15.2667 443
15.2833 441
15.3 438
15.3167 436
15.3333 433
15.35 430
15.3667 428
15.3833 425
15.4 423
15.4167 420
15.4333 417
15.45 415
15.4667 412
15.4833 409
15.5 407
15.5167 404
15.5333 401
15.55 399
15.5667 396
15.5833 393
15.6 390
15.6167 388
15.6333 385
15.65 382
15.6667 379
15.6833 377
15.7 374
15.7167 371
15.7333 368
15.75 365
15.7667 362
15.7833 360
15.8 357
15.8167 354
15.8333 351
15.85 348
15.8667 345
15.8833 342
15.9 339
15.9167 336
15.9333 334
15.95 331
15.9667 328
15.9833 325
