9.0 464
9.0167 468
9.0333 472
9.05 476
9.0667 480
9.0833 483
9.1 487
9.1167 490
9.1333 494
9.15 498
9.1667 501
9.1833 505
9.2 509
9.2167 512
9.2333 516
9.25 519
9.2667 523
9.2833 526
9.3 530
9.3167 534
9.3333 537
9.35 541
9.3667 544
9.3833 548
9.4 551
9.4167 555
9.4333 558
9.45 562
9.4667 565
9.4833 568
9.5 572
9.5167 575
9.5333 579
9.55 582
9.5667 585
9.5833 589
9.6 592
9.6167 596
9.6333 599
9.65 602
9.6667 605
9.6833 609
9.7 612
9.7167 615
9.7333 619
9.75 622
9.7667 625
9.7833 628
9.8 631
9.8167 635
9.8333 638
9.85 641
9.8667 644
9.8833 647
9.9 650
9.9167 654
9.9333 657
9.95 660
9.9667 663
9.9833 666
10.0 669
10.0167 672
10.0333 675
10.05 678
10.0667 681
10.0833 684
10.1 687
10.1167 690
10.1333 693
10.15 696
10.1667 699
10.1833 702
10.2 704
10.2167 707
10.2333 710
10.25 713
10.2667 716
10.2833 719
10.3 721
10.3167 724
10.3333 727
10.35 730
10.3667 732
10.3833 735
10.4 738
10.4167 740
10.4333 743
10.45 746
10.4667 748
10.4833 751
10.5 754
10.5167 756
10.5333 759
10.55 761
10.5667 764
10.5833 766
10.6 769
10.6167 771
10.6333 774
10.65 776
10.6667 779
10.6833 781
10.7 783
10.7167 786
10.7333 788
10.75 791
10.7667 793
10.7833 795
10.8 797
10.8167 800
10.8333 802
10.85 804
10.8667 806
10.8833 809
10.9 811
10.9167 813
10.9333 815
10.95 817
10.9667 819
10.9833 822
11.0 824
11.0167 826
11.0333 828
11.05 830
11.0667 832
11.0833 834
11.1 836
11.1167 838
11.1333 840
11.15 842
11.1667 843
11.1833 845
11.2 847
11.2167 849
11.2333 851
11.25 853
11.2667 854
11.2833 856
11.3 858
11.3167 860
11.3333 861
11.35 863
11.3667 865
11.3833 866
11.4 868
11.4167 870
11.4333 871
11.45 873
11.4667 874
11.4833 876
11.5 878
11.5167 879
11.5333 881
11.55 882
11.5667 883
11.5833 885
11.6 886
11.6167 888
11.6333 889
11.65 890
11.6667 892
11.6833 893
11.7 894
11.7167 896
11.7333 897
11.75 898
11.7667 899
11.7833 901
11.8 902
11.8167 903
11.8333 904
11.85 905
11.8667 906
11.8833 907
11.9 908
11.9167 909
11.9333 910
11.95 911
11.9667 912
11.9833 913
12.0 914
12.0167 915
12.0333 916
12.05 917
12.0667 918
12.0833 919
12.1 919
12.1167 920
12.1333 921
12.15 922
12.1667 922
12.1833 923
12.2 924
12.2167 925
12.2333 925
12.25 926
12.2667 926
12.2833 927
12.3 928
12.3167 928
12.3333 929
12.35 929
12.3667 930
12.3833 930
12.4 931
12.4167 931
12.4333 931
12.45 932
12.4667 932
12.4833 933
12.5 933
12.5167 933
12.5333 933
12.55 934
12.5667 934
12.5833 934
12.6 934
12.6167 935
12.6333 935
12.65 935
12.6667 935
12.6833 935
12.7 935
12.7167 935
12.7333 935
12.75 935
12.7667 935
12.7833 935
12.8 935
12.8167 935
12.8333 935
12.85 935
12.8667 935
12.8833 935
12.9 935
12.9167 934
12.9333 934
12.95 934
12.9667 934
12.9833 933
13.0 933
13.0167 933
13.0333 932
13.05 932
13.0667 932
13.0833 931
13.1 931
13.1167 930
13.1333 930
13.15 930
13.1667 929
13.1833 929
13.2 928
13.2167 927
13.2333 927
13.25 926
13.2667 926
13.2833 925
13.3 924
13.3167 924
13.3333 923
13.35 922
13.3667 921
13.3833 921
13.4 920
13.4167 919
13.4333 918
13.45 917
13.4667 917
13.4833 916
13.5 915
13.5167 914
13.5333 913
13.55 912
13.5667 911
13.5833 910
13.6 909
13.6167 908
13.6333 907
13.65 906
13.6667 905
13.6833 904
13.7 902
13.7167 901
13.7333 900
13.75 899
13.7667 898
13.7833 896
13.8 895
13.8167 894
13.8333 893
13.85 891
13.8667 890
13.8833 889
13.9 887
13.9167 886
13.9333 884
13.95 883
13.9667 881
13.9833 880
14.0 879
14.0167 877
14.0333 875
14.05 874
14.0667 872
14.0833 871
14.1 869
14.1167 868
14.1333 866
14.15 864
14.1667 863
14.1833 861
14.2 859
14.2167 857
14.2333 856
14.25 854
14.2667 852
14.2833 850
14.3 848
14.3167 847
14.3333 845
14.35 843
14.3667 841
14.3833 839
14.4 837
14.4167 835
14.4333 833
14.45 831
14.4667 829
14.4833 827
14.5 825
14.5167 823
14.5333 821
14.55 819
14.5667 817
14.5833 814
14.6 812
14.6167 810
14.6333 808
14.65 806
14.6667 803
14.6833 801
14.7 799
14.7167 797
14.7333 794
14.75 792
14.7667 790
14.7833 787
14.8 785
14.8167 783
14.8333 780
14.85 778
14.8667 775
14.8833 773
14.9 770
14.9167 768
14.9333 765
14.95 763
14.9667 760
14.9833 758
15.0 756
15.0167 753
15.0333 750
15.05 748
15.0667 745
15.0833 743
15.1 740
15.1167 737
15.1333 735
15.15 732
15.1667 729
15.1833 726
15.2 724
15.2167 721
15.2333 718
15.25 715
15.2667 712
15.2833 710
15.3 707
15.3167 704
15.3333 701
15.35 698
15.3667 695
15.3833 692
15.4 689
15.4167 686
15.4333 683
15.45 680
15.4667 677
15.4833 674
15.5 671
15.5167 668
15.5333 665
15.55 662
15.5667 659
15.5833 656
15.6 653
15.6167 650
15.6333 647
15.65 643
15.6667 640
15.6833 637
15.7 634
15.7167 631
15.7333 628
15.75 624
15.7667 621
15.7833 618
15.8 615
15.8167 611
15.8333 608
15.85 605
15.8667 601
15.8833 598
15.9 595
15.9167 591
15.9333 588
15.95 585
15.9667 581
15.9833 578
