9.0 523
9.0167 527
9.0333 531
9.05 534
9.0667 538
9.0833 541
9.1 545
9.1167 548
9.1333 552
9.15 555
9.1667 559
9.1833 562
9.2 566
9.2167 569
9.2333 572
9.25 576
9.2667 579
9.2833 583
9.3 586
9.3167 590
9.3333 593
9.35 596
9.3667 600
9.3833 603
9.4 606
9.4167 610
9.4333 613
9.45 616
9.4667 620
9.4833 623
9.5 626
9.5167 629
9.5333 633
9.55 636
9.5667 639
9.5833 642
9.6 645
9.6167 649
9.6333 652
9.65 655
9.6667 658
9.6833 661
9.7 664
9.7167 667
9.7333 671
9.75 674
9.7667 677
9.7833 680
9.8 683
9.8167 686
9.8333 689
9.85 692
9.8667 695
9.8833 698
9.9 701
9.9167 704
9.9333 707
9.95 710
9.9667 713
9.9833 715
10.0 718
10.0167 721
10.0333 724
10.05 727
10.0667 730
10.0833 733
10.1 735
10.1167 738
10.1333 741
10.15 744
10.1667 746
10.1833 749
10.2 752
10.2167 755
10.2333 757
10.25 760
10.2667 762
10.2833 765
10.3 768
10.3167 770
10.3333 773
10.35 776
10.3667 778
10.3833 781
10.4 783
10.4167 786
10.4333 788
10.45 791
10.4667 793
10.4833 796
10.5 798
10.5167 800
10.5333 803
10.55 805
10.5667 808
10.5833 810
10.6 812
10.6167 815
10.6333 817
10.65 819
10.6667 821
10.6833 824
10.7 826
10.7167 828
10.7333 830
10.75 832
10.7667 835
10.7833 837
10.8 839
10.8167 841
10.8333 843
10.85 845
10.8667 847
10.8833 849
10.9 851
10.9167 853
10.9333 855
10.95 857
10.9667 859
10.9833 861
11.0 863
11.0167 865
11.0333 867
11.05 869
11.0667 871
11.0833 872
11.1 874
11.1167 876
11.1333 878
11.15 880
11.1667 881
11.1833 883
11.2 885
11.2167 887
11.2333 888
11.25 890
11.2667 892
11.2833 893
11.3 895
11.3167 896
11.3333 898
11.35 899
11.3667 901
11.3833 902
11.4 904
11.4167 905
11.4333 907
11.45 908
11.4667 910
11.4833 911
11.5 912
11.5167 914
11.5333 915
11.55 916
11.5667 918
11.5833 919
11.6 920
11.6167 922
11.6333 923
11.65 924
11.6667 925
11.6833 926
11.7 928
11.7167 929
11.7333 930
11.75 931
11.7667 932
11.7833 933
11.8 934
11.8167 935
11.8333 936
11.85 937
11.8667 938
11.8833 939
11.9 940
11.9167 941
11.9333 942
11.95 942
11.9667 943
11.9833 944
12.0 945
12.0167 946
12.0333 946
12.05 947
12.0667 948
12.0833 949
12.1 949
12.1167 950
12.1333 951
12.15 951
12.1667 952
12.1833 952
12.2 953
12.2167 954
12.2333 954
12.25 955
12.2667 955
12.2833 955
12.3 956
12.3167 956
12.3333 957
12.35 957
12.3667 958
12.3833 958
12.4 958
12.4167 958
12.4333 959
12.45 959
12.4667 959
12.4833 960
12.5 960
12.5167 960
12.5333 960
12.55 960
12.5667 960
12.5833 960
12.6 961
12.6167 961
12.6333 961
12.65 961
12.6667 961
12.6833 961
12.7 961
12.7167 961
12.7333 961
12.75 960
12.7667 960
12.7833 960
12.8 960
12.8167 960
12.8333 960
12.85 959
12.8667 959
12.8833 959
12.9 959
12.9167 958
12.9333 958
12.95 958
12.9667 957
12.9833 957
13.0 957
13.0167 956
13.0333 956
13.05 955
13.0667 955
13.0833 954
13.1 954
13.1167 953
13.1333 953
13.15 952
13.1667 952
13.1833 951
13.2 950
13.2167 950
13.2333 949
13.25 948
13.2667 948
13.2833 947
13.3 946
13.3167 945
13.3333 945
13.35 944
13.3667 943
13.3833 942
13.4 941
13.4167 940
13.4333 939
13.45 939
13.4667 938
13.4833 937
13.5 936
13.5167 935
13.5333 934
13.55 933
13.5667 932
13.5833 930
13.6 929
13.6167 928
13.6333 927
13.65 926
13.6667 925
13.6833 924
13.7 922
13.7167 921
13.7333 920
13.75 919
13.7667 917
13.7833 916
13.8 915
13.8167 913
13.8333 912
13.85 911
13.8667 909
13.8833 908
13.9 906
13.9167 905
13.9333 903
13.95 902
13.9667 900
13.9833 899
14.0 897
14.0167 896
14.0333 894
14.05 893
14.0667 891
14.0833 889
14.1 888
14.1167 886
14.1333 884
14.15 882
14.1667 881
14.1833 879
14.2 877
14.2167 875
14.2333 874
14.25 872
14.2667 870
14.2833 868
14.3 866
14.3167 864
14.3333 862
14.35 860
14.3667 859
14.3833 857
14.4 855
14.4167 853
14.4333 851
14.45 849
14.4667 846
14.4833 844
14.5 842
14.5167 840
14.5333 838
14.55 836
14.5667 834
14.5833 832
14.6 829
14.6167 827
14.6333 825
14.65 823
14.6667 821
14.6833 818
14.7 816
14.7167 814
14.7333 811
14.75 809
14.7667 807
14.7833 804
14.8 802
14.8167 799
14.8333 797
14.85 795
14.8667 792
14.8833 790
14.9 787
14.9167 785
14.9333 782
14.95 780
14.9667 777
14.9833 775
15.0 772
15.0167 770
15.0333 767
15.05 764
15.0667 762
15.0833 759
15.1 756
15.1167 754
15.1333 751
15.15 748
15.1667 746
15.1833 743
15.2 740
15.2167 737
15.2333 735
15.25 732
15.2667 729
15.2833 726
15.3 723
15.3167 720
15.3333 717
15.35 715
15.3667 712
15.3833 709
15.4 706
15.4167 703
15.4333 700
15.45 697
15.4667 694
15.4833 691
15.5 688
15.5167 685
15.5333 682
15.55 679
15.5667 676
15.5833 673
15.6 670
15.6167 667
15.6333 663
15.65 660
15.6667 657
15.6833 654
15.7 651
15.7167 648
15.7333 644
15.75 641
15.7667 638
15.7833 635
15.8 632
15.8167 628
15.8333 625
15.85 622
15.8667 619
15.8833 615
15.9 612
15.9167 609
15.9333 605
15.95 602
15.9667 599
15.9833 595
