9.0 377
9.0167 379
9.0333 383
9.05 386
9.0667 389
9.0833 392
9.1 396
9.1167 399
9.1333 402
9.15 406
9.1667 409
9.1833 412
9.2 415
9.2167 419
9.2333 422
9.25 425
9.2667 428
9.2833 432
9.3 435
9.3167 438
9.3333 441
9.35 444
9.3667 447
9.3833 451
9.4 454
9.4167 457
9.4333 460
9.45 463
9.4667 466
9.4833 469
9.5 472
9.5167 475
9.5333 478
9.55 481
9.5667 484
9.5833 487
9.6 490
9.6167 493
9.6333 496
9.65 499
9.6667 502
9.6833 505
9.7 508
9.7167 511
9.7333 514
9.75 516
9.7667 519
9.7833 522
9.8 525
9.8167 528
9.8333 531
9.85 533
9.8667 536
9.8833 539
9.9 542
9.9167 544
9.9333 547
9.95 550
9.9667 552
9.9833 555
10.0 558
10.0167 560
10.0333 563
10.05 566
10.0667 568
10.0833 571
10.1 573
10.1167 576
10.1333 578
10.15 581
10.1667 583
10.1833 586
10.2 588
10.2167 591
10.2333 593
10.25 596
10.2667 598
10.2833 600
10.3 603
10.3167 605
10.3333 608
10.35 610
10.3667 612
10.3833 615
10.4 617
10.4167 619
10.4333 621
10.45 624
10.4667 626
10.4833 628
10.5 630
10.5167 632
10.5333 634
10.55 637
10.5667 639
10.5833 641
10.6 643
10.6167 645
10.6333 647
10.65 649
10.6667 651
10.6833 653
10.7 655
10.7167 657
10.7333 659
10.75 661
10.7667 663
10.7833 665
10.8 666
10.8167 668
10.8333 670
10.85 672
10.8667 674
10.8833 675
10.9 677
10.9167 679
10.9333 681
10.95 682
10.9667 684
10.9833 686
11.0 687
11.0167 689
11.0333 691
11.05 692
11.0667 694
11.0833 695
11.1 697
11.1167 698
11.1333 700
11.15 701
11.1667 703
11.1833 704
11.2 706
11.2167 707
11.2333 709
11.25 710
11.2667 711
11.2833 713
11.3 714
11.3167 715
11.3333 717
11.35 718
11.3667 719
11.3833 720
11.4 721
11.4167 723
11.4333 724
11.45 725
11.4667 726
11.4833 727
11.5 728
11.5167 729
11.5333 730
11.55 731
11.5667 732
11.5833 733
11.6 734
11.6167 735
11.6333 736
11.65 737
11.6667 738
11.6833 739
11.7 740
11.7167 741
11.7333 742
11.75 742
11.7667 743
11.7833 744
11.8 745
11.8167 745
11.8333 746
11.85 747
11.8667 747
11.8833 748
11.9 749
11.9167 749
11.9333 750
11.95 750
11.9667 751
11.9833 751
12.0 752
12.0167 752
12.0333 753
12.05 753
12.0667 754
12.0833 754
12.1 754
12.1167 755
12.1333 755
12.15 756
12.1667 756
12.1833 756
12.2 756
12.2167 757
12.2333 757
12.25 757
12.2667 757
12.2833 757
12.3 758
12.3167 758
12.3333 758
12.35 758
12.3667 758
12.3833 758
12.4 758
12.4167 758
12.4333 758
12.45 758
12.4667 758
12.4833 758
12.5 758
12.5167 758
12.5333 757
12.55 757
12.5667 757
12.5833 757
12.6 757
12.6167 756
12.6333 756
12.65 756
12.6667 756
12.6833 755
12.7 755
12.7167 755
12.7333 754
12.75 754
12.7667 753
12.7833 753
12.8 753
12.8167 752
12.8333 752
12.85 751
12.8667 751
12.8833 750
12.9 749
12.9167 749
12.9333 748
12.95 748
12.9667 747
12.9833 746
13.0 746
13.0167 745
13.0333 744
13.05 743
13.0667 743
13.0833 742
13.1 741
13.1167 740
13.1333 739
13.15 738
13.1667 738
13.1833 737
13.2 736
13.2167 735
13.2333 734
13.25 733
13.2667 732
13.2833 731
13.3 730
13.3167 729
13.3333 728
13.35 726
13.3667 725
13.3833 724
13.4 723
13.4167 722
13.4333 721
13.45 719
13.4667 718
13.4833 717
13.5 716
13.5167 714
13.5333 713
13.55 712
13.5667 710
13.5833 709
13.6 708
13.6167 706
13.6333 705
13.65 703
13.6667 702
13.6833 700
13.7 699
13.7167 697
13.7333 696
13.75 694
13.7667 693
13.7833 691
13.8 690
13.8167 688
13.8333 686
13.85 685
13.8667 683
13.8833 681
13.9 680
13.9167 678
13.9333 676
13.95 674
13.9667 672
13.9833 671
14.0 669
14.0167 667
14.0333 665
14.05 663
14.0667 661
14.0833 659
14.1 657
14.1167 656
14.1333 654
14.15 652
14.1667 650
14.1833 648
14.2 646
14.2167 643
14.2333 641
14.25 639
14.2667 637
14.2833 635
14.3 633
14.3167 631
14.3333 629
14.35 626
14.3667 624
14.3833 622
14.4 620
14.4167 617
14.4333 615
14.45 613
14.4667 611
14.4833 608
14.5 606
14.5167 604
14.5333 601
14.55 599
14.5667 596
14.5833 594
14.6 592
14.6167 589
14.6333 587
14.65 584
14.6667 582
14.6833 579
14.7 577
14.7167 574
14.7333 572
14.75 569
14.7667 566
14.7833 564
14.8 561
14.8167 559
14.8333 556
14.85 553
14.8667 551
14.8833 548
14.9 545
14.9167 542
14.9333 540
14.95 537
14.9667 534
14.9833 531
15.0 528
15.0167 525
15.0333 522
15.05 519
15.0667 517
15.0833 514
15.1 511
15.1167 508
15.1333 505
15.15 502
15.1667 499
15.1833 496
15.2 493
15.2167 490
15.2333 487
15.25 484
15.2667 481
15.2833 478
15.3 475
15.3167 472
15.3333 469
15.35 466
15.3667 463
15.3833 460
15.4 457
15.4167 454
15.4333 451
15.45 448
15.4667 444
15.4833 441
15.5 438
15.5167 435
15.5333 432
15.55 429
15.5667 425
15.5833 422
15.6 419
15.6167 416
15.6333 412
15.65 409
15.6667 406
15.6833 403
15.7 399
15.7167 396
15.7333 393
15.75 389
15.7667 386
15.7833 383
15.8 379
15.8167 376
15.8333 373
15.85 369
15.8667 366
15.8833 363
15.9 359
15.9167 356
15.9333 353
15.95 349
15.9667 346
15.9833 342
