9.0 251
9.0167 254
9.0333 258
9.05 261
9.0667 265
9.0833 268
9.1 271
9.1167 275
9.1333 278
9.15 281
9.1667 285
9.1833 288
9.2 291
9.2167 295
9.2333 298
9.25 301
9.2667 305
9.2833 308
9.3 311
9.3167 315
9.3333 318
9.35 321
9.3667 324
9.3833 328
9.4 331
9.4167 334
9.4333 338
9.45 341
9.4667 344
9.4833 347
9.5 350
9.5167 354
9.5333 357
9.55 360
9.5667 363
9.5833 366
9.6 370
9.6167 373
9.6333 376
9.65 379
9.6667 382
9.6833 385
9.7 388
9.7167 391
9.7333 395
9.75 398
9.7667 401
9.7833 404
9.8 407
9.8167 410
9.8333 413
9.85 416
9.8667 419
9.8833 422
9.9 425
9.9167 428
9.9333 431
9.95 434
9.9667 437
9.9833 440
10.0 442
10.0167 445
10.0333 448
10.05 451
10.0667 454
10.0833 457
10.1 460
10.1167 462
10.1333 465
10.15 468
10.1667 471
10.1833 474
10.2 476
10.2167 479
10.2333 482
10.25 484
10.2667 487
10.2833 490
10.3 492
10.3167 495
10.3333 498
10.35 500
10.3667 503
10.3833 506
10.4 508
10.4167 511
10.4333 513
10.45 516
10.4667 518
10.4833 521
10.5 523
10.5167 526
10.5333 528
10.55 531
10.5667 533
10.5833 536
10.6 538
10.6167 540
10.6333 543
10.65 545
10.6667 548
10.6833 550
10.7 552
10.7167 554
10.7333 557
10.75 559
10.7667 561
10.7833 563
10.8 566
10.8167 568
10.8333 570
10.85 572
10.8667 574
10.8833 577
10.9 579
10.9167 581
10.9333 583
10.95 585
10.9667 587
10.9833 589
11.0 591
11.0167 593
11.0333 595
11.05 597
11.0667 599
11.0833 601
11.1 603
11.1167 605
11.1333 607
11.15 608
11.1667 610
11.1833 612
11.2 614
11.2167 616
11.2333 617
11.25 619
11.2667 621
11.2833 623
11.3 624
11.3167 626
11.3333 628
11.35 629
11.3667 631
11.3833 633
11.4 634
11.4167 636
11.4333 637
11.45 639
11.4667 641
11.4833 642
11.5 644
11.5167 645
11.5333 646
11.55 648
11.5667 649
11.5833 651
11.6 652
11.6167 653
11.6333 655
11.65 656
11.6667 657
11.6833 659
11.7 660
11.7167 661
11.7333 663
11.75 664
11.7667 665
11.7833 666
11.8 667
11.8167 668
11.8333 670
11.85 671
11.8667 672
11.8833 673
11.9 674
11.9167 675
11.9333 676
11.95 677
11.9667 678
11.9833 679
12.0 680
12.0167 681
12.0333 682
12.05 682
12.0667 683
12.0833 684
12.1 685
12.1167 686
12.1333 687
12.15 687
12.1667 688
12.1833 689
12.2 690
12.2167 690
12.2333 691
12.25 691
12.2667 692
12.2833 693
12.3 693
12.3167 694
12.3333 694
12.35 695
12.3667 695
12.3833 696
12.4 696
12.4167 697
12.4333 697
12.45 698
12.4667 698
12.4833 699
12.5 699
12.5167 699
12.5333 700
12.55 700
12.5667 700
12.5833 700
12.6 701
12.6167 701
12.6333 701
12.65 701
12.6667 701
12.6833 702
12.7 702
12.7167 702
12.7333 702
12.75 702
12.7667 702
12.7833 702
12.8 702
12.8167 702
12.8333 702
12.85 702
12.8667 702
12.8833 702
12.9 702
12.9167 701
12.9333 701
12.95 701
12.9667 701
12.9833 701
13.0 701
13.0167 700
13.0333 700
13.05 700
13.0667 699
13.0833 699
13.1 699
13.1167 698
13.1333 698
13.15 698
13.1667 697
13.1833 697
13.2 696
13.2167 696
13.2333 695
13.25 695
13.2667 694
13.2833 694
13.3 693
13.3167 692
13.3333 692
13.35 691
13.3667 691
13.3833 690
13.4 689
13.4167 688
13.4333 688
13.45 687
13.4667 686
13.4833 685
13.5 685
13.5167 684
13.5333 683
13.55 682
13.5667 681
13.5833 680
13.6 679
13.6167 678
13.6333 677
13.65 676
13.6667 675
13.6833 674
13.7 673
13.7167 672
13.7333 671
13.75 670
13.7667 669
13.7833 668
13.8 667
13.8167 666
13.8333 664
13.85 663
13.8667 662
13.8833 661
13.9 659
13.9167 658
13.9333 657
13.95 656
13.9667 654
13.9833 653
14.0 652
14.0167 650
14.0333 649
14.05 647
14.0667 646
14.0833 644
14.1 643
14.1167 641
14.1333 640
14.15 638
14.1667 637
14.1833 635
14.2 634
14.2167 632
14.2333 630
14.25 629
14.2667 627
14.2833 625
14.3 624
14.3167 622
14.3333 620
14.35 618
14.3667 617
14.3833 615
14.4 613
14.4167 611
14.4333 609
14.45 608
14.4667 606
14.4833 604
14.5 602
14.5167 600
14.5333 598
14.55 596
14.5667 594
14.5833 592
14.6 590
14.6167 588
14.6333 586
14.65 584
14.6667 582
14.6833 580
14.7 578
14.7167 576
14.7333 573
14.75 571
14.7667 569
14.7833 567
14.8 565
14.8167 562
14.8333 560
14.85 558
14.8667 556
14.8833 553
14.9 551
14.9167 549
14.9333 546
14.95 544
14.9667 542
14.9833 539
15.0 538
15.0167 535
15.0333 533
15.05 530
15.0667 528
15.0833 526
15.1 523
15.1167 521
15.1333 518
15.15 516
15.1667 513
15.1833 510
15.2 508
15.2167 505
15.2333 503
15.25 500
15.2667 497
15.2833 495
15.3 492
15.3167 489
15.3333 487
15.35 484
15.3667 481
15.3833 479
15.4 476
15.4167 473
15.4333 470
15.45 468
15.4667 465
15.4833 462
15.5 459
15.5167 456
15.5333 453
15.55 451
15.5667 448
15.5833 445
15.6 442
15.6167 439
15.6333 436
15.65 433
15.6667 430
15.6833 427
15.7 424
15.7167 421
15.7333 418
15.75 415
15.7667 412
15.7833 409
15.8 406
15.8167 403
15.8333 400
15.85 397
15.8667 394
15.8833 391
15.9 388
15.9167 385
15.9333 382
15.95 378
15.9667 375
15.9833 372
