9.0 426
9.0167 429
9.0333 433
9.05 436
9.0667 439
9.0833 443
9.1 446
9.1167 449
9.1333 453
9.15 456
9.1667 460
9.1833 463
9.2 466
9.2167 470
9.2333 473
9.25 476
9.2667 479
9.2833 483
9.3 486
9.3167 489
9.3333 492
9.35 496
9.3667 499
9.3833 502
9.4 505
9.4167 509
9.4333 512
9.45 515
9.4667 518
9.4833 521
9.5 524
9.5167 528
9.5333 531
9.55 534
9.5667 537
9.5833 540
9.6 543
9.6167 546
9.6333 549
9.65 552
9.6667 555
9.6833 558
9.7 561
9.7167 564
9.7333 567
9.75 570
9.7667 573
9.7833 576
9.8 579
9.8167 582
9.8333 584
9.85 587
9.8667 590
9.8833 593
9.9 596
9.9167 599
9.9333 601
9.95 604
9.9667 607
9.9833 610
10.0 613
10.0167 615
10.0333 618
10.05 621
10.0667 623
10.0833 626
10.1 629
10.1167 631
10.1333 634
10.15 637
10.1667 639
10.1833 642
10.2 644
10.2167 647
10.2333 649
10.25 652
10.2667 654
10.2833 657
10.3 659
10.3167 662
10.3333 664
10.35 667
10.3667 669
10.3833 671
10.4 674
10.4167 676
10.4333 678
10.45 681
10.4667 683
10.4833 685
10.5 688
10.5167 690
10.5333 692
10.55 694
10.5667 696
10.5833 699
10.6 701
10.6167 703
10.6333 705
10.65 707
10.6667 709
10.6833 711
10.7 713
10.7167 715
10.7333 718
10.75 720
10.7667 722
10.7833 723
10.8 725
10.8167 727
10.8333 729
10.85 731
10.8667 733
10.8833 735
10.9 737
10.9167 739
10.9333 740
10.95 742
10.9667 744
10.9833 746
11.0 748
11.0167 749
11.0333 751
11.05 753
11.0667 754
11.0833 756
11.1 758
11.1167 759
11.1333 761
11.15 762
11.1667 764
11.1833 765
11.2 767
11.2167 768
11.2333 770
11.25 771
11.2667 773
11.2833 774
11.3 776
11.3167 777
11.3333 778
11.35 780
11.3667 781
11.3833 782
11.4 784
11.4167 785
11.4333 786
11.45 787
11.4667 789
11.4833 790
11.5 791
11.5167 792
11.5333 793
11.55 794
11.5667 796
11.5833 797
11.6 798
11.6167 799
11.6333 800
11.65 801
11.6667 802
11.6833 803
11.7 804
11.7167 805
11.7333 805
11.75 806
11.7667 807
11.7833 808
11.8 809
11.8167 810
11.8333 810
11.85 811
11.8667 812
11.8833 813
11.9 813
11.9167 814
11.9333 815
11.95 815
11.9667 816
11.9833 817
12.0 817
12.0167 818
12.0333 818
12.05 819
12.0667 819
12.0833 820
12.1 820
12.1167 821
12.1333 821
12.15 821
12.1667 822
12.1833 822
12.2 822
12.2167 823
12.2333 823
12.25 823
12.2667 824
12.2833 824
12.3 824
12.3167 824
12.3333 824
12.35 825
12.3667 825
12.3833 825
12.4 825
12.4167 825
12.4333 825
12.45 825
12.4667 825
12.4833 825
12.5 825
12.5167 825
12.5333 825
12.55 825
12.5667 825
12.5833 825
12.6 825
12.6167 824
12.6333 824
12.65 824
12.6667 824
12.6833 823
12.7 823
12.7167 823
12.7333 823
12.75 822
12.7667 822
12.7833 822
12.8 821
12.8167 821
12.8333 820
12.85 820
12.8667 819
12.8833 819
12.9 818
12.9167 818
12.9333 817
12.95 817
12.9667 816
12.9833 816
13.0 815
13.0167 814
13.0333 814
13.05 813
13.0667 812
13.0833 811
13.1 811
13.1167 810
13.1333 809
13.15 808
13.1667 807
13.1833 807
13.2 806
13.2167 805
13.2333 804
13.25 803
13.2667 802
13.2833 801
13.3 800
13.3167 799
13.3333 798
13.35 797
13.3667 796
13.3833 795
13.4 794
13.4167 793
13.4333 791
13.45 790
13.4667 789
13.4833 788
13.5 787
13.5167 785
13.5333 784
13.55 783
13.5667 782
13.5833 780
13.6 779
13.6167 778
13.6333 776
13.65 775
13.6667 773
13.6833 772
13.7 771
13.7167 769
13.7333 768
13.75 766
13.7667 765
13.7833 763
13.8 761
13.8167 760
13.8333 758
13.85 757
13.8667 755
13.8833 753
13.9 752
13.9167 750
13.9333 748
13.95 746
13.9667 745
13.9833 743
14.0 741
14.0167 739
14.0333 738
14.05 736
14.0667 734
14.0833 732
14.1 730
14.1167 728
14.1333 726
14.15 724
14.1667 722
14.1833 720
14.2 718
14.2167 716
14.2333 714
14.25 712
14.2667 710
14.2833 708
14.3 706
14.3167 704
14.3333 702
14.35 699
14.3667 697
14.3833 695
14.4 693
14.4167 691
14.4333 688
14.45 686
14.4667 684
14.4833 682
14.5 679
14.5167 677
14.5333 675
14.55 672
14.5667 670
14.5833 667
14.6 665
14.6167 663
14.6333 660
14.65 658
14.6667 655
14.6833 653
14.7 650
14.7167 648
14.7333 645
14.75 643
14.7667 640
14.7833 638
14.8 635
14.8167 632
14.8333 630
14.85 627
14.8667 624
14.8833 622
14.9 619
14.9167 616
14.9333 614
14.95 611
14.9667 608
14.9833 605
15.0 601
15.0167 599
15.0333 596
15.05 593
15.0667 590
15.0833 587
15.1 585
15.1167 582
15.1333 579
15.15 576
15.1667 573
15.1833 570
15.2 567
15.2167 564
15.2333 561
15.25 558
15.2667 555
15.2833 552
15.3 549
15.3167 546
15.3333 543
15.35 540
15.3667 537
15.3833 534
15.4 531
15.4167 528
15.4333 524
15.45 521
15.4667 518
15.4833 515
15.5 512
15.5167 509
15.5333 506
15.55 502
15.5667 499
15.5833 496
15.6 493
15.6167 489
15.6333 486
15.65 483
15.6667 480
15.6833 476
15.7 473
15.7167 470
15.7333 466
15.75 463
15.7667 460
15.7833 456
15.8 453
15.8167 450
15.8333 446
15.85 443
15.8667 440
15.8833 436
15.9 433
15.9167 429
15.9333 426
15.95 422
15.9667 419
15.9833 416
