9.0 247
9.0167 251
9.0333 254
9.05 257
9.0667 261
9.0833 264
9.1 267
9.1167 270
9.1333 273
9.15 277
9.1667 280
9.1833 283
9.2 286
9.2167 289
9.2333 292
9.25 296
9.2667 299
9.2833 302
9.3 305
9.3167 308
9.3333 311
9.35 315
9.3667 318
9.3833 321
9.4 324
9.4167 327
9.4333 330
9.45 334
9.4667 337
9.4833 340
9.5 343
9.5167 346
9.5333 349
9.55 352
9.5667 355
9.5833 359
9.6 362
9.6167 365
9.6333 368
9.65 371
9.6667 374
9.6833 377
9.7 380
9.7167 383
9.7333 386
9.75 389
9.7667 392
9.7833 395
9.8 398
9.8167 401
9.8333 404
9.85 407
9.8667 410
9.8833 413
9.9 416
9.9167 419
9.9333 422
9.95 425
9.9667 428
9.9833 431
10.0 434
10.0167 437
10.0333 439
10.05 442
10.0667 445
10.0833 448
10.1 451
10.1167 454
10.1333 457
10.15 459
10.1667 462
10.1833 465
10.2 468
10.2167 471
10.2333 473
10.25 476
10.2667 479
10.2833 481
10.3 484
10.3167 487
10.3333 490
10.35 492
10.3667 495
10.3833 498
10.4 500
10.4167 503
10.4333 505
10.45 508
10.4667 511
10.4833 513
10.5 516
10.5167 518
10.5333 521
10.55 523
10.5667 526
10.5833 528
10.6 531
10.6167 533
10.6333 536
10.65 538
10.6667 541
10.6833 543
10.7 545
10.7167 548
10.7333 550
10.75 552
10.7667 555
10.7833 557
10.8 559
10.8167 562
10.8333 564
10.85 566
10.8667 569
10.8833 571
10.9 573
10.9167 575
10.9333 577
10.95 579
10.9667 582
10.9833 584
11.0 586
11.0167 588
11.0333 590
11.05 592
11.0667 594
11.0833 596
11.1 598
11.1167 600
11.1333 602
11.15 604
11.1667 606
11.1833 608
11.2 610
11.2167 612
11.2333 614
11.25 616
11.2667 618
11.2833 619
11.3 621
11.3167 623
11.3333 625
11.35 627
11.3667 628
11.3833 630
11.4 632
11.4167 634
11.4333 635
11.45 637
11.4667 639
11.4833 640
11.5 642
11.5167 644
11.5333 645
11.55 647
11.5667 648
11.5833 650
11.6 651
11.6167 653
11.6333 654
11.65 656
11.6667 657
11.6833 659
11.7 660
11.7167 661
11.7333 663
11.75 664
11.7667 665
11.7833 667
11.8 668
11.8167 669
11.8333 671
11.85 672
11.8667 673
11.8833 674
11.9 675
11.9167 677
11.9333 678
11.95 679
11.9667 680
11.9833 681
12.0 682
12.0167 683
12.0333 684
12.05 685
12.0667 686
12.0833 687
12.1 688
12.1167 689
12.1333 690
12.15 691
12.1667 692
12.1833 693
12.2 694
12.2167 694
12.2333 695
12.25 696
12.2667 697
12.2833 697
12.3 698
12.3167 699
12.3333 700
12.35 700
12.3667 701
12.3833 702
12.4 702
12.4167 703
12.4333 703
12.45 704
12.4667 704
12.4833 705
12.5 705
12.5167 706
12.5333 706
12.55 707
12.5667 707
12.5833 708
12.6 708
12.6167 708
12.6333 709
12.65 709
12.6667 709
12.6833 710
12.7 710
12.7167 710
12.7333 710
12.75 711
12.7667 711
12.7833 711
12.8 711
12.8167 711
12.8333 711
12.85 711
12.8667 711
12.8833 712
12.9 712
12.9167 712
12.9333 712
12.95 712
12.9667 711
12.9833 711
13.0 711
13.0167 711
13.0333 711
13.05 711
13.0667 711
13.0833 711
13.1 710
13.1167 710
13.1333 710
13.15 710
13.1667 709
13.1833 709
13.2 709
13.2167 708
13.2333 708
13.25 708
13.2667 707
13.2833 707
13.3 706
13.3167 706
13.3333 705
13.35 705
13.3667 704
13.3833 704
13.4 703
13.4167 703
13.4333 702
13.45 702
13.4667 701
13.4833 700
13.5 700
13.5167 699
13.5333 698
13.55 697
13.5667 697
13.5833 696
13.6 695
13.6167 694
13.6333 693
13.65 693
13.6667 692
13.6833 691
13.7 690
13.7167 689
13.7333 688
13.75 687
13.7667 686
13.7833 685
13.8 684
13.8167 683
13.8333 682
13.85 681
13.8667 680
13.8833 679
13.9 678
13.9167 676
13.9333 675
13.95 674
13.9667 673
13.9833 672
14.0 670
14.0167 669
14.0333 668
14.05 667
14.0667 665
14.0833 664
14.1 663
14.1167 661
14.1333 660
14.15 658
14.1667 657
14.1833 656
14.2 654
14.2167 653
14.2333 651
14.25 650
14.2667 648
14.2833 647
14.3 645
14.3167 643
14.3333 642
14.35 640
14.3667 639
14.3833 637
14.4 635
14.4167 634
14.4333 632
14.45 630
14.4667 628
14.4833 627
14.5 625
14.5167 623
14.5333 621
14.55 619
14.5667 618
14.5833 616
14.6 614
14.6167 612
14.6333 610
14.65 608
14.6667 606
14.6833 604
14.7 602
14.7167 600
14.7333 598
14.75 596
14.7667 594
14.7833 592
14.8 590
14.8167 588
14.8333 586
14.85 584
14.8667 582
14.8833 579
14.9 577
14.9167 575
14.9333 573
14.95 571
14.9667 568
14.9833 566
15.0 565
15.0167 562
15.0333 560
15.05 558
15.0667 556
15.0833 553
15.1 551
15.1167 549
15.1333 546
15.15 544
15.1667 541
15.1833 539
15.2 536
15.2167 534
15.2333 532
15.25 529
15.2667 527
15.2833 524
15.3 522
15.3167 519
15.3333 516
15.35 514
15.3667 511
15.3833 509
15.4 506
15.4167 504
15.4333 501
15.45 498
15.4667 496
15.4833 493
15.5 490
15.5167 488
15.5333 485
15.55 482
15.5667 479
15.5833 477
15.6 474
15.6167 471
15.6333 468
15.65 466
15.6667 463
15.6833 460
15.7 457
15.7167 454
15.7333 452
15.75 449
15.7667 446
15.7833 443
15.8 440
15.8167 437
15.8333 434
15.85 431
15.8667 429
15.8833 426
15.9 423
15.9167 420
15.9333 417
15.95 414
15.9667 411
15.9833 408
