9.0 483
9.0167 487
9.0333 490
9.05 494
9.0667 497
9.0833 500
9.1 504
9.1167 507
9.1333 510
9.15 514
9.1667 517
9.1833 520
9.2 523
9.2167 527
9.2333 530
9.25 533
9.2667 536
9.2833 540
9.3 543
9.3167 546
9.3333 549
9.35 552
9.3667 556
9.3833 559
9.4 562
9.4167 565
9.4333 568
9.45 571
9.4667 574
9.4833 578
9.5 581
9.5167 584
9.5333 587
9.55 590
9.5667 593
9.5833 596
9.6 599
9.6167 602
9.6333 605
9.65 608
9.6667 611
9.6833 614
9.7 617
9.7167 620
9.7333 623
9.75 626
9.7667 629
9.7833 632
9.8 634
9.8167 637
9.8333 640
9.85 643
9.8667 646
9.8833 649
9.9 652
9.9167 654
9.9333 657
9.95 660
9.9667 663
9.9833 666
10.0 668
10.0167 671
10.0333 674
10.05 676
10.0667 679
10.0833 682
10.1 684
10.1167 687
10.1333 690
10.15 692
10.1667 695
10.1833 698
10.2 700
10.2167 703
10.2333 705
10.25 708
10.2667 710
10.2833 713
10.3 715
10.3167 718
10.3333 720
10.35 723
10.3667 725
10.3833 728
10.4 730
10.4167 732
10.4333 735
10.45 737
10.4667 739
10.4833 742
10.5 744
10.5167 746
10.5333 749
10.55 751
10.5667 753
10.5833 755
10.6 758
10.6167 760
10.6333 762
10.65 764
10.6667 766
10.6833 769
10.7 771
10.7167 773
10.7333 775
10.75 777
10.7667 779
10.7833 781
10.8 783
10.8167 785
10.8333 787
10.85 789
10.8667 791
10.8833 793
10.9 795
10.9167 797
10.9333 799
10.95 801
10.9667 803
10.9833 804
11.0 806
11.0167 808
11.0333 810
11.05 812
11.0667 813
11.0833 815
11.1 817
11.1167 819
11.1333 820
11.15 822
11.1667 824
11.1833 825
11.2 827
11.2167 829
11.2333 830
11.25 832
11.2667 833
11.2833 835
11.3 836
11.3167 838
11.3333 839
11.35 841
11.3667 842
11.3833 844
11.4 845
11.4167 846
11.4333 848
11.45 849
11.4667 851
11.4833 852
11.5 853
11.5167 854
11.5333 856
11.55 857
11.5667 858
11.5833 859
11.6 861
11.6167 862
11.6333 863
11.65 864
11.6667 865
11.6833 866
11.7 867
11.7167 869
11.7333 870
11.75 871
11.7667 872
11.7833 873
11.8 874
11.8167 875
11.8333 875
11.85 876
11.8667 877
11.8833 878
11.9 879
11.9167 880
11.9333 881
11.95 881
11.9667 882
11.9833 883
12.0 884
12.0167 885
12.0333 885
12.05 886
12.0667 887
12.0833 887
12.1 888
12.1167 889
12.1333 889
12.15 890
12.1667 890
12.1833 891
12.2 891
12.2167 892
12.2333 892
12.25 893
12.2667 893
12.2833 894
12.3 894
12.3167 894
12.3333 895
12.35 895
12.3667 896
12.3833 896
12.4 896
12.4167 896
12.4333 897
12.45 897
12.4667 897
12.4833 897
12.5 897
12.5167 898
12.5333 898
12.55 898
12.5667 898
12.5833 898
12.6 898
12.6167 898
12.6333 898
12.65 898
12.6667 898
12.6833 898
12.7 898
12.7167 898
12.7333 898
12.75 898
12.7667 898
12.7833 898
12.8 897
12.8167 897
12.8333 897
12.85 897
12.8667 896
12.8833 896
12.9 896
12.9167 896
12.9333 895
12.95 895
12.9667 895
12.9833 894
13.0 894
13.0167 893
13.0333 893
13.05 892
13.0667 892
13.0833 891
13.1 891
13.1167 890
13.1333 890
13.15 889
13.1667 889
13.1833 888
13.2 887
13.2167 887
13.2333 886
13.25 885
13.2667 885
13.2833 884
13.3 883
13.3167 883
13.3333 882
13.35 881
13.3667 880
13.3833 879
13.4 878
13.4167 878
13.4333 877
13.45 876
13.4667 875
13.4833 874
13.5 873
13.5167 872
13.5333 871
13.55 870
13.5667 869
13.5833 868
13.6 867
13.6167 866
13.6333 864
13.65 863
13.6667 862
13.6833 861
13.7 860
13.7167 859
13.7333 857
13.75 856
13.7667 855
13.7833 854
13.8 852
13.8167 851
13.8333 850
13.85 848
13.8667 847
13.8833 845
13.9 844
13.9167 843
13.9333 841
13.95 840
13.9667 838
13.9833 837
14.0 835
14.0167 834
14.0333 832
14.05 831
14.0667 829
14.0833 827
14.1 826
14.1167 824
14.1333 822
14.15 821
14.1667 819
14.1833 817
14.2 816
14.2167 814
14.2333 812
14.25 810
14.2667 809
14.2833 807
14.3 805
14.3167 803
14.3333 801
14.35 799
14.3667 797
14.3833 796
14.4 794
14.4167 792
14.4333 790
14.45 788
14.4667 786
14.4833 784
14.5 782
14.5167 780
14.5333 778
14.55 776
14.5667 773
14.5833 771
14.6 769
14.6167 767
14.6333 765
14.65 763
14.6667 761
14.6833 758
14.7 756
14.7167 754
14.7333 752
14.75 749
14.7667 747
14.7833 745
14.8 743
14.8167 740
14.8333 738
14.85 735
14.8667 733
14.8833 731
14.9 728
14.9167 726
14.9333 723
14.95 721
14.9667 719
14.9833 716
15.0 714
15.0167 711
15.0333 709
15.05 706
15.0667 704
15.0833 701
15.1 699
15.1167 696
15.1333 693
15.15 691
15.1667 688
15.1833 685
15.2 683
15.2167 680
15.2333 677
15.25 675
15.2667 672
15.2833 669
15.3 667
15.3167 664
15.3333 661
15.35 658
15.3667 656
15.3833 653
15.4 650
15.4167 647
15.4333 644
15.45 641
15.4667 638
15.4833 636
15.5 633
15.5167 630
15.5333 627
15.55 624
15.5667 621
15.5833 618
15.6 615
15.6167 612
15.6333 609
15.65 606
15.6667 603
15.6833 600
15.7 597
15.7167 594
15.7333 591
15.75 588
15.7667 585
15.7833 582
15.8 579
15.8167 576
15.8333 573
15.85 569
15.8667 566
15.8833 563
15.9 560
15.9167 557
15.9333 554
15.95 550
15.9667 547
15.9833 544
