9.0 511
9.0167 514
9.0333 518
9.05 521
9.0667 524
9.0833 527
9.1 530
9.1167 534
9.1333 537
9.15 540
9.1667 543
9.1833 546
9.2 549
9.2167 553
9.2333 556
9.25 559
9.2667 562
9.2833 565
9.3 568
9.3167 571
9.3333 574
9.35 577
9.3667 580
9.3833 584
9.4 587
9.4167 590
9.4333 593
9.45 596
9.4667 599
9.4833 602
9.5 605
9.5167 608
9.5333 610
9.55 613
9.5667 616
9.5833 619
9.6 622
9.6167 625
9.6333 628
9.65 631
9.6667 634
9.6833 637
9.7 639
9.7167 642
9.7333 645
9.75 648
9.7667 651
9.7833 654
9.8 656
9.8167 659
9.8333 662
9.85 665
9.8667 667
9.8833 670
9.9 673
9.9167 675
9.9333 678
9.95 681
9.9667 683
9.9833 686
10.0 689
10.0167 691
10.0333 694
10.05 697
10.0667 699
10.0833 702
10.1 704
10.1167 707
10.1333 709
10.15 712
10.1667 714
10.1833 717
10.2 719
10.2167 722
10.2333 724
10.25 727
10.2667 729
10.2833 731
10.3 734
10.3167 736
10.3333 739
10.35 741
10.3667 743
10.3833 746
10.4 748
10.4167 750
10.4333 752
10.45 755
10.4667 757
10.4833 759
10.5 761
10.5167 764
10.5333 766
10.55 768
10.5667 770
10.5833 772
10.6 774
10.6167 776
10.6333 779
10.65 781
10.6667 783
10.6833 785
10.7 787
10.7167 789
10.7333 791
10.75 793
10.7667 795
10.7833 797
10.8 799
10.8167 801
10.8333 802
10.85 804
10.8667 806
10.8833 808
10.9 810
10.9167 812
10.9333 814
10.95 815
10.9667 817
10.9833 819
11.0 821
11.0167 822
11.0333 824
11.05 826
11.0667 827
11.0833 829
11.1 831
11.1167 832
11.1333 834
11.15 836
11.1667 837
11.1833 839
11.2 840
11.2167 842
11.2333 843
11.25 845
11.2667 846
11.2833 848
11.3 849
11.3167 851
11.3333 852
11.35 854
11.3667 855
11.3833 856
11.4 858
11.4167 859
11.4333 860
11.45 861
11.4667 863
11.4833 864
11.5 865
11.5167 866
11.5333 868
11.55 869
11.5667 870
11.5833 871
11.6 872
11.6167 873
11.6333 875
11.65 876
11.6667 877
11.6833 878
11.7 879
11.7167 880
11.7333 881
11.75 882
11.7667 883
11.7833 884
11.8 885
11.8167 885
11.8333 886
11.85 887
11.8667 888
11.8833 889
11.9 890
11.9167 890
11.9333 891
11.95 892
11.9667 893
11.9833 893
12.0 894
12.0167 895
12.0333 895
12.05 896
12.0667 897
12.0833 897
12.1 898
12.1167 899
12.1333 899
12.15 900
12.1667 900
12.1833 901
12.2 901
12.2167 902
12.2333 902
12.25 902
12.2667 903
12.2833 903
12.3 904
12.3167 904
12.3333 904
12.35 905
12.3667 905
12.3833 905
12.4 905
12.4167 906
12.4333 906
12.45 906
12.4667 906
12.4833 906
12.5 907
12.5167 907
12.5333 907
12.55 907
12.5667 907
12.5833 907
12.6 907
12.6167 907
12.6333 907
12.65 907
12.6667 907
12.6833 907
12.7 907
12.7167 907
12.7333 907
12.75 907
12.7667 906
12.7833 906
12.8 906
12.8167 906
12.8333 906
12.85 905
12.8667 905
12.8833 905
12.9 905
12.9167 904
12.9333 904
12.95 904
12.9667 903
12.9833 903
13.0 902
13.0167 902
13.0333 902
13.05 901
13.0667 901
13.0833 900
13.1 900
13.1167 899
13.1333 898
13.15 898
13.1667 897
13.1833 897
13.2 896
13.2167 895
13.2333 895
13.25 894
13.2667 893
13.2833 893
13.3 892
13.3167 891
13.3333 890
13.35 890
13.3667 889
13.3833 888
13.4 887
13.4167 886
13.4333 885
13.45 884
13.4667 884
13.4833 883
13.5 882
13.5167 881
13.5333 880
13.55 879
13.5667 878
13.5833 877
13.6 875
13.6167 874
13.6333 873
13.65 872
13.6667 871
13.6833 870
13.7 869
13.7167 868
13.7333 866
13.75 865
13.7667 864
13.7833 863
13.8 861
13.8167 860
13.8333 859
13.85 857
13.8667 856
13.8833 855
13.9 853
13.9167 852
13.9333 851
13.95 849
13.9667 848
13.9833 846
14.0 845
14.0167 843
14.0333 842
14.05 840
14.0667 839
14.0833 837
14.1 835
14.1167 834
14.1333 832
14.15 831
14.1667 829
14.1833 827
14.2 826
14.2167 824
14.2333 822
14.25 820
14.2667 819
14.2833 817
14.3 815
14.3167 813
14.3333 812
14.35 810
14.3667 808
14.3833 806
14.4 804
14.4167 802
14.4333 800
14.45 798
14.4667 796
14.4833 795
14.5 793
14.5167 791
14.5333 789
14.55 787
14.5667 785
14.5833 782
14.6 780
14.6167 778
14.6333 776
14.65 774
14.6667 772
14.6833 770
14.7 768
14.7167 765
14.7333 763
14.75 761
14.7667 759
14.7833 757
14.8 754
14.8167 752
14.8333 750
14.85 748
14.8667 745
14.8833 743
14.9 741
14.9167 738
14.9333 736
14.95 734
14.9667 731
14.9833 729
15.0 726
15.0167 724
15.0333 722
15.05 719
15.0667 717
15.0833 714
15.1 712
15.1167 709
15.1333 707
15.15 704
15.1667 702
15.1833 699
15.2 696
15.2167 694
15.2333 691
15.25 689
15.2667 686
15.2833 683
15.3 681
15.3167 678
15.3333 675
15.35 673
15.3667 670
15.3833 667
15.4 664
15.4167 662
15.4333 659
15.45 656
15.4667 653
15.4833 651
15.5 648
15.5167 645
15.5333 642
15.55 639
15.5667 636
15.5833 634
15.6 631
15.6167 628
15.6333 625
15.65 622
15.6667 619
15.6833 616
15.7 613
15.7167 610
15.7333 607
15.75 604
15.7667 601
15.7833 598
15.8 595
15.8167 592
15.8333 589
15.85 586
15.8667 583
15.8833 580
15.9 577
15.9167 574
15.9333 571
15.95 568
15.9667 565
15.9833 562
