9.0 525
9.0167 528
9.0333 531
9.05 534
9.0667 538
9.0833 541
9.1 544
9.1167 547
9.1333 551
9.15 554
9.1667 557
9.1833 560
9.2 563
9.2167 567
9.2333 570
9.25 573
9.2667 576
9.2833 579
9.3 582
9.3167 585
9.3333 589
9.35 592
9.3667 595
9.3833 598
9.4 601
9.4167 604
9.4333 607
9.45 610
9.4667 613
9.4833 616
9.5 619
9.5167 622
9.5333 625
9.55 628
9.5667 631
9.5833 634
9.6 637
9.6167 640
9.6333 643
9.65 646
9.6667 649
9.6833 652
9.7 655
9.7167 658
9.7333 660
9.75 663
9.7667 666
9.7833 669
9.8 672
9.8167 675
9.8333 677
9.85 680
9.8667 683
9.8833 686
9.9 689
9.9167 691
9.9333 694
9.95 697
9.9667 700
9.9833 702
10.0 705
10.0167 708
10.0333 710
10.05 713
10.0667 716
10.0833 718
10.1 721
10.1167 723
10.1333 726
10.15 729
10.1667 731
10.1833 734
10.2 736
10.2167 739
10.2333 741
10.25 744
10.2667 746
10.2833 749
10.3 751
10.3167 753
10.3333 756
10.35 758
10.3667 761
10.3833 763
10.4 765
10.4167 768
10.4333 770
10.45 773
10.4667 775
10.4833 777
10.5 779
10.5167 782
10.5333 784
10.55 786
10.5667 788
10.5833 791
10.6 793
10.6167 795
10.6333 797
10.65 799
10.6667 801
10.6833 804
10.7 806
10.7167 808
10.7333 810
10.75 812
10.7667 814
10.7833 816
10.8 818
10.8167 820
10.8333 822
10.85 824
10.8667 826
10.8833 828
10.9 830
10.9167 832
10.9333 834
10.95 836
10.9667 837
10.9833 839
11.0 841
11.0167 843
11.0333 845
11.05 846
11.0667 848
11.0833 850
11.1 852
11.1167 853
11.1333 855
11.15 857
11.1667 859
11.1833 860
11.2 862
11.2167 863
11.2333 865
11.25 867
11.2667 868
11.2833 870
11.3 871
11.3167 873
11.3333 874
11.35 876
11.3667 877
11.3833 879
11.4 880
11.4167 882
11.4333 883
11.45 884
11.4667 886
11.4833 887
11.5 889
11.5167 890
11.5333 891
11.55 892
11.5667 894
11.5833 895
11.6 896
11.6167 897
11.6333 899
11.65 900
11.6667 901
11.6833 902
11.7 903
11.7167 904
11.7333 905
11.75 907
11.7667 908
11.7833 909
11.8 910
11.8167 911
11.8333 912
11.85 913
11.8667 914
11.8833 915
11.9 916
11.9167 916
11.9333 917
11.95 918
11.9667 919
11.9833 920
12.0 921
12.0167 922
12.0333 922
12.05 923
12.0667 924
12.0833 925
12.1 925
12.1167 926
12.1333 927
12.15 927
12.1667 928
12.1833 929
12.2 929
12.2167 930
12.2333 930
12.25 931
12.2667 931
12.2833 932
12.3 932
12.3167 933
12.3333 933
12.35 934
12.3667 934
12.3833 935
12.4 935
12.4167 935
12.4333 936
12.45 936
12.4667 936
12.4833 937
12.5 937
12.5167 937
12.5333 938
12.55 938
12.5667 938
12.5833 938
12.6 938
12.6167 938
12.6333 939
12.65 939
12.6667 939
12.6833 939
12.7 939
12.7167 939
12.7333 939
12.75 939
12.7667 939
12.7833 939
12.8 939
12.8167 939
12.8333 939
12.85 939
12.8667 939
12.8833 938
12.9 938
12.9167 938
12.9333 938
12.95 938
12.9667 937
12.9833 937
13.0 937
13.0167 937
13.0333 936
13.05 936
13.0667 936
13.0833 935
13.1 935
13.1167 935
13.1333 934
13.15 934
13.1667 933
13.1833 933
13.2 932
13.2167 932
13.2333 931
13.25 931
13.2667 930
13.2833 930
13.3 929
13.3167 928
13.3333 928
13.35 927
13.3667 926
13.3833 926
13.4 925
13.4167 924
13.4333 924
13.45 923
13.4667 922
13.4833 921
13.5 920
13.5167 920
13.5333 919
13.55 918
13.5667 917
13.5833 916
13.6 915
13.6167 914
13.6333 913
13.65 912
13.6667 911
13.6833 910
13.7 909
13.7167 908
13.7333 907
13.75 906
13.7667 905
13.7833 904
13.8 903
13.8167 902
13.8333 901
13.85 899
13.8667 898
13.8833 897
13.9 896
13.9167 895
13.9333 893
13.95 892
13.9667 891
13.9833 889
14.0 888
14.0167 887
14.0333 885
14.05 884
14.0667 883
14.0833 881
14.1 880
14.1167 878
14.1333 877
14.15 875
14.1667 874
14.1833 872
14.2 871
14.2167 869
14.2333 868
14.25 866
14.2667 865
14.2833 863
14.3 861
14.3167 860
14.3333 858
14.35 856
14.3667 855
14.3833 853
14.4 851
14.4167 850
14.4333 848
14.45 846
14.4667 844
14.4833 842
14.5 841
14.5167 839
14.5333 837
14.55 835
14.5667 833
14.5833 831
14.6 829
14.6167 827
14.6333 825
14.65 823
14.6667 822
14.6833 820
14.7 817
14.7167 815
14.7333 813
14.75 811
14.7667 809
14.7833 807
14.8 805
14.8167 803
14.8333 801
14.85 799
14.8667 797
14.8833 794
14.9 792
14.9167 790
14.9333 788
14.95 786
14.9667 783
14.9833 781
15.0 779
15.0167 777
15.0333 774
15.05 772
15.0667 770
15.0833 767
15.1 765
15.1167 763
15.1333 760
15.15 758
15.1667 755
15.1833 753
15.2 750
15.2167 748
15.2333 746
15.25 743
15.2667 741
15.2833 738
15.3 736
15.3167 733
15.3333 730
15.35 728
15.3667 725
15.3833 723
15.4 720
15.4167 718
15.4333 715
15.45 712
15.4667 710
15.4833 707
15.5 704
15.5167 702
15.5333 699
15.55 696
15.5667 693
15.5833 691
15.6 688
15.6167 685
15.6333 682
15.65 680
15.6667 677
15.6833 674
15.7 671
15.7167 668
15.7333 666
15.75 663
15.7667 660
15.7833 657
15.8 654
15.8167 651
15.8333 648
15.85 645
15.8667 642
15.8833 639
15.9 636
15.9167 633
15.9333 631
15.95 628
15.9667 625
15.9833 622
