9.0 526
9.0167 529
9.0333 532
9.05 536
9.0667 539
9.0833 542
9.1 546
9.1167 549
9.1333 552
9.15 555
9.1667 559
9.1833 562
9.2 565
9.2167 568
9.2333 572
9.25 575
9.2667 578
9.2833 581
9.3 584
9.3167 588
9.3333 591
9.35 594
9.3667 597
9.3833 600
9.4 603
9.4167 606
9.4333 609
9.45 613
9.4667 616
9.4833 619
9.5 622
9.5167 625
9.5333 628
9.55 631
9.5667 634
9.5833 637
9.6 640
9.6167 643
9.6333 646
9.65 649
9.6667 652
9.6833 655
9.7 658
9.7167 661
9.7333 664
9.75 667
9.7667 670
9.7833 672
9.8 675
9.8167 678
9.8333 681
9.85 684
9.8667 687
9.8833 689
9.9 692
9.9167 695
9.9333 698
9.95 701
9.9667 703
9.9833 706
10.0 709
10.0167 712
10.0333 714
10.05 717
10.0667 720
10.0833 722
10.1 725
10.1167 728
10.1333 730
10.15 733
10.1667 735
10.1833 738
10.2 741
10.2167 743
10.2333 746
10.25 748
10.2667 751
10.2833 753
10.3 756
10.3167 758
10.3333 761
10.35 763
10.3667 766
10.3833 768
10.4 771
10.4167 773
10.4333 775
10.45 778
10.4667 780
10.4833 782
10.5 785
10.5167 787
10.5333 789
10.55 792
10.5667 794
10.5833 796
10.6 798
10.6167 801
10.6333 803
10.65 805
10.6667 807
10.6833 809
10.7 811
10.7167 814
10.7333 816
10.75 818
10.7667 820
10.7833 822
10.8 824
10.8167 826
10.8333 828
10.85 830
10.8667 832
10.8833 834
10.9 836
10.9167 838
10.9333 840
10.95 842
10.9667 844
10.9833 846
11.0 848
11.0167 849
11.0333 851
11.05 853
11.0667 855
11.0833 857
11.1 858
11.1167 860
11.1333 862
11.15 864
11.1667 865
11.1833 867
11.2 869
11.2167 870
11.2333 872
11.25 874
11.2667 875
11.2833 877
11.3 879
11.3167 880
11.3333 882
11.35 883
11.3667 885
11.3833 886
11.4 888
11.4167 889
11.4333 891
11.45 892
11.4667 893
11.4833 895
11.5 896
11.5167 898
11.5333 899
11.55 900
11.5667 901
11.5833 903
11.6 904
11.6167 905
11.6333 907
11.65 908
11.6667 909
11.6833 910
11.7 911
11.7167 913
11.7333 914
11.75 915
11.7667 916
11.7833 917
11.8 918
11.8167 919
11.8333 920
11.85 921
11.8667 922
11.8833 923
11.9 924
11.9167 925
11.9333 926
11.95 927
11.9667 928
11.9833 929
12.0 929
12.0167 930
12.0333 931
12.05 932
12.0667 933
12.0833 933
12.1 934
12.1167 935
12.1333 936
12.15 936
12.1667 937
12.1833 938
12.2 938
12.2167 939
12.2333 939
12.25 940
12.2667 941
12.2833 941
12.3 942
12.3167 942
12.3333 943
12.35 943
12.3667 944
12.3833 944
12.4 944
12.4167 945
12.4333 945
12.45 946
12.4667 946
12.4833 946
12.5 947
12.5167 947
12.5333 947
12.55 947
12.5667 948
12.5833 948
12.6 948
12.6167 948
12.6333 948
12.65 949
12.6667 949
12.6833 949
12.7 949
12.7167 949
12.7333 949
12.75 949
12.7667 949
12.7833 949
12.8 949
12.8167 949
12.8333 949
12.85 949
12.8667 949
12.8833 949
12.9 948
12.9167 948
12.9333 948
12.95 948
12.9667 948
12.9833 948
13.0 947
13.0167 947
13.0333 947
13.05 946
13.0667 946
13.0833 946
13.1 945
13.1167 945
13.1333 945
13.15 944
13.1667 944
13.1833 943
13.2 943
13.2167 942
13.2333 942
13.25 941
13.2667 941
13.2833 940
13.3 940
13.3167 939
13.3333 939
13.35 938
13.3667 937
13.3833 937
13.4 936
13.4167 935
13.4333 934
13.45 934
13.4667 933
13.4833 932
13.5 931
13.5167 931
13.5333 930
13.55 929
13.5667 928
13.5833 927
13.6 926
13.6167 925
13.6333 924
13.65 924
13.6667 923
13.6833 922
13.7 921
13.7167 920
13.7333 919
13.75 917
13.7667 916
13.7833 915
13.8 914
13.8167 913
13.8333 912
13.85 911
13.8667 910
13.8833 908
13.9 907
13.9167 906
13.9333 905
13.95 903
13.9667 902
13.9833 901
14.0 899
14.0167 898
14.0333 897
14.05 895
14.0667 894
14.0833 893
14.1 891
14.1167 890
14.1333 888
14.15 887
14.1667 885
14.1833 884
14.2 882
14.2167 881
14.2333 879
14.25 878
14.2667 876
14.2833 875
14.3 873
14.3167 871
14.3333 870
14.35 868
14.3667 866
14.3833 865
14.4 863
14.4167 861
14.4333 859
14.45 858
14.4667 856
14.4833 854
14.5 852
14.5167 850
14.5333 848
14.55 847
14.5667 845
14.5833 843
14.6 841
14.6167 839
14.6333 837
14.65 835
14.6667 833
14.6833 831
14.7 829
14.7167 827
14.7333 825
14.75 823
14.7667 821
14.7833 819
14.8 817
14.8167 815
14.8333 813
14.85 810
14.8667 808
14.8833 806
14.9 804
14.9167 802
14.9333 799
14.95 797
14.9667 795
14.9833 793
15.0 790
15.0167 788
15.0333 786
15.05 784
15.0667 781
15.0833 779
15.1 776
15.1167 774
15.1333 772
15.15 769
15.1667 767
15.1833 764
15.2 762
15.2167 760
15.2333 757
15.25 755
15.2667 752
15.2833 750
15.3 747
15.3167 744
15.3333 742
15.35 739
15.3667 737
15.3833 734
15.4 732
15.4167 729
15.4333 726
15.45 724
15.4667 721
15.4833 718
15.5 716
15.5167 713
15.5333 710
15.55 707
15.5667 705
15.5833 702
15.6 699
15.6167 696
15.6333 694
15.65 691
15.6667 688
15.6833 685
15.7 682
15.7167 680
15.7333 677
15.75 674
15.7667 671
15.7833 668
15.8 665
15.8167 662
15.8333 659
15.85 656
15.8667 653
15.8833 650
15.9 647
15.9167 644
15.9333 641
15.95 638
15.9667 635
15.9833 632
