9.0 351
9.0167 354
9.0333 357
9.05 360
9.0667 364
9.0833 367
9.1 370
9.1167 373
9.1333 377
9.15 380
9.1667 383
9.1833 386
9.2 389
9.2167 393
9.2333 396
9.25 399
9.2667 402
9.2833 405
9.3 409
9.3167 412
9.3333 415
9.35 418
9.3667 421
9.3833 424
9.4 427
9.4167 430
9.4333 433
9.45 436
9.4667 439
9.4833 442
9.5 446
9.5167 449
9.5333 452
9.55 455
9.5667 457
9.5833 460
9.6 463
9.6167 466
9.6333 469
9.65 472
9.6667 475
9.6833 478
9.7 481
9.7167 484
9.7333 487
9.75 489
9.7667 492
9.7833 495
9.8 498
9.8167 501
9.8333 503
9.85 506
9.8667 509
9.8833 512
9.9 514
9.9167 517
9.9333 520
9.95 522
9.9667 525
9.9833 528
10.0 530
10.0167 533
10.0333 536
10.05 538
10.0667 541
10.0833 543
10.1 546
10.1167 548
10.1333 551
10.15 553
10.1667 556
10.1833 558
10.2 561
10.2167 563
10.2333 566
10.25 568
10.2667 570
10.2833 573
10.3 575
10.3167 578
10.3333 580
10.35 582
10.3667 584
10.3833 587
10.4 589
10.4167 591
10.4333 593
10.45 596
10.4667 598
10.4833 600
10.5 602
10.5167 604
10.5333 607
10.55 609
10.5667 611
10.5833 613
10.6 615
10.6167 617
10.6333 619
10.65 621
10.6667 623
10.6833 625
10.7 627
10.7167 629
10.7333 631
10.75 633
10.7667 635
10.7833 636
10.8 638
10.8167 640
10.8333 642
10.85 644
10.8667 646
10.8833 647
10.9 649
10.9167 651
10.9333 653
10.95 654
10.9667 656
10.9833 658
11.0 659
11.0167 661
11.0333 663
11.05 664
11.0667 666
11.0833 667
11.1 669
11.1167 670
11.1333 672
11.15 673
11.1667 675
11.1833 676
11.2 678
11.2167 679
11.2333 680
11.25 682
11.2667 683
11.2833 685
11.3 686
11.3167 687
11.3333 688
11.35 690
11.3667 691
11.3833 692
11.4 693
11.4167 695
11.4333 696
11.45 697
11.4667 698
11.4833 699
11.5 700
11.5167 701
11.5333 702
11.55 703
11.5667 704
11.5833 705
11.6 706
11.6167 707
11.6333 708
11.65 709
11.6667 710
11.6833 711
11.7 712
11.7167 713
11.7333 713
11.75 714
11.7667 715
11.7833 716
11.8 717
11.8167 717
11.8333 718
11.85 719
11.8667 719
11.8833 720
11.9 721
11.9167 721
11.9333 722
11.95 722
11.9667 723
11.9833 723
12.0 724
12.0167 725
12.0333 725
12.05 725
12.0667 726
12.0833 726
12.1 727
12.1167 727
12.1333 727
12.15 728
12.1667 728
12.1833 728
12.2 729
12.2167 729
12.2333 729
12.25 729
12.2667 730
12.2833 730
12.3 730
12.3167 730
12.3333 730
12.35 730
12.3667 730
12.3833 730
12.4 730
12.4167 730
12.4333 730
12.45 730
12.4667 730
12.4833 730
12.5 730
12.5167 730
12.5333 730
12.55 730
12.5667 730
12.5833 729
12.6 729
12.6167 729
12.6333 729
12.65 729
12.6667 728
12.6833 728
12.7 728
12.7167 727
12.7333 727
12.75 727
12.7667 726
12.7833 726
12.8 725
12.8167 725
12.8333 724
12.85 724
12.8667 723
12.8833 723
12.9 722
12.9167 722
12.9333 721
12.95 721
12.9667 720
12.9833 719
13.0 719
13.0167 718
13.0333 717
13.05 716
13.0667 716
13.0833 715
13.1 714
13.1167 713
13.1333 713
13.15 712
13.1667 711
13.1833 710
13.2 709
13.2167 708
13.2333 707
13.25 706
13.2667 705
13.2833 704
13.3 703
13.3167 702
13.3333 701
13.35 700
13.3667 699
13.3833 698
13.4 697
13.4167 696
13.4333 694
13.45 693
13.4667 692
13.4833 691
13.5 690
13.5167 688
13.5333 687
13.55 686
13.5667 684
13.5833 683
13.6 682
13.6167 680
13.6333 679
13.65 677
13.6667 676
13.6833 675
13.7 673
13.7167 672
13.7333 670
13.75 669
13.7667 667
13.7833 665
13.8 664
13.8167 662
13.8333 661
13.85 659
13.8667 657
13.8833 656
13.9 654
13.9167 652
13.9333 651
13.95 649
13.9667 647
13.9833 645
14.0 644
14.0167 642
14.0333 640
14.05 638
14.0667 636
14.0833 634
14.1 632
14.1167 631
14.1333 629
14.15 627
14.1667 625
14.1833 623
14.2 621
14.2167 619
14.2333 617
14.25 615
14.2667 612
14.2833 610
14.3 608
14.3167 606
14.3333 604
14.35 602
14.3667 600
14.3833 598
14.4 595
14.4167 593
14.4333 591
14.45 589
14.4667 586
14.4833 584
14.5 582
14.5167 579
14.5333 577
14.55 575
14.5667 572
14.5833 570
14.6 568
14.6167 565
14.6333 563
14.65 560
14.6667 558
14.6833 555
14.7 553
14.7167 550
14.7333 548
14.75 545
14.7667 543
14.7833 540
14.8 538
14.8167 535
14.8333 533
14.85 530
14.8667 527
14.8833 525
14.9 522
14.9167 519
14.9333 517
14.95 514
14.9667 511
14.9833 508
15.0 505
15.0167 502
15.0333 500
15.05 497
15.0667 494
15.0833 491
15.1 488
15.1167 485
15.1333 483
15.15 480
15.1667 477
15.1833 474
15.2 471
15.2167 468
15.2333 465
15.25 462
15.2667 459
15.2833 456
15.3 453
15.3167 450
15.3333 447
15.35 444
15.3667 441
15.3833 438
15.4 435
15.4167 432
15.4333 429
15.45 426
15.4667 423
15.4833 420
15.5 417
15.5167 414
15.5333 411
15.55 407
15.5667 404
15.5833 401
15.6 398
15.6167 395
15.6333 392
15.65 388
15.6667 385
15.6833 382
15.7 379
15.7167 375
15.7333 372
15.75 369
15.7667 366
15.7833 362
15.8 359
15.8167 356
15.8333 353
15.85 349
15.8667 346
15.8833 343
15.9 339
15.9167 336
15.9333 333
15.95 329
15.9667 326
15.9833 323
