9.0 271
9.0167 273
9.0333 277
9.05 280
9.0667 283
9.0833 286
9.1 289
9.1167 292
9.1333 295
9.15 298
9.1667 301
9.1833 304
9.2 307
9.2167 311
9.2333 314
9.25 317
9.2667 320
9.2833 323
9.3 326
9.3167 329
9.3333 332
9.35 335
9.3667 338
9.3833 341
9.4 344
9.4167 347
9.4333 350
9.45 353
9.4667 356
9.4833 359
9.5 361
9.5167 364
9.5333 367
9.55 370
9.5667 373
9.5833 376
9.6 379
9.6167 382
9.6333 385
9.65 387
9.6667 390
9.6833 393
9.7 396
9.7167 399
9.7333 401
9.75 404
9.7667 407
9.7833 410
9.8 412
9.8167 415
9.8333 418
9.85 421
9.8667 423
9.8833 426
9.9 429
9.9167 431
9.9333 434
9.95 437
9.9667 439
9.9833 442
10.0 444
10.0167 447
10.0333 450
10.05 452
10.0667 455
10.0833 457
10.1 460
10.1167 462
10.1333 465
10.15 467
10.1667 470
10.1833 472
10.2 475
10.2167 477
10.2333 479
10.25 482
10.2667 484
10.2833 487
10.3 489
10.3167 491
10.3333 494
10.35 496
10.3667 498
10.3833 501
10.4 503
10.4167 505
10.4333 507
10.45 510
10.4667 512
10.4833 514
10.5 516
10.5167 518
10.5333 520
10.55 523
10.5667 525
10.5833 527
10.6 529
10.6167 531
10.6333 533
10.65 535
10.6667 537
10.6833 539
10.7 541
10.7167 543
10.7333 545
10.75 547
10.7667 549
10.7833 551
10.8 553
10.8167 555
10.8333 556
10.85 558
10.8667 560
10.8833 562
10.9 564
10.9167 566
10.9333 567
10.95 569
10.9667 571
10.9833 572
11.0 574
11.0167 576
11.0333 577
11.05 579
11.0667 581
11.0833 582
11.1 584
11.1167 586
11.1333 587
11.15 589
11.1667 590
11.1833 592
11.2 593
11.2167 595
11.2333 596
11.25 598
11.2667 599
11.2833 600
11.3 602
11.3167 603
11.3333 604
11.35 606
11.3667 607
11.3833 608
11.4 610
11.4167 611
11.4333 612
11.45 613
11.4667 615
11.4833 616
11.5 617
11.5167 618
11.5333 619
11.55 620
11.5667 621
11.5833 622
11.6 624
11.6167 625
11.6333 626
11.65 627
11.6667 628
11.6833 629
11.7 630
11.7167 630
11.7333 631
11.75 632
11.7667 633
11.7833 634
11.8 635
11.8167 636
11.8333 636
11.85 637
11.8667 638
11.8833 639
11.9 639
11.9167 640
11.9333 641
11.95 641
11.9667 642
11.9833 643
12.0 643
12.0167 644
12.0333 645
12.05 645
12.0667 646
12.0833 646
12.1 647
12.1167 647
12.1333 648
12.15 648
12.1667 648
12.1833 649
12.2 649
12.2167 650
12.2333 650
12.25 650
12.2667 651
12.2833 651
12.3 651
12.3167 651
12.3333 652
12.35 652
12.3667 652
12.3833 652
12.4 652
12.4167 652
12.4333 653
12.45 653
12.4667 653
12.4833 653
12.5 653
12.5167 653
12.5333 653
12.55 653
12.5667 653
12.5833 653
12.6 653
12.6167 653
12.6333 652
12.65 652
12.6667 652
12.6833 652
12.7 652
12.7167 652
12.7333 651
12.75 651
12.7667 651
12.7833 651
12.8 650
12.8167 650
12.8333 650
12.85 649
12.8667 649
12.8833 648
12.9 648
12.9167 648
12.9333 647
12.95 647
12.9667 646
12.9833 646
13.0 645
13.0167 645
13.0333 644
13.05 643
13.0667 643
13.0833 642
13.1 642
13.1167 641
13.1333 640
13.15 640
13.1667 639
13.1833 638
13.2 637
13.2167 637
13.2333 636
13.25 635
13.2667 634
13.2833 633
13.3 632
13.3167 631
13.3333 631
13.35 630
13.3667 629
13.3833 628
13.4 627
13.4167 626
13.4333 625
13.45 624
13.4667 623
13.4833 622
13.5 620
13.5167 619
13.5333 618
13.55 617
13.5667 616
13.5833 615
13.6 614
13.6167 612
13.6333 611
13.65 610
13.6667 609
13.6833 607
13.7 606
13.7167 605
13.7333 603
13.75 602
13.7667 601
13.7833 599
13.8 598
13.8167 596
13.8333 595
13.85 593
13.8667 592
13.8833 590
13.9 589
13.9167 587
13.9333 586
13.95 584
13.9667 583
13.9833 581
14.0 579
14.0167 578
14.0333 576
14.05 574
14.0667 573
14.0833 571
14.1 569
14.1167 568
14.1333 566
14.15 564
14.1667 562
14.1833 560
14.2 559
14.2167 557
14.2333 555
14.25 553
14.2667 551
14.2833 549
14.3 547
14.3167 545
14.3333 543
14.35 541
14.3667 539
14.3833 537
14.4 535
14.4167 533
14.4333 531
14.45 529
14.4667 527
14.4833 525
14.5 523
14.5167 521
14.5333 519
14.55 516
14.5667 514
14.5833 512
14.6 510
14.6167 508
14.6333 505
14.65 503
14.6667 501
14.6833 499
14.7 496
14.7167 494
14.7333 492
14.75 489
14.7667 487
14.7833 485
14.8 482
14.8167 480
14.8333 477
14.85 475
14.8667 473
14.8833 470
14.9 468
14.9167 465
14.9333 463
14.95 460
14.9667 458
14.9833 455
15.0 452
15.0167 450
15.0333 447
15.05 445
15.0667 442
15.0833 440
15.1 437
15.1167 434
15.1333 432
15.15 429
15.1667 426
15.1833 424
15.2 421
15.2167 418
15.2333 416
15.25 413
15.2667 410
15.2833 407
15.3 405
15.3167 402
15.3333 399
15.35 396
15.3667 393
15.3833 391
15.4 388
15.4167 385
15.4333 382
15.45 379
15.4667 376
15.4833 373
15.5 371
15.5167 368
15.5333 365
15.55 362
15.5667 359
15.5833 356
15.6 353
15.6167 350
15.6333 347
15.65 344
15.6667 341
15.6833 338
15.7 335
15.7167 332
15.7333 329
15.75 326
15.7667 323
15.7833 320
15.8 317
15.8167 314
15.8333 311
15.85 308
15.8667 305
15.8833 302
15.9 299
15.9167 296
15.9333 293
15.95 289
15.9667 286
15.9833 283
