9.0 448
9.0167 453
9.0333 457
9.05 461
9.0667 464
9.0833 468
9.1 472
9.1167 475
9.1333 479
9.15 483
9.1667 486
9.1833 490
9.2 494
9.2167 497
9.2333 501
9.25 505
9.2667 508
9.2833 512
9.3 516
9.3167 519
9.3333 523
9.35 526
9.3667 530
9.3833 533
9.4 537
9.4167 540
9.4333 544
9.45 547
9.4667 551
9.4833 554
9.5 558
9.5167 561
9.5333 565
9.55 568
9.5667 572
9.5833 575
9.6 579
9.6167 582
9.6333 585
9.65 589
9.6667 592
9.6833 595
9.7 599
9.7167 602
9.7333 605
9.75 609
9.7667 612
9.7833 615
9.8 618
9.8167 622
9.8333 625
9.85 628
9.8667 631
9.8833 635
9.9 638
9.9167 641
9.9333 644
9.95 647
9.9667 650
9.9833 654
10.0 657
10.0167 660
10.0333 663
10.05 666
10.0667 669
10.0833 672
10.1 675
10.1167 678
10.1333 681
10.15 684
10.1667 687
10.1833 690
10.2 693
10.2167 696
10.2333 699
10.25 701
10.2667 704
10.2833 707
10.3 710
10.3167 713
10.3333 716
10.35 718
10.3667 721
10.3833 724
10.4 727
10.4167 729
10.4333 732
10.45 735
10.4667 738
10.4833 740
10.5 743
10.5167 746
10.5333 748
10.55 751
10.5667 753
10.5833 756
10.6 758
10.6167 761
10.6333 763
10.65 766
10.6667 768
10.6833 771
10.7 773
10.7167 776
10.7333 778
10.75 781
10.7667 783
10.7833 785
10.8 788
10.8167 790
10.8333 792
10.85 795
10.8667 797
10.8833 799
10.9 801
10.9167 804
10.9333 806
10.95 808
10.9667 810
10.9833 812
11.0 815
11.0167 817
11.0333 819
11.05 821
11.0667 823
11.0833 825
11.1 827
11.1167 829
11.1333 831
11.15 833
11.1667 835
11.1833 837
11.2 839
11.2167 841
11.2333 843
11.25 844
11.2667 846
11.2833 848
11.3 850
11.3167 852
11.3333 853
11.35 855
11.3667 857
11.3833 859
11.4 860
11.4167 862
11.4333 864
11.45 865
11.4667 867
11.4833 868
11.5 870
11.5167 872
11.5333 873
11.55 875
11.5667 876
11.5833 878
11.6 879
11.6167 881
11.6333 882
11.65 883
11.6667 885
11.6833 886
11.7 887
11.7167 889
11.7333 890
11.75 891
11.7667 893
11.7833 894
11.8 895
11.8167 896
11.8333 897
11.85 899
11.8667 900
11.8833 901
11.9 902
11.9167 903
11.9333 904
11.95 905
11.9667 906
11.9833 907
12.0 908
12.0167 909
12.0333 910
12.05 911
12.0667 912
12.0833 913
12.1 914
12.1167 915
12.1333 915
12.15 916
12.1667 917
12.1833 918
12.2 918
12.2167 919
12.2333 920
12.25 921
12.2667 921
12.2833 922
12.3 922
12.3167 923
12.3333 924
12.35 924
12.3667 925
12.3833 925
12.4 926
12.4167 926
12.4333 927
12.45 927
12.4667 927
12.4833 928
12.5 928
12.5167 929
12.5333 929
12.55 929
12.5667 929
12.5833 930
12.6 930
12.6167 930
12.6333 930
12.65 931
12.6667 931
12.6833 931
12.7 931
12.7167 931
12.7333 931
12.75 931
12.7667 931
12.7833 931
12.8 931
12.8167 931
12.8333 931
12.85 931
12.8667 931
12.8833 931
12.9 931
12.9167 931
12.9333 930
12.95 930
12.9667 930
12.9833 930
13.0 930
13.0167 929
13.0333 929
13.05 929
13.0667 928
13.0833 928
13.1 928
13.1167 927
13.1333 927
13.15 926
13.1667 926
13.1833 925
13.2 925
13.2167 924
13.2333 924
13.25 923
13.2667 923
13.2833 922
13.3 921
13.3167 921
13.3333 920
13.35 919
13.3667 919
13.3833 918
13.4 917
13.4167 917
13.4333 916
13.45 915
13.4667 914
13.4833 913
13.5 912
13.5167 911
13.5333 911
13.55 910
13.5667 909
13.5833 908
13.6 907
13.6167 906
13.6333 905
13.65 904
13.6667 903
13.6833 901
13.7 900
13.7167 899
13.7333 898
13.75 897
13.7667 896
13.7833 894
13.8 893
13.8167 892
13.8333 891
13.85 889
13.8667 888
13.8833 887
13.9 885
13.9167 884
13.9333 883
13.95 881
13.9667 880
13.9833 878
14.0 877
14.0167 875
14.0333 874
14.05 872
14.0667 871
14.0833 869
14.1 868
14.1167 866
14.1333 864
14.15 863
14.1667 861
14.1833 859
14.2 858
14.2167 856
14.2333 854
14.25 853
14.2667 851
14.2833 849
14.3 847
14.3167 845
14.3333 843
14.35 842
14.3667 840
14.3833 838
14.4 836
14.4167 834
14.4333 832
14.45 830
14.4667 828
14.4833 826
14.5 824
14.5167 822
14.5333 820
14.55 818
14.5667 816
14.5833 813
14.6 811
14.6167 809
14.6333 807
14.65 805
14.6667 803
14.6833 800
14.7 798
14.7167 796
14.7333 793
14.75 791
14.7667 789
14.7833 786
14.8 784
14.8167 782
14.8333 779
14.85 777
14.8667 775
14.8833 772
14.9 770
14.9167 767
14.9333 765
14.95 762
14.9667 760
14.9833 757
15.0 755
15.0167 752
15.0333 750
15.05 747
15.0667 745
15.0833 742
15.1 739
15.1167 737
15.1333 734
15.15 731
15.1667 729
15.1833 726
15.2 723
15.2167 720
15.2333 717
15.25 715
15.2667 712
15.2833 709
15.3 706
15.3167 703
15.3333 700
15.35 698
15.3667 695
15.3833 692
15.4 689
15.4167 686
15.4333 683
15.45 680
15.4667 677
15.4833 674
15.5 671
15.5167 668
15.5333 665
15.55 662
15.5667 659
15.5833 655
15.6 652
15.6167 649
15.6333 646
15.65 643
15.6667 640
15.6833 637
15.7 633
15.7167 630
15.7333 627
15.75 624
15.7667 620
15.7833 617
15.8 614
15.8167 611
15.8333 607
15.85 604
15.8667 601
15.8833 597
15.9 594
15.9167 591
15.9333 587
15.95 584
15.9667 581
15.9833 577
