9.0 492
9.0167 496
9.0333 499
9.05 503
9.0667 506
9.0833 510
9.1 513
9.1167 517
9.1333 520
9.15 524
9.1667 527
9.1833 531
9.2 534
9.2167 538
9.2333 541
9.25 545
9.2667 548
9.2833 552
9.3 555
9.3167 559
9.3333 562
9.35 565
9.3667 569
9.3833 572
9.4 576
9.4167 579
9.4333 582
9.45 586
9.4667 589
9.4833 592
9.5 596
9.5167 599
9.5333 602
9.55 605
9.5667 609
9.5833 612
9.6 615
9.6167 618
9.6333 622
9.65 625
9.6667 628
9.6833 631
9.7 634
9.7167 638
9.7333 641
9.75 644
9.7667 647
9.7833 650
9.8 653
9.8167 656
9.8333 659
9.85 662
9.8667 665
9.8833 668
9.9 671
9.9167 674
9.9333 677
9.95 680
9.9667 683
9.9833 686
10.0 689
10.0167 692
10.0333 695
10.05 698
10.0667 701
10.0833 704
10.1 706
10.1167 709
10.1333 712
10.15 715
10.1667 718
10.1833 720
10.2 723
10.2167 726
10.2333 729
10.25 731
10.2667 734
10.2833 737
10.3 739
10.3167 742
10.3333 745
10.35 747
10.3667 750
10.3833 753
10.4 755
10.4167 758
10.4333 760
10.45 763
10.4667 765
10.4833 768
10.5 770
10.5167 773
10.5333 775
10.55 778
10.5667 780
10.5833 783
10.6 785
10.6167 787
10.6333 790
10.65 792
10.6667 794
10.6833 797
10.7 799
10.7167 801
10.7333 803
10.75 806
10.7667 808
10.7833 810
10.8 812
10.8167 814
10.8333 817
10.85 819
10.8667 821
10.8833 823
10.9 825
10.9167 827
10.9333 829
10.95 831
10.9667 833
10.9833 835
11.0 837
11.0167 839
11.0333 841
11.05 843
11.0667 845
11.0833 847
11.1 849
11.1167 851
11.1333 852
11.15 854
11.1667 856
11.1833 858
11.2 860
11.2167 861
11.2333 863
11.25 865
11.2667 867
11.2833 868
11.3 870
11.3167 871
11.3333 873
11.35 875
11.3667 876
11.3833 878
11.4 879
11.4167 881
11.4333 882
11.45 884
11.4667 885
11.4833 887
11.5 888
11.5167 890
11.5333 891
11.55 893
11.5667 894
11.5833 895
11.6 897
11.6167 898
11.6333 899
11.65 900
11.6667 902
11.6833 903
11.7 904
11.7167 905
11.7333 906
11.75 908
11.7667 909
11.7833 910
11.8 911
11.8167 912
11.8333 913
11.85 914
11.8667 915
11.8833 916
11.9 917
11.9167 918
11.9333 919
11.95 920
11.9667 921
11.9833 922
12.0 923
12.0167 923
12.0333 924
12.05 925
12.0667 926
12.0833 927
12.1 927
12.1167 928
12.1333 929
12.15 929
12.1667 930
12.1833 931
12.2 931
12.2167 932
12.2333 933
12.25 933
12.2667 934
12.2833 934
12.3 935
12.3167 935
12.3333 936
12.35 936
12.3667 937
12.3833 937
12.4 937
12.4167 938
12.4333 938
12.45 938
12.4667 939
12.4833 939
12.5 939
12.5167 939
12.5333 940
12.55 940
12.5667 940
12.5833 940
12.6 940
12.6167 940
12.6333 941
12.65 941
12.6667 941
12.6833 941
12.7 941
12.7167 941
12.7333 941
12.75 941
12.7667 941
12.7833 941
12.8 941
12.8167 940
12.8333 940
12.85 940
12.8667 940
12.8833 940
12.9 940
12.9167 939
12.9333 939
12.95 939
12.9667 939
12.9833 938
13.0 938
13.0167 937
13.0333 937
13.05 937
13.0667 936
13.0833 936
13.1 935
13.1167 935
13.1333 934
13.15 934
13.1667 933
13.1833 933
13.2 932
13.2167 932
13.2333 931
13.25 930
13.2667 930
13.2833 929
13.3 928
13.3167 928
13.3333 927
13.35 926
13.3667 925
13.3833 925
13.4 924
13.4167 923
13.4333 922
13.45 921
13.4667 920
13.4833 920
13.5 919
13.5167 918
13.5333 917
13.55 916
13.5667 915
13.5833 914
13.6 913
13.6167 912
13.6333 910
13.65 909
13.6667 908
13.6833 907
13.7 906
13.7167 905
13.7333 904
13.75 902
13.7667 901
13.7833 900
13.8 899
13.8167 897
13.8333 896
13.85 895
13.8667 893
13.8833 892
13.9 891
13.9167 889
13.9333 888
13.95 886
13.9667 885
13.9833 883
14.0 882
14.0167 880
14.0333 879
14.05 877
14.0667 876
14.0833 874
14.1 872
14.1167 871
14.1333 869
14.15 867
14.1667 866
14.1833 864
14.2 862
14.2167 861
14.2333 859
14.25 857
14.2667 855
14.2833 853
14.3 852
14.3167 850
14.3333 848
14.35 846
14.3667 844
14.3833 842
14.4 840
14.4167 838
14.4333 836
14.45 834
14.4667 832
14.4833 830
14.5 828
14.5167 826
14.5333 824
14.55 822
14.5667 820
14.5833 818
14.6 816
14.6167 814
14.6333 811
14.65 809
14.6667 807
14.6833 805
14.7 802
14.7167 800
14.7333 798
14.75 796
14.7667 793
14.7833 791
14.8 789
14.8167 786
14.8333 784
14.85 782
14.8667 779
14.8833 777
14.9 774
14.9167 772
14.9333 769
14.95 767
14.9667 764
14.9833 762
15.0 759
15.0167 756
15.0333 753
15.05 751
15.0667 748
15.0833 746
15.1 743
15.1167 740
15.1333 738
15.15 735
15.1667 732
15.1833 730
15.2 727
15.2167 724
15.2333 721
15.25 719
15.2667 716
15.2833 713
15.3 710
15.3167 707
15.3333 705
15.35 702
15.3667 699
15.3833 696
15.4 693
15.4167 690
15.4333 687
15.45 684
15.4667 681
15.4833 678
15.5 675
15.5167 672
15.5333 669
15.55 666
15.5667 663
15.5833 660
15.6 657
15.6167 654
15.6333 651
15.65 648
15.6667 645
15.6833 642
15.7 639
15.7167 635
15.7333 632
15.75 629
15.7667 626
15.7833 623
15.8 620
15.8167 616
15.8333 613
15.85 610
15.8667 607
15.8833 603
15.9 600
15.9167 597
15.9333 593
15.95 590
15.9667 587
15.9833 583
