9.0 431
9.0167 434
9.0333 437
9.05 440
9.0667 444
9.0833 447
9.1 451
9.1167 454
9.1333 457
9.15 461
9.1667 464
9.1833 467
9.2 471
9.2167 474
9.2333 477
9.25 481
9.2667 484
9.2833 487
9.3 491
9.3167 494
9.3333 497
9.35 500
9.3667 504
9.3833 507
9.4 510
9.4167 513
9.4333 516
9.45 520
9.4667 523
9.4833 526
9.5 529
9.5167 532
9.5333 535
9.55 539
9.5667 542
9.5833 545
9.6 548
9.6167 551
9.6333 554
9.65 557
9.6667 560
9.6833 563
9.7 566
9.7167 569
9.7333 572
9.75 575
9.7667 578
9.7833 581
9.8 584
9.8167 587
9.8333 590
9.85 593
9.8667 596
9.8833 598
9.9 601
9.9167 604
9.9333 607
9.95 610
9.9667 613
9.9833 615
10.0 618
10.0167 621
10.0333 624
10.05 626
10.0667 629
10.0833 632
10.1 634
10.1167 637
10.1333 640
10.15 642
10.1667 645
10.1833 648
10.2 650
10.2167 653
10.2333 655
10.25 658
10.2667 660
10.2833 663
10.3 665
10.3167 668
10.3333 670
10.35 673
10.3667 675
10.3833 678
10.4 680
10.4167 683
10.4333 685
10.45 687
10.4667 690
10.4833 692
10.5 694
10.5167 697
10.5333 699
10.55 701
10.5667 703
10.5833 706
10.6 708
10.6167 710
10.6333 712
10.65 714
10.6667 716
10.6833 719
10.7 721
10.7167 723
10.7333 725
10.75 727
10.7667 729
10.7833 731
10.8 733
10.8167 735
10.8333 737
10.85 739
10.8667 741
10.8833 743
10.9 745
10.9167 746
10.9333 748
10.95 750
10.9667 752
10.9833 754
11.0 756
11.0167 757
11.0333 759
11.05 761
11.0667 762
11.0833 764
11.1 766
11.1167 767
11.1333 769
11.15 771
11.1667 772
11.1833 774
11.2 775
11.2167 777
11.2333 779
11.25 780
11.2667 782
11.2833 783
11.3 784
11.3167 786
11.3333 787
11.35 789
11.3667 790
11.3833 791
11.4 793
11.4167 794
11.4333 795
11.45 797
11.4667 798
11.4833 799
11.5 800
11.5167 802
11.5333 803
11.55 804
11.5667 805
11.5833 806
11.6 807
11.6167 808
11.6333 809
11.65 811
11.6667 812
11.6833 813
11.7 814
11.7167 815
11.7333 815
11.75 816
11.7667 817
11.7833 818
11.8 819
11.8167 820
11.8333 821
11.85 822
11.8667 822
11.8833 823
11.9 824
11.9167 825
11.9333 825
11.95 826
11.9667 827
11.9833 827
12.0 828
12.0167 829
12.0333 829
12.05 830
12.0667 830
12.0833 831
12.1 831
12.1167 832
12.1333 832
12.15 833
12.1667 833
12.1833 834
12.2 834
12.2167 834
12.2333 835
12.25 835
12.2667 835
12.2833 836
12.3 836
12.3167 836
12.3333 836
12.35 836
12.3667 837
12.3833 837
12.4 837
12.4167 837
12.4333 837
12.45 837
12.4667 837
12.4833 837
12.5 837
12.5167 837
12.5333 837
12.55 837
12.5667 837
12.5833 837
12.6 837
12.6167 837
12.6333 837
12.65 837
12.6667 837
12.6833 836
12.7 836
12.7167 836
12.7333 836
12.75 835
12.7667 835
12.7833 835
12.8 834
12.8167 834
12.8333 834
12.85 833
12.8667 833
12.8833 832
12.9 832
12.9167 831
12.9333 831
12.95 830
12.9667 830
12.9833 829
13.0 829
13.0167 828
13.0333 827
13.05 827
13.0667 826
13.0833 825
13.1 825
13.1167 824
13.1333 823
13.15 823
13.1667 822
13.1833 821
13.2 820
13.2167 819
13.2333 818
13.25 818
13.2667 817
13.2833 816
13.3 815
13.3167 814
13.3333 813
13.35 812
13.3667 811
13.3833 810
13.4 809
13.4167 808
13.4333 807
13.45 805
13.4667 804
13.4833 803
13.5 802
13.5167 801
13.5333 800
13.55 798
13.5667 797
13.5833 796
13.6 795
13.6167 793
13.6333 792
13.65 791
13.6667 789
13.6833 788
13.7 786
13.7167 785
13.7333 784
13.75 782
13.7667 781
13.7833 779
13.8 778
13.8167 776
13.8333 774
13.85 773
13.8667 771
13.8833 770
13.9 768
13.9167 766
13.9333 765
13.95 763
13.9667 761
13.9833 760
14.0 758
14.0167 756
14.0333 754
14.05 753
14.0667 751
14.0833 749
14.1 747
14.1167 745
14.1333 743
14.15 741
14.1667 739
14.1833 737
14.2 736
14.2167 734
14.2333 732
14.25 730
14.2667 728
14.2833 725
14.3 723
14.3167 721
14.3333 719
14.35 717
14.3667 715
14.3833 713
14.4 711
14.4167 708
14.4333 706
14.45 704
14.4667 702
14.4833 700
14.5 697
14.5167 695
14.5333 693
14.55 690
14.5667 688
14.5833 686
14.6 683
14.6167 681
14.6333 679
14.65 676
14.6667 674
14.6833 671
14.7 669
14.7167 666
14.7333 664
14.75 661
14.7667 659
14.7833 656
14.8 654
14.8167 651
14.8333 649
14.85 646
14.8667 643
14.8833 641
14.9 638
14.9167 635
14.9333 633
14.95 630
14.9667 627
14.9833 625
15.0 621
15.0167 618
15.0333 615
15.05 612
15.0667 610
15.0833 607
15.1 604
15.1167 601
15.1333 598
15.15 595
15.1667 593
15.1833 590
15.2 587
15.2167 584
15.2333 581
15.25 578
15.2667 575
15.2833 572
15.3 569
15.3167 566
15.3333 563
15.35 560
15.3667 557
15.3833 554
15.4 551
15.4167 548
15.4333 545
15.45 542
15.4667 539
15.4833 535
15.5 532
15.5167 529
15.5333 526
15.55 523
15.5667 520
15.5833 516
15.6 513
15.6167 510
15.6333 507
15.65 504
15.6667 500
15.6833 497
15.7 494
15.7167 491
15.7333 487
15.75 484
15.7667 481
15.7833 477
15.8 474
15.8167 471
15.8333 467
15.85 464
15.8667 461
15.8833 457
15.9 454
15.9167 451
15.9333 447
15.95 444
15.9667 440
15.9833 437
