9.0 432
9.0167 437
9.0333 441
9.05 444
9.0667 448
9.0833 452
9.1 455
9.1167 459
9.1333 463
9.15 467
9.1667 470
9.1833 474
9.2 478
9.2167 481
9.2333 485
9.25 489
9.2667 492
9.2833 496
9.3 499
9.3167 503
9.3333 507
9.35 510
9.3667 514
9.3833 517
9.4 521
9.4167 524
9.4333 528
9.45 531
9.4667 535
9.4833 538
9.5 542
9.5167 545
9.5333 549
9.55 552
9.5667 556
9.5833 559
9.6 563
9.6167 566
9.6333 570
9.65 573
9.6667 576
9.6833 580
9.7 583
9.7167 586
9.7333 590
9.75 593
9.7667 596
9.7833 600
9.8 603
9.8167 606
9.8333 609
9.85 613
9.8667 616
9.8833 619
9.9 622
9.9167 626
9.9333 629
9.95 632
9.9667 635
9.9833 638
10.0 641
10.0167 644
10.0333 648
10.05 651
10.0667 654
10.0833 657
10.1 660
10.1167 663
10.1333 666
10.15 669
10.1667 672
10.1833 675
10.2 678
10.2167 681
10.2333 684
10.25 686
10.2667 689
10.2833 692
10.3 695
10.3167 698
10.3333 701
10.35 704
10.3667 706
10.3833 709
10.4 712
10.4167 715
10.4333 717
10.45 720
10.4667 723
10.4833 726
10.5 728
10.5167 731
10.5333 734
10.55 736
10.5667 739
10.5833 741
10.6 744
10.6167 747
10.6333 749
10.65 752
10.6667 754
10.6833 757
10.7 759
10.7167 762
10.7333 764
10.75 766
10.7667 769
10.7833 771
10.8 774
10.8167 776
10.8333 778
10.85 781
10.8667 783
10.8833 785
10.9 788
10.9167 790
10.9333 792
10.95 794
10.9667 796
10.9833 799
11.0 801
11.0167 803
11.0333 805
11.05 807
11.0667 809
11.0833 811
11.1 813
11.1167 815
11.1333 817
11.15 819
11.1667 821
11.1833 823
11.2 825
11.2167 827
11.2333 829
11.25 831
11.2667 833
11.2833 835
11.3 837
11.3167 838
11.3333 840
11.35 842
11.3667 844
11.3833 846
11.4 847
11.4167 849
11.4333 851
11.45 852
11.4667 854
11.4833 856
11.5 857
11.5167 859
11.5333 860
11.55 862
11.5667 863
11.5833 865
11.6 866
11.6167 868
11.6333 869
11.65 871
11.6667 872
11.6833 874
11.7 875
11.7167 876
11.7333 878
11.75 879
11.7667 880
11.7833 881
11.8 883
11.8167 884
11.8333 885
11.85 886
11.8667 888
11.8833 889
11.9 890
11.9167 891
11.9333 892
11.95 893
11.9667 894
11.9833 895
12.0 896
12.0167 897
12.0333 898
12.05 899
12.0667 900
12.0833 901
12.1 902
12.1167 903
12.1333 904
12.15 904
12.1667 905
12.1833 906
12.2 907
12.2167 907
12.2333 908
12.25 909
12.2667 910
12.2833 910
12.3 911
12.3167 912
12.3333 912
12.35 913
12.3667 913
12.3833 914
12.4 914
12.4167 915
12.4333 915
12.45 916
12.4667 916
12.4833 917
12.5 917
12.5167 917
12.5333 918
12.55 918
12.5667 918
12.5833 919
12.6 919
12.6167 919
12.6333 919
12.65 920
12.6667 920
12.6833 920
12.7 920
12.7167 920
12.7333 920
12.75 920
12.7667 920
12.7833 921
12.8 921
12.8167 921
12.8333 921
12.85 920
12.8667 920
12.8833 920
12.9 920
12.9167 920
12.9333 920
12.95 920
12.9667 920
12.9833 919
13.0 919
13.0167 919
13.0333 919
13.05 918
13.0667 918
13.0833 918
13.1 917
13.1167 917
13.1333 917
13.15 916
13.1667 916
13.1833 915
13.2 915
13.2167 914
13.2333 914
13.25 913
13.2667 913
13.2833 912
13.3 912
13.3167 911
13.3333 910
13.35 910
13.3667 909
13.3833 908
13.4 908
13.4167 907
13.4333 906
13.45 905
13.4667 904
13.4833 904
13.5 903
13.5167 902
13.5333 901
13.55 900
13.5667 899
13.5833 898
13.6 897
13.6167 896
13.6333 895
13.65 894
13.6667 893
13.6833 892
13.7 891
13.7167 890
13.7333 889
13.75 888
13.7667 886
13.7833 885
13.8 884
13.8167 883
13.8333 882
13.85 880
13.8667 879
13.8833 878
13.9 876
13.9167 875
13.9333 874
13.95 872
13.9667 871
13.9833 869
14.0 868
14.0167 866
14.0333 865
14.05 863
14.0667 862
14.0833 860
14.1 859
14.1167 857
14.1333 856
14.15 854
14.1667 852
14.1833 851
14.2 849
14.2167 847
14.2333 846
14.25 844
14.2667 842
14.2833 840
14.3 839
14.3167 837
14.3333 835
14.35 833
14.3667 831
14.3833 829
14.4 827
14.4167 825
14.4333 823
14.45 822
14.4667 820
14.4833 818
14.5 816
14.5167 813
14.5333 811
14.55 809
14.5667 807
14.5833 805
14.6 803
14.6167 801
14.6333 799
14.65 797
14.6667 794
14.6833 792
14.7 790
14.7167 788
14.7333 785
14.75 783
14.7667 781
14.7833 778
14.8 776
14.8167 774
14.8333 771
14.85 769
14.8667 767
14.8833 764
14.9 762
14.9167 759
14.9333 757
14.95 754
14.9667 752
14.9833 749
15.0 747
15.0167 745
15.0333 742
15.05 739
15.0667 737
15.0833 734
15.1 732
15.1167 729
15.1333 726
15.15 724
15.1667 721
15.1833 718
15.2 715
15.2167 713
15.2333 710
15.25 707
15.2667 704
15.2833 701
15.3 699
15.3167 696
15.3333 693
15.35 690
15.3667 687
15.3833 684
15.4 681
15.4167 678
15.4333 675
15.45 672
15.4667 669
15.4833 666
15.5 663
15.5167 660
15.5333 657
15.55 654
15.5667 651
15.5833 648
15.6 645
15.6167 642
15.6333 639
15.65 636
15.6667 632
15.6833 629
15.7 626
15.7167 623
15.7333 620
15.75 617
15.7667 613
15.7833 610
15.8 607
15.8167 604
15.8333 600
15.85 597
15.8667 594
15.8833 590
15.9 587
15.9167 584
15.9333 580
15.95 577
15.9667 574
15.9833 570
