9.0 441
9.0167 445
9.0333 449
9.05 453
9.0667 456
9.0833 460
9.1 464
9.1167 467
9.1333 471
9.15 475
9.1667 478
9.1833 482
9.2 486
9.2167 489
9.2333 493
9.25 497
9.2667 500
9.2833 504
9.3 507
9.3167 511
9.3333 514
9.35 518
9.3667 522
9.3833 525
9.4 529
9.4167 532
9.4333 536
9.45 539
9.4667 543
9.4833 546
9.5 550
9.5167 553
9.5333 556
9.55 560
9.5667 563
9.5833 567
9.6 570
9.6167 573
9.6333 577
9.65 580
9.6667 584
9.6833 587
9.7 590
9.7167 594
9.7333 597
9.75 600
9.7667 603
9.7833 607
9.8 610
9.8167 613
9.8333 616
9.85 620
9.8667 623
9.8833 626
9.9 629
9.9167 632
9.9333 635
9.95 639
9.9667 642
9.9833 645
10.0 648
10.0167 651
10.0333 654
10.05 657
10.0667 660
10.0833 663
10.1 666
10.1167 669
10.1333 672
10.15 675
10.1667 678
10.1833 681
10.2 684
10.2167 687
10.2333 690
10.25 693
10.2667 695
10.2833 698
10.3 701
10.3167 704
10.3333 707
10.35 709
10.3667 712
10.3833 715
10.4 718
10.4167 720
10.4333 723
10.45 726
10.4667 729
10.4833 731
10.5 734
10.5167 736
10.5333 739
10.55 742
10.5667 744
10.5833 747
10.6 749
10.6167 752
10.6333 754
10.65 757
10.6667 759
10.6833 762
10.7 764
10.7167 767
10.7333 769
10.75 771
10.7667 774
10.7833 776
10.8 779
10.8167 781
10.8333 783
10.85 785
10.8667 788
10.8833 790
10.9 792
10.9167 794
10.9333 797
10.95 799
10.9667 801
10.9833 803
11.0 805
11.0167 807
11.0333 809
11.05 812
11.0667 814
11.0833 816
11.1 818
11.1167 820
11.1333 822
11.15 824
11.1667 826
11.1833 827
11.2 829
11.2167 831
11.2333 833
11.25 835
11.2667 837
11.2833 839
11.3 840
11.3167 842
11.3333 844
11.35 846
11.3667 847
11.3833 849
11.4 851
11.4167 852
11.4333 854
11.45 856
11.4667 857
11.4833 859
11.5 861
11.5167 862
11.5333 864
11.55 865
11.5667 867
11.5833 868
11.6 870
11.6167 871
11.6333 872
11.65 874
11.6667 875
11.6833 877
11.7 878
11.7167 879
11.7333 880
11.75 882
11.7667 883
11.7833 884
11.8 885
11.8167 887
11.8333 888
11.85 889
11.8667 890
11.8833 891
11.9 892
11.9167 893
11.9333 894
11.95 896
11.9667 897
11.9833 898
12.0 898
12.0167 899
12.0333 900
12.05 901
12.0667 902
12.0833 903
12.1 904
12.1167 905
12.1333 906
12.15 906
12.1667 907
12.1833 908
12.2 909
12.2167 909
12.2333 910
12.25 911
12.2667 911
12.2833 912
12.3 913
12.3167 913
12.3333 914
12.35 914
12.3667 915
12.3833 915
12.4 916
12.4167 916
12.4333 917
12.45 917
12.4667 918
12.4833 918
12.5 918
12.5167 919
12.5333 919
12.55 919
12.5667 920
12.5833 920
12.6 920
12.6167 920
12.6333 920
12.65 921
12.6667 921
12.6833 921
12.7 921
12.7167 921
12.7333 921
12.75 921
12.7667 921
12.7833 921
12.8 921
12.8167 921
12.8333 921
12.85 921
12.8667 921
12.8833 921
12.9 921
12.9167 921
12.9333 921
12.95 920
12.9667 920
12.9833 920
13.0 920
13.0167 919
13.0333 919
13.05 919
13.0667 918
13.0833 918
13.1 918
13.1167 917
13.1333 917
13.15 916
13.1667 916
13.1833 915
13.2 915
13.2167 914
13.2333 914
13.25 913
13.2667 913
13.2833 912
13.3 911
13.3167 911
13.3333 910
13.35 909
13.3667 909
13.3833 908
13.4 907
13.4167 906
13.4333 906
13.45 905
13.4667 904
13.4833 903
13.5 902
13.5167 901
13.5333 900
13.55 900
13.5667 899
13.5833 898
13.6 897
13.6167 896
13.6333 895
13.65 894
13.6667 892
13.6833 891
13.7 890
13.7167 889
13.7333 888
13.75 887
13.7667 886
13.7833 884
13.8 883
13.8167 882
13.8333 881
13.85 879
13.8667 878
13.8833 877
13.9 875
13.9167 874
13.9333 873
13.95 871
13.9667 870
13.9833 868
14.0 867
14.0167 865
14.0333 864
14.05 862
14.0667 861
14.0833 859
14.1 858
14.1167 856
14.1333 854
14.15 853
14.1667 851
14.1833 849
14.2 848
14.2167 846
14.2333 844
14.25 842
14.2667 841
14.2833 839
14.3 837
14.3167 835
14.3333 833
14.35 831
14.3667 830
14.3833 828
14.4 826
14.4167 824
14.4333 822
14.45 820
14.4667 818
14.4833 816
14.5 814
14.5167 812
14.5333 810
14.55 808
14.5667 805
14.5833 803
14.6 801
14.6167 799
14.6333 797
14.65 795
14.6667 792
14.6833 790
14.7 788
14.7167 786
14.7333 783
14.75 781
14.7667 779
14.7833 776
14.8 774
14.8167 772
14.8333 769
14.85 767
14.8667 765
14.8833 762
14.9 760
14.9167 757
14.9333 755
14.95 752
14.9667 750
14.9833 747
15.0 745
15.0167 742
15.0333 740
15.05 737
15.0667 735
15.0833 732
15.1 729
15.1167 727
15.1333 724
15.15 721
15.1667 719
15.1833 716
15.2 713
15.2167 710
15.2333 708
15.25 705
15.2667 702
15.2833 699
15.3 696
15.3167 693
15.3333 691
15.35 688
15.3667 685
15.3833 682
15.4 679
15.4167 676
15.4333 673
15.45 670
15.4667 667
15.4833 664
15.5 661
15.5167 658
15.5333 655
15.55 652
15.5667 649
15.5833 646
15.6 643
15.6167 639
15.6333 636
15.65 633
15.6667 630
15.6833 627
15.7 624
15.7167 620
15.7333 617
15.75 614
15.7667 611
15.7833 608
15.8 604
15.8167 601
15.8333 598
15.85 594
15.8667 591
15.8833 588
15.9 584
15.9167 581
15.9333 578
15.95 574
15.9667 571
15.9833 568
