9.0 524
9.0167 528
9.0333 532
9.05 535
9.0667 539
9.0833 542
9.1 546
9.1167 549
9.1333 553
9.15 556
9.1667 560
9.1833 563
9.2 566
9.2167 570
9.2333 573
9.25 577
9.2667 580
9.2833 583
9.3 587
9.3167 590
9.3333 593
9.35 597
9.3667 600
9.3833 603
9.4 607
9.4167 610
9.4333 613
9.45 616
9.4667 620
9.4833 623
9.5 626
9.5167 629
9.5333 632
9.55 636
9.5667 639
9.5833 642
9.6 645
9.6167 648
9.6333 651
9.65 654
9.6667 658
9.6833 661
9.7 664
9.7167 667
9.7333 670
9.75 673
9.7667 676
9.7833 679
9.8 682
9.8167 685
9.8333 688
9.85 691
9.8667 694
9.8833 697
9.9 700
9.9167 703
9.9333 705
9.95 708
9.9667 711
9.9833 714
10.0 717
10.0167 720
10.0333 723
10.05 725
10.0667 728
10.0833 731
10.1 734
10.1167 736
10.1333 739
10.15 742
10.1667 745
10.1833 747
10.2 750
10.2167 753
10.2333 755
10.25 758
10.2667 760
10.2833 763
10.3 766
10.3167 768
10.3333 771
10.35 773
10.3667 776
10.3833 778
10.4 781
10.4167 783
10.4333 786
10.45 788
10.4667 791
10.4833 793
10.5 795
10.5167 798
10.5333 800
10.55 803
10.5667 805
10.5833 807
10.6 809
10.6167 812
10.6333 814
10.65 816
10.6667 819
10.6833 821
10.7 823
10.7167 825
10.7333 827
10.75 829
10.7667 832
10.7833 834
10.8 836
10.8167 838
10.8333 840
10.85 842
10.8667 844
10.8833 846
10.9 848
10.9167 850
10.9333 852
10.95 854
10.9667 856
10.9833 858
11.0 860
11.0167 862
11.0333 863
11.05 865
11.0667 867
11.0833 869
11.1 871
11.1167 872
11.1333 874
11.15 876
11.1667 878
11.1833 879
11.2 881
11.2167 883
11.2333 884
11.25 886
11.2667 888
11.2833 889
11.3 891
11.3167 892
11.3333 894
11.35 895
11.3667 897
11.3833 898
11.4 900
11.4167 901
11.4333 903
11.45 904
11.4667 905
11.4833 907
11.5 908
11.5167 910
11.5333 911
11.55 912
11.5667 913
11.5833 915
11.6 916
11.6167 917
11.6333 918
11.65 920
11.6667 921
11.6833 922
11.7 923
11.7167 924
11.7333 925
11.75 926
11.7667 927
11.7833 928
11.8 929
11.8167 930
11.8333 931
11.85 932
11.8667 933
11.8833 934
11.9 935
11.9167 936
11.9333 937
11.95 938
11.9667 938
11.9833 939
12.0 940
12.0167 941
12.0333 942
12.05 942
12.0667 943
12.0833 944
12.1 944
12.1167 945
12.1333 946
12.15 946
12.1667 947
12.1833 947
12.2 948
12.2167 948
12.2333 949
12.25 949
12.2667 950
12.2833 950
12.3 951
12.3167 951
12.3333 952
12.35 952
12.3667 952
12.3833 953
12.4 953
12.4167 953
12.4333 954
12.45 954
12.4667 954
12.4833 954
12.5 954
12.5167 955
12.5333 955
12.55 955
12.5667 955
12.5833 955
12.6 955
12.6167 955
12.6333 955
12.65 955
12.6667 955
12.6833 955
12.7 955
12.7167 955
12.7333 955
12.75 955
12.7667 955
12.7833 955
12.8 955
12.8167 954
12.8333 954
12.85 954
12.8667 954
12.8833 954
12.9 953
12.9167 953
12.9333 953
12.95 952
12.9667 952
12.9833 952
13.0 951
13.0167 951
13.0333 950
13.05 950
13.0667 949
13.0833 949
13.1 948
13.1167 948
13.1333 947
13.15 947
13.1667 946
13.1833 945
13.2 945
13.2167 944
13.2333 944
13.25 943
13.2667 942
13.2833 941
13.3 941
13.3167 940
13.3333 939
13.35 938
13.3667 937
13.3833 937
13.4 936
13.4167 935
13.4333 934
13.45 933
13.4667 932
13.4833 931
13.5 930
13.5167 929
13.5333 928
13.55 927
13.5667 926
13.5833 925
13.6 924
13.6167 923
13.6333 922
13.65 920
13.6667 919
13.6833 918
13.7 917
13.7167 916
13.7333 914
13.75 913
13.7667 912
13.7833 911
13.8 909
13.8167 908
13.8333 907
13.85 905
13.8667 904
13.8833 902
13.9 901
13.9167 899
13.9333 898
13.95 897
13.9667 895
13.9833 894
14.0 892
14.0167 890
14.0333 889
14.05 887
14.0667 886
14.0833 884
14.1 882
14.1167 881
14.1333 879
14.15 877
14.1667 876
14.1833 874
14.2 872
14.2167 870
14.2333 868
14.25 867
14.2667 865
14.2833 863
14.3 861
14.3167 859
14.3333 857
14.35 855
14.3667 853
14.3833 852
14.4 850
14.4167 848
14.4333 846
14.45 844
14.4667 842
14.4833 839
14.5 837
14.5167 835
14.5333 833
14.55 831
14.5667 829
14.5833 827
14.6 825
14.6167 822
14.6333 820
14.65 818
14.6667 816
14.6833 814
14.7 811
14.7167 809
14.7333 807
14.75 804
14.7667 802
14.7833 800
14.8 797
14.8167 795
14.8333 793
14.85 790
14.8667 788
14.8833 785
14.9 783
14.9167 780
14.9333 778
14.95 775
14.9667 773
14.9833 770
15.0 768
15.0167 765
15.0333 763
15.05 760
15.0667 757
15.0833 755
15.1 752
15.1167 750
15.1333 747
15.15 744
15.1667 741
15.1833 739
15.2 736
15.2167 733
15.2333 731
15.25 728
15.2667 725
15.2833 722
15.3 719
15.3167 716
15.3333 714
15.35 711
15.3667 708
15.3833 705
15.4 702
15.4167 699
15.4333 696
15.45 693
15.4667 690
15.4833 687
15.5 684
15.5167 681
15.5333 678
15.55 675
15.5667 672
15.5833 669
15.6 666
15.6167 663
15.6333 660
15.65 657
15.6667 654
15.6833 651
15.7 648
15.7167 645
15.7333 641
15.75 638
15.7667 635
15.7833 632
15.8 629
15.8167 625
15.8333 622
15.85 619
15.8667 616
15.8833 613
15.9 609
15.9167 606
15.9333 603
15.95 599
15.9667 596
15.9833 593
