9.0 532
9.0167 536
9.0333 539
9.05 543
9.0667 546
9.0833 549
9.1 553
9.1167 556
9.1333 559
9.15 563
9.1667 566
9.1833 569
9.2 573
9.2167 576
9.2333 579
9.25 583
9.2667 586
9.2833 589
9.3 592
9.3167 595
9.3333 599
9.35 602
9.3667 605
9.3833 608
9.4 611
9.4167 615
9.4333 618
9.45 621
9.4667 624
9.4833 627
9.5 630
9.5167 633
9.5333 636
9.55 640
9.5667 643
9.5833 646
9.6 649
9.6167 652
9.6333 655
9.65 658
9.6667 661
9.6833 664
9.7 667
9.7167 670
9.7333 673
9.75 676
9.7667 678
9.7833 681
9.8 684
9.8167 687
9.8333 690
9.85 693
9.8667 696
9.8833 699
9.9 701
9.9167 704
9.9333 707
9.95 710
9.9667 713
9.9833 715
10.0 718
10.0167 721
10.0333 724
10.05 726
10.0667 729
10.0833 732
10.1 734
10.1167 737
10.1333 740
10.15 742
10.1667 745
10.1833 747
10.2 750
10.2167 752
10.2333 755
10.25 758
10.2667 760
10.2833 763
10.3 765
10.3167 768
10.3333 770
10.35 772
10.3667 775
10.3833 777
10.4 780
10.4167 782
10.4333 784
10.45 787
10.4667 789
10.4833 791
10.5 794
10.5167 796
10.5333 798
10.55 801
10.5667 803
10.5833 805
10.6 807
10.6167 810
10.6333 812
10.65 814
10.6667 816
10.6833 818
10.7 820
10.7167 822
10.7333 824
10.75 827
10.7667 829
10.7833 831
10.8 833
10.8167 835
10.8333 837
10.85 839
10.8667 841
10.8833 842
10.9 844
10.9167 846
10.9333 848
10.95 850
10.9667 852
10.9833 854
11.0 856
11.0167 857
11.0333 859
11.05 861
11.0667 863
11.0833 864
11.1 866
11.1167 868
11.1333 870
11.15 871
11.1667 873
11.1833 874
11.2 876
11.2167 878
11.2333 879
11.25 881
11.2667 882
11.2833 884
11.3 885
11.3167 887
11.3333 888
11.35 890
11.3667 891
11.3833 893
11.4 894
11.4167 895
11.4333 897
11.45 898
11.4667 900
11.4833 901
11.5 902
11.5167 903
11.5333 905
11.55 906
11.5667 907
11.5833 908
11.6 910
11.6167 911
11.6333 912
11.65 913
11.6667 914
11.6833 915
11.7 916
11.7167 917
11.7333 918
11.75 919
11.7667 920
11.7833 921
11.8 922
11.8167 923
11.8333 924
11.85 925
11.8667 926
11.8833 927
11.9 928
11.9167 929
11.9333 929
11.95 930
11.9667 931
11.9833 932
12.0 932
12.0167 933
12.0333 934
12.05 935
12.0667 935
12.0833 936
12.1 936
12.1167 937
12.1333 938
12.15 938
12.1667 939
12.1833 939
12.2 940
12.2167 940
12.2333 941
12.25 941
12.2667 942
12.2833 942
12.3 943
12.3167 943
12.3333 943
12.35 944
12.3667 944
12.3833 944
12.4 944
12.4167 945
12.4333 945
12.45 945
12.4667 945
12.4833 946
12.5 946
12.5167 946
12.5333 946
12.55 946
12.5667 946
12.5833 946
12.6 946
12.6167 946
12.6333 946
12.65 946
12.6667 946
12.6833 946
12.7 946
12.7167 946
12.7333 946
12.75 946
12.7667 946
12.7833 946
12.8 946
12.8167 945
12.8333 945
12.85 945
12.8667 945
12.8833 944
12.9 944
12.9167 944
12.9333 943
12.95 943
12.9667 943
12.9833 942
13.0 942
13.0167 941
13.0333 941
13.05 941
13.0667 940
13.0833 940
13.1 939
13.1167 938
13.1333 938
13.15 937
13.1667 937
13.1833 936
13.2 935
13.2167 935
13.2333 934
13.25 933
13.2667 933
13.2833 932
13.3 931
13.3167 931
13.3333 930
13.35 929
13.3667 928
13.3833 927
13.4 926
13.4167 925
13.4333 925
13.45 924
13.4667 923
13.4833 922
13.5 921
13.5167 920
13.5333 919
13.55 918
13.5667 917
13.5833 916
13.6 915
13.6167 913
13.6333 912
13.65 911
13.6667 910
13.6833 909
13.7 908
13.7167 906
13.7333 905
13.75 904
13.7667 903
13.7833 901
13.8 900
13.8167 899
13.8333 897
13.85 896
13.8667 895
13.8833 893
13.9 892
13.9167 890
13.9333 889
13.95 888
13.9667 886
13.9833 885
14.0 883
14.0167 882
14.0333 880
14.05 878
14.0667 877
14.0833 875
14.1 874
14.1167 872
14.1333 870
14.15 869
14.1667 867
14.1833 865
14.2 863
14.2167 862
14.2333 860
14.25 858
14.2667 856
14.2833 855
14.3 853
14.3167 851
14.3333 849
14.35 847
14.3667 845
14.3833 843
14.4 841
14.4167 839
14.4333 838
14.45 836
14.4667 834
14.4833 832
14.5 830
14.5167 827
14.5333 825
14.55 823
14.5667 821
14.5833 819
14.6 817
14.6167 815
14.6333 813
14.65 810
14.6667 808
14.6833 806
14.7 804
14.7167 802
14.7333 799
14.75 797
14.7667 795
14.7833 793
14.8 790
14.8167 788
14.8333 786
14.85 783
14.8667 781
14.8833 778
14.9 776
14.9167 774
14.9333 771
14.95 769
14.9667 766
14.9833 764
15.0 761
15.0167 759
15.0333 756
15.05 754
15.0667 751
15.0833 749
15.1 746
15.1167 743
15.1333 741
15.15 738
15.1667 736
15.1833 733
15.2 730
15.2167 728
15.2333 725
15.25 722
15.2667 719
15.2833 717
15.3 714
15.3167 711
15.3333 708
15.35 706
15.3667 703
15.3833 700
15.4 697
15.4167 694
15.4333 692
15.45 689
15.4667 686
15.4833 683
15.5 680
15.5167 677
15.5333 674
15.55 671
15.5667 668
15.5833 665
15.6 662
15.6167 659
15.6333 656
15.65 653
15.6667 650
15.6833 647
15.7 644
15.7167 641
15.7333 638
15.75 635
15.7667 632
15.7833 629
15.8 626
15.8167 623
15.8333 619
15.85 616
15.8667 613
15.8833 610
15.9 607
15.9167 604
15.9333 600
15.95 597
15.9667 594
15.9833 591
