9.0 519
9.0167 522
9.0333 525
9.05 528
9.0667 531
9.0833 534
9.1 538
9.1167 541
9.1333 544
9.15 547
9.1667 550
9.1833 553
9.2 557
9.2167 560
9.2333 563
9.25 566
9.2667 569
9.2833 572
9.3 575
9.3167 578
9.3333 581
9.35 585
9.3667 588
9.3833 591
9.4 594
9.4167 597
9.4333 600
9.45 603
9.4667 606
9.4833 609
9.5 612
9.5167 615
9.5333 618
9.55 621
9.5667 624
9.5833 627
9.6 629
9.6167 632
9.6333 635
9.65 638
9.6667 641
9.6833 644
9.7 647
9.7167 650
9.7333 652
9.75 655
9.7667 658
9.7833 661
9.8 664
9.8167 667
9.8333 669
9.85 672
9.8667 675
9.8833 677
9.9 680
9.9167 683
9.9333 686
9.95 688
9.9667 691
9.9833 694
10.0 696
10.0167 699
10.0333 702
10.05 704
10.0667 707
10.0833 709
10.1 712
10.1167 715
10.1333 717
10.15 720
10.1667 722
10.1833 725
10.2 727
10.2167 730
10.2333 732
10.25 735
10.2667 737
10.2833 739
10.3 742
10.3167 744
10.3333 747
10.35 749
10.3667 751
10.3833 754
10.4 756
10.4167 758
10.4333 761
10.45 763
10.4667 765
10.4833 767
10.5 770
10.5167 772
10.5333 774
10.55 776
10.5667 779
10.5833 781
10.6 783
10.6167 785
10.6333 787
10.65 789
10.6667 791
10.6833 794
10.7 796
10.7167 798
10.7333 800
10.75 802
10.7667 804
10.7833 806
10.8 808
10.8167 810
10.8333 812
10.85 814
10.8667 816
10.8833 817
10.9 819
10.9167 821
10.9333 823
10.95 825
10.9667 827
10.9833 829
11.0 830
11.0167 832
11.0333 834
11.05 836
11.0667 837
11.0833 839
11.1 841
11.1167 842
11.1333 844
11.15 846
11.1667 847
11.1833 849
11.2 851
11.2167 852
11.2333 854
11.25 855
11.2667 857
11.2833 858
11.3 860
11.3167 861
11.3333 863
11.35 864
11.3667 866
11.3833 867
11.4 869
11.4167 870
11.4333 871
11.45 873
11.4667 874
11.4833 875
11.5 877
11.5167 878
11.5333 879
11.55 880
11.5667 882
11.5833 883
11.6 884
11.6167 885
11.6333 886
11.65 888
11.6667 889
11.6833 890
11.7 891
11.7167 892
11.7333 893
11.75 894
11.7667 895
11.7833 896
11.8 897
11.8167 898
11.8333 899
11.85 900
11.8667 901
11.8833 902
11.9 903
11.9167 904
11.9333 905
11.95 905
11.9667 906
11.9833 907
12.0 908
12.0167 909
12.0333 909
12.05 910
12.0667 911
12.0833 911
12.1 912
12.1167 913
12.1333 913
12.15 914
12.1667 915
12.1833 915
12.2 916
12.2167 916
12.2333 917
12.25 917
12.2667 918
12.2833 918
12.3 919
12.3167 919
12.3333 920
12.35 920
12.3667 921
12.3833 921
12.4 921
12.4167 922
12.4333 922
12.45 922
12.4667 923
12.4833 923
12.5 923
12.5167 923
12.5333 923
12.55 924
12.5667 924
12.5833 924
12.6 924
12.6167 924
12.6333 924
12.65 924
12.6667 925
12.6833 925
12.7 925
12.7167 925
12.7333 925
12.75 925
12.7667 925
12.7833 924
12.8 924
12.8167 924
12.8333 924
12.85 924
12.8667 924
12.8833 924
12.9 924
12.9167 923
12.9333 923
12.95 923
12.9667 923
12.9833 922
13.0 922
13.0167 922
13.0333 921
13.05 921
13.0667 921
13.0833 920
13.1 920
13.1167 919
13.1333 919
13.15 919
13.1667 918
13.1833 918
13.2 917
13.2167 917
13.2333 916
13.25 915
13.2667 915
13.2833 914
13.3 914
13.3167 913
13.3333 912
13.35 912
13.3667 911
13.3833 910
13.4 910
13.4167 909
13.4333 908
13.45 907
13.4667 906
13.4833 906
13.5 905
13.5167 904
13.5333 903
13.55 902
13.5667 901
13.5833 900
13.6 899
13.6167 898
13.6333 898
13.65 897
13.6667 896
13.6833 894
13.7 893
13.7167 892
13.7333 891
13.75 890
13.7667 889
13.7833 888
13.8 887
13.8167 886
13.8333 884
13.85 883
13.8667 882
13.8833 881
13.9 880
13.9167 878
13.9333 877
13.95 876
13.9667 874
13.9833 873
14.0 872
14.0167 870
14.0333 869
14.05 868
14.0667 866
14.0833 865
14.1 863
14.1167 862
14.1333 860
14.15 859
14.1667 857
14.1833 856
14.2 854
14.2167 853
14.2333 851
14.25 850
14.2667 848
14.2833 846
14.3 845
14.3167 843
14.3333 841
14.35 840
14.3667 838
14.3833 836
14.4 834
14.4167 833
14.4333 831
14.45 829
14.4667 827
14.4833 825
14.5 824
14.5167 822
14.5333 820
14.55 818
14.5667 816
14.5833 814
14.6 812
14.6167 810
14.6333 808
14.65 806
14.6667 804
14.6833 802
14.7 800
14.7167 798
14.7333 796
14.75 794
14.7667 792
14.7833 790
14.8 788
14.8167 786
14.8333 784
14.85 781
14.8667 779
14.8833 777
14.9 775
14.9167 773
14.9333 770
14.95 768
14.9667 766
14.9833 764
15.0 761
15.0167 759
15.0333 757
15.05 755
15.0667 752
15.0833 750
15.1 747
15.1167 745
15.1333 743
15.15 740
15.1667 738
15.1833 735
15.2 733
15.2167 730
15.2333 728
15.25 725
15.2667 723
15.2833 720
15.3 718
15.3167 715
15.3333 713
15.35 710
15.3667 708
15.3833 705
15.4 702
15.4167 700
15.4333 697
15.45 695
15.4667 692
15.4833 689
15.5 687
15.5167 684
15.5333 681
15.55 678
15.5667 676
15.5833 673
15.6 670
15.6167 667
15.6333 665
15.65 662
15.6667 659
15.6833 656
15.7 653
15.7167 651
15.7333 648
15.75 645
15.7667 642
15.7833 639
15.8 636
15.8167 633
15.8333 630
15.85 628
15.8667 625
15.8833 622
15.9 619
15.9167 616
15.9333 613
15.95 610
15.9667 607
15.9833 604
