9.0 479
9.0167 482
9.0333 485
9.05 488
9.0667 492
9.0833 495
9.1 499
9.1167 502
9.1333 505
9.15 509
9.1667 512
9.1833 515
9.2 519
9.2167 522
9.2333 525
9.25 529
9.2667 532
9.2833 535
9.3 538
9.3167 542
9.3333 545
9.35 548
9.3667 551
9.3833 555
9.4 558
9.4167 561
9.4333 564
9.45 567
9.4667 571
9.4833 574
9.5 577
9.5167 580
9.5333 583
9.55 586
9.5667 590
9.5833 593
9.6 596
9.6167 599
9.6333 602
9.65 605
9.6667 608
9.6833 611
9.7 614
9.7167 617
9.7333 620
9.75 623
9.7667 626
9.7833 629
9.8 632
9.8167 635
9.8333 638
9.85 641
9.8667 644
9.8833 647
9.9 650
9.9167 653
9.9333 656
9.95 658
9.9667 661
9.9833 664
10.0 667
10.0167 670
10.0333 673
10.05 675
10.0667 678
10.0833 681
10.1 684
10.1167 687
10.1333 689
10.15 692
10.1667 695
10.1833 697
10.2 700
10.2167 703
10.2333 705
10.25 708
10.2667 711
10.2833 713
10.3 716
10.3167 718
10.3333 721
10.35 724
10.3667 726
10.3833 729
10.4 731
10.4167 734
10.4333 736
10.45 739
10.4667 741
10.4833 743
10.5 746
10.5167 748
10.5333 751
10.55 753
10.5667 755
10.5833 758
10.6 760
10.6167 762
10.6333 765
10.65 767
10.6667 769
10.6833 772
10.7 774
10.7167 776
10.7333 778
10.75 781
10.7667 783
10.7833 785
10.8 787
10.8167 789
10.8333 791
10.85 793
10.8667 795
10.8833 798
10.9 800
10.9167 802
10.9333 804
10.95 806
10.9667 808
10.9833 810
11.0 812
11.0167 814
11.0333 815
11.05 817
11.0667 819
11.0833 821
11.1 823
11.1167 825
11.1333 827
11.15 829
11.1667 830
11.1833 832
11.2 834
11.2167 836
11.2333 837
11.25 839
11.2667 841
11.2833 842
11.3 844
11.3167 846
11.3333 847
11.35 849
11.3667 851
11.3833 852
11.4 854
11.4167 855
11.4333 857
11.45 858
11.4667 860
11.4833 861
11.5 863
11.5167 864
11.5333 865
11.55 867
11.5667 868
11.5833 870
11.6 871
11.6167 872
11.6333 874
11.65 875
11.6667 876
11.6833 877
11.7 879
11.7167 880
11.7333 881
11.75 882
11.7667 883
11.7833 885
11.8 886
11.8167 887
11.8333 888
11.85 889
11.8667 890
11.8833 891
11.9 892
11.9167 893
11.9333 894
11.95 895
11.9667 896
11.9833 897
12.0 898
12.0167 899
12.0333 900
12.05 900
12.0667 901
12.0833 902
12.1 903
12.1167 904
12.1333 904
12.15 905
12.1667 906
12.1833 907
12.2 907
12.2167 908
12.2333 909
12.25 909
12.2667 910
12.2833 910
12.3 911
12.3167 912
12.3333 912
12.35 913
12.3667 913
12.3833 914
12.4 914
12.4167 915
12.4333 915
12.45 915
12.4667 916
12.4833 916
12.5 916
12.5167 917
12.5333 917
12.55 917
12.5667 918
12.5833 918
12.6 918
12.6167 918
12.6333 919
12.65 919
12.6667 919
12.6833 919
12.7 919
12.7167 919
12.7333 919
12.75 919
12.7667 919
12.7833 919
12.8 919
12.8167 919
12.8333 919
12.85 919
12.8667 919
12.8833 919
12.9 919
12.9167 919
12.9333 919
12.95 919
12.9667 919
12.9833 918
13.0 918
13.0167 918
13.0333 918
13.05 917
13.0667 917
13.0833 917
13.1 916
13.1167 916
13.1333 916
13.15 915
13.1667 915
13.1833 914
13.2 914
13.2167 913
13.2333 913
13.25 913
13.2667 912
13.2833 911
13.3 911
13.3167 910
13.3333 910
13.35 909
13.3667 908
13.3833 908
13.4 907
13.4167 906
13.4333 906
13.45 905
13.4667 904
13.4833 903
13.5 903
13.5167 902
13.5333 901
13.55 900
13.5667 899
13.5833 899
13.6 898
13.6167 897
13.6333 896
13.65 895
13.6667 894
13.6833 893
13.7 892
13.7167 891
13.7333 890
13.75 889
13.7667 888
13.7833 887
13.8 885
13.8167 884
13.8333 883
13.85 882
13.8667 881
13.8833 880
13.9 878
13.9167 877
13.9333 876
13.95 875
13.9667 873
13.9833 872
14.0 871
14.0167 869
14.0333 868
14.05 867
14.0667 865
14.0833 864
14.1 862
14.1167 861
14.1333 859
14.15 858
14.1667 856
14.1833 855
14.2 853
14.2167 852
14.2333 850
14.25 849
14.2667 847
14.2833 845
14.3 844
14.3167 842
14.3333 840
14.35 839
14.3667 837
14.3833 835
14.4 833
14.4167 832
14.4333 830
14.45 828
14.4667 826
14.4833 824
14.5 823
14.5167 821
14.5333 819
14.55 817
14.5667 815
14.5833 813
14.6 811
14.6167 809
14.6333 807
14.65 805
14.6667 803
14.6833 801
14.7 799
14.7167 797
14.7333 795
14.75 793
14.7667 791
14.7833 789
14.8 787
14.8167 784
14.8333 782
14.85 780
14.8667 778
14.8833 776
14.9 773
14.9167 771
14.9333 769
14.95 767
14.9667 764
14.9833 762
15.0 759
15.0167 757
15.0333 755
15.05 752
15.0667 750
15.0833 747
15.1 745
15.1167 743
15.1333 740
15.15 738
15.1667 735
15.1833 733
15.2 730
15.2167 728
15.2333 725
15.25 723
15.2667 720
15.2833 718
15.3 715
15.3167 712
15.3333 710
15.35 707
15.3667 704
15.3833 702
15.4 699
15.4167 696
15.4333 694
15.45 691
15.4667 688
15.4833 686
15.5 683
15.5167 680
15.5333 677
15.55 674
15.5667 672
15.5833 669
15.6 666
15.6167 663
15.6333 660
15.65 657
15.6667 655
15.6833 652
15.7 649
15.7167 646
15.7333 643
15.75 640
15.7667 637
15.7833 634
15.8 631
15.8167 628
15.8333 625
15.85 622
15.8667 619
15.8833 616
15.9 613
15.9167 610
15.9333 607
15.95 604
15.9667 601
15.9833 598
