9.0 461
9.0167 465
9.0333 468
9.05 472
9.0667 475
9.0833 478
9.1 482
9.1167 485
9.1333 489
9.15 492
9.1667 495
9.1833 499
9.2 502
9.2167 505
9.2333 509
9.25 512
9.2667 516
9.2833 519
9.3 522
9.3167 525
9.3333 529
9.35 532
9.3667 535
9.3833 539
9.4 542
9.4167 545
9.4333 548
9.45 552
9.4667 555
9.4833 558
9.5 561
9.5167 565
9.5333 568
9.55 571
9.5667 574
9.5833 577
9.6 580
9.6167 584
9.6333 587
9.65 590
9.6667 593
9.6833 596
9.7 599
9.7167 602
9.7333 605
9.75 608
9.7667 611
9.7833 614
9.8 617
9.8167 620
9.8333 623
9.85 626
9.8667 629
9.8833 632
9.9 635
9.9167 638
9.9333 641
9.95 644
9.9667 647
9.9833 650
10.0 653
10.0167 655
10.0333 658
10.05 661
10.0667 664
10.0833 667
10.1 670
10.1167 672
10.1333 675
10.15 678
10.1667 681
10.1833 683
10.2 686
10.2167 689
10.2333 691
10.25 694
10.2667 697
10.2833 699
10.3 702
10.3167 705
10.3333 707
10.35 710
10.3667 712
10.3833 715
10.4 717
10.4167 720
10.4333 722
10.45 725
10.4667 727
10.4833 730
10.5 732
10.5167 735
10.5333 737
10.55 739
10.5667 742
10.5833 744
10.6 747
10.6167 749
10.6333 751
10.65 754
10.6667 756
10.6833 758
10.7 760
10.7167 763
10.7333 765
10.75 767
10.7667 769
10.7833 771
10.8 774
10.8167 776
10.8333 778
10.85 780
10.8667 782
10.8833 784
10.9 786
10.9167 788
10.9333 790
10.95 792
10.9667 794
10.9833 796
11.0 798
11.0167 800
11.0333 802
11.05 804
11.0667 806
11.0833 808
11.1 810
11.1167 811
11.1333 813
11.15 815
11.1667 817
11.1833 819
11.2 820
11.2167 822
11.2333 824
11.25 825
11.2667 827
11.2833 829
11.3 830
11.3167 832
11.3333 834
11.35 835
11.3667 837
11.3833 838
11.4 840
11.4167 842
11.4333 843
11.45 844
11.4667 846
11.4833 847
11.5 849
11.5167 850
11.5333 852
11.55 853
11.5667 854
11.5833 856
11.6 857
11.6167 858
11.6333 860
11.65 861
11.6667 862
11.6833 863
11.7 865
11.7167 866
11.7333 867
11.75 868
11.7667 869
11.7833 870
11.8 871
11.8167 873
11.8333 874
11.85 875
11.8667 876
11.8833 877
11.9 878
11.9167 879
11.9333 880
11.95 880
11.9667 881
11.9833 882
12.0 883
12.0167 884
12.0333 885
12.05 886
12.0667 886
12.0833 887
12.1 888
12.1167 889
12.1333 889
12.15 890
12.1667 891
12.1833 891
12.2 892
12.2167 893
12.2333 893
12.25 894
12.2667 894
12.2833 895
12.3 895
12.3167 896
12.3333 896
12.35 897
12.3667 897
12.3833 898
12.4 898
12.4167 899
12.4333 899
12.45 899
12.4667 900
12.4833 900
12.5 900
12.5167 900
12.5333 901
12.55 901
12.5667 901
12.5833 901
12.6 902
12.6167 902
12.6333 902
12.65 902
12.6667 902
12.6833 902
12.7 902
12.7167 902
12.7333 902
12.75 902
12.7667 902
12.7833 902
12.8 902
12.8167 902
12.8333 902
12.85 902
12.8667 902
12.8833 901
12.9 901
12.9167 901
12.9333 901
12.95 901
12.9667 900
12.9833 900
13.0 900
13.0167 899
13.0333 899
13.05 899
13.0667 898
13.0833 898
13.1 898
13.1167 897
13.1333 897
13.15 896
13.1667 896
13.1833 895
13.2 895
13.2167 894
13.2333 894
13.25 893
13.2667 892
13.2833 892
13.3 891
13.3167 890
13.3333 890
13.35 889
13.3667 888
13.3833 888
13.4 887
13.4167 886
13.4333 885
13.45 884
13.4667 884
13.4833 883
13.5 882
13.5167 881
13.5333 880
13.55 879
13.5667 878
13.5833 877
13.6 876
13.6167 875
13.6333 874
13.65 873
13.6667 872
13.6833 871
13.7 870
13.7167 869
13.7333 868
13.75 866
13.7667 865
13.7833 864
13.8 863
13.8167 862
13.8333 860
13.85 859
13.8667 858
13.8833 856
13.9 855
13.9167 854
13.9333 852
13.95 851
13.9667 850
13.9833 848
14.0 847
14.0167 845
14.0333 844
14.05 842
14.0667 841
14.0833 839
14.1 838
14.1167 836
14.1333 835
14.15 833
14.1667 831
14.1833 830
14.2 828
14.2167 826
14.2333 825
14.25 823
14.2667 821
14.2833 820
14.3 818
14.3167 816
14.3333 814
14.35 812
14.3667 811
14.3833 809
14.4 807
14.4167 805
14.4333 803
14.45 801
14.4667 799
14.4833 797
14.5 795
14.5167 793
14.5333 791
14.55 789
14.5667 787
14.5833 785
14.6 783
14.6167 781
14.6333 779
14.65 777
14.6667 775
14.6833 773
14.7 770
14.7167 768
14.7333 766
14.75 764
14.7667 762
14.7833 759
14.8 757
14.8167 755
14.8333 753
14.85 750
14.8667 748
14.8833 746
14.9 743
14.9167 741
14.9333 738
14.95 736
14.9667 734
14.9833 731
15.0 728
15.0167 726
15.0333 723
15.05 721
15.0667 718
15.0833 716
15.1 713
15.1167 711
15.1333 708
15.15 705
15.1667 703
15.1833 700
15.2 698
15.2167 695
15.2333 692
15.25 690
15.2667 687
15.2833 684
15.3 682
15.3167 679
15.3333 676
15.35 673
15.3667 671
15.3833 668
15.4 665
15.4167 662
15.4333 659
15.45 656
15.4667 654
15.4833 651
15.5 648
15.5167 645
15.5333 642
15.55 639
15.5667 636
15.5833 633
15.6 630
15.6167 627
15.6333 624
15.65 621
15.6667 618
15.6833 615
15.7 612
15.7167 609
15.7333 606
15.75 603
15.7667 600
15.7833 597
15.8 594
15.8167 591
15.8333 588
15.85 585
15.8667 582
15.8833 578
15.9 575
15.9167 572
15.9333 569
15.95 566
15.9667 563
15.9833 559
