9.0 474
9.0167 479
9.0333 482
9.05 486
9.0667 490
9.0833 493
9.1 497
9.1167 500
9.1333 504
9.15 508
9.1667 511
9.1833 515
9.2 518
9.2167 522
9.2333 525
9.25 529
9.2667 532
9.2833 536
9.3 539
9.3167 543
9.3333 546
9.35 550
9.3667 553
9.3833 557
9.4 560
9.4167 564
9.4333 567
9.45 570
9.4667 574
9.4833 577
9.5 581
9.5167 584
9.5333 587
9.55 591
9.5667 594
9.5833 597
9.6 601
9.6167 604
9.6333 607
9.65 610
9.6667 614
9.6833 617
9.7 620
9.7167 623
9.7333 627
9.75 630
9.7667 633
9.7833 636
9.8 639
9.8167 642
9.8333 646
9.85 649
9.8667 652
9.8833 655
9.9 658
9.9167 661
9.9333 664
9.95 667
9.9667 670
9.9833 673
10.0 676
10.0167 679
10.0333 682
10.05 685
10.0667 688
10.0833 691
10.1 694
10.1167 697
10.1333 700
10.15 703
10.1667 705
10.1833 708
10.2 711
10.2167 714
10.2333 717
10.25 719
10.2667 722
10.2833 725
10.3 728
10.3167 730
10.3333 733
10.35 736
10.3667 739
10.3833 741
10.4 744
10.4167 746
10.4333 749
10.45 752
10.4667 754
10.4833 757
10.5 759
10.5167 762
10.5333 764
10.55 767
10.5667 769
10.5833 772
10.6 774
10.6167 777
10.6333 779
10.65 782
10.6667 784
10.6833 786
10.7 789
10.7167 791
10.7333 793
10.75 796
10.7667 798
10.7833 800
10.8 802
10.8167 805
10.8333 807
10.85 809
10.8667 811
10.8833 813
10.9 816
10.9167 818
10.9333 820
10.95 822
10.9667 824
10.9833 826
11.0 828
11.0167 830
11.0333 832
11.05 834
11.0667 836
11.0833 838
11.1 840
11.1167 842
11.1333 844
11.15 846
11.1667 847
11.1833 849
11.2 851
11.2167 853
11.2333 855
11.25 856
11.2667 858
11.2833 860
11.3 862
11.3167 863
11.3333 865
11.35 867
11.3667 868
11.3833 870
11.4 871
11.4167 873
11.4333 875
11.45 876
11.4667 878
11.4833 879
11.5 881
11.5167 882
11.5333 883
11.55 885
11.5667 886
11.5833 888
11.6 889
11.6167 890
11.6333 892
11.65 893
11.6667 894
11.6833 896
11.7 897
11.7167 898
11.7333 899
11.75 901
11.7667 902
11.7833 903
11.8 904
11.8167 905
11.8333 906
11.85 907
11.8667 908
11.8833 909
11.9 910
11.9167 911
11.9333 912
11.95 913
11.9667 914
11.9833 915
12.0 916
12.0167 917
12.0333 918
12.05 919
12.0667 919
12.0833 920
12.1 921
12.1167 922
12.1333 922
12.15 923
12.1667 924
12.1833 924
12.2 925
12.2167 926
12.2333 926
12.25 927
12.2667 928
12.2833 928
12.3 929
12.3167 929
12.3333 930
12.35 930
12.3667 931
12.3833 931
12.4 931
12.4167 932
12.4333 932
12.45 933
12.4667 933
12.4833 933
12.5 933
12.5167 934
12.5333 934
12.55 934
12.5667 934
12.5833 935
12.6 935
12.6167 935
12.6333 935
12.65 935
12.6667 935
12.6833 935
12.7 935
12.7167 935
12.7333 935
12.75 935
12.7667 935
12.7833 935
12.8 935
12.8167 935
12.8333 935
12.85 935
12.8667 935
12.8833 934
12.9 934
12.9167 934
12.9333 934
12.95 933
12.9667 933
12.9833 933
13.0 933
13.0167 932
13.0333 932
13.05 931
13.0667 931
13.0833 931
13.1 930
13.1167 930
13.1333 929
13.15 929
13.1667 928
13.1833 928
13.2 927
13.2167 926
13.2333 926
13.25 925
13.2667 925
13.2833 924
13.3 923
13.3167 922
13.3333 922
13.35 921
13.3667 920
13.3833 919
13.4 919
13.4167 918
13.4333 917
13.45 916
13.4667 915
13.4833 914
13.5 913
13.5167 912
13.5333 911
13.55 910
13.5667 909
13.5833 908
13.6 907
13.6167 906
13.6333 905
13.65 904
13.6667 903
13.6833 902
13.7 901
13.7167 899
13.7333 898
13.75 897
13.7667 896
13.7833 894
13.8 893
13.8167 892
13.8333 891
13.85 889
13.8667 888
13.8833 886
13.9 885
13.9167 884
13.9333 882
13.95 881
13.9667 879
13.9833 878
14.0 876
14.0167 875
14.0333 873
14.05 872
14.0667 870
14.0833 868
14.1 867
14.1167 865
14.1333 863
14.15 862
14.1667 860
14.1833 858
14.2 857
14.2167 855
14.2333 853
14.25 851
14.2667 849
14.2833 848
14.3 846
14.3167 844
14.3333 842
14.35 840
14.3667 838
14.3833 836
14.4 834
14.4167 832
14.4333 830
14.45 828
14.4667 826
14.4833 824
14.5 822
14.5167 820
14.5333 818
14.55 816
14.5667 814
14.5833 811
14.6 809
14.6167 807
14.6333 805
14.65 803
14.6667 800
14.6833 798
14.7 796
14.7167 794
14.7333 791
14.75 789
14.7667 787
14.7833 784
14.8 782
14.8167 779
14.8333 777
14.85 775
14.8667 772
14.8833 770
14.9 767
14.9167 765
14.9333 762
14.95 760
14.9667 757
14.9833 755
15.0 752
15.0167 750
15.0333 747
15.05 745
15.0667 742
15.0833 739
15.1 737
15.1167 734
15.1333 731
15.15 728
15.1667 726
15.1833 723
15.2 720
15.2167 717
15.2333 715
15.25 712
15.2667 709
15.2833 706
15.3 703
15.3167 700
15.3333 698
15.35 695
15.3667 692
15.3833 689
15.4 686
15.4167 683
15.4333 680
15.45 677
15.4667 674
15.4833 671
15.5 668
15.5167 665
15.5333 662
15.55 659
15.5667 656
15.5833 653
15.6 649
15.6167 646
15.6333 643
15.65 640
15.6667 637
15.6833 634
15.7 631
15.7167 627
15.7333 624
15.75 621
15.7667 618
15.7833 614
15.8 611
15.8167 608
15.8333 605
15.85 601
15.8667 598
15.8833 595
15.9 591
15.9167 588
15.9333 585
15.95 581
15.9667 578
15.9833 575
