9.0 531
9.0167 535
9.0333 538
9.05 542
9.0667 545
9.0833 549
9.1 552
9.1167 555
9.1333 559
9.15 562
9.1667 566
9.1833 569
9.2 572
9.2167 576
9.2333 579
9.25 583
9.2667 586
9.2833 589
9.3 593
9.3167 596
9.3333 599
9.35 602
9.3667 606
9.3833 609
9.4 612
9.4167 616
9.4333 619
9.45 622
9.4667 625
9.4833 628
9.5 632
9.5167 635
9.5333 638
9.55 641
9.5667 644
9.5833 648
9.6 651
9.6167 654
9.6333 657
9.65 660
9.6667 663
9.6833 666
9.7 669
9.7167 672
9.7333 675
9.75 678
9.7667 681
9.7833 684
9.8 687
9.8167 690
9.8333 693
9.85 696
9.8667 699
9.8833 702
9.9 705
9.9167 708
9.9333 711
9.95 714
9.9667 716
9.9833 719
10.0 722
10.0167 725
10.0333 728
10.05 730
10.0667 733
10.0833 736
10.1 739
10.1167 741
10.1333 744
10.15 747
10.1667 750
10.1833 752
10.2 755
10.2167 758
10.2333 760
10.25 763
10.2667 765
10.2833 768
10.3 770
10.3167 773
10.3333 776
10.35 778
10.3667 781
10.3833 783
10.4 786
10.4167 788
10.4333 790
10.45 793
10.4667 795
10.4833 798
10.5 800
10.5167 802
10.5333 805
10.55 807
10.5667 809
10.5833 812
10.6 814
10.6167 816
10.6333 818
10.65 821
10.6667 823
10.6833 825
10.7 827
10.7167 830
10.7333 832
10.75 834
10.7667 836
10.7833 838
10.8 840
10.8167 842
10.8333 844
10.85 846
10.8667 848
10.8833 850
10.9 852
10.9167 854
10.9333 856
10.95 858
10.9667 860
10.9833 862
11.0 864
11.0167 866
11.0333 867
11.05 869
11.0667 871
11.0833 873
11.1 875
11.1167 876
11.1333 878
11.15 880
11.1667 882
11.1833 883
11.2 885
11.2167 887
11.2333 888
11.25 890
11.2667 891
11.2833 893
11.3 895
11.3167 896
11.3333 898
11.35 899
11.3667 901
11.3833 902
11.4 904
11.4167 905
11.4333 906
11.45 908
11.4667 909
11.4833 911
11.5 912
11.5167 913
11.5333 915
11.55 916
11.5667 917
11.5833 918
11.6 920
11.6167 921
11.6333 922
11.65 923
11.6667 924
11.6833 925
11.7 927
11.7167 928
11.7333 929
11.75 930
11.7667 931
11.7833 932
11.8 933
11.8167 934
11.8333 935
11.85 936
11.8667 937
11.8833 938
11.9 938
11.9167 939
11.9333 940
11.95 941
11.9667 942
11.9833 943
12.0 943
12.0167 944
12.0333 945
12.05 946
12.0667 946
12.0833 947
12.1 948
12.1167 948
12.1333 949
12.15 949
12.1667 950
12.1833 951
12.2 951
12.2167 952
12.2333 952
12.25 953
12.2667 953
12.2833 954
12.3 954
12.3167 954
12.3333 955
12.35 955
12.3667 955
12.3833 956
12.4 956
12.4167 956
12.4333 957
12.45 957
12.4667 957
12.4833 957
12.5 958
12.5167 958
12.5333 958
12.55 958
12.5667 958
12.5833 958
12.6 958
12.6167 958
12.6333 958
12.65 958
12.6667 958
12.6833 958
12.7 958
12.7167 958
12.7333 958
12.75 958
12.7667 958
12.7833 958
12.8 958
12.8167 957
12.8333 957
12.85 957
12.8667 957
12.8833 956
12.9 956
12.9167 956
12.9333 955
12.95 955
12.9667 955
12.9833 954
13.0 954
13.0167 954
13.0333 953
13.05 953
13.0667 952
13.0833 952
13.1 951
13.1167 951
13.1333 950
13.15 949
13.1667 949
13.1833 948
13.2 948
13.2167 947
13.2333 946
13.25 946
13.2667 945
13.2833 944
13.3 943
13.3167 943
13.3333 942
13.35 941
13.3667 940
13.3833 939
13.4 938
13.4167 938
13.4333 937
13.45 936
13.4667 935
13.4833 934
13.5 933
13.5167 932
13.5333 931
13.55 930
13.5667 929
13.5833 928
13.6 927
13.6167 925
13.6333 924
13.65 923
13.6667 922
13.6833 921
13.7 920
13.7167 918
13.7333 917
13.75 916
13.7667 915
13.7833 913
13.8 912
13.8167 911
13.8333 909
13.85 908
13.8667 906
13.8833 905
13.9 904
13.9167 902
13.9333 901
13.95 899
13.9667 898
13.9833 896
14.0 895
14.0167 893
14.0333 892
14.05 890
14.0667 888
14.0833 887
14.1 885
14.1167 883
14.1333 882
14.15 880
14.1667 878
14.1833 877
14.2 875
14.2167 873
14.2333 871
14.25 869
14.2667 868
14.2833 866
14.3 864
14.3167 862
14.3333 860
14.35 858
14.3667 856
14.3833 854
14.4 852
14.4167 850
14.4333 848
14.45 846
14.4667 844
14.4833 842
14.5 840
14.5167 838
14.5333 836
14.55 834
14.5667 832
14.5833 830
14.6 827
14.6167 825
14.6333 823
14.65 821
14.6667 819
14.6833 816
14.7 814
14.7167 812
14.7333 809
14.75 807
14.7667 805
14.7833 802
14.8 800
14.8167 798
14.8333 795
14.85 793
14.8667 790
14.8833 788
14.9 786
14.9167 783
14.9333 781
14.95 778
14.9667 776
14.9833 773
15.0 771
15.0167 768
15.0333 766
15.05 763
15.0667 760
15.0833 758
15.1 755
15.1167 752
15.1333 750
15.15 747
15.1667 744
15.1833 742
15.2 739
15.2167 736
15.2333 733
15.25 731
15.2667 728
15.2833 725
15.3 722
15.3167 719
15.3333 717
15.35 714
15.3667 711
15.3833 708
15.4 705
15.4167 702
15.4333 699
15.45 696
15.4667 693
15.4833 691
15.5 688
15.5167 685
15.5333 682
15.55 679
15.5667 676
15.5833 673
15.6 669
15.6167 666
15.6333 663
15.65 660
15.6667 657
15.6833 654
15.7 651
15.7167 648
15.7333 645
15.75 641
15.7667 638
15.7833 635
15.8 632
15.8167 629
15.8333 626
15.85 622
15.8667 619
15.8833 616
15.9 613
15.9167 609
15.9333 606
15.95 603
15.9667 599
15.9833 596
