9.0 466
9.0167 469
9.0333 472
9.05 476
9.0667 479
9.0833 483
9.1 486
9.1167 490
9.1333 493
9.15 497
9.1667 500
9.1833 504
9.2 507
9.2167 510
9.2333 514
9.25 517
9.2667 521
9.2833 524
9.3 527
9.3167 531
9.3333 534
9.35 537
9.3667 541
9.3833 544
9.4 547
9.4167 551
9.4333 554
9.45 557
9.4667 561
9.4833 564
9.5 567
9.5167 570
9.5333 573
9.55 577
9.5667 580
9.5833 583
9.6 586
9.6167 589
9.6333 593
9.65 596
9.6667 599
9.6833 602
9.7 605
9.7167 608
9.7333 611
9.75 614
9.7667 617
9.7833 620
9.8 623
9.8167 626
9.8333 629
9.85 632
9.8667 635
9.8833 638
9.9 641
9.9167 644
9.9333 647
9.95 650
9.9667 653
9.9833 656
10.0 659
10.0167 662
10.0333 664
10.05 667
10.0667 670
10.0833 673
10.1 676
10.1167 678
10.1333 681
10.15 684
10.1667 687
10.1833 689
10.2 692
10.2167 695
10.2333 697
10.25 700
10.2667 703
10.2833 705
10.3 708
10.3167 710
10.3333 713
10.35 715
10.3667 718
10.3833 721
10.4 723
10.4167 726
10.4333 728
10.45 730
10.4667 733
10.4833 735
10.5 738
10.5167 740
10.5333 743
10.55 745
10.5667 747
10.5833 750
10.6 752
10.6167 754
10.6333 756
10.65 759
10.6667 761
10.6833 763
10.7 765
10.7167 768
10.7333 770
10.75 772
10.7667 774
10.7833 776
10.8 778
10.8167 780
10.8333 783
10.85 785
10.8667 787
10.8833 789
10.9 791
10.9167 793
10.9333 795
10.95 797
10.9667 799
10.9833 800
11.0 802
11.0167 804
11.0333 806
11.05 808
11.0667 810
11.0833 812
11.1 813
11.1167 815
11.1333 817
11.15 819
11.1667 820
11.1833 822
11.2 824
11.2167 825
11.2333 827
11.25 829
11.2667 830
11.2833 832
11.3 834
11.3167 835
11.3333 837
11.35 838
11.3667 840
11.3833 841
11.4 843
11.4167 844
11.4333 845
11.45 847
11.4667 848
11.4833 850
11.5 851
11.5167 852
11.5333 854
11.55 855
11.5667 856
11.5833 857
11.6 859
11.6167 860
11.6333 861
11.65 862
11.6667 863
11.6833 865
11.7 866
11.7167 867
11.7333 868
11.75 869
11.7667 870
11.7833 871
11.8 872
11.8167 873
11.8333 874
11.85 875
11.8667 876
11.8833 877
11.9 878
11.9167 878
11.9333 879
11.95 880
11.9667 881
11.9833 882
12.0 882
12.0167 883
12.0333 884
12.05 885
12.0667 885
12.0833 886
12.1 887
12.1167 887
12.1333 888
12.15 888
12.1667 889
12.1833 890
12.2 890
12.2167 891
12.2333 891
12.25 892
12.2667 892
12.2833 892
12.3 893
12.3167 893
12.3333 894
12.35 894
12.3667 894
12.3833 895
12.4 895
12.4167 895
12.4333 895
12.45 896
12.4667 896
12.4833 896
12.5 896
12.5167 896
12.5333 897
12.55 897
12.5667 897
12.5833 897
12.6 897
12.6167 897
12.6333 897
12.65 897
12.6667 897
12.6833 897
12.7 897
12.7167 897
12.7333 896
12.75 896
12.7667 896
12.7833 896
12.8 896
12.8167 896
12.8333 895
12.85 895
12.8667 895
12.8833 895
12.9 894
12.9167 894
12.9333 894
12.95 893
12.9667 893
12.9833 892
13.0 892
13.0167 891
13.0333 891
13.05 890
13.0667 890
13.0833 889
13.1 889
13.1167 888
13.1333 888
13.15 887
13.1667 886
13.1833 886
13.2 885
13.2167 884
13.2333 884
13.25 883
13.2667 882
13.2833 881
13.3 881
13.3167 880
13.3333 879
13.35 878
13.3667 877
13.3833 876
13.4 875
13.4167 875
13.4333 874
13.45 873
13.4667 872
13.4833 871
13.5 870
13.5167 869
13.5333 867
13.55 866
13.5667 865
13.5833 864
13.6 863
13.6167 862
13.6333 861
13.65 859
13.6667 858
13.6833 857
13.7 856
13.7167 854
13.7333 853
13.75 852
13.7667 850
13.7833 849
13.8 848
13.8167 846
13.8333 845
13.85 843
13.8667 842
13.8833 841
13.9 839
13.9167 838
13.9333 836
13.95 834
13.9667 833
13.9833 831
14.0 830
14.0167 828
14.0333 826
14.05 825
14.0667 823
14.0833 821
14.1 820
14.1167 818
14.1333 816
14.15 815
14.1667 813
14.1833 811
14.2 809
14.2167 807
14.2333 805
14.25 804
14.2667 802
14.2833 800
14.3 798
14.3167 796
14.3333 794
14.35 792
14.3667 790
14.3833 788
14.4 786
14.4167 784
14.4333 782
14.45 780
14.4667 778
14.4833 775
14.5 773
14.5167 771
14.5333 769
14.55 767
14.5667 765
14.5833 762
14.6 760
14.6167 758
14.6333 756
14.65 753
14.6667 751
14.6833 749
14.7 746
14.7167 744
14.7333 742
14.75 739
14.7667 737
14.7833 734
14.8 732
14.8167 730
14.8333 727
14.85 725
14.8667 722
14.8833 720
14.9 717
14.9167 714
14.9333 712
14.95 709
14.9667 707
14.9833 704
15.0 701
15.0167 698
15.0333 695
15.05 693
15.0667 690
15.0833 687
15.1 685
15.1167 682
15.1333 679
15.15 676
15.1667 674
15.1833 671
15.2 668
15.2167 665
15.2333 662
15.25 660
15.2667 657
15.2833 654
15.3 651
15.3167 648
15.3333 645
15.35 642
15.3667 639
15.3833 636
15.4 633
15.4167 630
15.4333 627
15.45 624
15.4667 621
15.4833 618
15.5 615
15.5167 612
15.5333 609
15.55 606
15.5667 603
15.5833 600
15.6 597
15.6167 594
15.6333 590
15.65 587
15.6667 584
15.6833 581
15.7 578
15.7167 574
15.7333 571
15.75 568
15.7667 565
15.7833 562
15.8 558
15.8167 555
15.8333 552
15.85 548
15.8667 545
15.8833 542
15.9 539
15.9167 535
15.9333 532
15.95 528
15.9667 525
15.9833 522
