9.0 428
9.0167 432
9.0333 436
9.05 439
9.0667 443
9.0833 446
9.1 450
9.1167 453
9.1333 457
9.15 460
9.1667 463
9.1833 467
9.2 470
9.2167 474
9.2333 477
9.25 480
9.2667 484
9.2833 487
9.3 490
9.3167 494
9.3333 497
9.35 501
9.3667 504
9.3833 507
9.4 510
9.4167 514
9.4333 517
9.45 520
9.4667 524
9.4833 527
9.5 530
9.5167 533
9.5333 537
9.55 540
9.5667 543
9.5833 546
9.6 549
9.6167 553
9.6333 556
9.65 559
9.6667 562
9.6833 565
9.7 568
9.7167 572
9.7333 575
9.75 578
9.7667 581
9.7833 584
9.8 587
9.8167 590
9.8333 593
9.85 596
9.8667 599
9.8833 602
9.9 605
9.9167 608
9.9333 611
9.95 614
9.9667 617
9.9833 620
10.0 623
10.0167 626
10.0333 629
10.05 631
10.0667 634
10.0833 637
10.1 640
10.1167 643
10.1333 646
10.15 648
10.1667 651
10.1833 654
10.2 657
10.2167 660
10.2333 662
10.25 665
10.2667 668
10.2833 670
10.3 673
10.3167 676
10.3333 678
10.35 681
10.3667 684
10.3833 686
10.4 689
10.4167 691
10.4333 694
10.45 696
10.4667 699
10.4833 701
10.5 704
10.5167 706
10.5333 709
10.55 711
10.5667 714
10.5833 716
10.6 719
10.6167 721
10.6333 723
10.65 726
10.6667 728
10.6833 730
10.7 733
10.7167 735
10.7333 737
10.75 739
10.7667 742
10.7833 744
10.8 746
10.8167 748
10.8333 750
10.85 753
10.8667 755
10.8833 757
10.9 759
10.9167 761
10.9333 763
10.95 765
10.9667 767
10.9833 769
11.0 771
11.0167 773
11.0333 775
11.05 777
11.0667 779
11.0833 781
11.1 783
11.1167 785
11.1333 787
11.15 788
11.1667 790
11.1833 792
11.2 794
11.2167 796
11.2333 797
11.25 799
11.2667 801
11.2833 803
11.3 804
11.3167 806
11.3333 808
11.35 809
11.3667 811
11.3833 812
11.4 814
11.4167 816
11.4333 817
11.45 819
11.4667 820
11.4833 822
11.5 823
11.5167 824
11.5333 826
11.55 827
11.5667 829
11.5833 830
11.6 831
11.6167 833
11.6333 834
11.65 835
11.6667 837
11.6833 838
11.7 839
11.7167 840
11.7333 841
11.75 843
11.7667 844
11.7833 845
11.8 846
11.8167 847
11.8333 848
11.85 849
11.8667 850
11.8833 851
11.9 852
11.9167 853
11.9333 854
11.95 855
11.9667 856
11.9833 857
12.0 858
12.0167 859
12.0333 860
12.05 861
12.0667 861
12.0833 862
12.1 863
12.1167 864
12.1333 864
12.15 865
12.1667 866
12.1833 866
12.2 867
12.2167 868
12.2333 868
12.25 869
12.2667 870
12.2833 870
12.3 871
12.3167 871
12.3333 872
12.35 872
12.3667 873
12.3833 873
12.4 873
12.4167 874
12.4333 874
12.45 875
12.4667 875
12.4833 875
12.5 875
12.5167 876
12.5333 876
12.55 876
12.5667 876
12.5833 877
12.6 877
12.6167 877
12.6333 877
12.65 877
12.6667 877
12.6833 877
12.7 877
12.7167 877
12.7333 877
12.75 877
12.7667 877
12.7833 877
12.8 877
12.8167 877
12.8333 877
12.85 877
12.8667 877
12.8833 877
12.9 877
12.9167 876
12.9333 876
12.95 876
12.9667 876
12.9833 875
13.0 875
13.0167 875
13.0333 874
13.05 874
13.0667 874
13.0833 873
13.1 873
13.1167 872
13.1333 872
13.15 871
13.1667 871
13.1833 870
13.2 870
13.2167 869
13.2333 869
13.25 868
13.2667 867
13.2833 867
13.3 866
13.3167 865
13.3333 865
13.35 864
13.3667 863
13.3833 862
13.4 862
13.4167 861
13.4333 860
13.45 859
13.4667 858
13.4833 857
13.5 857
13.5167 856
13.5333 855
13.55 854
13.5667 853
13.5833 852
13.6 851
13.6167 850
13.6333 849
13.65 848
13.6667 847
13.6833 845
13.7 844
13.7167 843
13.7333 842
13.75 841
13.7667 840
13.7833 838
13.8 837
13.8167 836
13.8333 835
13.85 833
13.8667 832
13.8833 831
13.9 829
13.9167 828
13.9333 826
13.95 825
13.9667 824
13.9833 822
14.0 821
14.0167 819
14.0333 818
14.05 816
14.0667 815
14.0833 813
14.1 811
14.1167 810
14.1333 808
14.15 807
14.1667 805
14.1833 803
14.2 802
14.2167 800
14.2333 798
14.25 796
14.2667 795
14.2833 793
14.3 791
14.3167 789
14.3333 787
14.35 785
14.3667 784
14.3833 782
14.4 780
14.4167 778
14.4333 776
14.45 774
14.4667 772
14.4833 770
14.5 768
14.5167 766
14.5333 764
14.55 762
14.5667 760
14.5833 758
14.6 756
14.6167 753
14.6333 751
14.65 749
14.6667 747
14.6833 745
14.7 743
14.7167 740
14.7333 738
14.75 736
14.7667 734
14.7833 731
14.8 729
14.8167 727
14.8333 724
14.85 722
14.8667 720
14.8833 717
14.9 715
14.9167 712
14.9333 710
14.95 707
14.9667 705
14.9833 702
15.0 700
15.0167 698
15.0333 695
15.05 693
15.0667 690
15.0833 688
15.1 685
15.1167 682
15.1333 680
15.15 677
15.1667 674
15.1833 672
15.2 669
15.2167 666
15.2333 664
15.25 661
15.2667 658
15.2833 655
15.3 653
15.3167 650
15.3333 647
15.35 644
15.3667 642
15.3833 639
15.4 636
15.4167 633
15.4333 630
15.45 627
15.4667 624
15.4833 621
15.5 618
15.5167 616
15.5333 613
15.55 610
15.5667 607
15.5833 604
15.6 601
15.6167 598
15.6333 595
15.65 592
15.6667 589
15.6833 585
15.7 582
15.7167 579
15.7333 576
15.75 573
15.7667 570
15.7833 567
15.8 564
15.8167 561
15.8333 557
15.85 554
15.8667 551
15.8833 548
15.9 545
15.9167 541
15.9333 538
15.95 535
15.9667 532
15.9833 529
