9.0 447
9.0167 451
9.0333 454
9.05 458
9.0667 461
9.0833 465
9.1 468
9.1167 472
9.1333 475
9.15 479
9.1667 482
9.1833 486
9.2 489
9.2167 493
9.2333 496
9.25 499
9.2667 503
9.2833 506
9.3 510
9.3167 513
9.3333 516
9.35 520
9.3667 523
9.3833 526
9.4 530
9.4167 533
9.4333 536
9.45 540
9.4667 543
9.4833 546
9.5 550
9.5167 553
9.5333 556
9.55 559
9.5667 563
9.5833 566
9.6 569
9.6167 572
9.6333 576
9.65 579
9.6667 582
9.6833 585
9.7 588
9.7167 591
9.7333 595
9.75 598
9.7667 601
9.7833 604
9.8 607
9.8167 610
9.8333 613
9.85 616
9.8667 619
9.8833 622
9.9 625
9.9167 628
9.9333 631
9.95 634
9.9667 637
9.9833 640
10.0 643
10.0167 646
10.0333 649
10.05 652
10.0667 655
10.0833 657
10.1 660
10.1167 663
10.1333 666
10.15 669
10.1667 672
10.1833 674
10.2 677
10.2167 680
10.2333 683
10.25 685
10.2667 688
10.2833 691
10.3 693
10.3167 696
10.3333 699
10.35 701
10.3667 704
10.3833 707
10.4 709
10.4167 712
10.4333 714
10.45 717
10.4667 719
10.4833 722
10.5 724
10.5167 727
10.5333 729
10.55 732
10.5667 734
10.5833 737
10.6 739
10.6167 742
10.6333 744
10.65 746
10.6667 749
10.6833 751
10.7 753
10.7167 756
10.7333 758
10.75 760
10.7667 762
10.7833 765
10.8 767
10.8167 769
10.8333 771
10.85 773
10.8667 775
10.8833 778
10.9 780
10.9167 782
10.9333 784
10.95 786
10.9667 788
10.9833 790
11.0 792
11.0167 794
11.0333 796
11.05 798
11.0667 800
11.0833 802
11.1 804
11.1167 805
11.1333 807
11.15 809
11.1667 811
11.1833 813
11.2 815
11.2167 816
11.2333 818
11.25 820
11.2667 822
11.2833 823
11.3 825
11.3167 827
11.3333 828
11.35 830
11.3667 831
11.3833 833
11.4 835
11.4167 836
11.4333 838
11.45 839
11.4667 841
11.4833 842
11.5 844
11.5167 845
11.5333 847
11.55 848
11.5667 849
11.5833 851
11.6 852
11.6167 853
11.6333 855
11.65 856
11.6667 857
11.6833 858
11.7 860
11.7167 861
11.7333 862
11.75 863
11.7667 864
11.7833 866
11.8 867
11.8167 868
11.8333 869
11.85 870
11.8667 871
11.8833 872
11.9 873
11.9167 874
11.9333 875
11.95 876
11.9667 877
11.9833 878
12.0 879
12.0167 879
12.0333 880
12.05 881
12.0667 882
12.0833 883
12.1 883
12.1167 884
12.1333 885
12.15 886
12.1667 886
12.1833 887
12.2 888
12.2167 888
12.2333 889
12.25 889
12.2667 890
12.2833 890
12.3 891
12.3167 891
12.3333 892
12.35 892
12.3667 893
12.3833 893
12.4 894
12.4167 894
12.4333 894
12.45 895
12.4667 895
12.4833 895
12.5 896
12.5167 896
12.5333 896
12.55 896
12.5667 897
12.5833 897
12.6 897
12.6167 897
12.6333 897
12.65 897
12.6667 897
12.6833 898
12.7 898
12.7167 898
12.7333 898
12.75 898
12.7667 898
12.7833 897
12.8 897
12.8167 897
12.8333 897
12.85 897
12.8667 897
12.8833 897
12.9 897
12.9167 896
12.9333 896
12.95 896
12.9667 896
12.9833 895
13.0 895
13.0167 895
13.0333 894
13.05 894
13.0667 893
13.0833 893
13.1 893
13.1167 892
13.1333 892
13.15 891
13.1667 891
13.1833 890
13.2 890
13.2167 889
13.2333 888
13.25 888
13.2667 887
13.2833 886
13.3 886
13.3167 885
13.3333 884
13.35 884
13.3667 883
13.3833 882
13.4 881
13.4167 880
13.4333 880
13.45 879
13.4667 878
13.4833 877
13.5 876
13.5167 875
13.5333 874
13.55 873
13.5667 872
13.5833 871
13.6 870
13.6167 869
13.6333 868
13.65 867
13.6667 866
13.6833 865
13.7 864
13.7167 862
13.7333 861
13.75 860
13.7667 859
13.7833 858
13.8 856
13.8167 855
13.8333 854
13.85 852
13.8667 851
13.8833 850
13.9 848
13.9167 847
13.9333 846
13.95 844
13.9667 843
13.9833 841
14.0 840
14.0167 838
14.0333 837
14.05 835
14.0667 833
14.0833 832
14.1 830
14.1167 829
14.1333 827
14.15 825
14.1667 824
14.1833 822
14.2 820
14.2167 819
14.2333 817
14.25 815
14.2667 813
14.2833 811
14.3 810
14.3167 808
14.3333 806
14.35 804
14.3667 802
14.3833 800
14.4 798
14.4167 796
14.4333 794
14.45 792
14.4667 790
14.4833 788
14.5 786
14.5167 784
14.5333 782
14.55 780
14.5667 778
14.5833 776
14.6 774
14.6167 772
14.6333 770
14.65 767
14.6667 765
14.6833 763
14.7 761
14.7167 758
14.7333 756
14.75 754
14.7667 752
14.7833 749
14.8 747
14.8167 745
14.8333 742
14.85 740
14.8667 737
14.8833 735
14.9 733
14.9167 730
14.9333 728
14.95 725
14.9667 723
14.9833 720
15.0 718
15.0167 715
15.0333 713
15.05 710
15.0667 708
15.0833 705
15.1 703
15.1167 700
15.1333 697
15.15 695
15.1667 692
15.1833 689
15.2 687
15.2167 684
15.2333 681
15.25 678
15.2667 676
15.2833 673
15.3 670
15.3167 667
15.3333 664
15.35 662
15.3667 659
15.3833 656
15.4 653
15.4167 650
15.4333 647
15.45 644
15.4667 641
15.4833 638
15.5 635
15.5167 632
15.5333 629
15.55 626
15.5667 623
15.5833 620
15.6 617
15.6167 614
15.6333 611
15.65 608
15.6667 605
15.6833 602
15.7 599
15.7167 596
15.7333 593
15.75 590
15.7667 586
15.7833 583
15.8 580
15.8167 577
15.8333 574
15.85 570
15.8667 567
15.8833 564
15.9 561
15.9167 557
15.9333 554
15.95 551
15.9667 548
15.9833 544
