9.0 505
9.0167 508
9.0333 511
9.05 514
9.0667 517
9.0833 520
9.1 524
9.1167 527
9.1333 530
9.15 533
9.1667 536
9.1833 539
9.2 542
9.2167 546
9.2333 549
9.25 552
9.2667 555
9.2833 558
9.3 561
9.3167 564
9.3333 567
9.35 570
9.3667 573
9.3833 576
9.4 579
9.4167 582
9.4333 585
9.45 588
9.4667 591
9.4833 594
9.5 597
9.5167 600
9.5333 603
9.55 606
9.5667 609
9.5833 612
9.6 615
9.6167 617
9.6333 620
9.65 623
9.6667 626
9.6833 629
9.7 632
9.7167 635
9.7333 637
9.75 640
9.7667 643
9.7833 646
9.8 649
9.8167 651
9.8333 654
9.85 657
9.8667 660
9.8833 662
9.9 665
9.9167 668
9.9333 670
9.95 673
9.9667 676
9.9833 678
10.0 681
10.0167 684
10.0333 686
10.05 689
10.0667 691
10.0833 694
10.1 696
10.1167 699
10.1333 702
10.15 704
10.1667 707
10.1833 709
10.2 712
10.2167 714
10.2333 716
10.25 719
10.2667 721
10.2833 724
10.3 726
10.3167 729
10.3333 731
10.35 733
10.3667 736
10.3833 738
10.4 740
10.4167 743
10.4333 745
10.45 747
10.4667 749
10.4833 752
10.5 754
10.5167 756
10.5333 758
10.55 760
10.5667 763
10.5833 765
10.6 767
10.6167 769
10.6333 771
10.65 773
10.6667 775
10.6833 778
10.7 780
10.7167 782
10.7333 784
10.75 786
10.7667 788
10.7833 790
10.8 792
10.8167 794
10.8333 796
10.85 798
10.8667 799
10.8833 801
10.9 803
10.9167 805
10.9333 807
10.95 809
10.9667 811
10.9833 812
11.0 814
11.0167 816
11.0333 818
11.05 819
11.0667 821
11.0833 823
11.1 825
11.1167 826
11.1333 828
11.15 830
11.1667 831
11.1833 833
11.2 834
11.2167 836
11.2333 838
11.25 839
11.2667 841
11.2833 842
11.3 844
11.3167 845
11.3333 847
11.35 848
11.3667 849
11.3833 851
11.4 852
11.4167 854
11.4333 855
11.45 856
11.4667 858
11.4833 859
11.5 860
11.5167 862
11.5333 863
11.55 864
11.5667 865
11.5833 867
11.6 868
11.6167 869
11.6333 870
11.65 871
11.6667 872
11.6833 874
11.7 875
11.7167 876
11.7333 877
11.75 878
11.7667 879
11.7833 880
11.8 881
11.8167 882
11.8333 883
11.85 884
11.8667 885
11.8833 886
11.9 886
11.9167 887
11.9333 888
11.95 889
11.9667 890
11.9833 891
12.0 891
12.0167 892
12.0333 893
12.05 894
12.0667 894
12.0833 895
12.1 896
12.1167 896
12.1333 897
12.15 898
12.1667 898
12.1833 899
12.2 900
12.2167 900
12.2333 901
12.25 901
12.2667 902
12.2833 902
12.3 903
12.3167 903
12.3333 903
12.35 904
12.3667 904
12.3833 905
12.4 905
12.4167 905
12.4333 906
12.45 906
12.4667 906
12.4833 907
12.5 907
12.5167 907
12.5333 907
12.55 907
12.5667 908
12.5833 908
12.6 908
12.6167 908
12.6333 908
12.65 908
12.6667 908
12.6833 908
12.7 908
12.7167 908
12.7333 908
12.75 908
12.7667 908
12.7833 908
12.8 908
12.8167 908
12.8333 908
12.85 908
12.8667 908
12.8833 908
12.9 907
12.9167 907
12.9333 907
12.95 907
12.9667 907
12.9833 906
13.0 906
13.0167 906
13.0333 905
13.05 905
13.0667 905
13.0833 904
13.1 904
13.1167 903
13.1333 903
13.15 903
13.1667 902
13.1833 902
13.2 901
13.2167 901
13.2333 900
13.25 899
13.2667 899
13.2833 898
13.3 898
13.3167 897
13.3333 896
13.35 896
13.3667 895
13.3833 894
13.4 894
13.4167 893
13.4333 892
13.45 891
13.4667 891
13.4833 890
13.5 889
13.5167 888
13.5333 887
13.55 886
13.5667 886
13.5833 885
13.6 884
13.6167 883
13.6333 882
13.65 881
13.6667 880
13.6833 879
13.7 878
13.7167 877
13.7333 876
13.75 875
13.7667 874
13.7833 872
13.8 871
13.8167 870
13.8333 869
13.85 868
13.8667 867
13.8833 865
13.9 864
13.9167 863
13.9333 862
13.95 860
13.9667 859
13.9833 858
14.0 856
14.0167 855
14.0333 854
14.05 852
14.0667 851
14.0833 849
14.1 848
14.1167 847
14.1333 845
14.15 844
14.1667 842
14.1833 841
14.2 839
14.2167 837
14.2333 836
14.25 834
14.2667 833
14.2833 831
14.3 829
14.3167 828
14.3333 826
14.35 825
14.3667 823
14.3833 821
14.4 819
14.4167 818
14.4333 816
14.45 814
14.4667 812
14.4833 811
14.5 809
14.5167 807
14.5333 805
14.55 803
14.5667 801
14.5833 799
14.6 797
14.6167 796
14.6333 794
14.65 792
14.6667 790
14.6833 788
14.7 786
14.7167 784
14.7333 782
14.75 780
14.7667 777
14.7833 775
14.8 773
14.8167 771
14.8333 769
14.85 767
14.8667 765
14.8833 763
14.9 760
14.9167 758
14.9333 756
14.95 754
14.9667 752
14.9833 749
15.0 747
15.0167 745
15.0333 743
15.05 740
15.0667 738
15.0833 736
15.1 733
15.1167 731
15.1333 729
15.15 726
15.1667 724
15.1833 721
15.2 719
15.2167 716
15.2333 714
15.25 712
15.2667 709
15.2833 707
15.3 704
15.3167 702
15.3333 699
15.35 696
15.3667 694
15.3833 691
15.4 689
15.4167 686
15.4333 684
15.45 681
15.4667 678
15.4833 676
15.5 673
15.5167 670
15.5333 668
15.55 665
15.5667 662
15.5833 660
15.6 657
15.6167 654
15.6333 651
15.65 649
15.6667 646
15.6833 643
15.7 640
15.7167 637
15.7333 635
15.75 632
15.7667 629
15.7833 626
15.8 623
15.8167 620
15.8333 617
15.85 615
15.8667 612
15.8833 609
15.9 606
15.9167 603
15.9333 600
15.95 597
15.9667 594
15.9833 591
