9.0 455
9.0167 458
9.0333 462
9.05 465
9.0667 468
9.0833 471
9.1 474
9.1167 477
9.1333 481
9.15 484
9.1667 487
9.1833 490
9.2 493
9.2167 496
9.2333 500
9.25 503
9.2667 506
9.2833 509
9.3 512
9.3167 515
9.3333 518
9.35 521
9.3667 524
9.3833 527
9.4 530
9.4167 534
9.4333 537
9.45 540
9.4667 543
9.4833 546
9.5 549
9.5167 552
9.5333 555
9.55 558
9.5667 561
9.5833 564
9.6 567
9.6167 569
9.6333 572
9.65 575
9.6667 578
9.6833 581
9.7 584
9.7167 587
9.7333 590
9.75 593
9.7667 596
9.7833 598
9.8 601
9.8167 604
9.8333 607
9.85 610
9.8667 612
9.8833 615
9.9 618
9.9167 621
9.9333 624
9.95 626
9.9667 629
9.9833 632
10.0 634
10.0167 637
10.0333 640
10.05 642
10.0667 645
10.0833 648
10.1 650
10.1167 653
10.1333 656
10.15 658
10.1667 661
10.1833 663
10.2 666
10.2167 669
10.2333 671
10.25 674
10.2667 676
10.2833 679
10.3 681
10.3167 684
10.3333 686
10.35 688
10.3667 691
10.3833 693
10.4 696
10.4167 698
10.4333 700
10.45 703
10.4667 705
10.4833 708
10.5 710
10.5167 712
10.5333 714
10.55 717
10.5667 719
10.5833 721
10.6 724
10.6167 726
10.6333 728
10.65 730
10.6667 732
10.6833 735
10.7 737
10.7167 739
10.7333 741
10.75 743
10.7667 745
10.7833 747
10.8 749
10.8167 751
10.8333 753
10.85 755
10.8667 757
10.8833 759
10.9 761
10.9167 763
10.9333 765
10.95 767
10.9667 769
10.9833 771
11.0 773
11.0167 775
11.0333 777
11.05 778
11.0667 780
11.0833 782
11.1 784
11.1167 786
11.1333 787
11.15 789
11.1667 791
11.1833 793
11.2 794
11.2167 796
11.2333 798
11.25 799
11.2667 801
11.2833 803
11.3 804
11.3167 806
11.3333 807
11.35 809
11.3667 810
11.3833 812
11.4 813
11.4167 815
11.4333 816
11.45 818
11.4667 819
11.4833 821
11.5 822
11.5167 823
11.5333 825
11.55 826
11.5667 827
11.5833 829
11.6 830
11.6167 831
11.6333 833
11.65 834
11.6667 835
11.6833 836
11.7 838
11.7167 839
11.7333 840
11.75 841
11.7667 842
11.7833 843
11.8 844
11.8167 845
11.8333 846
11.85 847
11.8667 849
11.8833 849
11.9 850
11.9167 851
11.9333 852
11.95 853
11.9667 854
11.9833 855
12.0 856
12.0167 857
12.0333 858
12.05 859
12.0667 859
12.0833 860
12.1 861
12.1167 862
12.1333 862
12.15 863
12.1667 864
12.1833 865
12.2 865
12.2167 866
12.2333 866
12.25 867
12.2667 868
12.2833 868
12.3 869
12.3167 869
12.3333 870
12.35 870
12.3667 871
12.3833 871
12.4 872
12.4167 872
12.4333 873
12.45 873
12.4667 873
12.4833 874
12.5 874
12.5167 874
12.5333 875
12.55 875
12.5667 875
12.5833 876
12.6 876
12.6167 876
12.6333 876
12.65 876
12.6667 877
12.6833 877
12.7 877
12.7167 877
12.7333 877
12.75 877
12.7667 877
12.7833 877
12.8 877
12.8167 877
12.8333 877
12.85 877
12.8667 877
12.8833 877
12.9 877
12.9167 877
12.9333 877
12.95 877
12.9667 876
12.9833 876
13.0 876
13.0167 876
13.0333 876
13.05 875
13.0667 875
13.0833 875
13.1 874
13.1167 874
13.1333 874
13.15 873
13.1667 873
13.1833 873
13.2 872
13.2167 872
13.2333 871
13.25 871
13.2667 870
13.2833 870
13.3 869
13.3167 869
13.3333 868
13.35 867
13.3667 867
13.3833 866
13.4 866
13.4167 865
13.4333 864
13.45 864
13.4667 863
13.4833 862
13.5 861
13.5167 861
13.5333 860
13.55 859
13.5667 858
13.5833 857
13.6 857
13.6167 856
13.6333 855
13.65 854
13.6667 853
13.6833 852
13.7 851
13.7167 850
13.7333 849
13.75 848
13.7667 847
13.7833 846
13.8 845
13.8167 844
13.8333 843
13.85 842
13.8667 841
13.8833 839
13.9 838
13.9167 837
13.9333 836
13.95 835
13.9667 833
13.9833 832
14.0 831
14.0167 830
14.0333 828
14.05 827
14.0667 826
14.0833 824
14.1 823
14.1167 822
14.1333 820
14.15 819
14.1667 817
14.1833 816
14.2 814
14.2167 813
14.2333 811
14.25 810
14.2667 808
14.2833 807
14.3 805
14.3167 804
14.3333 802
14.35 800
14.3667 799
14.3833 797
14.4 795
14.4167 794
14.4333 792
14.45 790
14.4667 789
14.4833 787
14.5 785
14.5167 783
14.5333 781
14.55 780
14.5667 778
14.5833 776
14.6 774
14.6167 772
14.6333 770
14.65 768
14.6667 767
14.6833 765
14.7 763
14.7167 761
14.7333 759
14.75 757
14.7667 755
14.7833 753
14.8 751
14.8167 749
14.8333 747
14.85 744
14.8667 742
14.8833 740
14.9 738
14.9167 736
14.9333 734
14.95 732
14.9667 729
14.9833 727
15.0 725
15.0167 723
15.0333 720
15.05 718
15.0667 716
15.0833 714
15.1 711
15.1167 709
15.1333 707
15.15 704
15.1667 702
15.1833 700
15.2 697
15.2167 695
15.2333 692
15.25 690
15.2667 687
15.2833 685
15.3 683
15.3167 680
15.3333 678
15.35 675
15.3667 673
15.3833 670
15.4 668
15.4167 665
15.4333 662
15.45 660
15.4667 657
15.4833 655
15.5 652
15.5167 649
15.5333 647
15.55 644
15.5667 641
15.5833 639
15.6 636
15.6167 633
15.6333 631
15.65 628
15.6667 625
15.6833 622
15.7 620
15.7167 617
15.7333 614
15.75 611
15.7667 609
15.7833 606
15.8 603
15.8167 600
15.8333 597
15.85 594
15.8667 592
15.8833 589
15.9 586
15.9167 583
15.9333 580
15.95 577
15.9667 574
15.9833 571
