9.0 472
9.0167 475
9.0333 478
9.05 481
9.0667 484
9.0833 487
9.1 491
9.1167 494
9.1333 497
9.15 500
9.1667 503
9.1833 506
9.2 509
9.2167 512
9.2333 515
9.25 518
9.2667 521
9.2833 524
9.3 527
9.3167 530
9.3333 533
9.35 536
9.3667 539
9.3833 542
9.4 545
9.4167 548
9.4333 551
9.45 554
9.4667 557
9.4833 560
9.5 563
9.5167 566
9.5333 569
9.55 572
9.5667 574
9.5833 577
9.6 580
9.6167 583
9.6333 586
9.65 589
9.6667 592
9.6833 594
9.7 597
9.7167 600
9.7333 603
9.75 606
9.7667 608
9.7833 611
9.8 614
9.8167 617
9.8333 619
9.85 622
9.8667 625
9.8833 627
9.9 630
9.9167 633
9.9333 635
9.95 638
9.9667 641
9.9833 643
10.0 646
10.0167 649
10.0333 651
10.05 654
10.0667 656
10.0833 659
10.1 661
10.1167 664
10.1333 666
10.15 669
10.1667 671
10.1833 674
10.2 676
10.2167 679
10.2333 681
10.25 684
10.2667 686
10.2833 689
10.3 691
10.3167 693
10.3333 696
10.35 698
10.3667 700
10.3833 703
10.4 705
10.4167 707
10.4333 710
10.45 712
10.4667 714
10.4833 716
10.5 719
10.5167 721
10.5333 723
10.55 725
10.5667 727
10.5833 730
10.6 732
10.6167 734
10.6333 736
10.65 738
10.6667 740
10.6833 742
10.7 744
10.7167 746
10.7333 748
10.75 750
10.7667 753
10.7833 754
10.8 756
10.8167 758
10.8333 760
10.85 762
10.8667 764
10.8833 766
10.9 768
10.9167 770
10.9333 772
10.95 774
10.9667 775
10.9833 777
11.0 779
11.0167 781
11.0333 783
11.05 784
11.0667 786
11.0833 788
11.1 790
11.1167 791
11.1333 793
11.15 795
11.1667 796
11.1833 798
11.2 799
11.2167 801
11.2333 803
11.25 804
11.2667 806
11.2833 807
11.3 809
11.3167 810
11.3333 812
11.35 813
11.3667 815
11.3833 816
11.4 818
11.4167 819
11.4333 820
11.45 822
11.4667 823
11.4833 824
11.5 826
11.5167 827
11.5333 828
11.55 830
11.5667 831
11.5833 832
11.6 833
11.6167 834
11.6333 836
11.65 837
11.6667 838
11.6833 839
11.7 840
11.7167 841
11.7333 842
11.75 843
11.7667 845
11.7833 846
11.8 847
11.8167 848
11.8333 849
11.85 850
11.8667 851
11.8833 851
11.9 852
11.9167 853
11.9333 854
11.95 855
11.9667 856
11.9833 857
12.0 857
12.0167 858
12.0333 859
12.05 860
12.0667 861
12.0833 861
12.1 862
12.1167 863
12.1333 863
12.15 864
12.1667 865
12.1833 865
12.2 866
12.2167 866
12.2333 867
12.25 868
12.2667 868
12.2833 869
12.3 869
12.3167 870
12.3333 870
12.35 870
12.3667 871
12.3833 871
12.4 872
12.4167 872
12.4333 872
12.45 873
12.4667 873
12.4833 873
12.5 874
12.5167 874
12.5333 874
12.55 874
12.5667 875
12.5833 875
12.6 875
12.6167 875
12.6333 875
12.65 875
12.6667 876
12.6833 876
12.7 876
12.7167 876
12.7333 876
12.75 876
12.7667 876
12.7833 876
12.8 876
12.8167 876
12.8333 876
12.85 876
12.8667 875
12.8833 875
12.9 875
12.9167 875
12.9333 875
12.95 875
12.9667 874
12.9833 874
13.0 874
13.0167 874
13.0333 873
13.05 873
13.0667 873
13.0833 872
13.1 872
13.1167 872
13.1333 871
13.15 871
13.1667 870
13.1833 870
13.2 870
13.2167 869
13.2333 869
13.25 868
13.2667 868
13.2833 867
13.3 866
13.3167 866
13.3333 865
13.35 865
13.3667 864
13.3833 863
13.4 863
13.4167 862
13.4333 861
13.45 860
13.4667 860
13.4833 859
13.5 858
13.5167 857
13.5333 857
13.55 856
13.5667 855
13.5833 854
13.6 853
13.6167 852
13.6333 851
13.65 850
13.6667 849
13.6833 849
13.7 848
13.7167 847
13.7333 845
13.75 844
13.7667 843
13.7833 842
13.8 841
13.8167 840
13.8333 839
13.85 838
13.8667 837
13.8833 836
13.9 834
13.9167 833
13.9333 832
13.95 831
13.9667 829
13.9833 828
14.0 827
14.0167 826
14.0333 824
14.05 823
14.0667 822
14.0833 820
14.1 819
14.1167 817
14.1333 816
14.15 815
14.1667 813
14.1833 812
14.2 810
14.2167 809
14.2333 807
14.25 806
14.2667 804
14.2833 803
14.3 801
14.3167 799
14.3333 798
14.35 796
14.3667 794
14.3833 793
14.4 791
14.4167 789
14.4333 788
14.45 786
14.4667 784
14.4833 782
14.5 781
14.5167 779
14.5333 777
14.55 775
14.5667 773
14.5833 772
14.6 770
14.6167 768
14.6333 766
14.65 764
14.6667 762
14.6833 760
14.7 758
14.7167 756
14.7333 754
14.75 752
14.7667 750
14.7833 748
14.8 746
14.8167 744
14.8333 742
14.85 740
14.8667 738
14.8833 736
14.9 734
14.9167 732
14.9333 729
14.95 727
14.9667 725
14.9833 723
15.0 721
15.0167 719
15.0333 716
15.05 714
15.0667 712
15.0833 710
15.1 707
15.1167 705
15.1333 703
15.15 700
15.1667 698
15.1833 696
15.2 693
15.2167 691
15.2333 688
15.25 686
15.2667 684
15.2833 681
15.3 679
15.3167 676
15.3333 674
15.35 671
15.3667 669
15.3833 666
15.4 664
15.4167 661
15.4333 659
15.45 656
15.4667 654
15.4833 651
15.5 648
15.5167 646
15.5333 643
15.55 641
15.5667 638
15.5833 635
15.6 633
15.6167 630
15.6333 627
15.65 625
15.6667 622
15.6833 619
15.7 616
15.7167 614
15.7333 611
15.75 608
15.7667 605
15.7833 603
15.8 600
15.8167 597
15.8333 594
15.85 591
15.8667 589
15.8833 586
15.9 583
15.9167 580
15.9333 577
15.95 574
15.9667 571
15.9833 569
