9.0 429
9.0167 432
9.0333 435
9.05 438
9.0667 441
9.0833 445
9.1 448
9.1167 451
9.1333 454
9.15 458
9.1667 461
9.1833 464
9.2 467
9.2167 471
9.2333 474
9.25 477
9.2667 480
9.2833 483
9.3 487
9.3167 490
9.3333 493
9.35 496
9.3667 499
9.3833 502
9.4 505
9.4167 509
9.4333 512
9.45 515
9.4667 518
9.4833 521
9.5 524
9.5167 527
9.5333 530
9.55 533
9.5667 536
9.5833 539
9.6 542
9.6167 545
9.6333 548
9.65 551
9.6667 554
9.6833 557
9.7 560
9.7167 563
9.7333 566
9.75 569
9.7667 572
9.7833 575
9.8 578
9.8167 581
9.8333 583
9.85 586
9.8667 589
9.8833 592
9.9 595
9.9167 598
9.9333 601
9.95 603
9.9667 606
9.9833 609
10.0 612
10.0167 614
10.0333 617
10.05 620
10.0667 623
10.0833 625
10.1 628
10.1167 631
10.1333 633
10.15 636
10.1667 639
10.1833 641
10.2 644
10.2167 646
10.2333 649
10.25 652
10.2667 654
10.2833 657
10.3 659
10.3167 662
10.3333 664
10.35 667
10.3667 669
10.3833 672
10.4 674
10.4167 676
10.4333 679
10.45 681
10.4667 684
10.4833 686
10.5 688
10.5167 691
10.5333 693
10.55 695
10.5667 698
10.5833 700
10.6 702
10.6167 705
10.6333 707
10.65 709
10.6667 711
10.6833 713
10.7 716
10.7167 718
10.7333 720
10.75 722
10.7667 724
10.7833 726
10.8 728
10.8167 730
10.8333 732
10.85 734
10.8667 737
10.8833 739
10.9 741
10.9167 743
10.9333 744
10.95 746
10.9667 748
10.9833 750
11.0 752
11.0167 754
11.0333 756
11.05 758
11.0667 760
11.0833 761
11.1 763
11.1167 765
11.1333 767
11.15 768
11.1667 770
11.1833 772
11.2 774
11.2167 775
11.2333 777
11.25 779
11.2667 780
11.2833 782
11.3 783
11.3167 785
11.3333 787
11.35 788
11.3667 790
11.3833 791
11.4 793
11.4167 794
11.4333 796
11.45 797
11.4667 798
11.4833 800
11.5 801
11.5167 803
11.5333 804
11.55 805
11.5667 807
11.5833 808
11.6 809
11.6167 810
11.6333 812
11.65 813
11.6667 814
11.6833 815
11.7 816
11.7167 817
11.7333 819
11.75 820
11.7667 821
11.7833 822
11.8 823
11.8167 824
11.8333 825
11.85 826
11.8667 827
11.8833 828
11.9 829
11.9167 830
11.9333 831
11.95 832
11.9667 833
11.9833 833
12.0 834
12.0167 835
12.0333 836
12.05 837
12.0667 837
12.0833 838
12.1 839
12.1167 840
12.1333 840
12.15 841
12.1667 842
12.1833 842
12.2 843
12.2167 843
12.2333 844
12.25 845
12.2667 845
12.2833 846
12.3 846
12.3167 847
12.3333 847
12.35 848
12.3667 848
12.3833 848
12.4 849
12.4167 849
12.4333 849
12.45 850
12.4667 850
12.4833 850
12.5 851
12.5167 851
12.5333 851
12.55 851
12.5667 852
12.5833 852
12.6 852
12.6167 852
12.6333 852
12.65 852
12.6667 852
12.6833 852
12.7 852
12.7167 852
12.7333 852
12.75 852
12.7667 852
12.7833 852
12.8 852
12.8167 852
12.8333 852
12.85 852
12.8667 852
12.8833 852
12.9 851
12.9167 851
12.9333 851
12.95 851
12.9667 851
12.9833 850
13.0 850
13.0167 850
13.0333 849
13.05 849
13.0667 849
13.0833 848
13.1 848
13.1167 847
13.1333 847
13.15 846
13.1667 846
13.1833 845
13.2 845
13.2167 844
13.2333 844
13.25 843
13.2667 843
13.2833 842
13.3 841
13.3167 841
13.3333 840
13.35 839
13.3667 839
13.3833 838
13.4 837
13.4167 836
13.4333 836
13.45 835
13.4667 834
13.4833 833
13.5 832
13.5167 831
13.5333 830
13.55 830
13.5667 829
13.5833 828
13.6 827
13.6167 826
13.6333 825
13.65 824
13.6667 823
13.6833 822
13.7 820
13.7167 819
13.7333 818
13.75 817
13.7667 816
13.7833 815
13.8 814
13.8167 812
13.8333 811
13.85 810
13.8667 809
13.8833 807
13.9 806
13.9167 805
13.9333 803
13.95 802
13.9667 801
13.9833 799
14.0 798
14.0167 796
14.0333 795
14.05 794
14.0667 792
14.0833 791
14.1 789
14.1167 788
14.1333 786
14.15 784
14.1667 783
14.1833 781
14.2 780
14.2167 778
14.2333 776
14.25 775
14.2667 773
14.2833 771
14.3 770
14.3167 768
14.3333 766
14.35 764
14.3667 763
14.3833 761
14.4 759
14.4167 757
14.4333 755
14.45 753
14.4667 751
14.4833 750
14.5 748
14.5167 746
14.5333 744
14.55 742
14.5667 740
14.5833 738
14.6 736
14.6167 734
14.6333 732
14.65 730
14.6667 728
14.6833 726
14.7 723
14.7167 721
14.7333 719
14.75 717
14.7667 715
14.7833 713
14.8 710
14.8167 708
14.8333 706
14.85 704
14.8667 701
14.8833 699
14.9 697
14.9167 695
14.9333 692
14.95 690
14.9667 688
14.9833 685
15.0 682
15.0167 680
15.0333 678
15.05 675
15.0667 673
15.0833 670
15.1 668
15.1167 665
15.1333 663
15.15 660
15.1667 658
15.1833 655
15.2 653
15.2167 650
15.2333 648
15.25 645
15.2667 642
15.2833 640
15.3 637
15.3167 634
15.3333 632
15.35 629
15.3667 626
15.3833 624
15.4 621
15.4167 618
15.4333 616
15.45 613
15.4667 610
15.4833 607
15.5 605
15.5167 602
15.5333 599
15.55 596
15.5667 593
15.5833 590
15.6 588
15.6167 585
15.6333 582
15.65 579
15.6667 576
15.6833 573
15.7 570
15.7167 567
15.7333 564
15.75 561
15.7667 559
15.7833 556
15.8 553
15.8167 550
15.8333 547
15.85 544
15.8667 541
15.8833 538
15.9 535
15.9167 531
15.9333 528
15.95 525
15.9667 522
15.9833 519
