9.0 515
9.0167 518
9.0333 522
9.05 525
9.0667 528
9.0833 531
9.1 535
9.1167 538
9.1333 541
9.15 544
9.1667 547
9.1833 551
9.2 554
9.2167 557
9.2333 560
9.25 563
9.2667 566
9.2833 569
9.3 573
9.3167 576
9.3333 579
9.35 582
9.3667 585
9.3833 588
9.4 591
9.4167 594
9.4333 597
9.45 600
9.4667 603
9.4833 606
9.5 609
9.5167 612
9.5333 615
9.55 618
9.5667 621
9.5833 624
9.6 627
9.6167 630
9.6333 633
9.65 636
9.6667 639
9.6833 642
9.7 645
9.7167 647
9.7333 650
9.75 653
9.7667 656
9.7833 659
9.8 662
9.8167 664
9.8333 667
9.85 670
9.8667 673
9.8833 675
9.9 678
9.9167 681
9.9333 684
9.95 686
9.9667 689
9.9833 692
10.0 694
10.0167 697
10.0333 700
10.05 702
10.0667 705
10.0833 707
10.1 710
10.1167 712
10.1333 715
10.15 718
10.1667 720
10.1833 723
10.2 725
10.2167 728
10.2333 730
10.25 732
10.2667 735
10.2833 737
10.3 740
10.3167 742
10.3333 745
10.35 747
10.3667 749
10.3833 752
10.4 754
10.4167 756
10.4333 759
10.45 761
10.4667 763
10.4833 765
10.5 768
10.5167 770
10.5333 772
10.55 774
10.5667 776
10.5833 779
10.6 781
10.6167 783
10.6333 785
10.65 787
10.6667 789
10.6833 791
10.7 793
10.7167 795
10.7333 797
10.75 799
10.7667 801
10.7833 803
10.8 805
10.8167 807
10.8333 809
10.85 811
10.8667 813
10.8833 815
10.9 817
10.9167 819
10.9333 820
10.95 822
10.9667 824
10.9833 826
11.0 828
11.0167 829
11.0333 831
11.05 833
11.0667 834
11.0833 836
11.1 838
11.1167 840
11.1333 841
11.15 843
11.1667 844
11.1833 846
11.2 848
11.2167 849
11.2333 851
11.25 852
11.2667 854
11.2833 855
11.3 857
11.3167 858
11.3333 859
11.35 861
11.3667 862
11.3833 864
11.4 865
11.4167 866
11.4333 868
11.45 869
11.4667 870
11.4833 872
11.5 873
11.5167 874
11.5333 875
11.55 876
11.5667 878
11.5833 879
11.6 880
11.6167 881
11.6333 882
11.65 883
11.6667 884
11.6833 885
11.7 887
11.7167 888
11.7333 889
11.75 890
11.7667 891
11.7833 891
11.8 892
11.8167 893
11.8333 894
11.85 895
11.8667 896
11.8833 897
11.9 898
11.9167 898
11.9333 899
11.95 900
11.9667 901
11.9833 902
12.0 902
12.0167 903
12.0333 904
12.05 904
12.0667 905
12.0833 906
12.1 906
12.1167 907
12.1333 907
12.15 908
12.1667 908
12.1833 909
12.2 909
12.2167 910
12.2333 910
12.25 911
12.2667 911
12.2833 912
12.3 912
12.3167 912
12.3333 913
12.35 913
12.3667 913
12.3833 914
12.4 914
12.4167 914
12.4333 915
12.45 915
12.4667 915
12.4833 915
12.5 915
12.5167 915
12.5333 916
12.55 916
12.5667 916
12.5833 916
12.6 916
12.6167 916
12.6333 916
12.65 916
12.6667 916
12.6833 916
12.7 916
12.7167 916
12.7333 916
12.75 916
12.7667 915
12.7833 915
12.8 915
12.8167 915
12.8333 915
12.85 915
12.8667 914
12.8833 914
12.9 914
12.9167 913
12.9333 913
12.95 913
12.9667 912
12.9833 912
13.0 912
13.0167 911
13.0333 911
13.05 910
13.0667 910
13.0833 909
13.1 909
13.1167 908
13.1333 908
13.15 907
13.1667 907
13.1833 906
13.2 906
13.2167 905
13.2333 904
13.25 904
13.2667 903
13.2833 902
13.3 901
13.3167 901
13.3333 900
13.35 899
13.3667 898
13.3833 898
13.4 897
13.4167 896
13.4333 895
13.45 894
13.4667 893
13.4833 892
13.5 891
13.5167 890
13.5333 889
13.55 888
13.5667 887
13.5833 886
13.6 885
13.6167 884
13.6333 883
13.65 882
13.6667 881
13.6833 880
13.7 879
13.7167 878
13.7333 876
13.75 875
13.7667 874
13.7833 873
13.8 871
13.8167 870
13.8333 869
13.85 868
13.8667 866
13.8833 865
13.9 863
13.9167 862
13.9333 861
13.95 859
13.9667 858
13.9833 856
14.0 855
14.0167 853
14.0333 852
14.05 850
14.0667 849
14.0833 847
14.1 846
14.1167 844
14.1333 843
14.15 841
14.1667 839
14.1833 838
14.2 836
14.2167 834
14.2333 833
14.25 831
14.2667 829
14.2833 827
14.3 826
14.3167 824
14.3333 822
14.35 820
14.3667 818
14.3833 817
14.4 815
14.4167 813
14.4333 811
14.45 809
14.4667 807
14.4833 805
14.5 803
14.5167 801
14.5333 799
14.55 797
14.5667 795
14.5833 793
14.6 791
14.6167 789
14.6333 787
14.65 785
14.6667 783
14.6833 780
14.7 778
14.7167 776
14.7333 774
14.75 772
14.7667 770
14.7833 767
14.8 765
14.8167 763
14.8333 761
14.85 758
14.8667 756
14.8833 754
14.9 751
14.9167 749
14.9333 747
14.95 744
14.9667 742
14.9833 739
15.0 737
15.0167 735
15.0333 732
15.05 730
15.0667 727
15.0833 725
15.1 722
15.1167 720
15.1333 717
15.15 715
15.1667 712
15.1833 710
15.2 707
15.2167 705
15.2333 702
15.25 699
15.2667 697
15.2833 694
15.3 691
15.3167 689
15.3333 686
15.35 683
15.3667 681
15.3833 678
15.4 675
15.4167 672
15.4333 670
15.45 667
15.4667 664
15.4833 661
15.5 659
15.5167 656
15.5333 653
15.55 650
15.5667 647
15.5833 644
15.6 641
15.6167 639
15.6333 636
15.65 633
15.6667 630
15.6833 627
15.7 624
15.7167 621
15.7333 618
15.75 615
15.7667 612
15.7833 609
15.8 606
15.8167 603
15.8333 600
15.85 597
15.8667 594
15.8833 591
15.9 588
15.9167 585
15.9333 582
15.95 579
15.9667 576
15.9833 572
