9.0 490
9.0167 494
9.0333 497
9.05 500
9.0667 503
9.0833 506
9.1 509
9.1167 513
9.1333 516
9.15 519
9.1667 522
9.1833 525
9.2 528
9.2167 531
9.2333 534
9.25 537
9.2667 541
9.2833 544
9.3 547
9.3167 550
9.3333 553
9.35 556
9.3667 559
9.3833 562
9.4 565
9.4167 568
9.4333 571
9.45 574
9.4667 577
9.4833 580
9.5 583
9.5167 586
9.5333 588
9.55 591
9.5667 594
9.5833 597
9.6 600
9.6167 603
9.6333 606
9.65 609
9.6667 612
9.6833 614
9.7 617
9.7167 620
9.7333 623
9.75 626
9.7667 628
9.7833 631
9.8 634
9.8167 637
9.8333 639
9.85 642
9.8667 645
9.8833 648
9.9 650
9.9167 653
9.9333 656
9.95 658
9.9667 661
9.9833 663
10.0 666
10.0167 669
10.0333 671
10.05 674
10.0667 676
10.0833 679
10.1 682
10.1167 684
10.1333 687
10.15 689
10.1667 692
10.1833 694
10.2 696
10.2167 699
10.2333 701
10.25 704
10.2667 706
10.2833 709
10.3 711
10.3167 713
10.3333 716
10.35 718
10.3667 720
10.3833 723
10.4 725
10.4167 727
10.4333 729
10.45 732
10.4667 734
10.4833 736
10.5 738
10.5167 741
10.5333 743
10.55 745
10.5667 747
10.5833 749
10.6 751
10.6167 753
10.6333 756
10.65 758
10.6667 760
10.6833 762
10.7 764
10.7167 766
10.7333 768
10.75 770
10.7667 772
10.7833 774
10.8 776
10.8167 777
10.8333 779
10.85 781
10.8667 783
10.8833 785
10.9 787
10.9167 789
10.9333 790
10.95 792
10.9667 794
10.9833 796
11.0 798
11.0167 799
11.0333 801
11.05 803
11.0667 804
11.0833 806
11.1 808
11.1167 809
11.1333 811
11.15 813
11.1667 814
11.1833 816
11.2 817
11.2167 819
11.2333 820
11.25 822
11.2667 823
11.2833 825
11.3 826
11.3167 828
11.3333 829
11.35 830
11.3667 832
11.3833 833
11.4 835
11.4167 836
11.4333 837
11.45 838
11.4667 840
11.4833 841
11.5 842
11.5167 843
11.5333 845
11.55 846
11.5667 847
11.5833 848
11.6 849
11.6167 850
11.6333 852
11.65 853
11.6667 854
11.6833 855
11.7 856
11.7167 857
11.7333 858
11.75 859
11.7667 860
11.7833 861
11.8 862
11.8167 863
11.8333 863
11.85 864
11.8667 865
11.8833 866
11.9 867
11.9167 868
11.9333 868
11.95 869
11.9667 870
11.9833 871
12.0 871
12.0167 872
12.0333 873
12.05 873
12.0667 874
12.0833 875
12.1 875
12.1167 876
12.1333 876
12.15 877
12.1667 877
12.1833 878
12.2 878
12.2167 879
12.2333 879
12.25 880
12.2667 880
12.2833 881
12.3 881
12.3167 881
12.3333 882
12.35 882
12.3667 882
12.3833 883
12.4 883
12.4167 883
12.4333 883
12.45 884
12.4667 884
12.4833 884
12.5 884
12.5167 884
12.5333 884
12.55 885
12.5667 885
12.5833 885
12.6 885
12.6167 885
12.6333 885
12.65 885
12.6667 885
12.6833 885
12.7 885
12.7167 885
12.7333 884
12.75 884
12.7667 884
12.7833 884
12.8 884
12.8167 884
12.8333 884
12.85 883
12.8667 883
12.8833 883
12.9 883
12.9167 882
12.9333 882
12.95 882
12.9667 881
12.9833 881
13.0 880
13.0167 880
13.0333 880
13.05 879
13.0667 879
13.0833 878
13.1 878
13.1167 877
13.1333 877
13.15 876
13.1667 876
13.1833 875
13.2 874
13.2167 874
13.2333 873
13.25 872
13.2667 872
13.2833 871
13.3 870
13.3167 870
13.3333 869
13.35 868
13.3667 867
13.3833 866
13.4 866
13.4167 865
13.4333 864
13.45 863
13.4667 862
13.4833 861
13.5 860
13.5167 859
13.5333 858
13.55 857
13.5667 856
13.5833 855
13.6 854
13.6167 853
13.6333 852
13.65 851
13.6667 850
13.6833 849
13.7 848
13.7167 847
13.7333 845
13.75 844
13.7667 843
13.7833 842
13.8 841
13.8167 839
13.8333 838
13.85 837
13.8667 835
13.8833 834
13.9 833
13.9167 831
13.9333 830
13.95 829
13.9667 827
13.9833 826
14.0 824
14.0167 823
14.0333 821
14.05 820
14.0667 818
14.0833 817
14.1 815
14.1167 814
14.1333 812
14.15 810
14.1667 809
14.1833 807
14.2 805
14.2167 804
14.2333 802
14.25 800
14.2667 799
14.2833 797
14.3 795
14.3167 793
14.3333 792
14.35 790
14.3667 788
14.3833 786
14.4 784
14.4167 782
14.4333 781
14.45 779
14.4667 777
14.4833 775
14.5 773
14.5167 771
14.5333 769
14.55 767
14.5667 765
14.5833 763
14.6 761
14.6167 759
14.6333 757
14.65 755
14.6667 753
14.6833 751
14.7 748
14.7167 746
14.7333 744
14.75 742
14.7667 740
14.7833 738
14.8 735
14.8167 733
14.8333 731
14.85 729
14.8667 726
14.8833 724
14.9 722
14.9167 719
14.9333 717
14.95 715
14.9667 712
14.9833 710
15.0 708
15.0167 705
15.0333 703
15.05 701
15.0667 698
15.0833 696
15.1 693
15.1167 691
15.1333 688
15.15 686
15.1667 683
15.1833 681
15.2 678
15.2167 676
15.2333 673
15.25 671
15.2667 668
15.2833 665
15.3 663
15.3167 660
15.3333 657
15.35 655
15.3667 652
15.3833 649
15.4 647
15.4167 644
15.4333 641
15.45 639
15.4667 636
15.4833 633
15.5 630
15.5167 628
15.5333 625
15.55 622
15.5667 619
15.5833 616
15.6 614
15.6167 611
15.6333 608
15.65 605
15.6667 602
15.6833 599
15.7 596
15.7167 593
15.7333 591
15.75 588
15.7667 585
15.7833 582
15.8 579
15.8167 576
15.8333 573
15.85 570
15.8667 567
15.8833 564
15.9 561
15.9167 558
15.9333 555
15.95 552
15.9667 549
15.9833 546
