9.0 470
9.0167 473
9.0333 476
9.05 480
9.0667 483
9.0833 486
9.1 489
9.1167 492
9.1333 496
9.15 499
9.1667 502
9.1833 505
9.2 508
9.2167 511
9.2333 515
9.25 518
9.2667 521
9.2833 524
9.3 527
9.3167 530
9.3333 533
9.35 536
9.3667 539
9.3833 543
9.4 546
9.4167 549
9.4333 552
9.45 555
9.4667 558
9.4833 561
9.5 564
9.5167 567
9.5333 570
9.55 573
9.5667 576
9.5833 579
9.6 582
9.6167 585
9.6333 588
9.65 590
9.6667 593
9.6833 596
9.7 599
9.7167 602
9.7333 605
9.75 608
9.7667 611
9.7833 613
9.8 616
9.8167 619
9.8333 622
9.85 625
9.8667 628
9.8833 630
9.9 633
9.9167 636
9.9333 639
9.95 641
9.9667 644
9.9833 647
10.0 649
10.0167 652
10.0333 655
10.05 658
10.0667 660
10.0833 663
10.1 665
10.1167 668
10.1333 671
10.15 673
10.1667 676
10.1833 678
10.2 681
10.2167 683
10.2333 686
10.25 689
10.2667 691
10.2833 693
10.3 696
10.3167 698
10.3333 701
10.35 703
10.3667 706
10.3833 708
10.4 711
10.4167 713
10.4333 715
10.45 718
10.4667 720
10.4833 722
10.5 725
10.5167 727
10.5333 729
10.55 731
10.5667 734
10.5833 736
10.6 738
10.6167 740
10.6333 743
10.65 745
10.6667 747
10.6833 749
10.7 751
10.7167 753
10.7333 756
10.75 758
10.7667 760
10.7833 762
10.8 764
10.8167 766
10.8333 768
10.85 770
10.8667 772
10.8833 774
10.9 776
10.9167 778
10.9333 780
10.95 782
10.9667 784
10.9833 785
11.0 787
11.0167 789
11.0333 791
11.05 793
11.0667 795
11.0833 796
11.1 798
11.1167 800
11.1333 802
11.15 803
11.1667 805
11.1833 807
11.2 808
11.2167 810
11.2333 812
11.25 813
11.2667 815
11.2833 817
11.3 818
11.3167 820
11.3333 821
11.35 823
11.3667 824
11.3833 826
11.4 827
11.4167 829
11.4333 830
11.45 832
11.4667 833
11.4833 834
11.5 836
11.5167 837
11.5333 839
11.55 840
11.5667 841
11.5833 843
11.6 844
11.6167 845
11.6333 846
11.65 848
11.6667 849
11.6833 850
11.7 851
11.7167 852
11.7333 853
11.75 855
11.7667 856
11.7833 857
11.8 858
11.8167 859
11.8333 860
11.85 861
11.8667 862
11.8833 863
11.9 864
11.9167 865
11.9333 866
11.95 867
11.9667 868
11.9833 868
12.0 869
12.0167 870
12.0333 871
12.05 872
12.0667 873
12.0833 873
12.1 874
12.1167 875
12.1333 876
12.15 876
12.1667 877
12.1833 878
12.2 878
12.2167 879
12.2333 880
12.25 880
12.2667 881
12.2833 881
12.3 882
12.3167 882
12.3333 883
12.35 883
12.3667 884
12.3833 884
12.4 885
12.4167 885
12.4333 885
12.45 886
12.4667 886
12.4833 887
12.5 887
12.5167 887
12.5333 887
12.55 888
12.5667 888
12.5833 888
12.6 888
12.6167 889
12.6333 889
12.65 889
12.6667 889
12.6833 889
12.7 889
12.7167 889
12.7333 890
12.75 890
12.7667 890
12.7833 890
12.8 890
12.8167 890
12.8333 890
12.85 889
12.8667 889
12.8833 889
12.9 889
12.9167 889
12.9333 889
12.95 889
12.9667 889
12.9833 888
13.0 888
13.0167 888
13.0333 888
13.05 887
13.0667 887
13.0833 887
13.1 886
13.1167 886
13.1333 886
13.15 885
13.1667 885
13.1833 885
13.2 884
13.2167 884
13.2333 883
13.25 883
13.2667 882
13.2833 882
13.3 881
13.3167 880
13.3333 880
13.35 879
13.3667 879
13.3833 878
13.4 877
13.4167 877
13.4333 876
13.45 875
13.4667 875
13.4833 874
13.5 873
13.5167 872
13.5333 871
13.55 871
13.5667 870
13.5833 869
13.6 868
13.6167 867
13.6333 866
13.65 865
13.6667 864
13.6833 864
13.7 863
13.7167 862
13.7333 861
13.75 860
13.7667 858
13.7833 857
13.8 856
13.8167 855
13.8333 854
13.85 853
13.8667 852
13.8833 851
13.9 850
13.9167 848
13.9333 847
13.95 846
13.9667 845
13.9833 843
14.0 842
14.0167 841
14.0333 839
14.05 838
14.0667 837
14.0833 835
14.1 834
14.1167 833
14.1333 831
14.15 830
14.1667 828
14.1833 827
14.2 825
14.2167 824
14.2333 822
14.25 821
14.2667 819
14.2833 818
14.3 816
14.3167 814
14.3333 813
14.35 811
14.3667 810
14.3833 808
14.4 806
14.4167 804
14.4333 803
14.45 801
14.4667 799
14.4833 798
14.5 796
14.5167 794
14.5333 792
14.55 790
14.5667 788
14.5833 787
14.6 785
14.6167 783
14.6333 781
14.65 779
14.6667 777
14.6833 775
14.7 773
14.7167 771
14.7333 769
14.75 767
14.7667 765
14.7833 763
14.8 761
14.8167 759
14.8333 757
14.85 755
14.8667 753
14.8833 750
14.9 748
14.9167 746
14.9333 744
14.95 742
14.9667 740
14.9833 737
15.0 735
15.0167 733
15.0333 731
15.05 728
15.0667 726
15.0833 724
15.1 721
15.1167 719
15.1333 717
15.15 714
15.1667 712
15.1833 710
15.2 707
15.2167 705
15.2333 702
15.25 700
15.2667 697
15.2833 695
15.3 693
15.3167 690
15.3333 688
15.35 685
15.3667 682
15.3833 680
15.4 677
15.4167 675
15.4333 672
15.45 670
15.4667 667
15.4833 664
15.5 662
15.5167 659
15.5333 656
15.55 654
15.5667 651
15.5833 648
15.6 646
15.6167 643
15.6333 640
15.65 638
15.6667 635
15.6833 632
15.7 629
15.7167 626
15.7333 624
15.75 621
15.7667 618
15.7833 615
15.8 612
15.8167 609
15.8333 607
15.85 604
15.8667 601
15.8833 598
15.9 595
15.9167 592
15.9333 589
15.95 586
15.9667 583
15.9833 580
