9.0 469
9.0167 472
9.0333 476
9.05 479
9.0667 482
9.0833 486
9.1 489
9.1167 492
9.1333 496
9.15 499
9.1667 502
9.1833 505
9.2 509
9.2167 512
9.2333 515
9.25 518
9.2667 521
9.2833 525
9.3 528
9.3167 531
9.3333 534
9.35 537
9.3667 541
9.3833 544
9.4 547
9.4167 550
9.4333 553
9.45 556
9.4667 559
9.4833 563
9.5 566
9.5167 569
9.5333 572
9.55 575
9.5667 578
9.5833 581
9.6 584
9.6167 587
9.6333 590
9.65 593
9.6667 596
9.6833 599
9.7 602
9.7167 605
9.7333 608
9.75 611
9.7667 614
9.7833 617
9.8 620
9.8167 623
9.8333 626
9.85 629
9.8667 631
9.8833 634
9.9 637
9.9167 640
9.9333 643
9.95 646
9.9667 648
9.9833 651
10.0 654
10.0167 657
10.0333 659
10.05 662
10.0667 665
10.0833 668
10.1 670
10.1167 673
10.1333 676
10.15 678
10.1667 681
10.1833 684
10.2 686
10.2167 689
10.2333 692
10.25 694
10.2667 697
10.2833 699
10.3 702
10.3167 704
10.3333 707
10.35 709
10.3667 712
10.3833 714
10.4 717
10.4167 719
10.4333 722
10.45 724
10.4667 727
10.4833 729
10.5 731
10.5167 734
10.5333 736
10.55 738
10.5667 741
10.5833 743
10.6 745
10.6167 748
10.6333 750
10.65 752
10.6667 754
10.6833 756
10.7 759
10.7167 761
10.7333 763
10.75 765
10.7667 767
10.7833 769
10.8 772
10.8167 774
10.8333 776
10.85 778
10.8667 780
10.8833 782
10.9 784
10.9167 786
10.9333 788
10.95 790
10.9667 792
10.9833 794
11.0 796
11.0167 798
11.0333 799
11.05 801
11.0667 803
11.0833 805
11.1 807
11.1167 809
11.1333 810
11.15 812
11.1667 814
11.1833 816
11.2 817
11.2167 819
11.2333 821
11.25 823
11.2667 824
11.2833 826
11.3 827
11.3167 829
11.3333 831
11.35 832
11.3667 834
11.3833 835
11.4 837
11.4167 838
11.4333 840
11.45 841
11.4667 843
11.4833 844
11.5 846
11.5167 847
11.5333 848
11.55 850
11.5667 851
11.5833 852
11.6 854
11.6167 855
11.6333 856
11.65 858
11.6667 859
11.6833 860
11.7 861
11.7167 863
11.7333 864
11.75 865
11.7667 866
11.7833 867
11.8 868
11.8167 869
11.8333 870
11.85 871
11.8667 872
11.8833 873
11.9 874
11.9167 875
11.9333 876
11.95 877
11.9667 878
11.9833 879
12.0 880
12.0167 881
12.0333 882
12.05 883
12.0667 883
12.0833 884
12.1 885
12.1167 886
12.1333 886
12.15 887
12.1667 888
12.1833 889
12.2 889
12.2167 890
12.2333 890
12.25 891
12.2667 892
12.2833 892
12.3 893
12.3167 893
12.3333 894
12.35 894
12.3667 895
12.3833 895
12.4 896
12.4167 896
12.4333 897
12.45 897
12.4667 897
12.4833 898
12.5 898
12.5167 898
12.5333 899
12.55 899
12.5667 899
12.5833 899
12.6 900
12.6167 900
12.6333 900
12.65 900
12.6667 900
12.6833 900
12.7 901
12.7167 901
12.7333 901
12.75 901
12.7667 901
12.7833 901
12.8 901
12.8167 901
12.8333 901
12.85 901
12.8667 901
12.8833 901
12.9 900
12.9167 900
12.9333 900
12.95 900
12.9667 900
12.9833 900
13.0 899
13.0167 899
13.0333 899
13.05 899
13.0667 898
13.0833 898
13.1 898
13.1167 897
13.1333 897
13.15 896
13.1667 896
13.1833 896
13.2 895
13.2167 895
13.2333 894
13.25 894
13.2667 893
13.2833 893
13.3 892
13.3167 891
13.3333 891
13.35 890
13.3667 890
13.3833 889
13.4 888
13.4167 888
13.4333 887
13.45 886
13.4667 885
13.4833 885
13.5 884
13.5167 883
13.5333 882
13.55 881
13.5667 880
13.5833 880
13.6 879
13.6167 878
13.6333 877
13.65 876
13.6667 875
13.6833 874
13.7 873
13.7167 872
13.7333 871
13.75 870
13.7667 869
13.7833 868
13.8 867
13.8167 865
13.8333 864
13.85 863
13.8667 862
13.8833 861
13.9 860
13.9167 858
13.9333 857
13.95 856
13.9667 854
13.9833 853
14.0 852
14.0167 851
14.0333 849
14.05 848
14.0667 846
14.0833 845
14.1 844
14.1167 842
14.1333 841
14.15 839
14.1667 838
14.1833 836
14.2 835
14.2167 833
14.2333 832
14.25 830
14.2667 828
14.2833 827
14.3 825
14.3167 823
14.3333 822
14.35 820
14.3667 818
14.3833 817
14.4 815
14.4167 813
14.4333 811
14.45 810
14.4667 808
14.4833 806
14.5 804
14.5167 802
14.5333 801
14.55 799
14.5667 797
14.5833 795
14.6 793
14.6167 791
14.6333 789
14.65 787
14.6667 785
14.6833 783
14.7 781
14.7167 779
14.7333 777
14.75 775
14.7667 773
14.7833 771
14.8 768
14.8167 766
14.8333 764
14.85 762
14.8667 760
14.8833 758
14.9 755
14.9167 753
14.9333 751
14.95 749
14.9667 746
14.9833 744
15.0 742
15.0167 739
15.0333 737
15.05 735
15.0667 732
15.0833 730
15.1 728
15.1167 725
15.1333 723
15.15 720
15.1667 718
15.1833 715
15.2 713
15.2167 710
15.2333 708
15.25 705
15.2667 703
15.2833 700
15.3 698
15.3167 695
15.3333 693
15.35 690
15.3667 687
15.3833 685
15.4 682
15.4167 680
15.4333 677
15.45 674
15.4667 672
15.4833 669
15.5 666
15.5167 663
15.5333 661
15.55 658
15.5667 655
15.5833 652
15.6 650
15.6167 647
15.6333 644
15.65 641
15.6667 638
15.6833 636
15.7 633
15.7167 630
15.7333 627
15.75 624
15.7667 621
15.7833 618
15.8 615
15.8167 612
15.8333 609
15.85 606
15.8667 603
15.8833 600
15.9 597
15.9167 594
15.9333 591
15.95 588
15.9667 585
15.9833 582
