9.0 464
9.0167 467
9.0333 470
9.05 474
9.0667 477
9.0833 481
9.1 484
9.1167 487
9.1333 491
9.15 494
9.1667 498
9.1833 501
9.2 504
9.2167 508
9.2333 511
9.25 515
9.2667 518
9.2833 521
9.3 525
9.3167 528
9.3333 531
9.35 535
9.3667 538
9.3833 541
9.4 544
9.4167 548
9.4333 551
9.45 554
9.4667 558
9.4833 561
9.5 564
9.5167 567
9.5333 570
9.55 574
9.5667 577
9.5833 580
9.6 583
9.6167 586
9.6333 589
9.65 592
9.6667 596
9.6833 599
9.7 602
9.7167 605
9.7333 608
9.75 611
9.7667 614
9.7833 617
9.8 620
9.8167 623
9.8333 626
9.85 629
9.8667 632
9.8833 635
9.9 638
9.9167 641
9.9333 644
9.95 647
9.9667 650
9.9833 652
10.0 655
10.0167 658
10.0333 661
10.05 664
10.0667 667
10.0833 669
10.1 672
10.1167 675
10.1333 678
10.15 680
10.1667 683
10.1833 686
10.2 689
10.2167 691
10.2333 694
10.25 697
10.2667 699
10.2833 702
10.3 704
10.3167 707
10.3333 710
10.35 712
10.3667 715
10.3833 717
10.4 720
10.4167 722
10.4333 725
10.45 727
10.4667 730
10.4833 732
10.5 734
10.5167 737
10.5333 739
10.55 742
10.5667 744
10.5833 746
10.6 749
10.6167 751
10.6333 753
10.65 756
10.6667 758
10.6833 760
10.7 762
10.7167 765
10.7333 767
10.75 769
10.7667 771
10.7833 773
10.8 775
10.8167 777
10.8333 780
10.85 782
10.8667 784
10.8833 786
10.9 788
10.9167 790
10.9333 792
10.95 794
10.9667 796
10.9833 798
11.0 800
11.0167 801
11.0333 803
11.05 805
11.0667 807
11.0833 809
11.1 811
11.1167 813
11.1333 814
11.15 816
11.1667 818
11.1833 820
11.2 821
11.2167 823
11.2333 825
11.25 826
11.2667 828
11.2833 830
11.3 831
11.3167 833
11.3333 834
11.35 836
11.3667 837
11.3833 839
11.4 840
11.4167 842
11.4333 843
11.45 845
11.4667 846
11.4833 848
11.5 849
11.5167 850
11.5333 852
11.55 853
11.5667 854
11.5833 856
11.6 857
11.6167 858
11.6333 859
11.65 861
11.6667 862
11.6833 863
11.7 864
11.7167 865
11.7333 866
11.75 868
11.7667 869
11.7833 870
11.8 871
11.8167 872
11.8333 873
11.85 874
11.8667 875
11.8833 876
11.9 877
11.9167 878
11.9333 878
11.95 879
11.9667 880
11.9833 881
12.0 882
12.0167 883
12.0333 883
12.05 884
12.0667 885
12.0833 886
12.1 886
12.1167 887
12.1333 888
12.15 888
12.1667 889
12.1833 889
12.2 890
12.2167 891
12.2333 891
12.25 892
12.2667 892
12.2833 893
12.3 893
12.3167 893
12.3333 894
12.35 894
12.3667 895
12.3833 895
12.4 895
12.4167 896
12.4333 896
12.45 896
12.4667 897
12.4833 897
12.5 897
12.5167 897
12.5333 897
12.55 898
12.5667 898
12.5833 898
12.6 898
12.6167 898
12.6333 898
12.65 898
12.6667 898
12.6833 898
12.7 898
12.7167 898
12.7333 898
12.75 898
12.7667 898
12.7833 898
12.8 898
12.8167 897
12.8333 897
12.85 897
12.8667 897
12.8833 897
12.9 896
12.9167 896
12.9333 896
12.95 896
12.9667 895
12.9833 895
13.0 894
13.0167 894
13.0333 894
13.05 893
13.0667 893
13.0833 892
13.1 892
13.1167 891
13.1333 891
13.15 890
13.1667 890
13.1833 889
13.2 888
13.2167 888
13.2333 887
13.25 886
13.2667 886
13.2833 885
13.3 884
13.3167 884
13.3333 883
13.35 882
13.3667 881
13.3833 880
13.4 880
13.4167 879
13.4333 878
13.45 877
13.4667 876
13.4833 875
13.5 874
13.5167 873
13.5333 872
13.55 871
13.5667 870
13.5833 869
13.6 868
13.6167 867
13.6333 866
13.65 865
13.6667 863
13.6833 862
13.7 861
13.7167 860
13.7333 859
13.75 857
13.7667 856
13.7833 855
13.8 854
13.8167 852
13.8333 851
13.85 850
13.8667 848
13.8833 847
13.9 845
13.9167 844
13.9333 842
13.95 841
13.9667 840
13.9833 838
14.0 836
14.0167 835
14.0333 833
14.05 832
14.0667 830
14.0833 829
14.1 827
14.1167 825
14.1333 824
14.15 822
14.1667 820
14.1833 818
14.2 817
14.2167 815
14.2333 813
14.25 811
14.2667 810
14.2833 808
14.3 806
14.3167 804
14.3333 802
14.35 800
14.3667 798
14.3833 796
14.4 794
14.4167 792
14.4333 790
14.45 788
14.4667 786
14.4833 784
14.5 782
14.5167 780
14.5333 778
14.55 776
14.5667 774
14.5833 772
14.6 770
14.6167 767
14.6333 765
14.65 763
14.6667 761
14.6833 759
14.7 756
14.7167 754
14.7333 752
14.75 750
14.7667 747
14.7833 745
14.8 742
14.8167 740
14.8333 738
14.85 735
14.8667 733
14.8833 730
14.9 728
14.9167 726
14.9333 723
14.95 721
14.9667 718
14.9833 716
15.0 712
15.0167 710
15.0333 707
15.05 705
15.0667 702
15.0833 699
15.1 697
15.1167 694
15.1333 691
15.15 689
15.1667 686
15.1833 683
15.2 681
15.2167 678
15.2333 675
15.25 672
15.2667 670
15.2833 667
15.3 664
15.3167 661
15.3333 658
15.35 656
15.3667 653
15.3833 650
15.4 647
15.4167 644
15.4333 641
15.45 638
15.4667 635
15.4833 632
15.5 629
15.5167 626
15.5333 623
15.55 620
15.5667 617
15.5833 614
15.6 611
15.6167 608
15.6333 605
15.65 602
15.6667 599
15.6833 596
15.7 593
15.7167 590
15.7333 587
15.75 583
15.7667 580
15.7833 577
15.8 574
15.8167 571
15.8333 568
15.85 564
15.8667 561
15.8833 558
15.9 555
15.9167 551
15.9333 548
15.95 545
15.9667 542
15.9833 538
