9.0 411
9.0167 414
9.0333 418
9.05 421
9.0667 424
9.0833 427
9.1 431
9.1167 434
9.1333 437
9.15 440
9.1667 443
9.1833 447
9.2 450
9.2167 453
9.2333 456
9.25 459
9.2667 463
9.2833 466
9.3 469
9.3167 472
9.3333 475
9.35 478
9.3667 482
9.3833 485
9.4 488
9.4167 491
9.4333 494
9.45 497
9.4667 500
9.4833 503
9.5 506
9.5167 509
9.5333 512
9.55 516
9.5667 519
9.5833 522
9.6 525
9.6167 528
9.6333 531
9.65 534
9.6667 537
9.6833 539
9.7 542
9.7167 545
9.7333 548
9.75 551
9.7667 554
9.7833 557
9.8 560
9.8167 563
9.8333 566
9.85 568
9.8667 571
9.8833 574
9.9 577
9.9167 580
9.9333 582
9.95 585
9.9667 588
9.9833 591
10.0 594
10.0167 596
10.0333 599
10.05 602
10.0667 604
10.0833 607
10.1 610
10.1167 612
10.1333 615
10.15 618
10.1667 620
10.1833 623
10.2 625
10.2167 628
10.2333 630
10.25 633
10.2667 636
10.2833 638
10.3 641
10.3167 643
10.3333 646
10.35 648
10.3667 650
10.3833 653
10.4 655
10.4167 658
10.4333 660
10.45 662
10.4667 665
10.4833 667
10.5 669
10.5167 672
10.5333 674
10.55 676
10.5667 679
10.5833 681
10.6 683
10.6167 685
10.6333 687
10.65 690
10.6667 692
10.6833 694
10.7 696
10.7167 698
10.7333 700
10.75 702
10.7667 704
10.7833 707
10.8 709
10.8167 711
10.8333 713
10.85 715
10.8667 717
10.8833 719
10.9 720
10.9167 722
10.9333 724
10.95 726
10.9667 728
10.9833 730
11.0 732
11.0167 734
11.0333 735
11.05 737
11.0667 739
11.0833 741
11.1 743
11.1167 744
11.1333 746
11.15 748
11.1667 749
11.1833 751
11.2 753
11.2167 754
11.2333 756
11.25 757
11.2667 759
11.2833 761
11.3 762
11.3167 764
11.3333 765
11.35 767
11.3667 768
11.3833 769
11.4 771
11.4167 772
11.4333 774
11.45 775
11.4667 776
11.4833 778
11.5 779
11.5167 780
11.5333 782
11.55 783
11.5667 784
11.5833 785
11.6 787
11.6167 788
11.6333 789
11.65 790
11.6667 791
11.6833 792
11.7 793
11.7167 794
11.7333 796
11.75 797
11.7667 798
11.7833 799
11.8 800
11.8167 801
11.8333 801
11.85 802
11.8667 803
11.8833 804
11.9 805
11.9167 806
11.9333 807
11.95 808
11.9667 808
11.9833 809
12.0 810
12.0167 811
12.0333 811
12.05 812
12.0667 813
12.0833 813
12.1 814
12.1167 815
12.1333 815
12.15 816
12.1667 816
12.1833 817
12.2 817
12.2167 818
12.2333 818
12.25 819
12.2667 819
12.2833 820
12.3 820
12.3167 821
12.3333 821
12.35 821
12.3667 822
12.3833 822
12.4 822
12.4167 823
12.4333 823
12.45 823
12.4667 823
12.4833 823
12.5 824
12.5167 824
12.5333 824
12.55 824
12.5667 824
12.5833 824
12.6 824
12.6167 824
12.6333 824
12.65 824
12.6667 824
12.6833 824
12.7 824
12.7167 824
12.7333 824
12.75 824
12.7667 824
12.7833 824
12.8 824
12.8167 823
12.8333 823
12.85 823
12.8667 823
12.8833 822
12.9 822
12.9167 822
12.9333 821
12.95 821
12.9667 821
12.9833 820
13.0 820
13.0167 820
13.0333 819
13.05 819
13.0667 818
13.0833 818
13.1 817
13.1167 817
13.1333 816
13.15 815
13.1667 815
13.1833 814
13.2 814
13.2167 813
13.2333 812
13.25 812
13.2667 811
13.2833 810
13.3 809
13.3167 809
13.3333 808
13.35 807
13.3667 806
13.3833 805
13.4 804
13.4167 804
13.4333 803
13.45 802
13.4667 801
13.4833 800
13.5 799
13.5167 798
13.5333 797
13.55 796
13.5667 795
13.5833 794
13.6 793
13.6167 792
13.6333 790
13.65 789
13.6667 788
13.6833 787
13.7 786
13.7167 785
13.7333 783
13.75 782
13.7667 781
13.7833 779
13.8 778
13.8167 777
13.8333 775
13.85 774
13.8667 773
13.8833 771
13.9 770
13.9167 768
13.9333 767
13.95 766
13.9667 764
13.9833 763
14.0 761
14.0167 759
14.0333 758
14.05 756
14.0667 755
14.0833 753
14.1 752
14.1167 750
14.1333 748
14.15 747
14.1667 745
14.1833 743
14.2 741
14.2167 740
14.2333 738
14.25 736
14.2667 734
14.2833 732
14.3 731
14.3167 729
14.3333 727
14.35 725
14.3667 723
14.3833 721
14.4 719
14.4167 717
14.4333 715
14.45 713
14.4667 711
14.4833 709
14.5 707
14.5167 705
14.5333 703
14.55 701
14.5667 699
14.5833 697
14.6 695
14.6167 693
14.6333 690
14.65 688
14.6667 686
14.6833 684
14.7 682
14.7167 679
14.7333 677
14.75 675
14.7667 672
14.7833 670
14.8 668
14.8167 666
14.8333 663
14.85 661
14.8667 658
14.8833 656
14.9 654
14.9167 651
14.9333 649
14.95 646
14.9667 644
14.9833 641
15.0 638
15.0167 636
15.0333 633
15.05 631
15.0667 628
15.0833 625
15.1 623
15.1167 620
15.1333 618
15.15 615
15.1667 612
15.1833 610
15.2 607
15.2167 604
15.2333 602
15.25 599
15.2667 596
15.2833 594
15.3 591
15.3167 588
15.3333 585
15.35 583
15.3667 580
15.3833 577
15.4 574
15.4167 571
15.4333 569
15.45 566
15.4667 563
15.4833 560
15.5 557
15.5167 554
15.5333 551
15.55 548
15.5667 545
15.5833 543
15.6 540
15.6167 537
15.6333 534
15.65 531
15.6667 528
15.6833 525
15.7 522
15.7167 519
15.7333 516
15.75 513
15.7667 510
15.7833 507
15.8 503
15.8167 500
15.8333 497
15.85 494
15.8667 491
15.8833 488
15.9 485
15.9167 482
15.9333 479
15.95 476
15.9667 472
15.9833 469
