9.0 472
9.0167 476
9.0333 479
9.05 483
9.0667 486
9.0833 489
9.1 493
9.1167 496
9.1333 499
9.15 503
9.1667 506
9.1833 509
9.2 513
9.2167 516
9.2333 519
9.25 523
9.2667 526
9.2833 529
9.3 532
9.3167 536
9.3333 539
9.35 542
9.3667 545
9.3833 549
9.4 552
9.4167 555
9.4333 558
9.45 561
9.4667 565
9.4833 568
9.5 571
9.5167 574
9.5333 577
9.55 580
9.5667 583
9.5833 586
9.6 590
9.6167 593
9.6333 596
9.65 599
9.6667 602
9.6833 605
9.7 608
9.7167 611
9.7333 614
9.75 617
9.7667 620
9.7833 623
9.8 626
9.8167 629
9.8333 632
9.85 634
9.8667 637
9.8833 640
9.9 643
9.9167 646
9.9333 649
9.95 652
9.9667 655
9.9833 657
10.0 660
10.0167 663
10.0333 666
10.05 668
10.0667 671
10.0833 674
10.1 677
10.1167 679
10.1333 682
10.15 685
10.1667 687
10.1833 690
10.2 693
10.2167 695
10.2333 698
10.25 701
10.2667 703
10.2833 706
10.3 708
10.3167 711
10.3333 713
10.35 716
10.3667 718
10.3833 721
10.4 723
10.4167 726
10.4333 728
10.45 731
10.4667 733
10.4833 735
10.5 738
10.5167 740
10.5333 742
10.55 745
10.5667 747
10.5833 749
10.6 752
10.6167 754
10.6333 756
10.65 758
10.6667 761
10.6833 763
10.7 765
10.7167 767
10.7333 769
10.75 771
10.7667 773
10.7833 776
10.8 778
10.8167 780
10.8333 782
10.85 784
10.8667 786
10.8833 788
10.9 790
10.9167 792
10.9333 794
10.95 796
10.9667 798
10.9833 799
11.0 801
11.0167 803
11.0333 805
11.05 807
11.0667 809
11.0833 810
11.1 812
11.1167 814
11.1333 816
11.15 817
11.1667 819
11.1833 821
11.2 823
11.2167 824
11.2333 826
11.25 827
11.2667 829
11.2833 831
11.3 832
11.3167 834
11.3333 835
11.35 837
11.3667 838
11.3833 840
11.4 841
11.4167 843
11.4333 844
11.45 845
11.4667 847
11.4833 848
11.5 850
11.5167 851
11.5333 852
11.55 853
11.5667 855
11.5833 856
11.6 857
11.6167 858
11.6333 860
11.65 861
11.6667 862
11.6833 863
11.7 864
11.7167 865
11.7333 866
11.75 867
11.7667 869
11.7833 870
11.8 871
11.8167 872
11.8333 873
11.85 874
11.8667 874
11.8833 875
11.9 876
11.9167 877
11.9333 878
11.95 879
11.9667 880
11.9833 880
12.0 881
12.0167 882
12.0333 883
12.05 883
12.0667 884
12.0833 885
12.1 886
12.1167 886
12.1333 887
12.15 887
12.1667 888
12.1833 889
12.2 889
12.2167 890
12.2333 890
12.25 891
12.2667 891
12.2833 892
12.3 892
12.3167 892
12.3333 893
12.35 893
12.3667 894
12.3833 894
12.4 894
12.4167 895
12.4333 895
12.45 895
12.4667 895
12.4833 896
12.5 896
12.5167 896
12.5333 896
12.55 896
12.5667 896
12.5833 896
12.6 897
12.6167 897
12.6333 897
12.65 897
12.6667 897
12.6833 897
12.7 897
12.7167 897
12.7333 896
12.75 896
12.7667 896
12.7833 896
12.8 896
12.8167 896
12.8333 896
12.85 895
12.8667 895
12.8833 895
12.9 895
12.9167 894
12.9333 894
12.95 894
12.9667 893
12.9833 893
13.0 893
13.0167 892
13.0333 892
13.05 891
13.0667 891
13.0833 890
13.1 890
13.1167 889
13.1333 889
13.15 888
13.1667 888
13.1833 887
13.2 886
13.2167 886
13.2333 885
13.25 885
13.2667 884
13.2833 883
13.3 882
13.3167 882
13.3333 881
13.35 880
13.3667 879
13.3833 878
13.4 878
13.4167 877
13.4333 876
13.45 875
13.4667 874
13.4833 873
13.5 872
13.5167 871
13.5333 870
13.55 869
13.5667 868
13.5833 867
13.6 866
13.6167 865
13.6333 864
13.65 863
13.6667 861
13.6833 860
13.7 859
13.7167 858
13.7333 857
13.75 855
13.7667 854
13.7833 853
13.8 852
13.8167 850
13.8333 849
13.85 848
13.8667 846
13.8833 845
13.9 843
13.9167 842
13.9333 840
13.95 839
13.9667 838
13.9833 836
14.0 835
14.0167 833
14.0333 831
14.05 830
14.0667 828
14.0833 827
14.1 825
14.1167 823
14.1333 822
14.15 820
14.1667 818
14.1833 817
14.2 815
14.2167 813
14.2333 811
14.25 810
14.2667 808
14.2833 806
14.3 804
14.3167 802
14.3333 800
14.35 799
14.3667 797
14.3833 795
14.4 793
14.4167 791
14.4333 789
14.45 787
14.4667 785
14.4833 783
14.5 781
14.5167 779
14.5333 777
14.55 775
14.5667 772
14.5833 770
14.6 768
14.6167 766
14.6333 764
14.65 762
14.6667 759
14.6833 757
14.7 755
14.7167 753
14.7333 750
14.75 748
14.7667 746
14.7833 744
14.8 741
14.8167 739
14.8333 737
14.85 734
14.8667 732
14.8833 729
14.9 727
14.9167 724
14.9333 722
14.95 720
14.9667 717
14.9833 715
15.0 712
15.0167 710
15.0333 707
15.05 705
15.0667 702
15.0833 700
15.1 697
15.1167 694
15.1333 692
15.15 689
15.1667 686
15.1833 684
15.2 681
15.2167 678
15.2333 676
15.25 673
15.2667 670
15.2833 667
15.3 665
15.3167 662
15.3333 659
15.35 656
15.3667 653
15.3833 651
15.4 648
15.4167 645
15.4333 642
15.45 639
15.4667 636
15.4833 633
15.5 630
15.5167 627
15.5333 625
15.55 622
15.5667 619
15.5833 616
15.6 613
15.6167 610
15.6333 607
15.65 604
15.6667 601
15.6833 597
15.7 594
15.7167 591
15.7333 588
15.75 585
15.7667 582
15.7833 579
15.8 576
15.8167 573
15.8333 570
15.85 566
15.8667 563
15.8833 560
15.9 557
15.9167 554
15.9333 550
15.95 547
15.9667 544
15.9833 541
