9.0 445
9.0167 448
9.0333 451
9.05 454
9.0667 458
9.0833 461
9.1 464
9.1167 467
9.1333 470
9.15 474
9.1667 477
9.1833 480
9.2 483
9.2167 486
9.2333 490
9.25 493
9.2667 496
9.2833 499
9.3 502
9.3167 505
9.3333 509
9.35 512
9.3667 515
9.3833 518
9.4 521
9.4167 524
9.4333 527
9.45 530
9.4667 533
9.4833 536
9.5 540
9.5167 543
9.5333 546
9.55 549
9.5667 552
9.5833 555
9.6 558
9.6167 561
9.6333 564
9.65 567
9.6667 570
9.6833 573
9.7 575
9.7167 578
9.7333 581
9.75 584
9.7667 587
9.7833 590
9.8 593
9.8167 596
9.8333 599
9.85 602
9.8667 604
9.8833 607
9.9 610
9.9167 613
9.9333 616
9.95 618
9.9667 621
9.9833 624
10.0 627
10.0167 629
10.0333 632
10.05 635
10.0667 638
10.0833 640
10.1 643
10.1167 646
10.1333 648
10.15 651
10.1667 654
10.1833 656
10.2 659
10.2167 661
10.2333 664
10.25 666
10.2667 669
10.2833 672
10.3 674
10.3167 677
10.3333 679
10.35 682
10.3667 684
10.3833 687
10.4 689
10.4167 691
10.4333 694
10.45 696
10.4667 699
10.4833 701
10.5 703
10.5167 706
10.5333 708
10.55 710
10.5667 713
10.5833 715
10.6 717
10.6167 720
10.6333 722
10.65 724
10.6667 726
10.6833 728
10.7 731
10.7167 733
10.7333 735
10.75 737
10.7667 739
10.7833 741
10.8 743
10.8167 746
10.8333 748
10.85 750
10.8667 752
10.8833 754
10.9 756
10.9167 758
10.9333 760
10.95 762
10.9667 764
10.9833 766
11.0 767
11.0167 769
11.0333 771
11.05 773
11.0667 775
11.0833 777
11.1 779
11.1167 780
11.1333 782
11.15 784
11.1667 786
11.1833 788
11.2 789
11.2167 791
11.2333 793
11.25 794
11.2667 796
11.2833 798
11.3 799
11.3167 801
11.3333 802
11.35 804
11.3667 806
11.3833 807
11.4 809
11.4167 810
11.4333 812
11.45 813
11.4667 815
11.4833 816
11.5 817
11.5167 819
11.5333 820
11.55 822
11.5667 823
11.5833 824
11.6 826
11.6167 827
11.6333 828
11.65 829
11.6667 831
11.6833 832
11.7 833
11.7167 834
11.7333 835
11.75 837
11.7667 838
11.7833 839
11.8 840
11.8167 841
11.8333 842
11.85 843
11.8667 844
11.8833 845
11.9 846
11.9167 847
11.9333 848
11.95 849
11.9667 850
11.9833 851
12.0 852
12.0167 853
12.0333 854
12.05 854
12.0667 855
12.0833 856
12.1 857
12.1167 858
12.1333 858
12.15 859
12.1667 860
12.1833 860
12.2 861
12.2167 862
12.2333 862
12.25 863
12.2667 864
12.2833 864
12.3 865
12.3167 865
12.3333 866
12.35 866
12.3667 867
12.3833 867
12.4 868
12.4167 868
12.4333 869
12.45 869
12.4667 869
12.4833 870
12.5 870
12.5167 870
12.5333 871
12.55 871
12.5667 871
12.5833 872
12.6 872
12.6167 872
12.6333 872
12.65 872
12.6667 873
12.6833 873
12.7 873
12.7167 873
12.7333 873
12.75 873
12.7667 873
12.7833 873
12.8 873
12.8167 873
12.8333 873
12.85 873
12.8667 873
12.8833 873
12.9 873
12.9167 873
12.9333 873
12.95 872
12.9667 872
12.9833 872
13.0 872
13.0167 872
13.0333 871
13.05 871
13.0667 871
13.0833 870
13.1 870
13.1167 870
13.1333 869
13.15 869
13.1667 869
13.1833 868
13.2 868
13.2167 867
13.2333 867
13.25 866
13.2667 866
13.2833 865
13.3 865
13.3167 864
13.3333 864
13.35 863
13.3667 862
13.3833 862
13.4 861
13.4167 860
13.4333 860
13.45 859
13.4667 858
13.4833 858
13.5 857
13.5167 856
13.5333 855
13.55 854
13.5667 854
13.5833 853
13.6 852
13.6167 851
13.6333 850
13.65 849
13.6667 848
13.6833 847
13.7 846
13.7167 845
13.7333 844
13.75 843
13.7667 842
13.7833 841
13.8 840
13.8167 839
13.8333 838
13.85 837
13.8667 835
13.8833 834
13.9 833
13.9167 832
13.9333 831
13.95 829
13.9667 828
13.9833 827
14.0 826
14.0167 824
14.0333 823
14.05 822
14.0667 820
14.0833 819
14.1 817
14.1167 816
14.1333 814
14.15 813
14.1667 812
14.1833 810
14.2 809
14.2167 807
14.2333 805
14.25 804
14.2667 802
14.2833 801
14.3 799
14.3167 798
14.3333 796
14.35 794
14.3667 793
14.3833 791
14.4 789
14.4167 787
14.4333 786
14.45 784
14.4667 782
14.4833 780
14.5 779
14.5167 777
14.5333 775
14.55 773
14.5667 771
14.5833 769
14.6 767
14.6167 766
14.6333 764
14.65 762
14.6667 760
14.6833 758
14.7 756
14.7167 754
14.7333 752
14.75 750
14.7667 748
14.7833 746
14.8 743
14.8167 741
14.8333 739
14.85 737
14.8667 735
14.8833 733
14.9 731
14.9167 728
14.9333 726
14.95 724
14.9667 722
14.9833 719
15.0 717
15.0167 715
15.0333 712
15.05 710
15.0667 708
15.0833 705
15.1 703
15.1167 701
15.1333 698
15.15 696
15.1667 694
15.1833 691
15.2 689
15.2167 686
15.2333 684
15.25 681
15.2667 679
15.2833 676
15.3 674
15.3167 671
15.3333 669
15.35 666
15.3667 664
15.3833 661
15.4 658
15.4167 656
15.4333 653
15.45 651
15.4667 648
15.4833 645
15.5 643
15.5167 640
15.5333 637
15.55 634
15.5667 632
15.5833 629
15.6 626
15.6167 624
15.6333 621
15.65 618
15.6667 615
15.6833 612
15.7 610
15.7167 607
15.7333 604
15.75 601
15.7667 598
15.7833 595
15.8 593
15.8167 590
15.8333 587
15.85 584
15.8667 581
15.8833 578
15.9 575
15.9167 572
15.9333 569
15.95 566
15.9667 563
15.9833 560
